# vtk DataFile Version 2.0
Written using VisIt writer
ASCII
DATASET RECTILINEAR_GRID
DIMENSIONS 10 10 10
X_COORDINATES 10 float
  0.000000000000e+00   5.000000000000e-01   1.000000000000e+00   1.500000000000e+00   2.000000000000e+00   2.500000000000e+00   3.000000000000e+00   3.500000000000e+00   4.000000000000e+00 
  4.500000000000e+00 
Y_COORDINATES 10 float
  0.000000000000e+00   5.000000000000e-01   1.000000000000e+00   1.500000000000e+00   2.000000000000e+00   2.500000000000e+00   3.000000000000e+00   3.500000000000e+00   4.000000000000e+00 
  4.500000000000e+00 
Z_COORDINATES 10 float
  0.000000000000e+00   5.000000000000e-01   1.000000000000e+00   1.500000000000e+00   2.000000000000e+00   2.500000000000e+00   3.000000000000e+00   3.500000000000e+00   4.000000000000e+00 
  4.500000000000e+00 
CELL_DATA 729
POINT_DATA 1000
VECTORS velocity float
  0.000000000000e+00  -1.220050305128e-01  -2.172431200743e-01   3.251200000000e+04   0.000000000000e+00   0.000000000000e+00   0.000000000000e+00   0.000000000000e+00   0.000000000000e+00 
  9.174527227879e-02  -6.004892662168e-02  -1.486196666956e-01   0.000000000000e+00   0.000000000000e+00   0.000000000000e+00   0.000000000000e+00   1.431655808000e+09   1.070945600000e+09 
  1.482786089182e-01  -7.478158175945e-02  -1.555656939745e-01   1.071994176000e+09   0.000000000000e+00   0.000000000000e+00   0.000000000000e+00   0.000000000000e+00   0.000000000000e+00 
  1.725726276636e-01  -1.164342463017e-01  -1.831440627575e-01   0.000000000000e+00  -1.220050305128e-01  -2.172431200743e-01   1.070945600000e+09   0.000000000000e+00   0.000000000000e+00 
  7.871842384338e-02  -9.707998484373e-02  -2.193677276373e-01   9.174527227879e-02  -6.004892662168e-02  -1.486196666956e-01   1.431655808000e+09   1.070945600000e+09   0.000000000000e+00 
  1.062037348747e-01  -3.961122035980e-02  -1.315311938524e-01   1.482786089182e-01  -7.478158175945e-02  -1.555656939745e-01   0.000000000000e+00   0.000000000000e+00   1.071644672000e+09 
  1.725726276636e-01  -1.164342463017e-01  -1.831440627575e-01   1.725726276636e-01  -1.164342463017e-01  -1.831440627575e-01   0.000000000000e+00   1.655038818717e-02  -1.756449639797e-01 
  0.000000000000e+00   1.655038818717e-02  -1.756449639797e-01   5.458242259920e-03  -6.306960433722e-02  -1.806111186743e-01   3.699519205838e-03  -2.790700495243e-01  -1.727655529976e-01 
  6.672179698944e-02  -2.170526236296e-01  -1.724361628294e-01   1.007232517004e-01  -1.160610690713e-01  -1.371506601572e-01   6.686919182539e-02  -4.321940243244e-02  -1.381630599499e-01 
  1.240015774965e-01   7.674090564251e-02  -1.308812350035e-01   1.240426227450e-01  -1.760499179363e-02  -1.465148031712e-01   1.240426227450e-01  -1.760499179363e-02  -1.465148031712e-01 
  0.000000000000e+00   1.589524559677e-02  -1.589648276567e-01   0.000000000000e+00   1.589524559677e-02  -1.589648276567e-01   5.840850248933e-02  -3.711366560310e-03  -1.497971415520e-01 
 -1.255695894361e-02   6.081175059080e-02  -1.309496611357e-01   5.166469886899e-02   5.237116664648e-02  -1.362250596285e-01   1.263975352049e-01  -1.100914031267e-01  -1.419531553984e-01 
  1.100580692291e-01  -2.557379007339e-02  -1.775051057339e-01   1.661359071732e-01   7.986754924059e-02  -1.352466940880e-01   1.913593709469e-01   6.268371362239e-03  -1.346899271011e-01 
  1.913593709469e-01   6.268371362239e-03  -1.346899271011e-01   0.000000000000e+00  -1.650383509696e-02  -1.746077537537e-01   0.000000000000e+00  -1.650383509696e-02  -1.746077537537e-01 
 -1.757150329649e-02  -4.153563641012e-03  -1.953962147236e-01   3.763540089130e-02   8.555832318962e-03  -1.446436345577e-01   8.539474010468e-02  -1.001135818660e-02  -1.407351791859e-01 
  9.210883080959e-02  -1.842670957558e-03  -1.291014403105e-01   9.420018643141e-02  -3.584081539884e-03  -1.474685072899e-01   1.354542076588e-01  -4.013693332672e-02  -1.548474282026e-01 
  1.625915616751e-01  -4.456840455532e-02  -1.816496849060e-01   1.625915616751e-01  -4.456840455532e-02  -1.816496849060e-01   0.000000000000e+00  -1.228592693806e-01  -1.747454404831e-01 
  0.000000000000e+00  -1.228592693806e-01  -1.747454404831e-01   6.338866055012e-02  -7.846108824015e-02  -1.692189425230e-01   5.959648638964e-02  -1.117451861501e-01  -1.661882549524e-01 
  4.679273441434e-02  -1.328493207693e-01  -1.990819126368e-01   1.136853769422e-01  -4.958757013083e-02  -1.421847045422e-01   1.269937902689e-01  -5.000132601708e-03  -1.337334513664e-01 
  1.535596102476e-01   2.488817460835e-02  -1.300906538963e-01   2.100884914398e-01   1.833281852305e-02  -1.445702314377e-01   2.100884914398e-01   1.833281852305e-02  -1.445702314377e-01 
  0.000000000000e+00  -1.195865646005e-01  -1.770039647818e-01   0.000000000000e+00  -1.195865646005e-01  -1.770039647818e-01   1.150992065668e-01  -4.111853241920e-02  -1.517537236214e-01 
  7.265027146786e-03  -1.565949805081e-02  -1.494274586439e-01   3.492511436343e-02  -8.369226008654e-03  -1.577615886927e-01   9.920819848776e-02  -1.651609241962e-01  -1.624838411808e-01 
  9.995312988758e-02  -8.588619530201e-02  -1.779847890139e-01   1.863824278116e-01  -4.763882234693e-02  -1.378012001514e-01   2.423192113638e-01  -4.333441611379e-03  -1.351015567780e-01 
  2.423192113638e-01  -4.333441611379e-03  -1.351015567780e-01   0.000000000000e+00  -2.277833223343e-01  -2.124422341585e-01   0.000000000000e+00  -2.277833223343e-01  -2.124422341585e-01 
 -9.270258597098e-04  -9.238710999489e-02  -2.306846380234e-01   6.203359365463e-02  -3.254517167807e-02  -1.694947332144e-01   1.070548668504e-01   3.042740747333e-02  -1.403600126505e-01 
  1.127013787627e-01   1.163813658059e-02  -1.344081014395e-01   1.394771188498e-01  -3.776558674872e-03  -1.447426974773e-01   1.105052977800e-01  -1.582380235195e-01  -1.617671996355e-01 
  1.906269490719e-01  -1.053352802992e-01  -1.944978237152e-01   1.906269490719e-01  -1.053352802992e-01  -1.944978237152e-01   0.000000000000e+00   0.000000000000e+00  -1.753567010164e-01 
  0.000000000000e+00   0.000000000000e+00  -1.753567010164e-01  -3.948700800538e-02   0.000000000000e+00  -1.852025389671e-01   4.482975974679e-02   0.000000000000e+00  -1.617873460054e-01 
  9.856274724007e-02   0.000000000000e+00  -1.945736408234e-01   1.622515171766e-01   0.000000000000e+00  -1.390649527311e-01   2.103484272957e-01   0.000000000000e+00  -1.165705025196e-01 
  2.057095170021e-01   0.000000000000e+00  -1.186027377844e-01   3.059774041176e-01   0.000000000000e+00  -1.266142576933e-01   3.059774041176e-01   0.000000000000e+00  -1.266142576933e-01 
  0.000000000000e+00   0.000000000000e+00  -1.753567010164e-01   0.000000000000e+00   0.000000000000e+00  -1.753567010164e-01  -3.948700800538e-02   0.000000000000e+00  -1.852025389671e-01 
  4.482975974679e-02   0.000000000000e+00  -1.617873460054e-01   9.856274724007e-02   0.000000000000e+00  -1.945736408234e-01   1.622515171766e-01   0.000000000000e+00  -1.390649527311e-01 
  2.103484272957e-01   0.000000000000e+00  -1.165705025196e-01   2.057095170021e-01   0.000000000000e+00  -1.186027377844e-01   3.059774041176e-01   0.000000000000e+00  -1.266142576933e-01 
  3.059774041176e-01   0.000000000000e+00  -1.266142576933e-01   0.000000000000e+00  -1.220050305128e-01  -2.172431200743e-01   0.000000000000e+00  -1.220050305128e-01  -2.172431200743e-01 
  7.871842384338e-02  -9.707998484373e-02  -2.193677276373e-01   9.174527227879e-02  -6.004892662168e-02  -1.486196666956e-01   1.556417793036e-01  -4.109394177794e-02  -1.345917433500e-01 
  1.062037348747e-01  -3.961122035980e-02  -1.315311938524e-01   1.482786089182e-01  -7.478158175945e-02  -1.555656939745e-01   1.495755016804e-01  -7.538774609566e-02  -1.655320078135e-01 
  1.725726276636e-01  -1.164342463017e-01  -1.831440627575e-01   1.725726276636e-01  -1.164342463017e-01  -1.831440627575e-01   0.000000000000e+00  -1.220050305128e-01  -2.172431200743e-01 
  0.000000000000e+00  -1.220050305128e-01  -2.172431200743e-01   7.871842384338e-02  -9.707998484373e-02  -2.193677276373e-01   9.174527227879e-02  -6.004892662168e-02  -1.486196666956e-01 
  1.556417793036e-01  -4.109394177794e-02  -1.345917433500e-01   1.062037348747e-01  -3.961122035980e-02  -1.315311938524e-01   1.482786089182e-01  -7.478158175945e-02  -1.555656939745e-01 
  1.495755016804e-01  -7.538774609566e-02  -1.655320078135e-01   1.725726276636e-01  -1.164342463017e-01  -1.831440627575e-01   1.725726276636e-01  -1.164342463017e-01  -1.831440627575e-01 
  0.000000000000e+00   1.655038818717e-02  -1.756449639797e-01   0.000000000000e+00   1.655038818717e-02  -1.756449639797e-01   5.458242259920e-03  -6.306960433722e-02  -1.806111186743e-01 
  3.699519205838e-03  -2.790700495243e-01  -1.727655529976e-01   6.672179698944e-02  -2.170526236296e-01  -1.724361628294e-01   1.007232517004e-01  -1.160610690713e-01  -1.371506601572e-01 
  6.686919182539e-02  -4.321940243244e-02  -1.381630599499e-01   1.240015774965e-01   7.674090564251e-02  -1.308812350035e-01   1.240426227450e-01  -1.760499179363e-02  -1.465148031712e-01 
  1.240426227450e-01  -1.760499179363e-02  -1.465148031712e-01   0.000000000000e+00   1.589524559677e-02  -1.589648276567e-01   0.000000000000e+00   1.589524559677e-02  -1.589648276567e-01 
  5.840850248933e-02  -3.711366560310e-03  -1.497971415520e-01  -1.255695894361e-02   6.081175059080e-02  -1.309496611357e-01   5.166469886899e-02   5.237116664648e-02  -1.362250596285e-01 
  1.263975352049e-01  -1.100914031267e-01  -1.419531553984e-01   1.100580692291e-01  -2.557379007339e-02  -1.775051057339e-01   1.661359071732e-01   7.986754924059e-02  -1.352466940880e-01 
  1.913593709469e-01   6.268371362239e-03  -1.346899271011e-01   1.913593709469e-01   6.268371362239e-03  -1.346899271011e-01   0.000000000000e+00  -1.650383509696e-02  -1.746077537537e-01 
  0.000000000000e+00  -1.650383509696e-02  -1.746077537537e-01  -1.757150329649e-02  -4.153563641012e-03  -1.953962147236e-01   3.763540089130e-02   8.555832318962e-03  -1.446436345577e-01 
  8.539474010468e-02  -1.001135818660e-02  -1.407351791859e-01   9.210883080959e-02  -1.842670957558e-03  -1.291014403105e-01   9.420018643141e-02  -3.584081539884e-03  -1.474685072899e-01 
  1.354542076588e-01  -4.013693332672e-02  -1.548474282026e-01   1.625915616751e-01  -4.456840455532e-02  -1.816496849060e-01   1.625915616751e-01  -4.456840455532e-02  -1.816496849060e-01 
  0.000000000000e+00  -1.228592693806e-01  -1.747454404831e-01   0.000000000000e+00  -1.228592693806e-01  -1.747454404831e-01   6.338866055012e-02  -7.846108824015e-02  -1.692189425230e-01 
  5.959648638964e-02  -1.117451861501e-01  -1.661882549524e-01   4.679273441434e-02  -1.328493207693e-01  -1.990819126368e-01   1.136853769422e-01  -4.958757013083e-02  -1.421847045422e-01 
  1.269937902689e-01  -5.000132601708e-03  -1.337334513664e-01   1.535596102476e-01   2.488817460835e-02  -1.300906538963e-01   2.100884914398e-01   1.833281852305e-02  -1.445702314377e-01 
  2.100884914398e-01   1.833281852305e-02  -1.445702314377e-01   0.000000000000e+00  -1.195865646005e-01  -1.770039647818e-01   0.000000000000e+00  -1.195865646005e-01  -1.770039647818e-01 
  1.150992065668e-01  -4.111853241920e-02  -1.517537236214e-01   7.265027146786e-03  -1.565949805081e-02  -1.494274586439e-01   3.492511436343e-02  -8.369226008654e-03  -1.577615886927e-01 
  9.920819848776e-02  -1.651609241962e-01  -1.624838411808e-01   9.995312988758e-02  -8.588619530201e-02  -1.779847890139e-01   1.863824278116e-01  -4.763882234693e-02  -1.378012001514e-01 
  2.423192113638e-01  -4.333441611379e-03  -1.351015567780e-01   2.423192113638e-01  -4.333441611379e-03  -1.351015567780e-01   0.000000000000e+00  -2.277833223343e-01  -2.124422341585e-01 
  0.000000000000e+00  -2.277833223343e-01  -2.124422341585e-01  -9.270258597098e-04  -9.238710999489e-02  -2.306846380234e-01   6.203359365463e-02  -3.254517167807e-02  -1.694947332144e-01 
  1.070548668504e-01   3.042740747333e-02  -1.403600126505e-01   1.127013787627e-01   1.163813658059e-02  -1.344081014395e-01   1.394771188498e-01  -3.776558674872e-03  -1.447426974773e-01 
  1.105052977800e-01  -1.582380235195e-01  -1.617671996355e-01   1.906269490719e-01  -1.053352802992e-01  -1.944978237152e-01   1.906269490719e-01  -1.053352802992e-01  -1.944978237152e-01 
  0.000000000000e+00   0.000000000000e+00  -1.753567010164e-01   0.000000000000e+00   0.000000000000e+00  -1.753567010164e-01  -3.948700800538e-02   0.000000000000e+00  -1.852025389671e-01 
  4.482975974679e-02   0.000000000000e+00  -1.617873460054e-01   9.856274724007e-02   0.000000000000e+00  -1.945736408234e-01   1.622515171766e-01   0.000000000000e+00  -1.390649527311e-01 
  2.103484272957e-01   0.000000000000e+00  -1.165705025196e-01   2.057095170021e-01   0.000000000000e+00  -1.186027377844e-01   3.059774041176e-01   0.000000000000e+00  -1.266142576933e-01 
  3.059774041176e-01   0.000000000000e+00  -1.266142576933e-01   0.000000000000e+00   0.000000000000e+00  -1.753567010164e-01   0.000000000000e+00   0.000000000000e+00  -1.753567010164e-01 
 -3.948700800538e-02   0.000000000000e+00  -1.852025389671e-01   4.482975974679e-02   0.000000000000e+00  -1.617873460054e-01   9.856274724007e-02   0.000000000000e+00  -1.945736408234e-01 
  1.622515171766e-01   0.000000000000e+00  -1.390649527311e-01   2.103484272957e-01   0.000000000000e+00  -1.165705025196e-01   2.057095170021e-01   0.000000000000e+00  -1.186027377844e-01 
  3.059774041176e-01   0.000000000000e+00  -1.266142576933e-01   3.059774041176e-01   0.000000000000e+00  -1.266142576933e-01   0.000000000000e+00  -8.019533753395e-02  -1.188264131546e+00 
  0.000000000000e+00  -8.019533753395e-02  -1.188264131546e+00   5.149857401848e-01   8.653254806995e-02  -1.065753579140e+00   1.012652754784e+00   1.067216992378e-01  -5.964369177818e-01 
  7.901325225830e-01  -6.415700167418e-02  -4.530361294746e-01   4.454291462898e-01  -1.461590975523e-01  -1.087506301701e-02   7.249263525009e-01  -2.504558302462e-02  -4.443431273103e-02 
  8.629977703094e-01   1.263309922069e-02  -3.446799144149e-02   1.725245714188e-01  -4.276718199253e-02  -1.685593090951e-02   1.725245714188e-01  -4.276718199253e-02  -1.685593090951e-02 
  0.000000000000e+00  -8.019533753395e-02  -1.188264131546e+00   0.000000000000e+00  -8.019533753395e-02  -1.188264131546e+00   5.149857401848e-01   8.653254806995e-02  -1.065753579140e+00 
  1.012652754784e+00   1.067216992378e-01  -5.964369177818e-01   7.901325225830e-01  -6.415700167418e-02  -4.530361294746e-01   4.454291462898e-01  -1.461590975523e-01  -1.087506301701e-02 
  7.249263525009e-01  -2.504558302462e-02  -4.443431273103e-02   8.629977703094e-01   1.263309922069e-02  -3.446799144149e-02   1.725245714188e-01  -4.276718199253e-02  -1.685593090951e-02 
  1.725245714188e-01  -4.276718199253e-02  -1.685593090951e-02   0.000000000000e+00   5.514695867896e-02  -1.088765144348e+00   0.000000000000e+00   5.514695867896e-02  -1.088765144348e+00 
  3.362281918526e-01   9.683027118444e-02  -3.897429406643e-01   1.180308908224e-01   2.068119049072e-01  -4.002372026443e-01   8.372818827629e-01  -1.933881193399e-01   1.786540448666e-01 
  7.920023202896e-01  -2.143387049437e-01   1.069359853864e-01   1.168796569109e-01  -4.225239902735e-02  -6.183693930507e-02   0.000000000000e+00   7.429507374763e-02  -6.911876052618e-02 
  0.000000000000e+00  -1.757888495922e-02  -5.348519980907e-02   0.000000000000e+00  -1.757888495922e-02  -5.348519980907e-02   0.000000000000e+00  -1.290847659111e-01  -7.966662645340e-01 
  0.000000000000e+00  -1.290847659111e-01  -7.966662645340e-01   2.026069611311e-01  -7.919012755156e-02  -7.203994393349e-01   2.015422433615e-01   3.173464164138e-02  -7.937090992928e-01 
  5.147698894143e-02  -1.093866378069e-01  -7.436723709106e-01   8.182644844055e-02  -1.493691056967e-01  -4.336380064487e-01   1.048578321934e-01  -3.948220238090e-02  -2.249490097165e-02 
  1.654910147190e-01   7.778085023165e-02  -6.475330889225e-02   1.913512498140e-01   6.288520060480e-03  -2.464007139206e+00   1.913512498140e-01   6.288520060480e-03  -2.464007139206e+00 
  0.000000000000e+00   3.181789219379e-01  -6.868107318878e-01   0.000000000000e+00   3.181789219379e-01  -6.868107318878e-01   1.880859732628e-01   1.142131164670e-01  -4.572938084602e-01 
  3.598445355892e-01   1.784377992153e-01  -9.328908920288e-01   4.875978454947e-02   5.218143463135e-01  -8.061733245850e-01   1.900265738368e-02   1.641156077385e-01  -6.657361388206e-01 
  7.665351778269e-02   1.905947923660e-02  -5.253149569035e-02   1.335358619690e-01  -3.906802833080e-02  -4.515256732702e-02   1.625769883394e-01  -4.456684738398e-02  -2.414953231812e+00 
  1.625769883394e-01  -4.456684738398e-02  -2.414953231812e+00   0.000000000000e+00  -3.817794844508e-02  -6.916952133179e-01   0.000000000000e+00  -3.817794844508e-02  -6.916952133179e-01 
  1.994968652725e-01  -1.720177531242e-01  -3.304669857025e-01   4.375369846821e-01  -1.092943712138e-03  -1.127768158913e+00   9.362300485373e-02   1.083734035492e-01  -4.530572593212e-01 
  1.553251743317e-01   2.957386896014e-02  -4.729880690575e-01   1.413275897503e-01   2.270643832162e-03  -6.626655161381e-02   1.535503268242e-01   2.412815019488e-02  -6.990934908390e-02 
  2.100950032473e-01   1.833628118038e-02  -5.542977526784e-02   2.100950032473e-01   1.833628118038e-02  -5.542977526784e-02   0.000000000000e+00   8.512146025896e-02  -1.153154969215e+00 
  0.000000000000e+00   8.512146025896e-02  -1.153154969215e+00   1.515423953533e-01  -1.730730235577e-01  -1.290069937706e+00   2.359533309937e-01   1.515838354826e-01  -1.326317548752e+00 
  2.249160856009e-01   3.353966176510e-01  -5.138633847237e-01   2.483561784029e-01   7.616700232029e-02  -4.926042854786e-01   2.378672063351e-01  -4.517964273691e-02  -2.201521024108e-02 
  1.705585867167e-01  -4.774572700262e-02  -6.219880282879e-02   2.383715808392e-01  -4.426292609423e-03  -6.489844620228e-02   2.383715808392e-01  -4.426292609423e-03  -6.489844620228e-02 
  0.000000000000e+00  -6.290323287249e-02  -8.959744572639e-01   0.000000000000e+00  -6.290323287249e-02  -8.959744572639e-01   2.167881727219e-01  -3.413125276566e-01  -1.269286036491e+00 
  4.646416306496e-01   6.632160395384e-02  -1.188547372818e+00   1.475939154625e-01   2.708680331707e-01  -1.017775774002e+00   2.420904114842e-02  -1.595065928996e-02  -1.202594399452e+00 
  4.906237721443e-01  -7.544723339379e-03  -1.276511430740e+00   0.000000000000e+00  -1.326677948236e-01  -3.823280707002e-02   0.000000000000e+00  -1.057760715485e-01  -9.198514819145e-01 
  0.000000000000e+00  -1.057760715485e-01  -9.198514819145e-01   0.000000000000e+00   0.000000000000e+00  -5.836487412453e-01   0.000000000000e+00   0.000000000000e+00  -5.836487412453e-01 
  9.977988153696e-02   0.000000000000e+00  -1.069595336914e+00   1.848876774311e-01   0.000000000000e+00  -1.190131664276e+00   1.410414874554e-01   8.788683265448e-02  -1.065304994583e+00 
  3.795076534152e-02   0.000000000000e+00  -1.166728615761e+00   2.700644135475e-01  -1.160725252703e-03  -1.304683566093e+00   1.850189566612e-01  -3.785420674831e-03  -8.139725774527e-02 
  3.008334040642e-01  -1.242162397830e-04  -9.873772263527e-01   3.008334040642e-01  -1.242162397830e-04  -9.873772263527e-01   0.000000000000e+00   0.000000000000e+00  -5.836487412453e-01 
  0.000000000000e+00   0.000000000000e+00  -5.836487412453e-01   9.977988153696e-02   0.000000000000e+00  -1.069595336914e+00   1.848876774311e-01   0.000000000000e+00  -1.190131664276e+00 
  1.410414874554e-01   8.788683265448e-02  -1.065304994583e+00   3.795076534152e-02   0.000000000000e+00  -1.166728615761e+00   2.700644135475e-01  -1.160725252703e-03  -1.304683566093e+00 
  1.850189566612e-01  -3.785420674831e-03  -8.139725774527e-02   3.008334040642e-01  -1.242162397830e-04  -9.873772263527e-01   3.008334040642e-01  -1.242162397830e-04  -9.873772263527e-01 
  0.000000000000e+00   5.211758613586e-02  -1.094480872154e+00   0.000000000000e+00   5.211758613586e-02  -1.094480872154e+00   1.907865554094e-01   6.862469017506e-02  -3.305936157703e-01 
  5.563299059868e-01   8.389967679977e-02  -8.396999835968e-01   6.076518297195e-01  -1.050059497356e-01  -2.128822654486e-01   4.536753296852e-01   0.000000000000e+00  -6.550512909889e-01 
  8.828660249710e-01  -3.993382677436e-03  -6.227744817734e-01   8.908528089523e-01   3.077990375459e-03  -6.187810897827e-01   0.000000000000e+00  -2.241506986320e-02  -1.000000014901e-01 
  0.000000000000e+00  -2.241506986320e-02  -1.000000014901e-01   0.000000000000e+00   5.211758613586e-02  -1.094480872154e+00   0.000000000000e+00   5.211758613586e-02  -1.094480872154e+00 
  1.907865554094e-01   6.862469017506e-02  -3.305936157703e-01   5.563299059868e-01   8.389967679977e-02  -8.396999835968e-01   6.076518297195e-01  -1.050059497356e-01  -2.128822654486e-01 
  4.536753296852e-01   0.000000000000e+00  -6.550512909889e-01   8.828660249710e-01  -3.993382677436e-03  -6.227744817734e-01   8.908528089523e-01   3.077990375459e-03  -6.187810897827e-01 
  0.000000000000e+00  -2.241506986320e-02  -1.000000014901e-01   0.000000000000e+00  -2.241506986320e-02  -1.000000014901e-01   0.000000000000e+00   6.633560359478e-02  -6.390791535378e-01 
  0.000000000000e+00   6.633560359478e-02  -6.390791535378e-01   1.814991049469e-02   1.336230896413e-02  -1.918656527996e-01  -4.107825458050e-02   8.846033364534e-02  -3.616253733635e-01 
  0.000000000000e+00  -2.132010161877e-01   1.497609168291e-01   8.859501779079e-02  -2.679847180843e-01  -6.842798590660e-01   1.451642960310e-01   3.993382677436e-03  -6.541934609413e-01 
  4.371722340584e-01   1.408306229860e-02  -3.977487087250e-01   1.305657625198e-01  -6.535129621625e-03  -1.184947118163e-01   1.305657625198e-01  -6.535129621625e-03  -1.184947118163e-01 
  0.000000000000e+00  -3.918004035950e-02  -3.808136284351e-01   0.000000000000e+00  -3.918004035950e-02  -3.808136284351e-01   6.413003802299e-02   4.453409835696e-02  -4.189873635769e-01 
  1.170182451606e-01   4.344737902284e-02  -5.055737495422e-01   5.069518461823e-02  -1.748459786177e-01  -8.100962042809e-01   1.657366305590e-01  -2.114154249430e-01  -6.687840223312e-01 
  1.475177109241e-01  -8.648636192083e-02  -3.951191008091e-01   2.566063404083e-01   4.372710827738e-03  -1.681519001722e-01   1.872680187225e-01   4.925254266709e-03  -2.212644577026e+00 
  1.872680187225e-01   4.925254266709e-03  -2.212644577026e+00   0.000000000000e+00   4.265887439251e-01  -3.247741758823e-01   0.000000000000e+00   4.265887439251e-01  -3.247741758823e-01 
  7.372582703829e-02   1.110703945160e-01  -5.117031335831e-01   3.576128184795e-01   9.750597923994e-02  -9.159557819366e-01  -9.799205511808e-02   3.986125290394e-01  -9.075301885605e-01 
 -2.132461965084e-02  -1.169219706208e-02  -7.706061601639e-01   7.434675097466e-02  -1.641368493438e-02  -2.603370547295e-01   1.498433202505e-01  -2.998129837215e-02  -6.406111270189e-02 
  1.626627147198e-01  -4.280547797680e-02  -2.387211084366e+00   1.626627147198e-01  -4.280547797680e-02  -2.387211084366e+00   0.000000000000e+00   1.012468244880e-02  -2.446861863136e-01 
  0.000000000000e+00   1.012468244880e-02  -2.446861863136e-01   3.220138698816e-02   9.749243408442e-02  -3.942564725876e-01   2.509726881981e-01   7.982395589352e-02  -8.987036943436e-01 
  1.109955906868e-01   2.942215204239e-01  -6.409953236580e-01   1.453975737095e-01   2.886370122433e-01  -5.269684791565e-01   9.363839030266e-01   8.609782904387e-02  -2.024152576923e-01 
  3.359974622726e-01   3.030678629875e-02  -7.983072102070e-02   1.995653212070e-01   1.862362585962e-02  -5.627939850092e-02   1.995653212070e-01   1.862362585962e-02  -5.627939850092e-02 
  0.000000000000e+00   1.983993053436e-01  -2.996945381165e-01   0.000000000000e+00   1.983993053436e-01  -2.996945381165e-01   3.996821492910e-02   7.022728770971e-02  -5.167363882065e-01 
  2.200722098351e-01   1.980704814196e-01  -8.120996952057e-01   7.931025028229e-01   3.452945649624e-01  -3.588045537472e-01   1.391313076019e+00   7.213583588600e-01  -4.404653310776e-01 
  1.377411007881e+00   3.948549330235e-01  -3.212884962559e-01   1.763539910316e-01   4.262672737241e-02  -8.857760578394e-02   1.166599616408e-01  -1.040998380631e-02  -7.082611322403e-02 
  1.166599616408e-01  -1.040998380631e-02  -7.082611322403e-02   0.000000000000e+00   8.377777785063e-02  -1.918159276247e-01   0.000000000000e+00   8.377777785063e-02  -1.918159276247e-01 
  9.257487952709e-02  -1.694709062576e-01  -5.834923982620e-01   3.120990991592e-01   2.065105130896e-03  -5.342955589294e-01   3.421967625618e-01   6.922634691000e-02  -2.673949003220e-01 
 -6.219573318958e-03   7.269262075424e-01  -4.462061226368e-01   0.000000000000e+00  -1.168689050246e-04  -1.321254134178e+00   0.000000000000e+00   0.000000000000e+00  -1.000000014901e-01 
  0.000000000000e+00  -8.133281022310e-03  -1.000000014901e-01   0.000000000000e+00  -8.133281022310e-03  -1.000000014901e-01   0.000000000000e+00   0.000000000000e+00  -4.105241894722e-01 
  0.000000000000e+00   0.000000000000e+00  -4.105241894722e-01   2.074630558491e-02   0.000000000000e+00  -3.442170321941e-01  -2.504472434521e-01   0.000000000000e+00  -2.708137929440e-01 
  9.703793376684e-02   0.000000000000e+00   7.299917340279e-01  -7.653322070837e-02   0.000000000000e+00  -1.709058284760e-01   6.440835446119e-02  -9.768297895789e-04  -9.181987047195e-01 
  3.969347570091e-03   0.000000000000e+00  -1.259006112814e-01   7.992793689482e-04  -1.629846729338e-02  -8.112680912018e-01   7.992793689482e-04  -1.629846729338e-02  -8.112680912018e-01 
  0.000000000000e+00   0.000000000000e+00  -4.105241894722e-01   0.000000000000e+00   0.000000000000e+00  -4.105241894722e-01   2.074630558491e-02   0.000000000000e+00  -3.442170321941e-01 
 -2.504472434521e-01   0.000000000000e+00  -2.708137929440e-01   9.703793376684e-02   0.000000000000e+00   7.299917340279e-01  -7.653322070837e-02   0.000000000000e+00  -1.709058284760e-01 
  6.440835446119e-02  -9.768297895789e-04  -9.181987047195e-01   3.969347570091e-03   0.000000000000e+00  -1.259006112814e-01   7.992793689482e-04  -1.629846729338e-02  -8.112680912018e-01 
  7.992793689482e-04  -1.629846729338e-02  -8.112680912018e-01   0.000000000000e+00   1.234197691083e-01  -3.181541860104e-01   0.000000000000e+00   1.234197691083e-01  -3.181541860104e-01 
  5.450389813632e-03   5.300636589527e-02  -2.190417945385e-01   5.103700160980e-01   4.840566590428e-02   8.430233597755e-01   0.000000000000e+00  -1.283807307482e-01  -3.150593638420e-01 
  3.630838692188e-01  -5.902594700456e-02  -6.394602060318e-01   5.780420303345e-01   0.000000000000e+00  -6.147877573967e-01   0.000000000000e+00   2.012978773564e-03  -6.187810897827e-01 
  0.000000000000e+00  -1.105353981256e-02  -1.000000014901e-01   0.000000000000e+00  -1.105353981256e-02  -1.000000014901e-01   0.000000000000e+00   1.234197691083e-01  -3.181541860104e-01 
  0.000000000000e+00   1.234197691083e-01  -3.181541860104e-01   5.450389813632e-03   5.300636589527e-02  -2.190417945385e-01   5.103700160980e-01   4.840566590428e-02   8.430233597755e-01 
  0.000000000000e+00  -1.283807307482e-01  -3.150593638420e-01   3.630838692188e-01  -5.902594700456e-02  -6.394602060318e-01   5.780420303345e-01   0.000000000000e+00  -6.147877573967e-01 
  0.000000000000e+00   2.012978773564e-03  -6.187810897827e-01   0.000000000000e+00  -1.105353981256e-02  -1.000000014901e-01   0.000000000000e+00  -1.105353981256e-02  -1.000000014901e-01 
  0.000000000000e+00   9.640207514167e-03  -5.555664896965e-01   0.000000000000e+00   9.640207514167e-03  -5.555664896965e-01  -5.003630369902e-02   3.149550035596e-02  -5.290391445160e-01 
  1.054126620293e-01   4.804007336497e-02   1.195939332247e-01   2.025522477925e-02  -1.874849796295e-01  -1.000000014901e-01   0.000000000000e+00  -1.754585802555e-01  -6.439986228943e-01 
  9.504394233227e-02   2.614601515234e-03  -6.391226053238e-01   2.066690921783e-01   6.896218284965e-03  -5.464866757393e-01   1.303412616253e-01  -2.046389970928e-03  -2.567802667618e-01 
  1.303412616253e-01  -2.046389970928e-03  -2.567802667618e-01   0.000000000000e+00   8.872926235199e-03  -2.932800352573e-01   0.000000000000e+00   8.872926235199e-03  -2.932800352573e-01 
 -1.773080788553e-02   2.712790109217e-02  -5.088281035423e-01   4.639504849911e-02   3.490416705608e-02  -4.912808239460e-01   4.855186864734e-02  -1.332156360149e-01  -7.802843451500e-01 
  9.432524442673e-02   0.000000000000e+00  -6.722832322121e-01   1.151168942451e-01  -3.311922028661e-02  -5.585024952888e-01   2.015909552574e-01  -7.094866596162e-03  -3.739973008633e-01 
  1.769494265318e-01   3.896791313309e-04  -1.844250679016e+00   1.769494265318e-01   3.896791313309e-04  -1.844250679016e+00   0.000000000000e+00   5.712532401085e-01  -3.297527134418e-01 
  0.000000000000e+00   5.712532401085e-01  -3.297527134418e-01   6.736630946398e-02   3.399469256401e-01  -5.005613565445e-01   1.929240077734e-01   2.397957295179e-01  -5.566362738609e-01 
  4.589062929153e-02   3.300783634186e-01  -8.463852405548e-01   6.727994084358e-01   0.000000000000e+00  -9.919348359108e-01   8.686802387238e-01  -1.435308065265e-02  -7.398856878281e-01 
  2.088039368391e-01  -2.354914508760e-02  -6.691526174545e-01   1.611272394657e-01  -3.726512193680e-02  -1.994590759277e+00   1.611272394657e-01  -3.726512193680e-02  -1.994590759277e+00 
  0.000000000000e+00   3.792616724968e-02  -3.670637011528e-01   0.000000000000e+00   3.792616724968e-02  -3.670637011528e-01   9.390715509653e-02   9.910974651575e-02  -3.750588595867e-01 
  2.267145514488e-01   9.851185232401e-02  -7.671778798103e-01   5.126504302025e-01   3.269516229630e-01  -8.581408858299e-01   1.449522137642e+00   0.000000000000e+00  -1.283842086792e+00 
  1.490625977516e+00   1.185713242739e-02  -1.241652488708e+00   0.000000000000e+00   1.040652394295e-02  -1.785349488258e+00   1.397412121296e-01   9.069269523025e-03  -1.141940116882e+00 
  1.397412121296e-01   9.069269523025e-03  -1.141940116882e+00   0.000000000000e+00  -3.100193478167e-02  -5.344700217247e-01   0.000000000000e+00  -3.100193478167e-02  -5.344700217247e-01 
  7.299529016018e-02  -8.308196440339e-03  -3.623100817204e-01   5.195408463478e-01   3.381637390703e-03  -6.094772815704e-01   7.487908005714e-01   7.043753862381e-01  -1.204122543335e+00 
  1.515880584717e+00   8.372424840927e-01  -1.258587479591e+00   1.465371370316e+00   0.000000000000e+00  -1.183957815170e+00   2.031508386135e-01   0.000000000000e+00  -1.960307836533e+00 
  2.031508386135e-01  -7.053453475237e-03  -1.954422831535e+00   2.031508386135e-01  -7.053453475237e-03  -1.954422831535e+00   0.000000000000e+00   1.928147077560e-01  -3.582678735256e-01 
  0.000000000000e+00   1.928147077560e-01  -3.582678735256e-01   1.152453422546e-01  -3.713583573699e-02  -1.423225738108e-02   6.613780856133e-01   2.262469381094e-03  -7.232431173325e-01 
  7.024482488632e-01   7.032566070557e-01  -7.680099606514e-01   1.392552137375e+00   7.867331504822e-01  -1.204094409943e+00   0.000000000000e+00   0.000000000000e+00  -1.000000014901e-01 
  1.477309912443e-01  -6.762576848269e-02  -2.008960008621e+00   2.585707008839e-01  -1.220592483878e-02  -1.953540205956e+00   2.585707008839e-01  -1.220592483878e-02  -1.953540205956e+00 
  0.000000000000e+00   0.000000000000e+00  -3.676590323448e-01   0.000000000000e+00   0.000000000000e+00  -3.676590323448e-01   6.496252864599e-02   0.000000000000e+00  -2.450740188360e-01 
  1.899106800556e-01   0.000000000000e+00  -7.613234519958e-01   6.450109928846e-02   0.000000000000e+00  -8.489629030228e-01   9.632759541273e-02   3.277763724327e-01  -6.848262548447e-01 
  1.408657729626e-01   0.000000000000e+00  -1.512889117002e-01   0.000000000000e+00   0.000000000000e+00  -1.000000014901e-01   0.000000000000e+00  -1.220592483878e-02  -1.026113629341e+00 
  0.000000000000e+00  -1.220592483878e-02  -1.026113629341e+00   0.000000000000e+00   0.000000000000e+00  -3.676590323448e-01   0.000000000000e+00   0.000000000000e+00  -3.676590323448e-01 
  6.496252864599e-02   0.000000000000e+00  -2.450740188360e-01   1.899106800556e-01   0.000000000000e+00  -7.613234519958e-01   6.450109928846e-02   0.000000000000e+00  -8.489629030228e-01 
  9.632759541273e-02   3.277763724327e-01  -6.848262548447e-01   1.408657729626e-01   0.000000000000e+00  -1.512889117002e-01   0.000000000000e+00   0.000000000000e+00  -1.000000014901e-01 
  0.000000000000e+00  -1.220592483878e-02  -1.026113629341e+00   0.000000000000e+00  -1.220592483878e-02  -1.026113629341e+00   0.000000000000e+00   3.783833608031e-02  -4.525797367096e-01 
  0.000000000000e+00   3.783833608031e-02  -4.525797367096e-01  -4.890248645097e-03  -5.776993930340e-02  -5.777866244316e-01   6.300195306540e-02  -5.946091562510e-02  -9.750055521727e-02 
  0.000000000000e+00  -7.045551389456e-02  -1.000000014901e-01   2.079194337130e-01  -6.645032018423e-02  -3.816911280155e-01   0.000000000000e+00  -1.303638610989e-02  -1.000000014901e-01 
  0.000000000000e+00  -1.172028202564e-02  -1.000000014901e-01   0.000000000000e+00  -8.212293498218e-03  -1.000000014901e-01   0.000000000000e+00  -8.212293498218e-03  -1.000000014901e-01 
  0.000000000000e+00   3.783833608031e-02  -4.525797367096e-01   0.000000000000e+00   3.783833608031e-02  -4.525797367096e-01  -4.890248645097e-03  -5.776993930340e-02  -5.777866244316e-01 
  6.300195306540e-02  -5.946091562510e-02  -9.750055521727e-02   0.000000000000e+00  -7.045551389456e-02  -1.000000014901e-01   2.079194337130e-01  -6.645032018423e-02  -3.816911280155e-01 
  0.000000000000e+00  -1.303638610989e-02  -1.000000014901e-01   0.000000000000e+00  -1.172028202564e-02  -1.000000014901e-01   0.000000000000e+00  -8.212293498218e-03  -1.000000014901e-01 
  0.000000000000e+00  -8.212293498218e-03  -1.000000014901e-01   0.000000000000e+00  -4.093454405665e-02  -3.568134605885e-01   0.000000000000e+00  -4.093454405665e-02  -3.568134605885e-01 
 -9.949614107609e-02  -9.293328970671e-02  -4.727678000927e-01  -1.804638840258e-02  -7.250321656466e-02  -3.258726000786e-01  -2.650068141520e-03  -1.054626330733e-01  -1.000000014901e-01 
  0.000000000000e+00  -1.280334442854e-01  -1.000000014901e-01   6.964495033026e-02  -1.355436444283e-02  -3.814473450184e-01   1.313222646713e-01  -1.259629055858e-02  -3.341256678104e-01 
  1.631815433502e-01  -8.729550987482e-03  -2.432107329369e-01   1.631815433502e-01  -8.729550987482e-03  -2.432107329369e-01   0.000000000000e+00   1.275631189346e-01  -3.276933729649e-01 
  0.000000000000e+00   1.275631189346e-01  -3.276933729649e-01  -1.394697278738e-01   7.038991153240e-02  -3.838160932064e-01  -7.286179810762e-02   2.613522112370e-02  -3.988278210163e-01 
  2.109521478415e-01  -1.078839004040e-01  -6.472490429878e-01   1.372746825218e-01   0.000000000000e+00  -1.000000014901e-01   1.048767939210e-01  -1.659360900521e-02  -4.002051949501e-01 
  1.335749477148e-01  -7.632887922227e-03  -3.662264347076e-01   1.604250967503e-01  -6.082141771913e-03  -1.350903511047e+00   1.604250967503e-01  -6.082141771913e-03  -1.350903511047e+00 
  0.000000000000e+00   3.746759295464e-01  -3.713404536247e-01   0.000000000000e+00   3.746759295464e-01  -3.713404536247e-01   1.480177417397e-02   3.672196269035e-01  -3.978331387043e-01 
  4.565228894353e-02   3.429920375347e-01  -4.144187271595e-01   1.112237423658e-01   3.092606663704e-01  -9.340205192566e-01   7.124134302139e-01   0.000000000000e+00  -1.000000014901e-01 
  7.787530422211e-01  -9.565680287778e-03  -7.694377899170e-01   3.145992159843e-01  -5.599948111922e-03  -1.184813261032e+00   2.021069079638e-01  -4.150800406933e-03  -1.727813243866e+00 
  2.021069079638e-01  -4.150800406933e-03  -1.727813243866e+00   0.000000000000e+00   1.754055172205e-01  -4.015069901943e-01   0.000000000000e+00   1.754055172205e-01  -4.015069901943e-01 
  8.032628893852e-02   1.349493563175e-01  -2.156905978918e-01   0.000000000000e+00   9.918525069952e-02  -1.535906940699e-01   3.397314548492e-01   2.790310680866e-01  -1.109725594521e+00 
  7.529686093330e-01   0.000000000000e+00  -1.283842086792e+00   7.476857900620e-01   3.868722124025e-03  -1.260269403458e+00   2.099635601044e-01   1.438708277419e-03  -1.783520698547e+00 
  1.855951696634e-01   5.204525077716e-04  -1.653587460518e+00   1.855951696634e-01   5.204525077716e-04  -1.653587460518e+00   0.000000000000e+00   2.251803874969e-02  -5.842170119286e-01 
  0.000000000000e+00   2.251803874969e-02  -5.842170119286e-01   1.312258094549e-01  -4.677166696638e-03   1.211813390255e-01   6.526815295219e-01   0.000000000000e+00  -6.834409385920e-02 
  6.672147512436e-01   3.863458037376e-01  -1.219738960266e+00   0.000000000000e+00   0.000000000000e+00  -1.309096813202e+00   0.000000000000e+00   0.000000000000e+00  -1.185120463371e+00 
  2.031508386135e-01  -6.357579026371e-03  -1.926248788834e+00   2.031508386135e-01  -8.876466192305e-03  -1.944371938705e+00   2.031508386135e-01  -8.876466192305e-03  -1.944371938705e+00 
  0.000000000000e+00  -2.330713346601e-02  -8.921861648560e-01   0.000000000000e+00  -2.330713346601e-02  -8.921861648560e-01   1.143432632089e-01  -4.962459579110e-02  -4.913111031055e-01 
  5.304419994354e-01  -2.809869311750e-02  -2.578695118427e-01   5.829373598099e-01   4.238064587116e-01  -5.371027588844e-01   5.577840805054e-01   0.000000000000e+00  -9.845492243767e-01 
  5.520462393761e-01  -4.068641457707e-03  -1.083424687386e+00   2.031508386135e-01  -1.220592483878e-02  -1.898120403290e+00   2.031508386135e-01  -1.220592483878e-02  -1.953540205956e+00 
  2.031508386135e-01  -1.220592483878e-02  -1.953540205956e+00   0.000000000000e+00   0.000000000000e+00  -4.110898673534e-01   0.000000000000e+00   0.000000000000e+00  -4.110898673534e-01 
  1.455564200878e-01   0.000000000000e+00  -6.243441700935e-01   3.046495318413e-01   0.000000000000e+00  -5.050933361053e-01   0.000000000000e+00   3.340362163726e-04  -1.182092785835e+00 
  5.519591569901e-01   8.510896586813e-04  -1.000000014901e-01   5.519591569901e-01  -6.102962419391e-03  -5.911748409271e-01   1.243292540312e-01  -1.220592483878e-02  -1.000000014901e-01 
  1.015562117100e-01  -1.220592483878e-02  -1.026566505432e+00   1.015562117100e-01  -1.220592483878e-02  -1.026566505432e+00   0.000000000000e+00   0.000000000000e+00  -4.110898673534e-01 
  0.000000000000e+00   0.000000000000e+00  -4.110898673534e-01   1.455564200878e-01   0.000000000000e+00  -6.243441700935e-01   3.046495318413e-01   0.000000000000e+00  -5.050933361053e-01 
  0.000000000000e+00   3.340362163726e-04  -1.182092785835e+00   5.519591569901e-01   8.510896586813e-04  -1.000000014901e-01   5.519591569901e-01  -6.102962419391e-03  -5.911748409271e-01 
  1.243292540312e-01  -1.220592483878e-02  -1.000000014901e-01   1.015562117100e-01  -1.220592483878e-02  -1.026566505432e+00   1.015562117100e-01  -1.220592483878e-02  -1.026566505432e+00 
  0.000000000000e+00   4.978580400348e-02  -6.835084557533e-01   0.000000000000e+00   4.978580400348e-02  -6.835084557533e-01  -1.063400972635e-02  -2.973456308246e-02  -9.747492074966e-01 
  1.632314324379e-01  -2.483382821083e-02  -9.259557723999e-01   0.000000000000e+00  -3.113842755556e-02  -1.000000014901e-01   0.000000000000e+00  -8.796589449048e-03  -1.711263507605e-01 
  0.000000000000e+00  -1.300615351647e-02  -1.000000014901e-01   5.765879154205e-01  -1.300615351647e-02  -1.000000014901e-01   5.765879154205e-01  -6.502520758659e-03  -1.000000014901e-01 
  5.765879154205e-01  -6.502520758659e-03  -1.000000014901e-01   0.000000000000e+00   4.978580400348e-02  -6.835084557533e-01   0.000000000000e+00   4.978580400348e-02  -6.835084557533e-01 
 -1.063400972635e-02  -2.973456308246e-02  -9.747492074966e-01   1.632314324379e-01  -2.483382821083e-02  -9.259557723999e-01   0.000000000000e+00  -3.113842755556e-02  -1.000000014901e-01 
  0.000000000000e+00  -8.796589449048e-03  -1.711263507605e-01   0.000000000000e+00  -1.300615351647e-02  -1.000000014901e-01   5.765879154205e-01  -1.300615351647e-02  -1.000000014901e-01 
  5.765879154205e-01  -6.502520758659e-03  -1.000000014901e-01   5.765879154205e-01  -6.502520758659e-03  -1.000000014901e-01   0.000000000000e+00   2.887113951147e-02  -1.718722581863e-01 
  0.000000000000e+00   2.887113951147e-02  -1.718722581863e-01  -8.457490056753e-02  -2.898952923715e-02  -5.729217529297e-01   2.114471606910e-02  -2.764921635389e-02  -7.078751921654e-01 
  1.276461780071e-01  -3.452296555042e-02  -4.742379188538e-01   2.346667349339e-01  -8.285135030746e-03  -1.000000014901e-01   1.107530072331e-01  -1.300615351647e-02  -1.000000014901e-01 
  2.882939577103e-01  -1.300615351647e-02  -1.000000014901e-01   2.882939577103e-01  -6.502904463559e-03  -3.561876118183e-01   2.882939577103e-01  -6.502904463559e-03  -3.561876118183e-01 
  0.000000000000e+00  -4.634992405772e-02  -2.390599995852e-01   0.000000000000e+00  -4.634992405772e-02  -2.390599995852e-01  -6.581120938063e-02  -4.071929678321e-02  -3.097166419029e-01 
  6.141579151154e-01  -8.726224303246e-02  -3.568095862865e-01   1.470518946648e+00  -1.626773923635e-01  -3.307743966579e-01   7.301734685898e-01  -4.131273366511e-03  -1.821913272142e-01 
  6.732725352049e-02  -5.354919470847e-03  -1.496796011925e-01   1.748635619879e-01   0.000000000000e+00  -1.000000014901e-01   1.748635619879e-01  -2.677388954908e-03  -3.321880102158e-01 
  1.748635619879e-01  -2.677388954908e-03  -3.321880102158e-01   0.000000000000e+00  -6.745288521051e-02   3.236242383718e-02   0.000000000000e+00  -6.745288521051e-02   3.236242383718e-02 
 -1.001483276486e-01  -5.034866929054e-02  -2.045703865588e-02   2.371399290860e-02  -1.414520293474e-01  -7.580573856831e-02   3.855669200420e-01  -1.954445689917e-01  -2.369008511305e-01 
  4.495487511158e-01  -1.705819219351e-01  -1.163093075156e-01   4.714605212212e-01  -2.540146233514e-03  -6.083823442459e-01   1.562808007002e-01   0.000000000000e+00  -1.216453790665e+00 
  9.065620601177e-02  -1.293553039432e-03  -1.406712174416e+00   9.065620601177e-02  -1.293553039432e-03  -1.406712174416e+00   0.000000000000e+00   3.356553986669e-02  -2.456738650799e-01 
  0.000000000000e+00   3.356553986669e-02  -2.456738650799e-01  -5.679509416223e-02   4.402417317033e-02  -2.326361835003e-01   1.965426355600e-01   3.763723187149e-03  -2.086076736450e-01 
  7.315706610680e-01  -3.573437780142e-02  -6.721796393394e-01   5.156633853912e-01   6.816520821303e-03  -1.000000014901e-01   5.140566825867e-01   3.197108861059e-03  -7.981083393097e-01 
  2.699299752712e-01  -8.818339556456e-04  -1.335505604744e+00   1.934991478920e-01  -1.833486137912e-03  -1.382804632187e+00   1.934991478920e-01  -1.833486137912e-03  -1.382804632187e+00 
  0.000000000000e+00  -3.148614242673e-02  -3.366810381413e-01   0.000000000000e+00  -3.148614242673e-02  -3.366810381413e-01   8.827827870846e-02  -1.197525020689e-02  -2.182929813862e-01 
  9.419149160385e-01   7.547443266958e-03  -1.990723311901e-01   1.977056503296e+00   0.000000000000e+00  -6.684733033180e-01   2.865176796913e-01   0.000000000000e+00  -1.000000014901e-01 
  2.792474627495e-01   0.000000000000e+00  -9.427593946457e-01   2.212623655796e-01  -6.220436189324e-03  -1.113404870033e+00   1.495669633150e-01  -8.674307726324e-03  -1.151271224022e+00 
  1.495669633150e-01  -8.674307726324e-03  -1.151271224022e+00   0.000000000000e+00   1.330579966307e-01  -1.135191842914e-01   0.000000000000e+00   1.330579966307e-01  -1.135191842914e-01 
 -5.303052440286e-02   4.171670228243e-02   1.151002645493e-01   2.828412771225e+00   5.487812682986e-02  -3.242765069008e-01   2.606189012527e+00   0.000000000000e+00  -8.503053188324e-01 
  5.519591569901e-01   0.000000000000e+00  -2.197351932526e+00   5.519591569901e-01   0.000000000000e+00  -1.383589148521e+00   2.199982553720e-01  -8.441506884992e-03  -1.000000014901e-01 
  0.000000000000e+00  -1.030150428414e-02  -1.000000014901e-01   0.000000000000e+00  -1.030150428414e-02  -1.000000014901e-01   0.000000000000e+00   0.000000000000e+00  -2.235484123230e-01 
  0.000000000000e+00   0.000000000000e+00  -2.235484123230e-01  -4.428704082966e-02   0.000000000000e+00  -5.339066982269e-01   6.512574553490e-01   3.225503722206e-03  -4.946960806847e-01 
  0.000000000000e+00   0.000000000000e+00  -1.000000014901e-01   4.901774823666e-01   0.000000000000e+00  -2.259133577347e+00   6.137408614159e-01   0.000000000000e+00  -2.197351932526e+00 
  0.000000000000e+00  -6.102962419391e-03  -1.024779081345e+00   2.906669490039e-02  -9.281001985073e-03  -7.874107360840e-01   2.906669490039e-02  -9.281001985073e-03  -7.874107360840e-01 
  0.000000000000e+00   0.000000000000e+00  -2.235484123230e-01   0.000000000000e+00   0.000000000000e+00  -2.235484123230e-01  -4.428704082966e-02   0.000000000000e+00  -5.339066982269e-01 
  6.512574553490e-01   3.225503722206e-03  -4.946960806847e-01   0.000000000000e+00   0.000000000000e+00  -1.000000014901e-01   4.901774823666e-01   0.000000000000e+00  -2.259133577347e+00 
  6.137408614159e-01   0.000000000000e+00  -2.197351932526e+00   0.000000000000e+00  -6.102962419391e-03  -1.024779081345e+00   2.906669490039e-02  -9.281001985073e-03  -7.874107360840e-01 
  2.906669490039e-02  -9.281001985073e-03  -7.874107360840e-01   0.000000000000e+00   7.088901102543e-02   2.642903029919e-01   0.000000000000e+00   7.088901102543e-02   2.642903029919e-01 
 -7.793010026217e-02   7.341184653342e-03  -1.500586420298e-01   0.000000000000e+00  -3.278938354924e-03  -7.125355005264e-01   1.152732893825e-01  -7.624007016420e-02  -1.000000014901e-01 
  0.000000000000e+00   0.000000000000e+00  -1.000000014901e-01   0.000000000000e+00  -1.300615351647e-02  -1.000000014901e-01   5.491188168526e-01  -4.047524929047e-02  -1.377778172493e+00 
  6.040570139885e-01   0.000000000000e+00  -1.350309133530e+00   6.040570139885e-01   0.000000000000e+00  -1.350309133530e+00   0.000000000000e+00   7.088901102543e-02   2.642903029919e-01 
  0.000000000000e+00   7.088901102543e-02   2.642903029919e-01  -7.793010026217e-02   7.341184653342e-03  -1.500586420298e-01   0.000000000000e+00  -3.278938354924e-03  -7.125355005264e-01 
  1.152732893825e-01  -7.624007016420e-02  -1.000000014901e-01   0.000000000000e+00   0.000000000000e+00  -1.000000014901e-01   0.000000000000e+00  -1.300615351647e-02  -1.000000014901e-01 
  5.491188168526e-01  -4.047524929047e-02  -1.377778172493e+00   6.040570139885e-01   0.000000000000e+00  -1.350309133530e+00   6.040570139885e-01   0.000000000000e+00  -1.350309133530e+00 
  0.000000000000e+00   2.323314175010e-02  -1.552923768759e-01   0.000000000000e+00   2.323314175010e-02  -1.552923768759e-01  -7.031830959022e-03   4.719600547105e-03  -2.179352343082e-01 
  7.747915387154e-01   3.571411129087e-03  -1.982381790876e-01   1.822460055351e+00  -1.106980293989e-01  -1.001793295145e-01   6.848798990250e-01   0.000000000000e+00  -1.000000014901e-01 
  0.000000000000e+00  -1.300615351647e-02  -1.000000014901e-01   0.000000000000e+00   1.446294132620e-02  -1.000000014901e-01   0.000000000000e+00   0.000000000000e+00  -7.251545786858e-01 
  0.000000000000e+00   0.000000000000e+00  -7.251545786858e-01   0.000000000000e+00   1.249768435955e-01   2.838423550129e-01   0.000000000000e+00   1.249768435955e-01   2.838423550129e-01 
  1.387511938810e-02   1.001091673970e-01   2.002599239349e-01   2.474463701248e+00  -2.196680605412e-01  -1.000000014901e-01   2.474463701248e+00  -2.962808907032e-01  -1.000000014901e-01 
  0.000000000000e+00  -1.344597109210e-07  -1.000000014901e-01   0.000000000000e+00   0.000000000000e+00  -1.000000014901e-01   0.000000000000e+00   0.000000000000e+00  -1.000000014901e-01 
  0.000000000000e+00   0.000000000000e+00  -4.791850447655e-01   0.000000000000e+00   0.000000000000e+00  -4.791850447655e-01   0.000000000000e+00  -1.547151654959e-01  -1.547335535288e-01 
  0.000000000000e+00  -1.547151654959e-01  -1.547335535288e-01   2.485959976912e-02  -1.524010598660e-01  -1.549422442913e-01   6.326707005501e-01  -3.119522035122e-01  -4.613016173244e-02 
  1.011443495750e+00  -3.233691155910e-01   2.877976000309e-02   4.411802887917e-01  -1.473138034344e-01  -1.980112791061e-01   3.057787716389e-01   0.000000000000e+00  -4.922499656677e-01 
  0.000000000000e+00   0.000000000000e+00  -1.000000014901e-01   0.000000000000e+00   0.000000000000e+00  -3.542266190052e-01   0.000000000000e+00   0.000000000000e+00  -3.542266190052e-01 
  0.000000000000e+00  -2.051330655813e-01  -1.485706716776e-01   0.000000000000e+00  -2.051330655813e-01  -1.485706716776e-01  -2.757423743606e-02  -1.982291340828e-01  -1.764023602009e-01 
  0.000000000000e+00  -1.581132560968e-01  -2.788632735610e-02   0.000000000000e+00  -1.466361135244e-01   1.404980570078e-01   1.350614190102e+00  -1.121685132384e-01  -6.239768862724e-01 
  1.084450840950e+00   2.255976665765e-03  -9.850547909737e-01   5.704287290573e-01   0.000000000000e+00  -1.151940822601e+00   3.327249586582e-01  -1.045286771841e-04  -1.130723834038e+00 
  3.327249586582e-01  -1.045286771841e-04  -1.130723834038e+00   0.000000000000e+00  -3.171221315861e-01  -3.972684741020e-01   0.000000000000e+00  -3.171221315861e-01  -3.972684741020e-01 
  8.706593886018e-03  -2.671901583672e-01  -3.549779951572e-01   2.859984874725e+00   0.000000000000e+00   1.607238650322e-01   2.859984874725e+00   0.000000000000e+00   3.174874186516e-01 
  2.540363073349e+00  -5.051046628068e-06  -1.189223647118e+00   1.331876635551e+00  -7.261738574016e-06  -1.448545336723e+00   5.984305143356e-01  -4.201307892799e-03  -1.056431412697e+00 
  2.879519164562e-01  -7.025812752545e-03  -8.474285006523e-01   2.879519164562e-01  -7.025812752545e-03  -8.474285006523e-01   0.000000000000e+00   4.844577517360e-03  -8.575083315372e-02 
  0.000000000000e+00   4.844577517360e-03  -8.575083315372e-02  -7.829166948795e-02   7.866805046797e-02   2.648009955883e-01   2.980682849884e+00   9.918194264174e-02   3.743895292282e-01 
  2.728202104568e+00   0.000000000000e+00   4.305749833584e-01   2.464849948883e+00  -1.270553002541e-05  -2.150739908218e+00   1.093469262123e+00  -1.559300289955e-05  -2.179968357086e+00 
  4.607234597206e-01  -4.614724311978e-03  -7.230533957481e-01   1.759262830019e-01  -7.558734156191e-03  -1.000000014901e-01   1.759262830019e-01  -7.558734156191e-03  -1.000000014901e-01 
  0.000000000000e+00   0.000000000000e+00  -9.754040092230e-02   0.000000000000e+00   0.000000000000e+00  -9.754040092230e-02  -6.277077645063e-02   0.000000000000e+00  -2.006502896547e-01 
  7.842401266098e-01   0.000000000000e+00   3.499264419079e-01   7.101691961288e-01   0.000000000000e+00  -1.000000014901e-01   0.000000000000e+00  -3.402353468118e-05  -2.135570287704e+00 
  0.000000000000e+00  -3.281777753728e-05  -2.197351932526e+00   0.000000000000e+00  -3.084478899837e-03  -1.000000014901e-01   0.000000000000e+00  -6.177415139973e-03  -3.557240962982e-01 
  0.000000000000e+00  -6.177415139973e-03  -3.557240962982e-01   0.000000000000e+00   0.000000000000e+00  -9.754040092230e-02   0.000000000000e+00   0.000000000000e+00  -9.754040092230e-02 
 -6.277077645063e-02   0.000000000000e+00  -2.006502896547e-01   7.842401266098e-01   0.000000000000e+00   3.499264419079e-01   7.101691961288e-01   0.000000000000e+00  -1.000000014901e-01 
  0.000000000000e+00  -3.402353468118e-05  -2.135570287704e+00   0.000000000000e+00  -3.281777753728e-05  -2.197351932526e+00   0.000000000000e+00  -3.084478899837e-03  -1.000000014901e-01 
  0.000000000000e+00  -6.177415139973e-03  -3.557240962982e-01   0.000000000000e+00  -6.177415139973e-03  -3.557240962982e-01   0.000000000000e+00   7.436628639698e-02  -1.960026472807e-01 
  0.000000000000e+00   7.436628639698e-02  -1.960026472807e-01   1.354248225689e-01   4.940076544881e-02  -1.866100281477e-01   3.515578806400e-01   2.178592979908e-02  -1.116236597300e-01 
  1.341492414474e+00   9.493149816990e-03   1.948040425777e-01   2.559181153774e-01  -4.051843192428e-03  -1.000000014901e-01   0.000000000000e+00  -6.502520758659e-03  -1.000000014901e-01 
  0.000000000000e+00   0.000000000000e+00  -1.322839975357e+00   0.000000000000e+00   0.000000000000e+00  -1.350309133530e+00   0.000000000000e+00   0.000000000000e+00  -1.350309133530e+00 
  0.000000000000e+00   7.436628639698e-02  -1.960026472807e-01   0.000000000000e+00   7.436628639698e-02  -1.960026472807e-01   1.354248225689e-01   4.940076544881e-02  -1.866100281477e-01 
  3.515578806400e-01   2.178592979908e-02  -1.116236597300e-01   1.341492414474e+00   9.493149816990e-03   1.948040425777e-01   2.559181153774e-01  -4.051843192428e-03  -1.000000014901e-01 
  0.000000000000e+00  -6.502520758659e-03  -1.000000014901e-01   0.000000000000e+00   0.000000000000e+00  -1.322839975357e+00   0.000000000000e+00   0.000000000000e+00  -1.350309133530e+00 
  0.000000000000e+00   0.000000000000e+00  -1.350309133530e+00   0.000000000000e+00   3.865197673440e-02  -2.940390408039e-01   0.000000000000e+00   3.865197673440e-02  -2.940390408039e-01 
  6.515863817185e-03   3.410384431481e-02  -1.506675928831e-01   2.474463701248e+00   0.000000000000e+00   2.952546477318e-01   2.474463701248e+00   0.000000000000e+00   2.875496149063e-01 
  0.000000000000e+00  -4.346389789134e-03  -1.000000014901e-01   0.000000000000e+00  -6.502904463559e-03  -1.000000014901e-01   0.000000000000e+00   0.000000000000e+00  -1.000000014901e-01 
  0.000000000000e+00   0.000000000000e+00  -7.251545190811e-01   0.000000000000e+00   0.000000000000e+00  -7.251545190811e-01   0.000000000000e+00   9.252823889256e-02   4.830281436443e-01 
  0.000000000000e+00   9.252823889256e-02   4.830281436443e-01   6.549938023090e-02  -2.619657814503e-01   6.510308384895e-01   2.553390026093e+00  -2.802344560623e-01   3.361444771290e-01 
  2.395537614822e+00  -3.591606914997e-01   2.572182416916e-01   0.000000000000e+00   0.000000000000e+00  -1.000000014901e-01   0.000000000000e+00  -2.498201094568e-03  -1.000000014901e-01 
  0.000000000000e+00   0.000000000000e+00  -1.000000014901e-01   0.000000000000e+00   0.000000000000e+00  -4.791850149632e-01   0.000000000000e+00   0.000000000000e+00  -4.791850149632e-01 
  0.000000000000e+00  -6.229392252862e-03   7.327141612768e-02   0.000000000000e+00  -6.229392252862e-03   7.327141612768e-02   1.715340912342e-01  -4.375022649765e-01   7.315553724766e-02 
  0.000000000000e+00  -4.380869567394e-01   2.617388963699e-01   0.000000000000e+00  -3.591606914997e-01   2.552834749222e-01   0.000000000000e+00   0.000000000000e+00   1.148233115673e-01 
  0.000000000000e+00  -1.854200731032e-03  -9.998980164528e-02   0.000000000000e+00   0.000000000000e+00  -1.000000014901e-01   0.000000000000e+00   0.000000000000e+00  -3.541331887245e-01 
  0.000000000000e+00   0.000000000000e+00  -3.541331887245e-01   0.000000000000e+00  -2.101742476225e-01   6.950604263693e-03   0.000000000000e+00  -2.101742476225e-01   6.950604263693e-03 
  8.085799962282e-02  -2.101626843214e-01  -3.946327418089e-02   1.991450041533e-01   0.000000000000e+00   1.063198074698e-01   3.476348221302e-01   0.000000000000e+00   2.556975483894e-01 
  5.609623789787e-01   0.000000000000e+00  -3.589962795377e-02   7.377687096596e-01  -8.676262572408e-03  -5.037474036217e-01   6.379198431969e-01  -1.345464377664e-03  -8.550042510033e-01 
  4.569607973099e-01  -3.614545857999e-04  -9.302403926849e-01   4.569607973099e-01  -3.614545857999e-04  -9.302403926849e-01   0.000000000000e+00  -7.252991795540e-01  -1.707093417645e-01 
  0.000000000000e+00  -7.252991795540e-01  -1.707093417645e-01  -4.142720624804e-02  -5.053363442421e-01  -4.616889357567e-02   8.606523275375e-01   2.453391551971e-01   2.525016069412e-01 
  4.966380298138e-01   2.266082912683e-01   4.053117036819e-01   6.640122532845e-01   1.452347487211e-01  -1.173989027739e-01   7.711479067802e-01   7.733366638422e-02  -6.758950948715e-01 
  6.165041327477e-01   3.057524375618e-02  -8.113965988159e-01   3.975680768490e-01   9.139955043793e-03  -7.119585275650e-01   3.975680768490e-01   9.139955043793e-03  -7.119585275650e-01 
  0.000000000000e+00   1.488235294819e-01  -2.338620424271e-01   0.000000000000e+00   1.488235294819e-01  -2.338620424271e-01  -1.462590992451e-01   2.060448974371e-01   3.408203423023e-01 
  4.166968464851e-01   3.804363608360e-01   3.434128165245e-01   1.939461231232e-01   2.080488502979e-01   5.582174062729e-01   5.004289746284e-01   1.029549464583e-01  -2.381871491671e-01 
  5.776406526566e-01   4.612077400088e-02  -7.806243896484e-01   4.292966127396e-01   1.557891443372e-02  -6.447389125824e-01   2.618098855019e-01   1.616202294827e-03  -3.367853760719e-01 
  2.618098855019e-01   1.616202294827e-03  -3.367853760719e-01   0.000000000000e+00   0.000000000000e+00  -2.058720737696e-01   0.000000000000e+00   0.000000000000e+00  -2.058720737696e-01 
 -7.376050949097e-02   0.000000000000e+00   4.598545432091e-01  -1.464558005333e+00   0.000000000000e+00   4.950383603573e-01  -1.403525590897e+00   0.000000000000e+00   5.144221782684e-01 
  0.000000000000e+00  -1.710359356366e-05  -1.000000014901e-01   0.000000000000e+00  -3.185364039382e-05  -1.000000014901e-01   0.000000000000e+00  -1.471176859923e-03  -1.000000014901e-01 
  0.000000000000e+00  -3.745087189600e-03  -1.000000014901e-01   0.000000000000e+00  -3.745087189600e-03  -1.000000014901e-01   0.000000000000e+00   0.000000000000e+00  -2.058720737696e-01 
  0.000000000000e+00   0.000000000000e+00  -2.058720737696e-01  -7.376050949097e-02   0.000000000000e+00   4.598545432091e-01  -1.464558005333e+00   0.000000000000e+00   4.950383603573e-01 
 -1.403525590897e+00   0.000000000000e+00   5.144221782684e-01   0.000000000000e+00  -1.710359356366e-05  -1.000000014901e-01   0.000000000000e+00  -3.185364039382e-05  -1.000000014901e-01 
  0.000000000000e+00  -1.471176859923e-03  -1.000000014901e-01   0.000000000000e+00  -3.745087189600e-03  -1.000000014901e-01   0.000000000000e+00  -3.745087189600e-03  -1.000000014901e-01 
  0.000000000000e+00   7.436628639698e-02  -1.960026472807e-01   0.000000000000e+00   7.436628639698e-02  -1.960026472807e-01   1.354248225689e-01   4.940076544881e-02  -1.866100281477e-01 
  3.515578806400e-01   2.178592979908e-02  -1.116236597300e-01   1.341492414474e+00   9.493149816990e-03   1.948040425777e-01   2.559181153774e-01  -4.051843192428e-03  -1.000000014901e-01 
  0.000000000000e+00  -6.502520758659e-03  -1.000000014901e-01   0.000000000000e+00   0.000000000000e+00  -1.322839975357e+00   0.000000000000e+00   0.000000000000e+00  -1.350309133530e+00 
  0.000000000000e+00   0.000000000000e+00  -1.350309133530e+00   0.000000000000e+00   7.436628639698e-02  -1.960026472807e-01   0.000000000000e+00   7.436628639698e-02  -1.960026472807e-01 
  1.354248225689e-01   4.940076544881e-02  -1.866100281477e-01   3.515578806400e-01   2.178592979908e-02  -1.116236597300e-01   1.341492414474e+00   9.493149816990e-03   1.948040425777e-01 
  2.559181153774e-01  -4.051843192428e-03  -1.000000014901e-01   0.000000000000e+00  -6.502520758659e-03  -1.000000014901e-01   0.000000000000e+00   0.000000000000e+00  -1.322839975357e+00 
  0.000000000000e+00   0.000000000000e+00  -1.350309133530e+00   0.000000000000e+00   0.000000000000e+00  -1.350309133530e+00   0.000000000000e+00   3.865197673440e-02  -2.940390408039e-01 
  0.000000000000e+00   3.865197673440e-02  -2.940390408039e-01   6.515863817185e-03   3.410384431481e-02  -1.506675928831e-01   2.474463701248e+00   0.000000000000e+00   2.952546477318e-01 
  2.474463701248e+00   0.000000000000e+00   2.875496149063e-01   0.000000000000e+00  -4.346389789134e-03  -1.000000014901e-01   0.000000000000e+00  -6.502904463559e-03  -1.000000014901e-01 
  0.000000000000e+00   0.000000000000e+00  -1.000000014901e-01   0.000000000000e+00   0.000000000000e+00  -7.251545190811e-01   0.000000000000e+00   0.000000000000e+00  -7.251545190811e-01 
  0.000000000000e+00   9.252823889256e-02   4.830281436443e-01   0.000000000000e+00   9.252823889256e-02   4.830281436443e-01   6.549938023090e-02  -2.619657814503e-01   6.510308384895e-01 
  2.553390026093e+00  -2.802344560623e-01   3.361444771290e-01   2.395537614822e+00  -3.591606914997e-01   2.572182416916e-01   0.000000000000e+00   0.000000000000e+00  -1.000000014901e-01 
  0.000000000000e+00  -2.498201094568e-03  -1.000000014901e-01   0.000000000000e+00   0.000000000000e+00  -1.000000014901e-01   0.000000000000e+00   0.000000000000e+00  -4.791850149632e-01 
  0.000000000000e+00   0.000000000000e+00  -4.791850149632e-01   0.000000000000e+00  -6.229392252862e-03   7.327141612768e-02   0.000000000000e+00  -6.229392252862e-03   7.327141612768e-02 
  1.715340912342e-01  -4.375022649765e-01   7.315553724766e-02   0.000000000000e+00  -4.380869567394e-01   2.617388963699e-01   0.000000000000e+00  -3.591606914997e-01   2.552834749222e-01 
  0.000000000000e+00   0.000000000000e+00   1.148233115673e-01   0.000000000000e+00  -1.854200731032e-03  -9.998980164528e-02   0.000000000000e+00   0.000000000000e+00  -1.000000014901e-01 
  0.000000000000e+00   0.000000000000e+00  -3.541331887245e-01   0.000000000000e+00   0.000000000000e+00  -3.541331887245e-01   0.000000000000e+00  -2.101742476225e-01   6.950604263693e-03 
  0.000000000000e+00  -2.101742476225e-01   6.950604263693e-03   8.085799962282e-02  -2.101626843214e-01  -3.946327418089e-02   1.991450041533e-01   0.000000000000e+00   1.063198074698e-01 
  3.476348221302e-01   0.000000000000e+00   2.556975483894e-01   5.609623789787e-01   0.000000000000e+00  -3.589962795377e-02   7.377687096596e-01  -8.676262572408e-03  -5.037474036217e-01 
  6.379198431969e-01  -1.345464377664e-03  -8.550042510033e-01   4.569607973099e-01  -3.614545857999e-04  -9.302403926849e-01   4.569607973099e-01  -3.614545857999e-04  -9.302403926849e-01 
  0.000000000000e+00  -7.252991795540e-01  -1.707093417645e-01   0.000000000000e+00  -7.252991795540e-01  -1.707093417645e-01  -4.142720624804e-02  -5.053363442421e-01  -4.616889357567e-02 
  8.606523275375e-01   2.453391551971e-01   2.525016069412e-01   4.966380298138e-01   2.266082912683e-01   4.053117036819e-01   6.640122532845e-01   1.452347487211e-01  -1.173989027739e-01 
  7.711479067802e-01   7.733366638422e-02  -6.758950948715e-01   6.165041327477e-01   3.057524375618e-02  -8.113965988159e-01   3.975680768490e-01   9.139955043793e-03  -7.119585275650e-01 
  3.975680768490e-01   9.139955043793e-03  -7.119585275650e-01   0.000000000000e+00   1.488235294819e-01  -2.338620424271e-01   0.000000000000e+00   1.488235294819e-01  -2.338620424271e-01 
 -1.462590992451e-01   2.060448974371e-01   3.408203423023e-01   4.166968464851e-01   3.804363608360e-01   3.434128165245e-01   1.939461231232e-01   2.080488502979e-01   5.582174062729e-01 
  5.004289746284e-01   1.029549464583e-01  -2.381871491671e-01   5.776406526566e-01   4.612077400088e-02  -7.806243896484e-01   4.292966127396e-01   1.557891443372e-02  -6.447389125824e-01 
  2.618098855019e-01   1.616202294827e-03  -3.367853760719e-01   2.618098855019e-01   1.616202294827e-03  -3.367853760719e-01   0.000000000000e+00   0.000000000000e+00  -2.058720737696e-01 
  0.000000000000e+00   0.000000000000e+00  -2.058720737696e-01  -7.376050949097e-02   0.000000000000e+00   4.598545432091e-01  -1.464558005333e+00   0.000000000000e+00   4.950383603573e-01 
 -1.403525590897e+00   0.000000000000e+00   5.144221782684e-01   0.000000000000e+00  -1.710359356366e-05  -1.000000014901e-01   0.000000000000e+00  -3.185364039382e-05  -1.000000014901e-01 
  0.000000000000e+00  -1.471176859923e-03  -1.000000014901e-01   0.000000000000e+00  -3.745087189600e-03  -1.000000014901e-01   0.000000000000e+00  -3.745087189600e-03  -1.000000014901e-01 
  0.000000000000e+00   0.000000000000e+00  -2.058720737696e-01   0.000000000000e+00   0.000000000000e+00  -2.058720737696e-01  -7.376050949097e-02   0.000000000000e+00   4.598545432091e-01 
 -1.464558005333e+00   0.000000000000e+00   4.950383603573e-01  -1.403525590897e+00   0.000000000000e+00   5.144221782684e-01   0.000000000000e+00  -1.710359356366e-05  -1.000000014901e-01 
  0.000000000000e+00  -3.185364039382e-05  -1.000000014901e-01   0.000000000000e+00  -1.471176859923e-03  -1.000000014901e-01   0.000000000000e+00  -3.745087189600e-03  -1.000000014901e-01 
  0.000000000000e+00  -3.745087189600e-03  -1.000000014901e-01 

