# vtk DataFile Version 2.0
Written using VisIt writer
ASCII
DATASET RECTILINEAR_GRID
DIMENSIONS 10 10 10
X_COORDINATES 10 float
  0.000000000000e+00   5.000000000000e-01   1.000000000000e+00   1.500000000000e+00   2.000000000000e+00   2.500000000000e+00   3.000000000000e+00   3.500000000000e+00   4.000000000000e+00 
  4.500000000000e+00 
Y_COORDINATES 10 float
  0.000000000000e+00   5.000000000000e-01   1.000000000000e+00   1.500000000000e+00   2.000000000000e+00   2.500000000000e+00   3.000000000000e+00   3.500000000000e+00   4.000000000000e+00 
  4.500000000000e+00 
Z_COORDINATES 10 float
  0.000000000000e+00   5.000000000000e-01   1.000000000000e+00   1.500000000000e+00   2.000000000000e+00   2.500000000000e+00   3.000000000000e+00   3.500000000000e+00   4.000000000000e+00 
  4.500000000000e+00 
CELL_DATA 729
POINT_DATA 1000
VECTORS velocity float
  0.000000000000e+00  -1.172409728169e-01  -2.056699246168e-01   3.251200000000e+04   0.000000000000e+00   0.000000000000e+00   0.000000000000e+00   0.000000000000e+00   0.000000000000e+00 
  1.417677402496e-01  -6.103382259607e-02  -1.473990380764e-01   0.000000000000e+00   0.000000000000e+00   0.000000000000e+00   0.000000000000e+00   1.431655808000e+09   1.070945600000e+09 
  1.292068660259e-01  -8.107418566942e-02  -1.599304825068e-01   1.071994176000e+09   0.000000000000e+00   0.000000000000e+00   0.000000000000e+00   0.000000000000e+00   0.000000000000e+00 
  1.011930331588e-01  -1.730514168739e-01  -1.910066604614e-01   0.000000000000e+00  -1.172409728169e-01  -2.056699246168e-01   1.070945600000e+09   0.000000000000e+00   0.000000000000e+00 
  6.755548715591e-02  -9.175525605679e-02  -1.848428547382e-01   1.417677402496e-01  -6.103382259607e-02  -1.473990380764e-01   1.431655808000e+09   1.070945600000e+09   0.000000000000e+00 
  1.505562961102e-01  -4.917408153415e-02  -1.327631771564e-01   1.292068660259e-01  -8.107418566942e-02  -1.599304825068e-01   0.000000000000e+00   0.000000000000e+00   1.071644672000e+09 
  1.011930331588e-01  -1.730514168739e-01  -1.910066604614e-01   1.011930331588e-01  -1.730514168739e-01  -1.910066604614e-01   0.000000000000e+00   1.793988421559e-02  -1.745864897966e-01 
  0.000000000000e+00   1.793988421559e-02  -1.745864897966e-01  -4.171662405133e-02  -2.497952878475e-01  -1.933632791042e-01   1.828706264496e-01  -3.017181456089e-01  -1.775631159544e-01 
  1.218917742372e-01  -1.094881370664e-01  -1.825960725546e-01   8.595600724220e-02  -7.242603600025e-02  -1.458425372839e-01   1.125049516559e-01   2.124485000968e-02  -1.374509632587e-01 
  7.172176241875e-02   2.658079843968e-03  -1.386756449938e-01   1.206577643752e-01  -4.281628131866e-02  -1.472535878420e-01   1.206577643752e-01  -4.281628131866e-02  -1.472535878420e-01 
  0.000000000000e+00   4.175511002541e-02  -1.577409207821e-01   0.000000000000e+00   4.175511002541e-02  -1.577409207821e-01   9.342211484909e-02  -3.285971283913e-02  -1.502434760332e-01 
  1.144322752953e-01   4.287748411298e-02  -1.385227888823e-01   5.196560919285e-02   3.330713883042e-02  -1.487569212914e-01   1.709631085396e-01  -6.522220373154e-02  -1.504391729832e-01 
  1.521923542023e-01  -1.364489085972e-02  -1.818607896566e-01   1.157457381487e-01  -2.496050298214e-02  -1.406531035900e-01   2.035407423973e-01  -2.064097672701e-02  -1.302718669176e-01 
  2.035407423973e-01  -2.064097672701e-02  -1.302718669176e-01   0.000000000000e+00   3.182087093592e-02  -1.827997416258e-01   0.000000000000e+00   3.182087093592e-02  -1.827997416258e-01 
 -2.854377031326e-02  -7.009305804968e-02  -1.935438364744e-01   1.606076359749e-01   1.567312888801e-02  -1.425498723984e-01   8.843077719212e-02  -9.080215357244e-03  -1.463168710470e-01 
  1.362940669060e-01  -1.149267144501e-02  -1.358341276646e-01   9.098330140114e-02   9.757355786860e-03  -1.521944105625e-01   1.167856976390e-01  -4.588264226913e-02  -1.544854491949e-01 
  1.918627619743e-01  -5.595323443413e-02  -1.769663095474e-01   1.918627619743e-01  -5.595323443413e-02  -1.769663095474e-01   0.000000000000e+00  -3.587088733912e-02  -1.636096388102e-01 
  0.000000000000e+00  -3.587088733912e-02  -1.636096388102e-01   1.419406011701e-02  -2.233391394839e-03  -1.595578491688e-01   1.336568444967e-01  -4.539662972093e-02  -1.569435447454e-01 
  4.367044568062e-02  -1.339324265718e-01  -2.010885328054e-01   1.119340956211e-01  -1.442197114229e-01  -1.535253077745e-01   8.720153570175e-02  -4.280142113566e-02  -1.412611007690e-01 
  7.073811441660e-02   1.629314012825e-02  -1.342941224575e-01   1.828472465277e-01   8.526961505413e-02  -1.393315643072e-01   1.828472465277e-01   8.526961505413e-02  -1.393315643072e-01 
  0.000000000000e+00  -2.930850908160e-02  -1.702088415623e-01   0.000000000000e+00  -2.930850908160e-02  -1.702088415623e-01   5.344161391258e-02  -2.169224061072e-02  -1.575289815664e-01 
  8.599225431681e-02   3.126788511872e-02  -1.383357346058e-01   4.107923433185e-02   1.301422268152e-01  -1.539061367512e-01   9.449999034405e-02  -4.101161286235e-02  -1.662605851889e-01 
  1.341095417738e-01  -9.156954288483e-02  -1.803054511547e-01   1.028348505497e-01  -7.899023592472e-02  -1.438399702311e-01   1.731566935778e-01  -2.526929229498e-02  -1.376481354237e-01 
  1.731566935778e-01  -2.526929229498e-02  -1.376481354237e-01   0.000000000000e+00  -1.241057142615e-01  -2.130724340677e-01   0.000000000000e+00  -1.241057142615e-01  -2.130724340677e-01 
 -5.863981693983e-02  -6.624976545572e-02  -2.277669757605e-01   1.330713331699e-01   3.427091520280e-03  -1.542476862669e-01   3.849466517568e-02   6.634134799242e-02  -1.686698496342e-01 
  1.084752231836e-01   4.889198020101e-02  -1.364348828793e-01   1.300890296698e-01   1.766610192135e-03  -1.438098549843e-01   1.425990164280e-01  -7.945523411036e-02  -1.580889672041e-01 
  2.460475862026e-01  -1.247489973903e-01  -1.917229592800e-01   2.460475862026e-01  -1.247489973903e-01  -1.917229592800e-01   0.000000000000e+00   0.000000000000e+00  -1.862888634205e-01 
  0.000000000000e+00   0.000000000000e+00  -1.862888634205e-01  -1.036736741662e-01   0.000000000000e+00  -2.128203511238e-01   1.233225762844e-01   0.000000000000e+00  -2.013871520758e-01 
 -2.059675008059e-02   0.000000000000e+00  -2.362905740738e-01   2.221338599920e-01   0.000000000000e+00  -1.380435228348e-01   2.032929658890e-01   0.000000000000e+00  -1.206522136927e-01 
  1.710720360279e-01   0.000000000000e+00  -1.235857978463e-01   2.772759795189e-01   0.000000000000e+00  -1.253674626350e-01   2.772759795189e-01   0.000000000000e+00  -1.253674626350e-01 
  0.000000000000e+00   0.000000000000e+00  -1.862888634205e-01   0.000000000000e+00   0.000000000000e+00  -1.862888634205e-01  -1.036736741662e-01   0.000000000000e+00  -2.128203511238e-01 
  1.233225762844e-01   0.000000000000e+00  -2.013871520758e-01  -2.059675008059e-02   0.000000000000e+00  -2.362905740738e-01   2.221338599920e-01   0.000000000000e+00  -1.380435228348e-01 
  2.032929658890e-01   0.000000000000e+00  -1.206522136927e-01   1.710720360279e-01   0.000000000000e+00  -1.235857978463e-01   2.772759795189e-01   0.000000000000e+00  -1.253674626350e-01 
  2.772759795189e-01   0.000000000000e+00  -1.253674626350e-01   0.000000000000e+00  -1.172409728169e-01  -2.056699246168e-01   0.000000000000e+00  -1.172409728169e-01  -2.056699246168e-01 
  6.755548715591e-02  -9.175525605679e-02  -1.848428547382e-01   1.417677402496e-01  -6.103382259607e-02  -1.473990380764e-01   1.451087146997e-01  -4.592682793736e-02  -1.382839530706e-01 
  1.505562961102e-01  -4.917408153415e-02  -1.327631771564e-01   1.292068660259e-01  -8.107418566942e-02  -1.599304825068e-01   1.251097768545e-01  -9.050333499908e-02  -1.755486875772e-01 
  1.011930331588e-01  -1.730514168739e-01  -1.910066604614e-01   1.011930331588e-01  -1.730514168739e-01  -1.910066604614e-01   0.000000000000e+00  -1.172409728169e-01  -2.056699246168e-01 
  0.000000000000e+00  -1.172409728169e-01  -2.056699246168e-01   6.755548715591e-02  -9.175525605679e-02  -1.848428547382e-01   1.417677402496e-01  -6.103382259607e-02  -1.473990380764e-01 
  1.451087146997e-01  -4.592682793736e-02  -1.382839530706e-01   1.505562961102e-01  -4.917408153415e-02  -1.327631771564e-01   1.292068660259e-01  -8.107418566942e-02  -1.599304825068e-01 
  1.251097768545e-01  -9.050333499908e-02  -1.755486875772e-01   1.011930331588e-01  -1.730514168739e-01  -1.910066604614e-01   1.011930331588e-01  -1.730514168739e-01  -1.910066604614e-01 
  0.000000000000e+00   1.793988421559e-02  -1.745864897966e-01   0.000000000000e+00   1.793988421559e-02  -1.745864897966e-01  -4.171662405133e-02  -2.497952878475e-01  -1.933632791042e-01 
  1.828706264496e-01  -3.017181456089e-01  -1.775631159544e-01   1.218917742372e-01  -1.094881370664e-01  -1.825960725546e-01   8.595600724220e-02  -7.242603600025e-02  -1.458425372839e-01 
  1.125049516559e-01   2.124485000968e-02  -1.374509632587e-01   7.172176241875e-02   2.658079843968e-03  -1.386756449938e-01   1.206577643752e-01  -4.281628131866e-02  -1.472535878420e-01 
  1.206577643752e-01  -4.281628131866e-02  -1.472535878420e-01   0.000000000000e+00   4.175511002541e-02  -1.577409207821e-01   0.000000000000e+00   4.175511002541e-02  -1.577409207821e-01 
  9.342211484909e-02  -3.285971283913e-02  -1.502434760332e-01   1.144322752953e-01   4.287748411298e-02  -1.385227888823e-01   5.196560919285e-02   3.330713883042e-02  -1.487569212914e-01 
  1.709631085396e-01  -6.522220373154e-02  -1.504391729832e-01   1.521923542023e-01  -1.364489085972e-02  -1.818607896566e-01   1.157457381487e-01  -2.496050298214e-02  -1.406531035900e-01 
  2.035407423973e-01  -2.064097672701e-02  -1.302718669176e-01   2.035407423973e-01  -2.064097672701e-02  -1.302718669176e-01   0.000000000000e+00   3.182087093592e-02  -1.827997416258e-01 
  0.000000000000e+00   3.182087093592e-02  -1.827997416258e-01  -2.854377031326e-02  -7.009305804968e-02  -1.935438364744e-01   1.606076359749e-01   1.567312888801e-02  -1.425498723984e-01 
  8.843077719212e-02  -9.080215357244e-03  -1.463168710470e-01   1.362940669060e-01  -1.149267144501e-02  -1.358341276646e-01   9.098330140114e-02   9.757355786860e-03  -1.521944105625e-01 
  1.167856976390e-01  -4.588264226913e-02  -1.544854491949e-01   1.918627619743e-01  -5.595323443413e-02  -1.769663095474e-01   1.918627619743e-01  -5.595323443413e-02  -1.769663095474e-01 
  0.000000000000e+00  -3.587088733912e-02  -1.636096388102e-01   0.000000000000e+00  -3.587088733912e-02  -1.636096388102e-01   1.419406011701e-02  -2.233391394839e-03  -1.595578491688e-01 
  1.336568444967e-01  -4.539662972093e-02  -1.569435447454e-01   4.367044568062e-02  -1.339324265718e-01  -2.010885328054e-01   1.119340956211e-01  -1.442197114229e-01  -1.535253077745e-01 
  8.720153570175e-02  -4.280142113566e-02  -1.412611007690e-01   7.073811441660e-02   1.629314012825e-02  -1.342941224575e-01   1.828472465277e-01   8.526961505413e-02  -1.393315643072e-01 
  1.828472465277e-01   8.526961505413e-02  -1.393315643072e-01   0.000000000000e+00  -2.930850908160e-02  -1.702088415623e-01   0.000000000000e+00  -2.930850908160e-02  -1.702088415623e-01 
  5.344161391258e-02  -2.169224061072e-02  -1.575289815664e-01   8.599225431681e-02   3.126788511872e-02  -1.383357346058e-01   4.107923433185e-02   1.301422268152e-01  -1.539061367512e-01 
  9.449999034405e-02  -4.101161286235e-02  -1.662605851889e-01   1.341095417738e-01  -9.156954288483e-02  -1.803054511547e-01   1.028348505497e-01  -7.899023592472e-02  -1.438399702311e-01 
  1.731566935778e-01  -2.526929229498e-02  -1.376481354237e-01   1.731566935778e-01  -2.526929229498e-02  -1.376481354237e-01   0.000000000000e+00  -1.241057142615e-01  -2.130724340677e-01 
  0.000000000000e+00  -1.241057142615e-01  -2.130724340677e-01  -5.863981693983e-02  -6.624976545572e-02  -2.277669757605e-01   1.330713331699e-01   3.427091520280e-03  -1.542476862669e-01 
  3.849466517568e-02   6.634134799242e-02  -1.686698496342e-01   1.084752231836e-01   4.889198020101e-02  -1.364348828793e-01   1.300890296698e-01   1.766610192135e-03  -1.438098549843e-01 
  1.425990164280e-01  -7.945523411036e-02  -1.580889672041e-01   2.460475862026e-01  -1.247489973903e-01  -1.917229592800e-01   2.460475862026e-01  -1.247489973903e-01  -1.917229592800e-01 
  0.000000000000e+00   0.000000000000e+00  -1.862888634205e-01   0.000000000000e+00   0.000000000000e+00  -1.862888634205e-01  -1.036736741662e-01   0.000000000000e+00  -2.128203511238e-01 
  1.233225762844e-01   0.000000000000e+00  -2.013871520758e-01  -2.059675008059e-02   0.000000000000e+00  -2.362905740738e-01   2.221338599920e-01   0.000000000000e+00  -1.380435228348e-01 
  2.032929658890e-01   0.000000000000e+00  -1.206522136927e-01   1.710720360279e-01   0.000000000000e+00  -1.235857978463e-01   2.772759795189e-01   0.000000000000e+00  -1.253674626350e-01 
  2.772759795189e-01   0.000000000000e+00  -1.253674626350e-01   0.000000000000e+00   0.000000000000e+00  -1.862888634205e-01   0.000000000000e+00   0.000000000000e+00  -1.862888634205e-01 
 -1.036736741662e-01   0.000000000000e+00  -2.128203511238e-01   1.233225762844e-01   0.000000000000e+00  -2.013871520758e-01  -2.059675008059e-02   0.000000000000e+00  -2.362905740738e-01 
  2.221338599920e-01   0.000000000000e+00  -1.380435228348e-01   2.032929658890e-01   0.000000000000e+00  -1.206522136927e-01   1.710720360279e-01   0.000000000000e+00  -1.235857978463e-01 
  2.772759795189e-01   0.000000000000e+00  -1.253674626350e-01   2.772759795189e-01   0.000000000000e+00  -1.253674626350e-01   0.000000000000e+00  -3.100203871727e-01  -1.006677865982e+00 
  0.000000000000e+00  -3.100203871727e-01  -1.006677865982e+00   2.552055418491e-01  -1.104211881757e-01  -1.014578700066e+00   2.754478752613e-01  -2.235007435083e-01  -4.260547459126e-01 
  3.445416092873e-01  -1.263393759727e-01  -6.754579544067e-01   2.161314487457e-01  -1.510849595070e-02  -8.130308985710e-01   2.568036615849e-01  -1.651838049293e-02  -4.006952047348e-02 
  7.033947110176e-01  -4.919688403606e-02  -8.101531267166e-01   7.601549029350e-01  -5.539848282933e-02  -7.663150429726e-01   7.601549029350e-01  -5.539848282933e-02  -7.663150429726e-01 
  0.000000000000e+00  -3.100203871727e-01  -1.006677865982e+00   0.000000000000e+00  -3.100203871727e-01  -1.006677865982e+00   2.552055418491e-01  -1.104211881757e-01  -1.014578700066e+00 
  2.754478752613e-01  -2.235007435083e-01  -4.260547459126e-01   3.445416092873e-01  -1.263393759727e-01  -6.754579544067e-01   2.161314487457e-01  -1.510849595070e-02  -8.130308985710e-01 
  2.568036615849e-01  -1.651838049293e-02  -4.006952047348e-02   7.033947110176e-01  -4.919688403606e-02  -8.101531267166e-01   7.601549029350e-01  -5.539848282933e-02  -7.663150429726e-01 
  7.601549029350e-01  -5.539848282933e-02  -7.663150429726e-01   0.000000000000e+00  -1.734826862812e-01  -7.803690433502e-01   0.000000000000e+00  -1.734826862812e-01  -7.803690433502e-01 
 -9.484215825796e-02  -1.914138048887e-01  -7.943348288536e-01   5.684304833412e-01  -2.658902704716e-01  -6.148522496223e-01   6.223392486572e-01  -1.869949996471e-01  -5.965370535851e-01 
  4.137330651283e-01  -2.707831561565e-02  -6.035569310188e-01   4.423594176769e-01   1.122544799000e-02  -1.427740812302e+00   3.083250522614e-01   7.563317660242e-03  -8.186460137367e-01 
  3.462980389595e-01  -2.925059013069e-02  -8.100681304932e-01   3.462980389595e-01  -2.925059013069e-02  -8.100681304932e-01   0.000000000000e+00   4.519780725241e-02  -8.968204259872e-01 
  0.000000000000e+00   4.519780725241e-02  -8.968204259872e-01   3.714600503445e-01   2.938943803310e-01  -8.977336883545e-01   6.164864897728e-01  -3.795317932963e-02  -8.981590867043e-01 
  6.958035230637e-01   7.024106383324e-02  -9.280915260315e-01   9.663911461830e-01   2.134468555450e-01  -1.435411691666e+00   1.033921837807e+00   7.484401017427e-02  -1.383330941200e+00 
  3.197848796844e-01  -1.773290894926e-02  -5.934689566493e-02   2.266357988119e-01  -2.067983336747e-02  -6.972812861204e-02   2.266357988119e-01  -2.067983336747e-02  -6.972812861204e-02 
  0.000000000000e+00   4.243002913427e-04  -8.259811401367e-01   0.000000000000e+00   4.243002913427e-04  -8.259811401367e-01   1.121800541878e-01  -3.476002439857e-02  -1.051240682602e+00 
  2.218212634325e-01   2.177387475967e-01  -1.132935166359e+00   2.193516045809e-01  -6.920318305492e-02  -8.363363742828e-01   3.257285058498e-01   2.717976570129e-01  -6.631259322166e-01 
  1.643328666687e-01   1.073468029499e-01  -7.830214500427e-01   1.204040348530e-01  -2.419947646558e-02  -8.102611899376e-01   1.918869316578e-01  -5.494847893715e-02  -2.303369529545e-02 
  1.918869316578e-01  -5.494847893715e-02  -2.303369529545e-02   0.000000000000e+00   6.497573107481e-02  -6.704819202423e-01   0.000000000000e+00   6.497573107481e-02  -6.704819202423e-01 
 -1.679019927979e-01   4.687890410423e-02  -3.274366855621e-01  -2.563137412071e-01   1.451034992933e-01   1.483400613070e-01  -6.386488093995e-04   3.145511746407e-01  -4.961549639702e-01 
  1.334499865770e-01   8.516573905945e-02  -4.830655753613e-01   1.364339143038e-02  -8.219092153013e-03  -8.575313091278e-01   1.208223626018e-01   1.259091310203e-02  -8.318127989769e-01 
  2.130025327206e-01   8.369996398687e-02  -6.066843867302e-02   2.130025327206e-01   8.369996398687e-02  -6.066843867302e-02   0.000000000000e+00  -1.392675936222e-01  -7.639191150665e-01 
  0.000000000000e+00  -1.392675936222e-01  -7.639191150665e-01   3.484273329377e-02   3.748141229153e-01  -6.904392242432e-01   5.048391222954e-01   3.598923087120e-01  -8.023821711540e-01 
  6.155680418015e-01   2.687700688839e-01  -6.029614806175e-01   1.738253384829e-01   3.750948607922e-01  -7.812933921814e-01  -2.293549478054e-01   8.660039305687e-02  -7.645642757416e-01 
  3.444018661976e-01  -6.309793889523e-02  -8.958436250687e-01   4.215252995491e-01  -3.201555088162e-02  -6.235185638070e-02   4.215252995491e-01  -3.201555088162e-02  -6.235185638070e-02 
  0.000000000000e+00   1.833135634661e-01  -6.878775954247e-01   0.000000000000e+00   1.833135634661e-01  -6.878775954247e-01   2.307251840830e-01   1.498979479074e-01  -8.817332983017e-01 
  6.915402412415e-01  -3.177907690406e-02  -8.900656700134e-01   7.326847910881e-01  -6.215151026845e-02  -2.349261999130e+00  -5.089408159256e-01   1.491509974003e-01  -6.649563312531e-01 
 -4.591533914208e-02  -7.332659792155e-03  -6.854333281517e-01   8.275358676910e-01  -2.553120069206e-02  -5.999895930290e-01   8.947320580482e-01  -7.502829283476e-02  -7.548061013222e-01 
  8.947320580482e-01  -7.502829283476e-02  -7.548061013222e-01   0.000000000000e+00   0.000000000000e+00  -5.796900391579e-01   0.000000000000e+00   0.000000000000e+00  -5.796900391579e-01 
  4.711135327816e-01   0.000000000000e+00  -7.925173640251e-01   3.322168588638e-01   0.000000000000e+00  -1.488876819611e+00   1.481936872005e-01   0.000000000000e+00  -2.149585723877e+00 
 -1.065150260925e+00   1.320913620293e-02   5.147849321365e-01   1.742272675037e-01   0.000000000000e+00  -7.934778928757e-02   8.995584249496e-01   0.000000000000e+00  -8.516070842743e-01 
  9.979908466339e-01   0.000000000000e+00  -1.127907514572e+00   9.979908466339e-01   0.000000000000e+00  -1.127907514572e+00   0.000000000000e+00   0.000000000000e+00  -5.796900391579e-01 
  0.000000000000e+00   0.000000000000e+00  -5.796900391579e-01   4.711135327816e-01   0.000000000000e+00  -7.925173640251e-01   3.322168588638e-01   0.000000000000e+00  -1.488876819611e+00 
  1.481936872005e-01   0.000000000000e+00  -2.149585723877e+00  -1.065150260925e+00   1.320913620293e-02   5.147849321365e-01   1.742272675037e-01   0.000000000000e+00  -7.934778928757e-02 
  8.995584249496e-01   0.000000000000e+00  -8.516070842743e-01   9.979908466339e-01   0.000000000000e+00  -1.127907514572e+00   9.979908466339e-01   0.000000000000e+00  -1.127907514572e+00 
  0.000000000000e+00  -1.318251490593e-01  -8.451407551765e-01   0.000000000000e+00  -1.318251490593e-01  -8.451407551765e-01   1.240206584334e-01   5.239133257419e-03  -4.621578752995e-01 
  1.666881330311e-02  -1.805974096060e-01  -4.107872843742e-01   0.000000000000e+00  -1.717751622200e-01  -4.525900185108e-01   0.000000000000e+00  -1.272556632757e-01  -7.163091897964e-01 
  9.172178804874e-03  -7.764202076942e-03  -1.000000014901e-01   0.000000000000e+00   0.000000000000e+00  -8.289415836334e-01   0.000000000000e+00  -3.582287207246e-02  -8.573216795921e-01 
  0.000000000000e+00  -3.582287207246e-02  -8.573216795921e-01   0.000000000000e+00  -1.318251490593e-01  -8.451407551765e-01   0.000000000000e+00  -1.318251490593e-01  -8.451407551765e-01 
  1.240206584334e-01   5.239133257419e-03  -4.621578752995e-01   1.666881330311e-02  -1.805974096060e-01  -4.107872843742e-01   0.000000000000e+00  -1.717751622200e-01  -4.525900185108e-01 
  0.000000000000e+00  -1.272556632757e-01  -7.163091897964e-01   9.172178804874e-03  -7.764202076942e-03  -1.000000014901e-01   0.000000000000e+00   0.000000000000e+00  -8.289415836334e-01 
  0.000000000000e+00  -3.582287207246e-02  -8.573216795921e-01   0.000000000000e+00  -3.582287207246e-02  -8.573216795921e-01   0.000000000000e+00   3.861222788692e-02  -5.902475714684e-01 
  0.000000000000e+00   3.861222788692e-02  -5.902475714684e-01   1.005707234144e-01   9.727986901999e-02  -2.896105349064e-01   2.954971492290e-01  -2.052948325872e-01  -4.237973988056e-01 
  3.597825169563e-01  -1.957770138979e-01  -4.796644151211e-01   5.200572609901e-01  -1.206370964646e-01  -9.371660351753e-01   7.858933210373e-01  -1.358067733236e-03  -1.364503741264e+00 
  6.175152063370e-01   0.000000000000e+00  -8.573216795921e-01   3.056977987289e-01  -2.273317798972e-02  -8.276840448380e-01   3.056977987289e-01  -2.273317798972e-02  -8.276840448380e-01 
  0.000000000000e+00   1.442605108023e-01  -4.005460143089e-01   0.000000000000e+00   1.442605108023e-01  -4.005460143089e-01   2.939290702343e-01  -4.574629664421e-02  -3.354550153017e-02 
  6.148948073387e-01  -6.830899417400e-02  -9.387348592281e-02   5.697347521782e-01   2.021472342312e-02  -6.129128336906e-01   6.797744035721e-01   1.956626623869e-01  -1.431426405907e+00 
  8.848139643669e-01   1.121926009655e-01  -1.465191841125e+00   6.915107369423e-01   7.552064955235e-02  -6.330239176750e-01   3.230344057083e-01  -1.320220250636e-02  -1.980627924204e-01 
  3.230344057083e-01  -1.320220250636e-02  -1.980627924204e-01   0.000000000000e+00   2.633880078793e-02  -5.392034053802e-01   0.000000000000e+00   2.633880078793e-02  -5.392034053802e-01 
  6.273274868727e-02  -1.534512042999e-01  -5.188728868961e-02   8.311048150063e-01  -1.706676185131e-01   3.566404283047e-01   4.736907780170e-01   1.207295656204e-01  -2.112632840872e-01 
  3.087767958641e-01   2.038099467754e-01  -5.592926740646e-01   4.436249136925e-01   8.578358590603e-02  -8.847767114639e-01   6.007931232452e-01   7.941546291113e-02  -8.248569965363e-01 
  2.083332985640e-01  -3.965295106173e-02  -6.250140070915e-02   2.083332985640e-01  -3.965295106173e-02  -6.250140070915e-02   0.000000000000e+00   8.782296627760e-02  -3.848460912704e-01 
  0.000000000000e+00   8.782296627760e-02  -3.848460912704e-01   1.076216399670e-01   2.158223986626e-01  -3.596263825893e-01   1.707479506731e-01  -1.884720325470e-01   1.573962271214e-01 
  1.545438617468e-01   1.803316473961e-01   5.611039325595e-02   2.230097055435e-01   1.536134183407e-01  -4.942340031266e-02   7.245218008757e-02   1.131366342306e-01  -6.094225645065e-01 
  1.845539063215e-01   2.541977167130e-02  -8.098082542419e-01   2.720425128937e-01   7.744958251715e-02  -1.250697821379e-01   2.720425128937e-01   7.744958251715e-02  -1.250697821379e-01 
  0.000000000000e+00  -2.110450565815e-01  -3.807236254215e-01   0.000000000000e+00  -2.110450565815e-01  -3.807236254215e-01   1.704010069370e-01  -6.546702235937e-02  -5.624930262566e-01 
  2.262766659260e-01   2.627677321434e-01  -5.167955756187e-01   4.663271009922e-01   1.475415229797e-01   3.310872316360e-01   3.806760013103e-01   2.118603289127e-01   3.620350658894e-01 
  0.000000000000e+00   1.151685565710e-01  -7.278928756714e-01   4.050604999065e-01  -3.536660224199e-02  -8.113514780998e-01   5.379377603531e-01  -3.426805511117e-02  -3.280316889286e-01 
  5.379377603531e-01  -3.426805511117e-02  -3.280316889286e-01   0.000000000000e+00   1.447759419680e-01  -3.961584866047e-01   0.000000000000e+00   1.447759419680e-01  -3.961584866047e-01 
  2.590796351433e-01   8.886529505253e-02  -4.104376733303e-01   4.234690666199e-01   6.924270186573e-03  -1.263509631157e+00   5.772631168365e-01  -5.155022721738e-03  -1.147071242332e+00 
 -2.426563799381e-01   7.657331228256e-02  -6.352357864380e-01  -1.291725784540e-01   1.108605065383e-04  -6.957663297653e-01   8.425350785255e-01  -2.702305465937e-02  -7.069056630135e-01 
  8.752949237823e-01  -4.810565710068e-02  -7.343231439590e-01   8.752949237823e-01  -4.810565710068e-02  -7.343231439590e-01   0.000000000000e+00   0.000000000000e+00  -1.723994761705e-01 
  0.000000000000e+00   0.000000000000e+00  -1.723994761705e-01   2.597850263119e-01   0.000000000000e+00  -1.314193457365e-01   6.712044775486e-02   0.000000000000e+00  -8.302949070930e-01 
 -7.889320850372e-01   0.000000000000e+00  -1.116901159286e+00  -8.088048696518e-01   5.876849871129e-03  -7.195383310318e-01  -3.218432366848e-01   1.844573489507e-06  -4.613912999630e-01 
  9.251469373703e-01   0.000000000000e+00  -9.655125141144e-01   9.708669781685e-01   0.000000000000e+00  -1.058464765549e+00   9.708669781685e-01   0.000000000000e+00  -1.058464765549e+00 
  0.000000000000e+00   0.000000000000e+00  -1.723994761705e-01   0.000000000000e+00   0.000000000000e+00  -1.723994761705e-01   2.597850263119e-01   0.000000000000e+00  -1.314193457365e-01 
  6.712044775486e-02   0.000000000000e+00  -8.302949070930e-01  -7.889320850372e-01   0.000000000000e+00  -1.116901159286e+00  -8.088048696518e-01   5.876849871129e-03  -7.195383310318e-01 
 -3.218432366848e-01   1.844573489507e-06  -4.613912999630e-01   9.251469373703e-01   0.000000000000e+00  -9.655125141144e-01   9.708669781685e-01   0.000000000000e+00  -1.058464765549e+00 
  9.708669781685e-01   0.000000000000e+00  -1.058464765549e+00   0.000000000000e+00   1.328524500132e-01  -6.307233572006e-01   0.000000000000e+00   1.328524500132e-01  -6.307233572006e-01 
  9.287118166685e-02   3.534044325352e-02  -4.391261041164e-01  -1.485680788755e-01  -1.707430779934e-01  -3.706908226013e-01   9.532476067543e-01  -1.328679174185e-01  -3.822915554047e-01 
  8.802811503410e-01  -1.693511307240e-01  -4.187747538090e-01   0.000000000000e+00  -7.493771612644e-02  -3.677314817905e-01   2.583620548248e-01  -3.472040640190e-03  -1.000000014901e-01 
  1.127491667867e-01  -2.194365859032e-02  -1.000000014901e-01   1.127491667867e-01  -2.194365859032e-02  -1.000000014901e-01   0.000000000000e+00   1.328524500132e-01  -6.307233572006e-01 
  0.000000000000e+00   1.328524500132e-01  -6.307233572006e-01   9.287118166685e-02   3.534044325352e-02  -4.391261041164e-01  -1.485680788755e-01  -1.707430779934e-01  -3.706908226013e-01 
  9.532476067543e-01  -1.328679174185e-01  -3.822915554047e-01   8.802811503410e-01  -1.693511307240e-01  -4.187747538090e-01   0.000000000000e+00  -7.493771612644e-02  -3.677314817905e-01 
  2.583620548248e-01  -3.472040640190e-03  -1.000000014901e-01   1.127491667867e-01  -2.194365859032e-02  -1.000000014901e-01   1.127491667867e-01  -2.194365859032e-02  -1.000000014901e-01 
  0.000000000000e+00   2.416566610336e-01  -5.816106796265e-01   0.000000000000e+00   2.416566610336e-01  -5.816106796265e-01   6.277135759592e-02   1.837425082922e-01  -1.536316722631e-01 
 -4.465405642986e-02  -2.040351778269e-01  -1.780613511801e-01   0.000000000000e+00  -2.058343440294e-01  -3.602337241173e-01   0.000000000000e+00  -1.693511307240e-01  -3.737315237522e-01 
  6.915107369423e-01   0.000000000000e+00  -6.533329486847e-01   6.915107369423e-01   1.414298079908e-02  -6.964564323425e-01   3.703572750092e-01  -5.627181846648e-03  -6.817805171013e-01 
  3.703572750092e-01  -5.627181846648e-03  -6.817805171013e-01   0.000000000000e+00   3.970322608948e-01  -3.664960712194e-02   0.000000000000e+00   3.970322608948e-01  -3.664960712194e-02 
  2.557424083352e-02   1.268451213837e-01   1.887139976025e-01   3.153977096081e-01   1.786965131760e-02   1.279153972864e-01   4.611963331699e-01  -1.312627643347e-01  -2.496201694012e-01 
  0.000000000000e+00   1.130314022303e-01  -1.000000014901e-01   7.440811991692e-01   1.263142079115e-01  -6.007625460625e-01   6.389402747154e-01   7.374376058578e-02  -6.533329486847e-01 
  0.000000000000e+00   5.026905983686e-02  -1.000000014901e-01   0.000000000000e+00   5.026905983686e-02  -1.000000014901e-01   0.000000000000e+00  -2.231273651123e-01  -1.281731277704e-01 
  0.000000000000e+00  -2.231273651123e-01  -1.281731277704e-01   6.503774225712e-02  -1.613320559263e-01   7.928033918142e-02   4.209849834442e-01  -8.589819073677e-02   3.866945207119e-01 
  3.883527815342e-01   1.198162436485e-01   3.148099780083e-02   3.393748104572e-01   8.689800649881e-02  -2.159530967474e-01   7.104014754295e-01   2.117331698537e-02  -3.937100172043e-01 
  6.681305766106e-01   7.374376058578e-02  -4.776237308979e-01   3.620141446590e-01   4.867593199015e-02  -2.257446199656e-01   3.620141446590e-01   4.867593199015e-02  -2.257446199656e-01 
  0.000000000000e+00   2.551172971725e-01  -3.976891040802e-01   0.000000000000e+00   2.551172971725e-01  -3.976891040802e-01   6.865487992764e-02   7.462384700775e-01  -8.272582292557e-02 
  1.186516731977e-01   2.778616249561e-01   1.138311102986e-01   1.744551360607e-01   1.791234016418e-01   1.885554008186e-02   2.644504904747e-01   2.318795770407e-02   9.180589020252e-02 
  3.613210916519e-01   0.000000000000e+00  -2.363581210375e-01   5.780503749847e-01   3.616753220558e-02  -5.832141041756e-01   3.047368824482e-01   3.403582051396e-02  -2.387404292822e-01 
  3.047368824482e-01   3.403582051396e-02  -2.387404292822e-01   0.000000000000e+00   1.508121639490e-01  -3.716537654400e-01   0.000000000000e+00   1.508121639490e-01  -3.716537654400e-01 
  5.360321700573e-02   3.823161125183e-01  -4.188000559807e-01   1.280157864094e-01   2.999136149883e-01  -7.135981917381e-01   5.301798582077e-01   8.122151345015e-02  -6.628921627998e-02 
  4.336457252502e-01   1.180047243834e-01   3.837054371834e-01   1.915555596352e-01   9.354071319103e-02  -1.000000014901e-01   3.995758891106e-01   6.434234231710e-02  -5.039580464363e-01 
 -1.983054727316e-02   1.456564292312e-02  -2.845399975777e-01  -1.983054727316e-02   1.456564292312e-02  -2.845399975777e-01   0.000000000000e+00  -2.020307779312e-01  -4.208437204361e-01 
  0.000000000000e+00  -2.020307779312e-01  -4.208437204361e-01   2.158753126860e-01   2.134926989675e-02  -3.606275022030e-01   1.178917288780e-01  -5.561905913055e-03  -1.395762562752e+00 
  7.180138230324e-01  -8.468914777040e-02  -1.220809102058e+00   3.936271369457e-01  -2.304140012711e-03  -9.831713438034e-01   1.263148039579e-01  -1.072545652278e-03  -4.549231827259e-01 
  6.291517615318e-01  -7.398991147056e-05  -1.000000014901e-01   0.000000000000e+00  -2.391464775428e-03  -1.000000014901e-01   0.000000000000e+00  -2.391464775428e-03  -1.000000014901e-01 
  0.000000000000e+00   0.000000000000e+00  -3.367577195168e-01   0.000000000000e+00   0.000000000000e+00  -3.367577195168e-01   5.249560996890e-02   0.000000000000e+00  -5.415139198303e-01 
 -7.541996985674e-02   0.000000000000e+00  -7.453655600548e-01   9.995152354240e-01   0.000000000000e+00  -4.358595907688e-01   6.617104411125e-01   1.422644709237e-03  -9.099840521812e-01 
  0.000000000000e+00   1.973177177206e-06  -1.000000014901e-01   0.000000000000e+00   0.000000000000e+00  -1.000000014901e-01   0.000000000000e+00  -6.721287965775e-03  -6.370466947556e-01 
  0.000000000000e+00  -6.721287965775e-03  -6.370466947556e-01   0.000000000000e+00   0.000000000000e+00  -3.367577195168e-01   0.000000000000e+00   0.000000000000e+00  -3.367577195168e-01 
  5.249560996890e-02   0.000000000000e+00  -5.415139198303e-01  -7.541996985674e-02   0.000000000000e+00  -7.453655600548e-01   9.995152354240e-01   0.000000000000e+00  -4.358595907688e-01 
  6.617104411125e-01   1.422644709237e-03  -9.099840521812e-01   0.000000000000e+00   1.973177177206e-06  -1.000000014901e-01   0.000000000000e+00   0.000000000000e+00  -1.000000014901e-01 
  0.000000000000e+00  -6.721287965775e-03  -6.370466947556e-01   0.000000000000e+00  -6.721287965775e-03  -6.370466947556e-01   0.000000000000e+00   6.114112585783e-02  -4.962457120419e-01 
  0.000000000000e+00   6.114112585783e-02  -4.962457120419e-01  -4.711681976914e-02   1.829360425472e-02  -4.946004152298e-01  -6.732002645731e-02  -7.911297678947e-02  -4.214345812798e-01 
  9.167643785477e-01  -1.693511307240e-01  -4.552579820156e-01   9.167643785477e-01  -1.693511307240e-01  -4.187747538090e-01   4.371413290501e-01  -6.873743981123e-02  -5.071196556091e-01 
  4.877476692200e-01  -2.023024670780e-02  -3.267996013165e-01   4.560732245445e-01  -1.059222593904e-02  -2.177444547415e-01   4.560732245445e-01  -1.059222593904e-02  -2.177444547415e-01 
  0.000000000000e+00   6.114112585783e-02  -4.962457120419e-01   0.000000000000e+00   6.114112585783e-02  -4.962457120419e-01  -4.711681976914e-02   1.829360425472e-02  -4.946004152298e-01 
 -6.732002645731e-02  -7.911297678947e-02  -4.214345812798e-01   9.167643785477e-01  -1.693511307240e-01  -4.552579820156e-01   9.167643785477e-01  -1.693511307240e-01  -4.187747538090e-01 
  4.371413290501e-01  -6.873743981123e-02  -5.071196556091e-01   4.877476692200e-01  -2.023024670780e-02  -3.267996013165e-01   4.560732245445e-01  -1.059222593904e-02  -2.177444547415e-01 
  4.560732245445e-01  -1.059222593904e-02  -2.177444547415e-01   0.000000000000e+00   8.117449283600e-02  -4.144553840160e-01   0.000000000000e+00   8.117449283600e-02  -4.144553840160e-01 
  1.291028782725e-02   1.427172962576e-02  -2.614634297788e-02   0.000000000000e+00  -7.000997662544e-02  -9.321371912956e-01   2.833802402020e-01  -1.693511307240e-01  -4.379769861698e-01 
  1.444108337164e-01  -1.693511307240e-01  -4.947009980679e-01   6.969428658485e-01  -6.825037766248e-03  -6.533329486847e-01   6.857044100761e-01   8.191986940801e-03  -6.668753623962e-01 
  4.978398084641e-01   3.477692138404e-03  -5.301857590675e-01   4.978398084641e-01   3.477692138404e-03  -5.301857590675e-01   0.000000000000e+00   3.723472058773e-01  -3.581401705742e-01 
  0.000000000000e+00   3.723472058773e-01  -3.581401705742e-01   3.399077430367e-02   2.566254138947e-01  -1.444282531738e-01   1.293543279171e-01   1.329963058233e-01  -8.615705184639e-03 
  6.244950741529e-02  -1.439178884029e-01  -2.710939943790e-01   3.140614330769e-01  -3.256632760167e-02  -4.468998014927e-01   7.070560455322e-01   0.000000000000e+00  -7.059034109116e-01 
  7.105627655983e-01   1.227023825049e-02  -6.533329486847e-01   3.831882178783e-01   1.680494472384e-02  -1.000000014901e-01   3.831882178783e-01   1.680494472384e-02  -1.000000014901e-01 
  0.000000000000e+00  -9.936747699976e-02  -1.990453600883e-01   0.000000000000e+00  -9.936747699976e-02  -1.990453600883e-01   2.493480220437e-02  -1.062827557325e-01  -7.633505761623e-02 
  1.773537099361e-01  -6.651667505503e-02   1.690378040075e-01   0.000000000000e+00  -4.319640249014e-02  -1.000000014901e-01   1.775984764099e-01  -8.011710643768e-02  -1.000000014901e-01 
  7.005109786987e-01  -1.014572829008e-01  -1.000000014901e-01   7.242035865784e-01  -6.763818860054e-02  -2.844443321228e-01   0.000000000000e+00  -5.103086307645e-02  -2.416502982378e-01 
  0.000000000000e+00  -5.103086307645e-02  -2.416502982378e-01   0.000000000000e+00   2.787274718285e-01  -1.845607012510e-01   0.000000000000e+00   2.787274718285e-01  -1.845607012510e-01 
  2.783320285380e-02   4.301848411560e-01   1.571109294891e-01   1.547336578369e-01   3.581719994545e-01  -3.226677477360e-01   2.138398438692e-01  -6.630937568843e-03  -1.237637996674e-01 
  2.486066371202e-01  -2.561158873141e-02  -3.625224232674e-01   4.390547275543e-01  -8.108819276094e-02  -1.000000014901e-01   3.859650492668e-01  -4.894603043795e-02  -3.386086225510e-01 
  2.360781468451e-02  -2.347850985825e-02  -3.287747502327e-01   2.360781468451e-02  -2.347850985825e-02  -3.287747502327e-01   0.000000000000e+00   2.697254717350e-01  -4.421991705894e-01 
  0.000000000000e+00   2.697254717350e-01  -4.421991705894e-01   3.451510518789e-02   3.281710743904e-01  -3.223764896393e-01   1.839438676834e-01   3.188879191875e-01  -5.070264339447e-01 
  5.160342454910e-01   1.224792078137e-01  -1.000000014901e-01   4.413330554962e-01  -1.295251771808e-02   1.155096516013e-01   1.784427911043e-01  -4.284635186195e-02  -8.971783332527e-03 
 -3.253984078765e-02   0.000000000000e+00  -1.363712698221e-01  -1.519249975681e-01   0.000000000000e+00  -1.000000014901e-01  -1.519249975681e-01   0.000000000000e+00  -1.000000014901e-01 
  0.000000000000e+00  -9.878395125270e-03  -5.363658070564e-01   0.000000000000e+00  -9.878395125270e-03  -5.363658070564e-01   9.255293756723e-02   1.518041361123e-03  -5.686229839921e-02 
  4.299194216728e-01   2.492986153811e-03  -3.992880284786e-01   6.449661850929e-01  -4.012677073479e-02  -4.845974445343e-01   3.662957251072e-01  -1.637835800648e-02  -4.131997525692e-01 
  1.942702680826e-01  -1.041626441292e-03  -2.275970280170e-01   0.000000000000e+00   0.000000000000e+00  -1.000000014901e-01   0.000000000000e+00   0.000000000000e+00  -1.000000014901e-01 
  0.000000000000e+00   0.000000000000e+00  -1.000000014901e-01   0.000000000000e+00   0.000000000000e+00  -4.252907931805e-01   0.000000000000e+00   0.000000000000e+00  -4.252907931805e-01 
  1.331482529640e-01   0.000000000000e+00  -3.882208764553e-01   7.476125359535e-01   0.000000000000e+00  -3.341793417931e-01   7.237172722816e-01   0.000000000000e+00   1.870295405388e-01 
  0.000000000000e+00   5.979731795378e-04   4.195232987404e-01   0.000000000000e+00   0.000000000000e+00  -1.000000014901e-01   0.000000000000e+00   0.000000000000e+00  -1.000000014901e-01 
  0.000000000000e+00   0.000000000000e+00  -1.000000014901e-01   0.000000000000e+00   0.000000000000e+00  -1.000000014901e-01   0.000000000000e+00   0.000000000000e+00  -4.252907931805e-01 
  0.000000000000e+00   0.000000000000e+00  -4.252907931805e-01   1.331482529640e-01   0.000000000000e+00  -3.882208764553e-01   7.476125359535e-01   0.000000000000e+00  -3.341793417931e-01 
  7.237172722816e-01   0.000000000000e+00   1.870295405388e-01   0.000000000000e+00   5.979731795378e-04   4.195232987404e-01   0.000000000000e+00   0.000000000000e+00  -1.000000014901e-01 
  0.000000000000e+00   0.000000000000e+00  -1.000000014901e-01   0.000000000000e+00   0.000000000000e+00  -1.000000014901e-01   0.000000000000e+00   0.000000000000e+00  -1.000000014901e-01 
  0.000000000000e+00  -2.747310996056e-01  -1.848003715277e-01   0.000000000000e+00  -2.747310996056e-01  -1.848003715277e-01  -1.303039677441e-02   4.543766845018e-03  -7.853699326515e-01 
 -9.445398300886e-02   0.000000000000e+00  -2.059985876083e+00   0.000000000000e+00  -8.346175402403e-02  -1.000000014901e-01   0.000000000000e+00  -7.876256480813e-03  -1.000000014901e-01 
  1.399269700050e-01   0.000000000000e+00  -1.000000014901e-01   1.476122587919e-01   7.179028671089e-06  -2.802812159061e-01   7.908415049314e-02   1.862038152467e-05  -4.109050333500e-01 
  7.908415049314e-02   1.862038152467e-05  -4.109050333500e-01   0.000000000000e+00  -2.747310996056e-01  -1.848003715277e-01   0.000000000000e+00  -2.747310996056e-01  -1.848003715277e-01 
 -1.303039677441e-02   4.543766845018e-03  -7.853699326515e-01  -9.445398300886e-02   0.000000000000e+00  -2.059985876083e+00   0.000000000000e+00  -8.346175402403e-02  -1.000000014901e-01 
  0.000000000000e+00  -7.876256480813e-03  -1.000000014901e-01   1.399269700050e-01   0.000000000000e+00  -1.000000014901e-01   1.476122587919e-01   7.179028671089e-06  -2.802812159061e-01 
  7.908415049314e-02   1.862038152467e-05  -4.109050333500e-01   7.908415049314e-02   1.862038152467e-05  -4.109050333500e-01   0.000000000000e+00  -1.654911786318e-01  -4.513590633869e-01 
  0.000000000000e+00  -1.654911786318e-01  -4.513590633869e-01  -7.458891719580e-03  -1.195337921381e-01  -5.626960396767e-01  -4.462873190641e-02   0.000000000000e+00  -9.296505451202e-01 
  4.326233267784e-02  -8.077584952116e-02  -6.540793180466e-01   1.588162481785e-01  -3.873849986121e-03  -7.676011919975e-01   7.067191600800e-01   0.000000000000e+00  -1.000000014901e-01 
  6.148190498352e-01   2.670712274266e-05  -7.913208007812e-01   4.476747214794e-01   6.780557305319e-05  -9.717799425125e-01   4.476747214794e-01   6.780557305319e-05  -9.717799425125e-01 
  0.000000000000e+00  -1.565912216902e-01  -3.323167860508e-01   0.000000000000e+00  -1.565912216902e-01  -3.323167860508e-01  -3.693731129169e-02  -1.391567736864e-01  -3.689811527729e-01 
 -3.029508702457e-02  -8.742023259401e-02  -3.190122842789e-01   0.000000000000e+00  -1.989766210318e-02  -5.740380883217e-01   0.000000000000e+00   0.000000000000e+00  -1.025712132454e+00 
  7.065877914429e-01   0.000000000000e+00  -1.394561648369e+00   7.269569039345e-01   9.144982323050e-04  -1.394561648369e+00   4.160007238388e-01   1.722168643028e-03  -1.388577818871e+00 
  4.160007238388e-01   1.722168643028e-03  -1.388577818871e+00   0.000000000000e+00   1.574538052082e-01  -5.244491100311e-01   0.000000000000e+00   1.574538052082e-01  -5.244491100311e-01 
 -2.294137608260e-03   1.355168968439e-01  -4.002530276775e-01   2.466266043484e-02  -4.436648264527e-02  -4.831738770008e-03   0.000000000000e+00  -3.148777410388e-02  -1.000000014901e-01 
  1.473664641380e-01  -1.122066006064e-01  -9.465991258621e-01   5.329077839851e-01  -1.387006789446e-01  -1.364248752594e+00   7.438311576843e-01   0.000000000000e+00  -1.394561648369e+00 
  0.000000000000e+00   0.000000000000e+00  -1.371255636215e+00   0.000000000000e+00   0.000000000000e+00  -1.371255636215e+00   0.000000000000e+00   2.847553491592e-01  -3.839935064316e-01 
  0.000000000000e+00   2.847553491592e-01  -3.839935064316e-01   1.536095608026e-02   3.029198944569e-01   3.666916191578e-01   0.000000000000e+00   1.196483671665e-01  -1.000000014901e-01 
  0.000000000000e+00  -3.148777410388e-02  -5.114846825600e-01   1.775984764099e-01  -5.917310249060e-03  -9.277257919312e-01   1.775984764099e-01  -6.421388685703e-02  -1.278588294983e+00 
  0.000000000000e+00   0.000000000000e+00  -1.245245814323e+00   0.000000000000e+00   0.000000000000e+00  -7.193286418915e-01   0.000000000000e+00   0.000000000000e+00  -7.193286418915e-01 
  0.000000000000e+00   2.174352705479e-01  -3.092721700668e-01   0.000000000000e+00   2.174352705479e-01  -3.092721700668e-01   3.054013103247e-02   2.360361814499e-01  -3.086462914944e-01 
  6.444031745195e-02   2.193089723587e-01  -3.092572689056e-01   1.820858567953e-01  -9.882804937661e-03  -2.016613781452e-01   1.591335088015e-01   0.000000000000e+00  -9.013066887856e-01 
  0.000000000000e+00   0.000000000000e+00  -1.083019375801e+00   0.000000000000e+00   0.000000000000e+00  -3.386324644089e-01  -3.066860437393e-01   0.000000000000e+00  -5.772649049759e-01 
 -3.066860437393e-01   0.000000000000e+00  -5.772649049759e-01   0.000000000000e+00   8.591783046722e-02  -3.321458399296e-01   0.000000000000e+00   8.591783046722e-02  -3.321458399296e-01 
  6.415773183107e-02   6.593789160252e-02  -2.987566292286e-01   2.239119410515e-01   3.378168493509e-02  -2.182524204254e-01   3.815911412239e-01   1.741288416088e-02  -2.430991828442e-01 
  1.819884181023e-01  -2.480986528099e-03  -2.787096798420e-01   2.912166761234e-03   0.000000000000e+00  -1.316127628088e-01   0.000000000000e+00   0.000000000000e+00  -1.000000014901e-01 
 -3.382280170918e-01  -3.614055365324e-02  -6.088069081306e-01  -3.382280170918e-01  -3.614055365324e-02  -6.088069081306e-01   0.000000000000e+00   0.000000000000e+00  -3.879642486572e-01 
  0.000000000000e+00   0.000000000000e+00  -3.879642486572e-01   1.357306633145e-02   0.000000000000e+00  -4.440632462502e-01   0.000000000000e+00   0.000000000000e+00  -1.985053718090e-02 
  0.000000000000e+00   0.000000000000e+00   2.741997130215e-02   0.000000000000e+00   0.000000000000e+00  -1.000000014901e-01   3.667140845209e-04   0.000000000000e+00  -1.080595478415e-01 
  0.000000000000e+00   0.000000000000e+00  -1.000000014901e-01   0.000000000000e+00   0.000000000000e+00  -1.000000014901e-01   0.000000000000e+00   0.000000000000e+00  -1.000000014901e-01 
  0.000000000000e+00   0.000000000000e+00  -3.879642486572e-01   0.000000000000e+00   0.000000000000e+00  -3.879642486572e-01   1.357306633145e-02   0.000000000000e+00  -4.440632462502e-01 
  0.000000000000e+00   0.000000000000e+00  -1.985053718090e-02   0.000000000000e+00   0.000000000000e+00   2.741997130215e-02   0.000000000000e+00   0.000000000000e+00  -1.000000014901e-01 
  3.667140845209e-04   0.000000000000e+00  -1.080595478415e-01   0.000000000000e+00   0.000000000000e+00  -1.000000014901e-01   0.000000000000e+00   0.000000000000e+00  -1.000000014901e-01 
  0.000000000000e+00   0.000000000000e+00  -1.000000014901e-01   0.000000000000e+00  -6.463166326284e-02  -5.826044678688e-01   0.000000000000e+00  -6.463166326284e-02  -5.826044678688e-01 
  1.165300235152e-01  -2.451353706419e-02  -2.746843397617e-01   0.000000000000e+00  -1.655645295978e-02  -2.059985876083e+00   0.000000000000e+00  -1.393384952098e-02  -1.000000014901e-01 
  0.000000000000e+00  -1.561465580016e-02  -1.000000014901e-01   0.000000000000e+00   0.000000000000e+00  -1.000000014901e-01   0.000000000000e+00   0.000000000000e+00  -1.000000014901e-01 
  0.000000000000e+00   0.000000000000e+00  -1.000000014901e-01   0.000000000000e+00   0.000000000000e+00  -1.000000014901e-01   0.000000000000e+00  -6.463166326284e-02  -5.826044678688e-01 
  0.000000000000e+00  -6.463166326284e-02  -5.826044678688e-01   1.165300235152e-01  -2.451353706419e-02  -2.746843397617e-01   0.000000000000e+00  -1.655645295978e-02  -2.059985876083e+00 
  0.000000000000e+00  -1.393384952098e-02  -1.000000014901e-01   0.000000000000e+00  -1.561465580016e-02  -1.000000014901e-01   0.000000000000e+00   0.000000000000e+00  -1.000000014901e-01 
  0.000000000000e+00   0.000000000000e+00  -1.000000014901e-01   0.000000000000e+00   0.000000000000e+00  -1.000000014901e-01   0.000000000000e+00   0.000000000000e+00  -1.000000014901e-01 
  0.000000000000e+00   5.291996896267e-02  -9.538278728724e-02   0.000000000000e+00   5.291996896267e-02  -9.538278728724e-02  -2.465671626851e-03  -1.205557491630e-02  -2.224468439817e-01 
 -9.865202009678e-03  -9.708192199469e-03  -8.435997962952e-01   7.022202480584e-03  -1.178997103125e-02  -6.105328202248e-01   6.479702144861e-02  -1.561557687819e-02  -6.517593860626e-01 
  6.775308400393e-02   0.000000000000e+00  -1.000000014901e-01   3.493510012049e-04   0.000000000000e+00  -5.464074015617e-01   2.283122303197e-04   0.000000000000e+00  -7.093380689621e-01 
  2.283122303197e-04   0.000000000000e+00  -7.093380689621e-01   0.000000000000e+00  -1.093052625656e-01  -2.726469933987e-01   0.000000000000e+00  -1.093052625656e-01  -2.726469933987e-01 
  3.760189190507e-02  -1.081403270364e-01  -2.686486542225e-01   2.992278337479e-02  -9.440334141254e-02  -3.907895088196e-01   9.803345426917e-03  -3.314560651779e-02  -5.399717688560e-01 
  1.095571592450e-01  -3.350465744734e-02  -9.493585824966e-01   3.532938957214e-01   0.000000000000e+00  -1.227778077126e+00   3.603201806545e-01   0.000000000000e+00  -1.337029814720e+00 
  2.706745564938e-01  -7.900872333266e-06  -1.360709667206e+00   2.706745564938e-01  -7.900872333266e-06  -1.360709667206e+00   0.000000000000e+00   3.256047070026e-01  -1.337270438671e-01 
  0.000000000000e+00   3.256047070026e-01  -1.337270438671e-01  -1.711671240628e-02   3.214599490166e-01  -1.370713561773e-01  -1.648545823991e-02   3.010559976101e-01  -1.050375625491e-01 
  0.000000000000e+00  -5.052008852363e-02  -1.000000014901e-01   0.000000000000e+00  -7.904437929392e-02  -8.861351013184e-01   0.000000000000e+00  -1.154499277472e-01  -1.089609861374e+00 
  0.000000000000e+00  -5.439296737313e-02  -1.394561648369e+00   0.000000000000e+00  -3.017657622695e-02  -1.371187567711e+00   0.000000000000e+00  -3.017657622695e-02  -1.371187567711e+00 
  0.000000000000e+00   2.994599640369e-01  -3.481102883816e-01   0.000000000000e+00   2.994599640369e-01  -3.481102883816e-01  -4.483622685075e-02   2.995198369026e-01  -3.089380562305e-01 
 -3.783821687102e-02   2.906477451324e-01  -2.797081172466e-01  -1.717586629093e-02  -3.996146842837e-02  -5.052445530891e-01   8.879923820496e-02  -3.901404142380e-02  -9.049436450005e-01 
  8.879923820496e-02  -8.738377690315e-02  -1.175186991692e+00   2.753682620823e-02  -4.698012769222e-02  -1.208156466484e+00  -9.518387168646e-02  -2.253550291061e-02  -7.152307033539e-01 
 -9.518387168646e-02  -2.253550291061e-02  -7.152307033539e-01   0.000000000000e+00   2.997109293938e-01  -3.210053443909e-01   0.000000000000e+00   2.997109293938e-01  -3.210053443909e-01 
  1.044375542551e-02   2.984266877174e-01  -3.166153728962e-01   0.000000000000e+00   0.000000000000e+00  -1.678311526775e-01   0.000000000000e+00  -1.987867243588e-02  -1.494753360748e-01 
  6.034257635474e-02  -2.210069634020e-02  -9.062268733978e-01   5.142186582088e-02   0.000000000000e+00  -1.041774272919e+00  -6.524181365967e-02   0.000000000000e+00  -3.386324644089e-01 
 -3.038499951363e-01   0.000000000000e+00  -5.772649049759e-01  -3.038499951363e-01   0.000000000000e+00  -5.772649049759e-01   0.000000000000e+00   2.407388836145e-01  -1.871417164803e-01 
  0.000000000000e+00   2.407388836145e-01  -1.871417164803e-01   4.931314289570e-02   2.326259315014e-01  -2.074519246817e-01   1.056058049202e+00   0.000000000000e+00   1.507120579481e-02 
  1.056058049202e+00   0.000000000000e+00   3.319211304188e-02   0.000000000000e+00  -2.823748160154e-03  -1.093382388353e-01   2.056365599856e-03  -1.102924929000e-03  -1.321418434381e-01 
  0.000000000000e+00  -2.299285726622e-03  -1.000000014901e-01  -3.066860437393e-01  -4.598571453243e-03  -5.457229614258e-01  -3.066860437393e-01  -4.598571453243e-03  -5.457229614258e-01 
  0.000000000000e+00   0.000000000000e+00  -3.160971999168e-01   0.000000000000e+00   0.000000000000e+00  -3.160971999168e-01   8.989087305963e-03   0.000000000000e+00  -3.087935149670e-01 
  1.098751544952e+00   0.000000000000e+00   9.231500327587e-02   1.013364553452e+00   0.000000000000e+00   4.962152242661e-02   0.000000000000e+00   0.000000000000e+00  -1.000000014901e-01 
  0.000000000000e+00  -1.349783968180e-03  -1.112659648061e-01  -5.987664312124e-02  -2.299285726622e-03  -1.000000014901e-01  -1.519249975681e-01  -4.598571453243e-03  -1.000000014901e-01 
 -1.519249975681e-01  -4.598571453243e-03  -1.000000014901e-01   0.000000000000e+00   0.000000000000e+00  -3.160971999168e-01   0.000000000000e+00   0.000000000000e+00  -3.160971999168e-01 
  8.989087305963e-03   0.000000000000e+00  -3.087935149670e-01   1.098751544952e+00   0.000000000000e+00   9.231500327587e-02   1.013364553452e+00   0.000000000000e+00   4.962152242661e-02 
  0.000000000000e+00   0.000000000000e+00  -1.000000014901e-01   0.000000000000e+00  -1.349783968180e-03  -1.112659648061e-01  -5.987664312124e-02  -2.299285726622e-03  -1.000000014901e-01 
 -1.519249975681e-01  -4.598571453243e-03  -1.000000014901e-01  -1.519249975681e-01  -4.598571453243e-03  -1.000000014901e-01   0.000000000000e+00   1.044335737824e-01  -1.549725383520e-01 
  0.000000000000e+00   1.044335737824e-01  -1.549725383520e-01   1.752035170794e-01   5.029744654894e-02  -6.299594044685e-02   0.000000000000e+00   2.878043800592e-02  -1.000000014901e-01 
  0.000000000000e+00   0.000000000000e+00  -1.000000014901e-01   0.000000000000e+00  -3.123198077083e-02  -1.000000014901e-01   3.579643666744e-01  -3.040020912886e-02  -4.042745232582e-01 
  3.563008308411e-01   0.000000000000e+00  -4.051063060760e-01   0.000000000000e+00   0.000000000000e+00  -1.000000014901e-01   0.000000000000e+00   0.000000000000e+00  -1.000000014901e-01 
  0.000000000000e+00   1.044335737824e-01  -1.549725383520e-01   0.000000000000e+00   1.044335737824e-01  -1.549725383520e-01   1.752035170794e-01   5.029744654894e-02  -6.299594044685e-02 
  0.000000000000e+00   2.878043800592e-02  -1.000000014901e-01   0.000000000000e+00   0.000000000000e+00  -1.000000014901e-01   0.000000000000e+00  -3.123198077083e-02  -1.000000014901e-01 
  3.579643666744e-01  -3.040020912886e-02  -4.042745232582e-01   3.563008308411e-01   0.000000000000e+00  -4.051063060760e-01   0.000000000000e+00   0.000000000000e+00  -1.000000014901e-01 
  0.000000000000e+00   0.000000000000e+00  -1.000000014901e-01   0.000000000000e+00   4.074249789119e-02  -2.521839737892e-01   0.000000000000e+00   4.074249789119e-02  -2.521839737892e-01 
 -2.138453722000e-02   3.167300671339e-02  -2.933570742607e-01  -1.357588730752e-02   2.122164890170e-02  -4.549861550331e-01  -6.268640514463e-03   0.000000000000e+00  -1.236729249358e-01 
  0.000000000000e+00  -3.123198077083e-02  -9.907526522875e-02   0.000000000000e+00  -3.206375613809e-02  -1.000000014901e-01   0.000000000000e+00   0.000000000000e+00  -2.502177059650e-01 
  0.000000000000e+00   0.000000000000e+00  -1.864100098610e-01   0.000000000000e+00   0.000000000000e+00  -1.864100098610e-01   0.000000000000e+00   1.210704073310e-02  -6.394281983376e-01 
  0.000000000000e+00   1.210704073310e-02  -6.394281983376e-01  -6.853813678026e-02   6.121701002121e-02  -6.570802927017e-01   0.000000000000e+00   7.399381697178e-02  -1.000000014901e-01 
  2.186523051932e-03  -1.616612635553e-02  -3.993796110153e-01   1.205860301852e-01  -1.742196455598e-02  -5.007491707802e-01   2.179419547319e-01   0.000000000000e+00  -1.000000014901e-01 
  1.510175019503e-01   0.000000000000e+00  -3.656115233898e-01   9.914249926805e-02   0.000000000000e+00  -6.043086051941e-01   9.914249926805e-02   0.000000000000e+00  -6.043086051941e-01 
  0.000000000000e+00   2.544465065002e-01  -3.080398142338e-01   0.000000000000e+00   2.544465065002e-01  -3.080398142338e-01  -2.482542395592e-01   2.545152902603e-01  -3.079459667206e-01 
 -2.479777634144e-01   2.548930943012e-01  -3.021292388439e-01   0.000000000000e+00  -5.244619399309e-02  -1.000000014901e-01   0.000000000000e+00  -5.936939641833e-02  -1.000000014901e-01 
  0.000000000000e+00   0.000000000000e+00  -1.000000014901e-01   3.307731589302e-03  -2.604461088777e-02  -1.000000014901e-01   3.579315729439e-03  -2.693828009069e-02  -7.016772627831e-01 
  3.579315729439e-03  -2.693828009069e-02  -7.016772627831e-01   0.000000000000e+00   2.721729874611e-01  -1.254959106445e-01   0.000000000000e+00   2.721729874611e-01  -1.254959106445e-01 
 -1.954475790262e-02   2.721807360649e-01   2.601578272879e-02   0.000000000000e+00   2.725113630295e-01   1.227375864983e-02  -3.045103279874e-03  -4.434367641807e-02  -3.975296914577e-01 
  5.534315854311e-02  -4.653288796544e-02  -5.607020854950e-01   5.378526449203e-02   0.000000000000e+00  -1.000000014901e-01   2.760929614305e-02  -2.783281728625e-02  -5.825901031494e-01 
 -9.630099684000e-02  -2.398695424199e-02  -4.241959154606e-01  -9.630099684000e-02  -2.398695424199e-02  -4.241959154606e-01   0.000000000000e+00   3.680579364300e-01   7.053565979004e-02 
  0.000000000000e+00   3.680579364300e-01   7.053565979004e-02   7.072515785694e-02   3.295716345310e-01  -3.705871850252e-02   1.974436193705e-01   2.585679888725e-01  -4.614529386163e-02 
  3.761095106602e-01   1.579948812723e-01  -2.336460910738e-02   2.452513277531e-01  -2.656462788582e-02  -7.947999835014e-01   6.164720281959e-02  -1.899387134472e-04  -5.286138057709e-01 
 -7.262639701366e-02  -7.287069365702e-06  -1.982502341270e-01  -1.809419691563e-01   0.000000000000e+00  -1.000000014901e-01  -1.809419691563e-01   0.000000000000e+00  -1.000000014901e-01 
  0.000000000000e+00   2.155572772026e-01  -1.683024913073e-01   0.000000000000e+00   2.155572772026e-01  -1.683024913073e-01   2.223830372095e-01   1.690296679735e-01   1.128676161170e-01 
  5.384122133255e-01   6.344373524189e-02   2.833645604551e-02   8.627293705940e-01   2.504661306739e-02   3.691953048110e-02   3.763130605221e-01   9.665214456618e-03  -4.004733264446e-02 
  9.875290095806e-02  -1.190702547319e-03  -1.238772794604e-01   0.000000000000e+00  -1.394622842781e-03  -1.000000014901e-01   0.000000000000e+00   0.000000000000e+00  -1.000000014901e-01 
  0.000000000000e+00   0.000000000000e+00  -1.000000014901e-01   0.000000000000e+00   0.000000000000e+00  -8.250810950994e-02   0.000000000000e+00   0.000000000000e+00  -8.250810950994e-02 
  6.986520439386e-02   4.874975606799e-02  -8.642470836639e-02   1.056058049202e+00   3.473069053143e-03   6.928043905646e-03   1.056058049202e+00   1.773960771970e-03   4.962152242661e-02 
  0.000000000000e+00   1.053166924976e-03  -1.000000014901e-01   0.000000000000e+00  -1.351162674837e-03  -1.092883124948e-01  -5.437405779958e-02  -1.394622726366e-03  -1.000000014901e-01 
 -9.047098457813e-02   0.000000000000e+00  -1.000000014901e-01  -9.047098457813e-02   0.000000000000e+00  -1.000000014901e-01   0.000000000000e+00   0.000000000000e+00  -8.250810950994e-02 
  0.000000000000e+00   0.000000000000e+00  -8.250810950994e-02   6.986520439386e-02   4.874975606799e-02  -8.642470836639e-02   1.056058049202e+00   3.473069053143e-03   6.928043905646e-03 
  1.056058049202e+00   1.773960771970e-03   4.962152242661e-02   0.000000000000e+00   1.053166924976e-03  -1.000000014901e-01   0.000000000000e+00  -1.351162674837e-03  -1.092883124948e-01 
 -5.437405779958e-02  -1.394622726366e-03  -1.000000014901e-01  -9.047098457813e-02   0.000000000000e+00  -1.000000014901e-01  -9.047098457813e-02   0.000000000000e+00  -1.000000014901e-01 
  0.000000000000e+00   1.044335737824e-01  -1.549725383520e-01   0.000000000000e+00   1.044335737824e-01  -1.549725383520e-01   1.752035170794e-01   5.029744654894e-02  -6.299594044685e-02 
  0.000000000000e+00   2.878043800592e-02  -1.000000014901e-01   0.000000000000e+00   0.000000000000e+00  -1.000000014901e-01   0.000000000000e+00  -3.123198077083e-02  -1.000000014901e-01 
  3.579643666744e-01  -3.040020912886e-02  -4.042745232582e-01   3.563008308411e-01   0.000000000000e+00  -4.051063060760e-01   0.000000000000e+00   0.000000000000e+00  -1.000000014901e-01 
  0.000000000000e+00   0.000000000000e+00  -1.000000014901e-01   0.000000000000e+00   1.044335737824e-01  -1.549725383520e-01   0.000000000000e+00   1.044335737824e-01  -1.549725383520e-01 
  1.752035170794e-01   5.029744654894e-02  -6.299594044685e-02   0.000000000000e+00   2.878043800592e-02  -1.000000014901e-01   0.000000000000e+00   0.000000000000e+00  -1.000000014901e-01 
  0.000000000000e+00  -3.123198077083e-02  -1.000000014901e-01   3.579643666744e-01  -3.040020912886e-02  -4.042745232582e-01   3.563008308411e-01   0.000000000000e+00  -4.051063060760e-01 
  0.000000000000e+00   0.000000000000e+00  -1.000000014901e-01   0.000000000000e+00   0.000000000000e+00  -1.000000014901e-01   0.000000000000e+00   4.074249789119e-02  -2.521839737892e-01 
  0.000000000000e+00   4.074249789119e-02  -2.521839737892e-01  -2.138453722000e-02   3.167300671339e-02  -2.933570742607e-01  -1.357588730752e-02   2.122164890170e-02  -4.549861550331e-01 
 -6.268640514463e-03   0.000000000000e+00  -1.236729249358e-01   0.000000000000e+00  -3.123198077083e-02  -9.907526522875e-02   0.000000000000e+00  -3.206375613809e-02  -1.000000014901e-01 
  0.000000000000e+00   0.000000000000e+00  -2.502177059650e-01   0.000000000000e+00   0.000000000000e+00  -1.864100098610e-01   0.000000000000e+00   0.000000000000e+00  -1.864100098610e-01 
  0.000000000000e+00   1.210704073310e-02  -6.394281983376e-01   0.000000000000e+00   1.210704073310e-02  -6.394281983376e-01  -6.853813678026e-02   6.121701002121e-02  -6.570802927017e-01 
  0.000000000000e+00   7.399381697178e-02  -1.000000014901e-01   2.186523051932e-03  -1.616612635553e-02  -3.993796110153e-01   1.205860301852e-01  -1.742196455598e-02  -5.007491707802e-01 
  2.179419547319e-01   0.000000000000e+00  -1.000000014901e-01   1.510175019503e-01   0.000000000000e+00  -3.656115233898e-01   9.914249926805e-02   0.000000000000e+00  -6.043086051941e-01 
  9.914249926805e-02   0.000000000000e+00  -6.043086051941e-01   0.000000000000e+00   2.544465065002e-01  -3.080398142338e-01   0.000000000000e+00   2.544465065002e-01  -3.080398142338e-01 
 -2.482542395592e-01   2.545152902603e-01  -3.079459667206e-01  -2.479777634144e-01   2.548930943012e-01  -3.021292388439e-01   0.000000000000e+00  -5.244619399309e-02  -1.000000014901e-01 
  0.000000000000e+00  -5.936939641833e-02  -1.000000014901e-01   0.000000000000e+00   0.000000000000e+00  -1.000000014901e-01   3.307731589302e-03  -2.604461088777e-02  -1.000000014901e-01 
  3.579315729439e-03  -2.693828009069e-02  -7.016772627831e-01   3.579315729439e-03  -2.693828009069e-02  -7.016772627831e-01   0.000000000000e+00   2.721729874611e-01  -1.254959106445e-01 
  0.000000000000e+00   2.721729874611e-01  -1.254959106445e-01  -1.954475790262e-02   2.721807360649e-01   2.601578272879e-02   0.000000000000e+00   2.725113630295e-01   1.227375864983e-02 
 -3.045103279874e-03  -4.434367641807e-02  -3.975296914577e-01   5.534315854311e-02  -4.653288796544e-02  -5.607020854950e-01   5.378526449203e-02   0.000000000000e+00  -1.000000014901e-01 
  2.760929614305e-02  -2.783281728625e-02  -5.825901031494e-01  -9.630099684000e-02  -2.398695424199e-02  -4.241959154606e-01  -9.630099684000e-02  -2.398695424199e-02  -4.241959154606e-01 
  0.000000000000e+00   3.680579364300e-01   7.053565979004e-02   0.000000000000e+00   3.680579364300e-01   7.053565979004e-02   7.072515785694e-02   3.295716345310e-01  -3.705871850252e-02 
  1.974436193705e-01   2.585679888725e-01  -4.614529386163e-02   3.761095106602e-01   1.579948812723e-01  -2.336460910738e-02   2.452513277531e-01  -2.656462788582e-02  -7.947999835014e-01 
  6.164720281959e-02  -1.899387134472e-04  -5.286138057709e-01  -7.262639701366e-02  -7.287069365702e-06  -1.982502341270e-01  -1.809419691563e-01   0.000000000000e+00  -1.000000014901e-01 
 -1.809419691563e-01   0.000000000000e+00  -1.000000014901e-01   0.000000000000e+00   2.155572772026e-01  -1.683024913073e-01   0.000000000000e+00   2.155572772026e-01  -1.683024913073e-01 
  2.223830372095e-01   1.690296679735e-01   1.128676161170e-01   5.384122133255e-01   6.344373524189e-02   2.833645604551e-02   8.627293705940e-01   2.504661306739e-02   3.691953048110e-02 
  3.763130605221e-01   9.665214456618e-03  -4.004733264446e-02   9.875290095806e-02  -1.190702547319e-03  -1.238772794604e-01   0.000000000000e+00  -1.394622842781e-03  -1.000000014901e-01 
  0.000000000000e+00   0.000000000000e+00  -1.000000014901e-01   0.000000000000e+00   0.000000000000e+00  -1.000000014901e-01   0.000000000000e+00   0.000000000000e+00  -8.250810950994e-02 
  0.000000000000e+00   0.000000000000e+00  -8.250810950994e-02   6.986520439386e-02   4.874975606799e-02  -8.642470836639e-02   1.056058049202e+00   3.473069053143e-03   6.928043905646e-03 
  1.056058049202e+00   1.773960771970e-03   4.962152242661e-02   0.000000000000e+00   1.053166924976e-03  -1.000000014901e-01   0.000000000000e+00  -1.351162674837e-03  -1.092883124948e-01 
 -5.437405779958e-02  -1.394622726366e-03  -1.000000014901e-01  -9.047098457813e-02   0.000000000000e+00  -1.000000014901e-01  -9.047098457813e-02   0.000000000000e+00  -1.000000014901e-01 
  0.000000000000e+00   0.000000000000e+00  -8.250810950994e-02   0.000000000000e+00   0.000000000000e+00  -8.250810950994e-02   6.986520439386e-02   4.874975606799e-02  -8.642470836639e-02 
  1.056058049202e+00   3.473069053143e-03   6.928043905646e-03   1.056058049202e+00   1.773960771970e-03   4.962152242661e-02   0.000000000000e+00   1.053166924976e-03  -1.000000014901e-01 
  0.000000000000e+00  -1.351162674837e-03  -1.092883124948e-01  -5.437405779958e-02  -1.394622726366e-03  -1.000000014901e-01  -9.047098457813e-02   0.000000000000e+00  -1.000000014901e-01 
 -9.047098457813e-02   0.000000000000e+00  -1.000000014901e-01 

