# vtk DataFile Version 2.0
Written using VisIt writer
ASCII
DATASET RECTILINEAR_GRID
DIMENSIONS 10 10 10
X_COORDINATES 10 float
  0.000000000000e+00   5.000000000000e-01   1.000000000000e+00   1.500000000000e+00   2.000000000000e+00   2.500000000000e+00   3.000000000000e+00   3.500000000000e+00   4.000000000000e+00 
  4.500000000000e+00 
Y_COORDINATES 10 float
  0.000000000000e+00   5.000000000000e-01   1.000000000000e+00   1.500000000000e+00   2.000000000000e+00   2.500000000000e+00   3.000000000000e+00   3.500000000000e+00   4.000000000000e+00 
  4.500000000000e+00 
Z_COORDINATES 10 float
  0.000000000000e+00   5.000000000000e-01   1.000000000000e+00   1.500000000000e+00   2.000000000000e+00   2.500000000000e+00   3.000000000000e+00   3.500000000000e+00   4.000000000000e+00 
  4.500000000000e+00 
CELL_DATA 729
POINT_DATA 1000
VECTORS velocity float
  0.000000000000e+00  -9.654495120049e-02  -1.964605599642e-01   3.251200000000e+04   0.000000000000e+00   0.000000000000e+00   0.000000000000e+00   0.000000000000e+00   0.000000000000e+00 
  1.710971891880e-01  -4.658878967166e-02  -1.386163532734e-01   0.000000000000e+00   0.000000000000e+00   0.000000000000e+00   0.000000000000e+00   1.431655808000e+09   1.070945600000e+09 
  1.568386107683e-01  -7.459087669849e-02  -1.566535681486e-01   1.071994176000e+09   0.000000000000e+00   0.000000000000e+00   0.000000000000e+00   0.000000000000e+00   0.000000000000e+00 
  1.400622427464e-01  -9.938694536686e-02  -1.855802237988e-01   0.000000000000e+00  -9.654495120049e-02  -1.964605599642e-01   1.070945600000e+09   0.000000000000e+00   0.000000000000e+00 
  5.568284168839e-02  -9.082799404860e-02  -1.819254755974e-01   1.710971891880e-01  -4.658878967166e-02  -1.386163532734e-01   1.431655808000e+09   1.070945600000e+09   0.000000000000e+00 
  1.561411321163e-01  -3.992715105414e-02  -1.278421729803e-01   1.568386107683e-01  -7.459087669849e-02  -1.566535681486e-01   0.000000000000e+00   0.000000000000e+00   1.071644672000e+09 
  1.400622427464e-01  -9.938694536686e-02  -1.855802237988e-01   1.400622427464e-01  -9.938694536686e-02  -1.855802237988e-01   0.000000000000e+00  -4.194092471153e-03  -1.562037914991e-01 
  0.000000000000e+00  -4.194092471153e-03  -1.562037914991e-01  -2.930851466954e-02  -1.851452738047e-01  -1.719275712967e-01   6.034131720662e-02  -2.742937207222e-01  -1.663296669722e-01 
  8.198450505733e-02  -1.990417540073e-01  -1.761205494404e-01   1.152130886912e-01  -1.022848486900e-01  -1.381598860025e-01   9.006965905428e-02  -1.879887282848e-02  -1.379827111959e-01 
  1.058975905180e-01   6.324142962694e-02  -1.341070234776e-01   1.339224725962e-01  -7.196321152151e-03  -1.476416736841e-01   1.339224725962e-01  -7.196321152151e-03  -1.476416736841e-01 
  0.000000000000e+00   4.102363437414e-02  -1.433770507574e-01   0.000000000000e+00   4.102363437414e-02  -1.433770507574e-01   8.110208064318e-02   2.453198656440e-02  -1.348742842674e-01 
 -8.033990859985e-03   6.512917578220e-02  -1.270811557770e-01   5.585189163685e-02   6.775905191898e-02  -1.341830343008e-01   1.658576875925e-01  -6.580606102943e-02  -1.410758048296e-01 
  9.542357176542e-02  -3.762864693999e-02  -1.802804768085e-01   1.788867413998e-01   4.077961295843e-02  -1.379254162312e-01   1.847908347845e-01  -2.889235690236e-02  -1.355581432581e-01 
  1.847908347845e-01  -2.889235690236e-02  -1.355581432581e-01   0.000000000000e+00   1.229751389474e-02  -1.786212176085e-01   0.000000000000e+00   1.229751389474e-02  -1.786212176085e-01 
 -1.178159192204e-02  -2.277920255437e-03  -1.936513781548e-01   4.325263947248e-02   3.711899742484e-02  -1.403575837612e-01   8.419636636972e-02  -1.696733012795e-02  -1.414188742638e-01 
  1.184630841017e-01  -2.612658543512e-03  -1.293274164200e-01   1.067631840706e-01  -1.212873216718e-02  -1.486934423447e-01   1.516930162907e-01  -2.176210284233e-02  -1.537947058678e-01 
  1.184703111649e-01  -5.522613972425e-02  -1.821111142635e-01   1.184703111649e-01  -5.522613972425e-02  -1.821111142635e-01   0.000000000000e+00  -8.828642219305e-02  -1.693508774042e-01 
  0.000000000000e+00  -8.828642219305e-02  -1.693508774042e-01   6.063042208552e-02  -4.432393237948e-02  -1.699999272823e-01   5.904604494572e-02  -1.016071885824e-01  -1.683850586414e-01 
  1.878875494003e-02  -1.859349757433e-01  -1.993657648563e-01   1.461772769690e-01  -9.767700731754e-02  -1.414728313684e-01   1.000713184476e-01  -2.875658869743e-02  -1.367267668247e-01 
  1.138873249292e-01   1.083493325859e-02  -1.314594745636e-01   2.111209034920e-01   1.295613795519e-01  -1.394543349743e-01   2.111209034920e-01   1.295613795519e-01  -1.394543349743e-01 
  0.000000000000e+00  -9.637811779976e-02  -1.825137883425e-01   0.000000000000e+00  -9.637811779976e-02  -1.825137883425e-01   8.659373968840e-02  -6.443367898464e-02  -1.704310476780e-01 
  4.631707817316e-02  -1.678990386426e-02  -1.603235155344e-01   6.226088851690e-03   3.061359189451e-02  -1.689967513084e-01   1.551849693060e-01  -1.024546027184e-01  -1.584475785494e-01 
  6.458383053541e-02  -1.061152592301e-01  -1.817760467529e-01   1.323456913233e-01  -7.431662827730e-02  -1.400524824858e-01   2.089157700539e-01  -1.049186196178e-02  -1.381678730249e-01 
  2.089157700539e-01  -1.049186196178e-02  -1.381678730249e-01   0.000000000000e+00  -1.671944856644e-01  -2.366169393063e-01   0.000000000000e+00  -1.671944856644e-01  -2.366169393063e-01 
 -5.449230223894e-02  -1.103711500764e-01  -2.385184317827e-01   1.055823937058e-01  -3.111986070871e-02  -1.830894500017e-01   3.533127903938e-02   1.384452264756e-02  -1.696237027645e-01 
  1.896444261074e-01   2.282441779971e-02  -1.310695707798e-01   1.042446941137e-01  -1.032925304025e-02  -1.471308916807e-01   1.359579712152e-01  -1.344734430313e-01  -1.600090265274e-01 
  2.081226557493e-01  -1.578197628260e-01  -1.964030563831e-01   2.081226557493e-01  -1.578197628260e-01  -1.964030563831e-01   0.000000000000e+00   0.000000000000e+00  -1.814587265253e-01 
  0.000000000000e+00   0.000000000000e+00  -1.814587265253e-01  -7.165829092264e-02   0.000000000000e+00  -1.991807520390e-01   7.941430062056e-02   0.000000000000e+00  -1.682398468256e-01 
  4.016431793571e-02   0.000000000000e+00  -2.074002623558e-01   2.265265285969e-01   0.000000000000e+00  -1.311651468277e-01   2.073266506195e-01   0.000000000000e+00  -1.197535768151e-01 
  1.564940810204e-01   0.000000000000e+00  -1.212421655655e-01   2.955248355865e-01   0.000000000000e+00  -1.255301684141e-01   2.955248355865e-01   0.000000000000e+00  -1.255301684141e-01 
  0.000000000000e+00   0.000000000000e+00  -1.814587265253e-01   0.000000000000e+00   0.000000000000e+00  -1.814587265253e-01  -7.165829092264e-02   0.000000000000e+00  -1.991807520390e-01 
  7.941430062056e-02   0.000000000000e+00  -1.682398468256e-01   4.016431793571e-02   0.000000000000e+00  -2.074002623558e-01   2.265265285969e-01   0.000000000000e+00  -1.311651468277e-01 
  2.073266506195e-01   0.000000000000e+00  -1.197535768151e-01   1.564940810204e-01   0.000000000000e+00  -1.212421655655e-01   2.955248355865e-01   0.000000000000e+00  -1.255301684141e-01 
  2.955248355865e-01   0.000000000000e+00  -1.255301684141e-01   0.000000000000e+00  -9.654495120049e-02  -1.964605599642e-01   0.000000000000e+00  -9.654495120049e-02  -1.964605599642e-01 
  5.568284168839e-02  -9.082799404860e-02  -1.819254755974e-01   1.710971891880e-01  -4.658878967166e-02  -1.386163532734e-01   1.061173006892e-01  -4.090635851026e-02  -1.336438208818e-01 
  1.561411321163e-01  -3.992715105414e-02  -1.278421729803e-01   1.568386107683e-01  -7.459087669849e-02  -1.566535681486e-01   1.299705952406e-01  -7.382035255432e-02  -1.690471917391e-01 
  1.400622427464e-01  -9.938694536686e-02  -1.855802237988e-01   1.400622427464e-01  -9.938694536686e-02  -1.855802237988e-01   0.000000000000e+00  -9.654495120049e-02  -1.964605599642e-01 
  0.000000000000e+00  -9.654495120049e-02  -1.964605599642e-01   5.568284168839e-02  -9.082799404860e-02  -1.819254755974e-01   1.710971891880e-01  -4.658878967166e-02  -1.386163532734e-01 
  1.061173006892e-01  -4.090635851026e-02  -1.336438208818e-01   1.561411321163e-01  -3.992715105414e-02  -1.278421729803e-01   1.568386107683e-01  -7.459087669849e-02  -1.566535681486e-01 
  1.299705952406e-01  -7.382035255432e-02  -1.690471917391e-01   1.400622427464e-01  -9.938694536686e-02  -1.855802237988e-01   1.400622427464e-01  -9.938694536686e-02  -1.855802237988e-01 
  0.000000000000e+00  -4.194092471153e-03  -1.562037914991e-01   0.000000000000e+00  -4.194092471153e-03  -1.562037914991e-01  -2.930851466954e-02  -1.851452738047e-01  -1.719275712967e-01 
  6.034131720662e-02  -2.742937207222e-01  -1.663296669722e-01   8.198450505733e-02  -1.990417540073e-01  -1.761205494404e-01   1.152130886912e-01  -1.022848486900e-01  -1.381598860025e-01 
  9.006965905428e-02  -1.879887282848e-02  -1.379827111959e-01   1.058975905180e-01   6.324142962694e-02  -1.341070234776e-01   1.339224725962e-01  -7.196321152151e-03  -1.476416736841e-01 
  1.339224725962e-01  -7.196321152151e-03  -1.476416736841e-01   0.000000000000e+00   4.102363437414e-02  -1.433770507574e-01   0.000000000000e+00   4.102363437414e-02  -1.433770507574e-01 
  8.110208064318e-02   2.453198656440e-02  -1.348742842674e-01  -8.033990859985e-03   6.512917578220e-02  -1.270811557770e-01   5.585189163685e-02   6.775905191898e-02  -1.341830343008e-01 
  1.658576875925e-01  -6.580606102943e-02  -1.410758048296e-01   9.542357176542e-02  -3.762864693999e-02  -1.802804768085e-01   1.788867413998e-01   4.077961295843e-02  -1.379254162312e-01 
  1.847908347845e-01  -2.889235690236e-02  -1.355581432581e-01   1.847908347845e-01  -2.889235690236e-02  -1.355581432581e-01   0.000000000000e+00   1.229751389474e-02  -1.786212176085e-01 
  0.000000000000e+00   1.229751389474e-02  -1.786212176085e-01  -1.178159192204e-02  -2.277920255437e-03  -1.936513781548e-01   4.325263947248e-02   3.711899742484e-02  -1.403575837612e-01 
  8.419636636972e-02  -1.696733012795e-02  -1.414188742638e-01   1.184630841017e-01  -2.612658543512e-03  -1.293274164200e-01   1.067631840706e-01  -1.212873216718e-02  -1.486934423447e-01 
  1.516930162907e-01  -2.176210284233e-02  -1.537947058678e-01   1.184703111649e-01  -5.522613972425e-02  -1.821111142635e-01   1.184703111649e-01  -5.522613972425e-02  -1.821111142635e-01 
  0.000000000000e+00  -8.828642219305e-02  -1.693508774042e-01   0.000000000000e+00  -8.828642219305e-02  -1.693508774042e-01   6.063042208552e-02  -4.432393237948e-02  -1.699999272823e-01 
  5.904604494572e-02  -1.016071885824e-01  -1.683850586414e-01   1.878875494003e-02  -1.859349757433e-01  -1.993657648563e-01   1.461772769690e-01  -9.767700731754e-02  -1.414728313684e-01 
  1.000713184476e-01  -2.875658869743e-02  -1.367267668247e-01   1.138873249292e-01   1.083493325859e-02  -1.314594745636e-01   2.111209034920e-01   1.295613795519e-01  -1.394543349743e-01 
  2.111209034920e-01   1.295613795519e-01  -1.394543349743e-01   0.000000000000e+00  -9.637811779976e-02  -1.825137883425e-01   0.000000000000e+00  -9.637811779976e-02  -1.825137883425e-01 
  8.659373968840e-02  -6.443367898464e-02  -1.704310476780e-01   4.631707817316e-02  -1.678990386426e-02  -1.603235155344e-01   6.226088851690e-03   3.061359189451e-02  -1.689967513084e-01 
  1.551849693060e-01  -1.024546027184e-01  -1.584475785494e-01   6.458383053541e-02  -1.061152592301e-01  -1.817760467529e-01   1.323456913233e-01  -7.431662827730e-02  -1.400524824858e-01 
  2.089157700539e-01  -1.049186196178e-02  -1.381678730249e-01   2.089157700539e-01  -1.049186196178e-02  -1.381678730249e-01   0.000000000000e+00  -1.671944856644e-01  -2.366169393063e-01 
  0.000000000000e+00  -1.671944856644e-01  -2.366169393063e-01  -5.449230223894e-02  -1.103711500764e-01  -2.385184317827e-01   1.055823937058e-01  -3.111986070871e-02  -1.830894500017e-01 
  3.533127903938e-02   1.384452264756e-02  -1.696237027645e-01   1.896444261074e-01   2.282441779971e-02  -1.310695707798e-01   1.042446941137e-01  -1.032925304025e-02  -1.471308916807e-01 
  1.359579712152e-01  -1.344734430313e-01  -1.600090265274e-01   2.081226557493e-01  -1.578197628260e-01  -1.964030563831e-01   2.081226557493e-01  -1.578197628260e-01  -1.964030563831e-01 
  0.000000000000e+00   0.000000000000e+00  -1.814587265253e-01   0.000000000000e+00   0.000000000000e+00  -1.814587265253e-01  -7.165829092264e-02   0.000000000000e+00  -1.991807520390e-01 
  7.941430062056e-02   0.000000000000e+00  -1.682398468256e-01   4.016431793571e-02   0.000000000000e+00  -2.074002623558e-01   2.265265285969e-01   0.000000000000e+00  -1.311651468277e-01 
  2.073266506195e-01   0.000000000000e+00  -1.197535768151e-01   1.564940810204e-01   0.000000000000e+00  -1.212421655655e-01   2.955248355865e-01   0.000000000000e+00  -1.255301684141e-01 
  2.955248355865e-01   0.000000000000e+00  -1.255301684141e-01   0.000000000000e+00   0.000000000000e+00  -1.814587265253e-01   0.000000000000e+00   0.000000000000e+00  -1.814587265253e-01 
 -7.165829092264e-02   0.000000000000e+00  -1.991807520390e-01   7.941430062056e-02   0.000000000000e+00  -1.682398468256e-01   4.016431793571e-02   0.000000000000e+00  -2.074002623558e-01 
  2.265265285969e-01   0.000000000000e+00  -1.311651468277e-01   2.073266506195e-01   0.000000000000e+00  -1.197535768151e-01   1.564940810204e-01   0.000000000000e+00  -1.212421655655e-01 
  2.955248355865e-01   0.000000000000e+00  -1.255301684141e-01   2.955248355865e-01   0.000000000000e+00  -1.255301684141e-01   0.000000000000e+00  -1.122568249702e-01  -3.776613175869e-01 
  0.000000000000e+00  -1.122568249702e-01  -3.776613175869e-01   4.262630641460e-01  -1.315622776747e-01  -8.935986459255e-02   9.718983173370e-01  -7.447143644094e-02  -5.436666607857e-01 
  2.987212240696e-01  -7.071004062891e-02  -5.723631381989e-01   1.786022484303e-01  -5.168009549379e-02  -3.814765512943e-01   1.550439149141e-01  -2.757049351931e-02  -4.334642738104e-02 
  1.299740970135e-01   9.718161076307e-03  -9.988534450531e-01   1.400622427464e-01  -2.841992676258e-02  -9.826294779778e-01   1.400622427464e-01  -2.841992676258e-02  -9.826294779778e-01 
  0.000000000000e+00  -1.122568249702e-01  -3.776613175869e-01   0.000000000000e+00  -1.122568249702e-01  -3.776613175869e-01   4.262630641460e-01  -1.315622776747e-01  -8.935986459255e-02 
  9.718983173370e-01  -7.447143644094e-02  -5.436666607857e-01   2.987212240696e-01  -7.071004062891e-02  -5.723631381989e-01   1.786022484303e-01  -5.168009549379e-02  -3.814765512943e-01 
  1.550439149141e-01  -2.757049351931e-02  -4.334642738104e-02   1.299740970135e-01   9.718161076307e-03  -9.988534450531e-01   1.400622427464e-01  -2.841992676258e-02  -9.826294779778e-01 
  1.400622427464e-01  -2.841992676258e-02  -9.826294779778e-01   0.000000000000e+00   8.932811766863e-02  -5.633060932159e-01   0.000000000000e+00   8.932811766863e-02  -5.633060932159e-01 
  2.079733461142e-01   1.427425146103e-01  -2.355061024427e-01   1.611550897360e-01  -1.059138625860e-01  -5.689122080803e-01   3.157591223717e-01  -1.696845740080e-01  -2.301900237799e-01 
  2.839318513870e-01  -1.087966412306e-01  -1.934922784567e-01   8.889213949442e-02  -2.137931622565e-02  -6.201728805900e-02   1.332603842020e-01   6.315512955189e-02  -1.053125858307e+00 
  1.343939304352e-01  -7.196242921054e-03  -1.035039067268e+00   1.343939304352e-01  -7.196242921054e-03  -1.035039067268e+00   0.000000000000e+00   1.351574361324e-01  -5.252522826195e-01 
  0.000000000000e+00   1.351574361324e-01  -5.252522826195e-01   1.070086658001e-01   4.207953065634e-02  -5.391153693199e-01   1.849584095180e-02   1.364053599536e-02  -7.195205688477e-01 
  7.443843483925e-01  -7.043996453285e-02  -6.210418939590e-01   5.632759928703e-01  -6.250351667404e-02  -4.652087390423e-01   0.000000000000e+00  -4.037113115191e-02  -1.971952617168e-02 
  1.815922617912e+00   1.480361372232e-01  -1.071335792542e+00   1.819299697876e+00  -2.887313626707e-02  -1.072859168053e+00   1.819299697876e+00  -2.887313626707e-02  -1.072859168053e+00 
  0.000000000000e+00  -3.100024908781e-02  -7.982782125473e-01   0.000000000000e+00  -3.100024908781e-02  -7.982782125473e-01   1.157724186778e-01  -3.070744313300e-02  -6.321510672569e-01 
  2.503970861435e-01  -1.909941551276e-03  -7.665197253227e-01   3.969117403030e-01  -7.815907150507e-02  -7.884857654572e-01   4.038121402264e-01  -3.507168963552e-02  -6.637780070305e-01 
  1.161437705159e-01  -1.597731187940e-02  -5.130655318499e-02   3.075863599777e+00   4.449102282524e-02  -4.620528966188e-02   3.181672096252e+00  -5.521665140986e-02  -1.788887940347e-02 
  3.181672096252e+00  -5.521665140986e-02  -1.788887940347e-02   0.000000000000e+00   1.440975517035e-01  -7.266936302185e-01   0.000000000000e+00   1.440975517035e-01  -7.266936302185e-01 
  1.511476933956e-01  -8.187831193209e-02  -7.069265842438e-01   3.812624514103e-01   8.038228005171e-02  -3.161493688822e-02   1.343026310205e-01   8.382871001959e-02  -2.866944074631e-01 
  3.004168868065e-01  -1.129852328449e-02  -3.706169426441e-01   1.474113911390e-01  -2.733640931547e-02  -6.327322870493e-02   1.149928942323e-01   5.156145244837e-02  -6.854052096605e-02 
  2.110669463873e-01   1.295277029276e-01  -6.054566055536e-02   2.110669463873e-01   1.295277029276e-01  -6.054566055536e-02   0.000000000000e+00  -1.899410970509e-02  -1.140256643295e+00 
  0.000000000000e+00  -1.899410970509e-02  -1.140256643295e+00   1.579166352749e-01  -9.924630075693e-02  -1.013055920601e+00   3.954306542873e-01   4.775487184525e-01  -1.104553222656e+00 
 -2.862837351859e-02   3.039980232716e-01  -2.363136559725e-01   8.945421874523e-02   1.007717177272e-01  -6.013849973679e-01   7.046050578356e-02  -6.239489465952e-02  -7.268943786621e-01 
  1.303048133850e-01  -7.392984628677e-02  -5.994752049446e-02   2.088716477156e-01  -1.052746549249e-02  -6.183211877942e-02   2.088716477156e-01  -1.052746549249e-02  -6.183211877942e-02 
  0.000000000000e+00  -9.181562066078e-02  -9.253621697426e-01   0.000000000000e+00  -9.181562066078e-02  -9.253621697426e-01   2.541152834892e-01   9.315809607506e-02  -9.485411047935e-01 
  4.808373749256e-01   9.733631461859e-02  -1.286852121353e+00  -2.865080237389e-01   4.323825612664e-02  -1.060627460480e+00   5.707781910896e-01   3.303133696318e-02  -6.863983273506e-01 
  2.144828587770e-01  -1.166081870906e-03  -7.608367800713e-01   1.385475993156e-01  -1.301485002041e-01  -3.999096900225e-02   2.080835998058e-01  -1.578042358160e-01  -9.817311763763e-01 
  2.080835998058e-01  -1.578042358160e-01  -9.817311763763e-01   0.000000000000e+00   0.000000000000e+00  -9.298194050789e-01   0.000000000000e+00   0.000000000000e+00  -9.298194050789e-01 
  1.465378254652e-01   0.000000000000e+00  -7.759520411491e-01   3.249612748623e-01   0.000000000000e+00  -1.019232034683e+00   5.670136585832e-02   0.000000000000e+00  -1.079618692398e+00 
  3.721108734608e-01   0.000000000000e+00  -9.307833313942e-01   2.462638467550e-01   0.000000000000e+00  -8.024641871452e-02   1.594545394182e-01   0.000000000000e+00  -7.875783741474e-02 
  2.954484522343e-01   0.000000000000e+00  -1.202983260155e+00   2.954484522343e-01   0.000000000000e+00  -1.202983260155e+00   0.000000000000e+00   0.000000000000e+00  -9.298194050789e-01 
  0.000000000000e+00   0.000000000000e+00  -9.298194050789e-01   1.465378254652e-01   0.000000000000e+00  -7.759520411491e-01   3.249612748623e-01   0.000000000000e+00  -1.019232034683e+00 
  5.670136585832e-02   0.000000000000e+00  -1.079618692398e+00   3.721108734608e-01   0.000000000000e+00  -9.307833313942e-01   2.462638467550e-01   0.000000000000e+00  -8.024641871452e-02 
  1.594545394182e-01   0.000000000000e+00  -7.875783741474e-02   2.954484522343e-01   0.000000000000e+00  -1.202983260155e+00   2.954484522343e-01   0.000000000000e+00  -1.202983260155e+00 
  0.000000000000e+00   5.922874808311e-02  -3.090447485447e-01   0.000000000000e+00   5.922874808311e-02  -3.090447485447e-01   1.553944498301e-01   5.812944844365e-02  -3.444762527943e-01 
  5.160737633705e-01   8.255081623793e-02   1.599630117416e-01   5.392317175865e-01  -1.955388188362e-01  -3.265165388584e-01   8.277803659439e-01  -1.508305221796e-01  -1.000000014901e-01 
  8.302539587021e-01  -1.396358162165e-01  -6.343939900398e-02   1.003747463226e+00   1.014598063193e-03  -1.420674800873e+00   6.919468641281e-01  -1.666784100235e-02  -1.118598461151e+00 
  6.919468641281e-01  -1.666784100235e-02  -1.118598461151e+00   0.000000000000e+00   5.922874808311e-02  -3.090447485447e-01   0.000000000000e+00   5.922874808311e-02  -3.090447485447e-01 
  1.553944498301e-01   5.812944844365e-02  -3.444762527943e-01   5.160737633705e-01   8.255081623793e-02   1.599630117416e-01   5.392317175865e-01  -1.955388188362e-01  -3.265165388584e-01 
  8.277803659439e-01  -1.508305221796e-01  -1.000000014901e-01   8.302539587021e-01  -1.396358162165e-01  -6.343939900398e-02   1.003747463226e+00   1.014598063193e-03  -1.420674800873e+00 
  6.919468641281e-01  -1.666784100235e-02  -1.118598461151e+00   6.919468641281e-01  -1.666784100235e-02  -1.118598461151e+00   0.000000000000e+00   1.273341476917e-01  -5.992494225502e-01 
  0.000000000000e+00   1.273341476917e-01  -5.992494225502e-01   1.232614088804e-02   1.958164125681e-01  -4.933189749718e-01   1.217987760901e-01   1.496713608503e-01  -4.125077724457e-01 
  1.090245008469e+00  -3.739943504333e-01  -1.000000014901e-01   9.791553020477e-01  -1.493152678013e-01  -2.201610058546e-01   4.900625348091e-02  -4.771919548512e-02  -6.150289177895e-01 
  1.567953109741e+00   0.000000000000e+00  -2.274969100952e+00   1.559145689011e+00   1.578973978758e-02  -1.666284441948e+00   1.559145689011e+00   1.578973978758e-02  -1.666284441948e+00 
  0.000000000000e+00   2.328717410564e-01  -5.726342201233e-01   0.000000000000e+00   2.328717410564e-01  -5.726342201233e-01   2.688245102763e-02  -7.056072354317e-02  -7.645542621613e-01 
  8.841119706631e-02  -5.727990269661e-01  -6.215299963951e-01   1.359993100166e+00  -7.745542526245e-01  -5.265214443207e-01   1.282272577286e+00  -5.262320637703e-01  -3.795783221722e-01 
  0.000000000000e+00   8.099861443043e-02  -1.000000014901e-01   2.100693702698e+00   1.548530757427e-01  -2.279814243317e+00   2.074208974838e+00   8.466972410679e-02  -2.320087909698e+00 
  2.074208974838e+00   8.466972410679e-02  -2.320087909698e+00   0.000000000000e+00   2.251612991095e-01  -2.830758988857e-01   0.000000000000e+00   2.251612991095e-01  -2.830758988857e-01 
  3.419286757708e-02  -3.020995296538e-02  -2.836051583290e-01   1.890555769205e-01  -5.295495986938e-01  -5.636579394341e-01   8.288163542747e-01  -6.189553737640e-01  -5.656625628471e-01 
  3.350598216057e-01  -5.381396412849e-01  -5.414652824402e-01   7.761467993259e-02   4.451392218471e-02  -3.181192636490e+00   3.184642314911e+00   4.556893557310e-02  -3.294595241547e+00 
  3.183335065842e+00   4.556892812252e-02  -3.294595003128e+00   3.183335065842e+00   4.556892812252e-02  -3.294595003128e+00   0.000000000000e+00  -8.828534185886e-02  -2.996996343136e-01 
  0.000000000000e+00  -8.828534185886e-02  -2.996996343136e-01   9.666166454554e-02  -4.876516163349e-01  -4.283973872662e-01   3.124665319920e-01   1.079889535904e-01  -4.818771183491e-01 
  1.414650678635e-01   8.923310041428e-02  -3.867113888264e-01   2.468301057816e-01  -8.069510757923e-02  -3.733376264572e-01   1.115541309118e-01   3.614927455783e-02  -8.064002990723e-01 
  2.347151756287e+00   5.450807884336e-02  -1.000000014901e-01   2.372673273087e+00   6.447681784630e-02  -8.787319064140e-01   2.372673273087e+00   6.447681784630e-02  -8.787319064140e-01 
  0.000000000000e+00   6.828677654266e-02  -5.843493342400e-01   0.000000000000e+00   6.828677654266e-02  -5.843493342400e-01   7.409450411797e-02  -4.900483489037e-01  -4.867854416370e-01 
  2.006416916847e-01   3.291872739792e-01  -9.654987454414e-01   1.014253422618e-01   2.477688491344e-01  -3.193603754044e-01   3.813985735178e-02   1.744451820850e-01  -3.360260426998e-01 
  0.000000000000e+00  -3.621293976903e-02  -5.529525876045e-01   9.085834026337e-01   0.000000000000e+00  -8.875209093094e-02   1.036399006844e+00   9.471062570810e-03  -1.805247515440e-01 
  1.036399006844e+00   9.471062570810e-03  -1.805247515440e-01   0.000000000000e+00   8.812729269266e-02  -1.367964595556e-01   0.000000000000e+00   8.812729269266e-02  -1.367964595556e-01 
  1.022340878844e-01   1.120774894953e-01  -2.623818218708e-01   1.782950907946e-01   1.370164155960e-01  -9.362142682076e-01  -1.619383692741e-01   1.193587258458e-01  -7.877328991890e-01 
  2.084038555622e-01   1.086793169379e-01  -7.075171470642e-01   1.734162271023e-01   4.287509992719e-02  -7.060068249702e-01   1.326593160629e-01  -8.984617143869e-02  -9.147223830223e-02 
  3.263237774372e-01  -1.390953660011e-01  -9.355688095093e-01   3.263237774372e-01  -1.390953660011e-01  -9.355688095093e-01   0.000000000000e+00   0.000000000000e+00  -1.892322003841e-01 
  0.000000000000e+00   0.000000000000e+00  -1.892322003841e-01   5.667091533542e-02   0.000000000000e+00  -3.385482132435e-01   4.481171816587e-02   1.918253256008e-03  -7.633351683617e-01 
 -9.394142031670e-02   0.000000000000e+00  -5.745444893837e-01   1.292842626572e-01   0.000000000000e+00  -4.996651113033e-01   0.000000000000e+00   0.000000000000e+00  -1.000000014901e-01 
  0.000000000000e+00   0.000000000000e+00  -1.000000014901e-01   2.835728228092e-01  -4.020039341412e-04  -1.180061817169e+00   2.835728228092e-01  -4.020039341412e-04  -1.180061817169e+00 
  0.000000000000e+00   0.000000000000e+00  -1.892322003841e-01   0.000000000000e+00   0.000000000000e+00  -1.892322003841e-01   5.667091533542e-02   0.000000000000e+00  -3.385482132435e-01 
  4.481171816587e-02   1.918253256008e-03  -7.633351683617e-01  -9.394142031670e-02   0.000000000000e+00  -5.745444893837e-01   1.292842626572e-01   0.000000000000e+00  -4.996651113033e-01 
  0.000000000000e+00   0.000000000000e+00  -1.000000014901e-01   0.000000000000e+00   0.000000000000e+00  -1.000000014901e-01   2.835728228092e-01  -4.020039341412e-04  -1.180061817169e+00 
  2.835728228092e-01  -4.020039341412e-04  -1.180061817169e+00   0.000000000000e+00   5.205844715238e-02  -2.329852283001e-01   0.000000000000e+00   5.205844715238e-02  -2.329852283001e-01 
  5.208682268858e-03   2.106152325869e-01  -6.713250875473e-01  -2.357712015510e-03   2.234829813242e-01  -1.110700130463e+00   0.000000000000e+00   0.000000000000e+00  -6.154986023903e-01 
  8.226959109306e-01  -1.583885699511e-01  -9.759325981140e-01   8.378120064735e-01  -1.508305221796e-01  -9.683745503426e-01   0.000000000000e+00  -1.027407869697e-01  -1.580032587051e+00 
  7.138418555260e-01  -4.566961899400e-02  -1.548444032669e+00   7.138418555260e-01  -4.566961899400e-02  -1.548444032669e+00   0.000000000000e+00   5.205844715238e-02  -2.329852283001e-01 
  0.000000000000e+00   5.205844715238e-02  -2.329852283001e-01   5.208682268858e-03   2.106152325869e-01  -6.713250875473e-01  -2.357712015510e-03   2.234829813242e-01  -1.110700130463e+00 
  0.000000000000e+00   0.000000000000e+00  -6.154986023903e-01   8.226959109306e-01  -1.583885699511e-01  -9.759325981140e-01   8.378120064735e-01  -1.508305221796e-01  -9.683745503426e-01 
  0.000000000000e+00  -1.027407869697e-01  -1.580032587051e+00   7.138418555260e-01  -4.566961899400e-02  -1.548444032669e+00   7.138418555260e-01  -4.566961899400e-02  -1.548444032669e+00 
  0.000000000000e+00   1.428024768829e-01  -8.136687874794e-01   0.000000000000e+00   1.428024768829e-01  -8.136687874794e-01   1.171245006844e-03   2.725927531719e-01  -6.366630196571e-01 
  4.644289985299e-02   2.421801239252e-01  -5.994926095009e-01   9.831878542900e-01  -8.994793146849e-02  -2.526463568211e-01   5.270732939243e-02  -1.432724744081e-01  -1.012431681156e-01 
  0.000000000000e+00  -1.508305221796e-01  -1.084021687508e+00   2.290759325027e+00  -6.054405868053e-02  -2.274969100952e+00   2.319428205490e+00  -5.497783422470e-03  -2.346067190170e+00 
  2.319428205490e+00  -5.497783422470e-03  -2.346067190170e+00   0.000000000000e+00   7.513783872128e-02  -7.162741422653e-01   0.000000000000e+00   7.513783872128e-02  -7.162741422653e-01 
  4.872467368841e-02   2.288558054715e-03  -4.813599586487e-01   1.202814951539e-01  -6.163618564606e-01  -4.891984164715e-01   1.337618589401e+00  -7.906529903412e-01  -3.415536880493e-01 
  1.305189371109e+00  -1.638869643211e-01  -3.026934564114e-01   1.704296767712e-01   4.263564944267e-02  -1.000000014901e-01   3.183988809586e+00   0.000000000000e+00  -3.247895240784e+00 
  3.183988809586e+00   4.615739360452e-02  -3.227610588074e+00   3.183988809586e+00   4.615739360452e-02  -3.227610588074e+00   0.000000000000e+00   1.715668141842e-01  -3.948868811131e-01 
  0.000000000000e+00   1.715668141842e-01  -3.948868811131e-01   1.469704955816e-01   5.487068369985e-02   1.224019080400e-01   2.735520899296e-01  -3.979759812355e-01  -7.298864722252e-01 
  1.321132779121e+00  -8.134145140648e-01  -4.369268119335e-01   7.213130593300e-01  -6.780680418015e-01  -4.863373339176e-01  -1.144090760499e-02   4.983526840806e-02  -3.243074417114e+00 
  3.184234142303e+00   5.516168847680e-02  -3.295902490616e+00   3.183741807938e+00   5.036530643702e-02  -3.295310020447e+00   3.183741807938e+00   5.036530643702e-02  -3.295310020447e+00 
  0.000000000000e+00   8.507906645536e-02  -2.636310160160e-01   0.000000000000e+00   8.507906645536e-02  -2.636310160160e-01   6.138847395778e-02  -5.780246481299e-02   3.877301216125e-01 
  1.611553579569e-01  -1.177613735199e-01  -5.253220200539e-01   3.411434590816e-02  -2.194213271141e-01  -5.508595705032e-01   0.000000000000e+00   5.048114061356e-01  -5.508595705032e-01 
  0.000000000000e+00   2.758088149130e-02  -1.498614788055e+00   1.948767423630e+00   5.516168847680e-02  -1.000000014901e-01   2.523736953735e+00   5.724713951349e-02  -1.391807079315e+00 
  2.523736953735e+00   5.724713951349e-02  -1.391807079315e+00   0.000000000000e+00   8.273748308420e-02  -6.471197605133e-01   0.000000000000e+00   8.273748308420e-02  -6.471197605133e-01 
  6.001638621092e-02  -2.036554366350e-01  -2.485984116793e-01   2.006378173828e-01   2.832207679749e-01  -6.566830873489e-01   0.000000000000e+00   0.000000000000e+00  -3.210618495941e-01 
  2.152923494577e-02   4.792261421680e-01  -3.410034179688e-01   8.133010007441e-03   2.260362505913e-01  -4.367291927338e-01   1.498999357224e+00   4.045796021819e-02  -1.191462129354e-01 
 -2.107947170734e-01   3.258828818798e-02  -1.520971655846e-01  -2.107947170734e-01   3.258828818798e-02  -1.520971655846e-01   0.000000000000e+00   2.292160242796e-01  -5.404819846153e-01 
  0.000000000000e+00   2.292160242796e-01  -5.404819846153e-01   1.454882025719e-01   6.381530761719e-01  -3.021974861622e-01   4.315722286701e-01   3.935290873051e-01  -3.618126213551e-01 
  2.097992300987e-01   9.557742625475e-02  -3.573935925961e-01   1.591114103794e-01   2.049024552107e-01  -3.789924979210e-01   9.759081155062e-02   1.542748808861e-01  -5.153554677963e-01 
  1.773751378059e-01   7.782417815179e-04  -9.946628659964e-02   0.000000000000e+00   0.000000000000e+00  -1.000000014901e-01   0.000000000000e+00   0.000000000000e+00  -1.000000014901e-01 
  0.000000000000e+00   0.000000000000e+00  -3.728814423084e-01   0.000000000000e+00   0.000000000000e+00  -3.728814423084e-01   7.522358745337e-02   0.000000000000e+00  -5.313204526901e-01 
  2.775137722492e-01   0.000000000000e+00  -1.274537444115e-01   3.119372725487e-01   2.232835868199e-05   1.980991065502e-01   0.000000000000e+00   1.050704941008e-05   1.880394518375e-01 
  0.000000000000e+00   4.803257525055e-06  -1.000000014901e-01   2.255045576021e-03  -4.980731289834e-03  -9.993337839842e-02  -2.499819397926e-01   0.000000000000e+00  -1.000000014901e-01 
 -2.499819397926e-01   0.000000000000e+00  -1.000000014901e-01   0.000000000000e+00   0.000000000000e+00  -3.728814423084e-01   0.000000000000e+00   0.000000000000e+00  -3.728814423084e-01 
  7.522358745337e-02   0.000000000000e+00  -5.313204526901e-01   2.775137722492e-01   0.000000000000e+00  -1.274537444115e-01   3.119372725487e-01   2.232835868199e-05   1.980991065502e-01 
  0.000000000000e+00   1.050704941008e-05   1.880394518375e-01   0.000000000000e+00   4.803257525055e-06  -1.000000014901e-01   2.255045576021e-03  -4.980731289834e-03  -9.993337839842e-02 
 -2.499819397926e-01   0.000000000000e+00  -1.000000014901e-01  -2.499819397926e-01   0.000000000000e+00  -1.000000014901e-01   0.000000000000e+00  -8.685867488384e-02  -4.801518917084e-01 
  0.000000000000e+00  -8.685867488384e-02  -4.801518917084e-01   4.205061122775e-02   1.467026118189e-02   2.246950864792e-01   0.000000000000e+00   2.859229035676e-02  -1.103423118591e+00 
  0.000000000000e+00  -1.206906978041e-02  -1.000000014901e-01   0.000000000000e+00   0.000000000000e+00  -9.608165025711e-01   0.000000000000e+00  -7.544746994972e-02  -9.683745503426e-01 
  0.000000000000e+00  -8.131188154221e-02  -1.216133117676e+00   5.024248957634e-01  -5.975216254592e-02  -1.475363850594e+00   5.024248957634e-01  -5.975216254592e-02  -1.475363850594e+00 
  0.000000000000e+00  -8.685867488384e-02  -4.801518917084e-01   0.000000000000e+00  -8.685867488384e-02  -4.801518917084e-01   4.205061122775e-02   1.467026118189e-02   2.246950864792e-01 
  0.000000000000e+00   2.859229035676e-02  -1.103423118591e+00   0.000000000000e+00  -1.206906978041e-02  -1.000000014901e-01   0.000000000000e+00   0.000000000000e+00  -9.608165025711e-01 
  0.000000000000e+00  -7.544746994972e-02  -9.683745503426e-01   0.000000000000e+00  -8.131188154221e-02  -1.216133117676e+00   5.024248957634e-01  -5.975216254592e-02  -1.475363850594e+00 
  5.024248957634e-01  -5.975216254592e-02  -1.475363850594e+00   0.000000000000e+00   1.672211140394e-01  -4.645945131779e-01   0.000000000000e+00   1.672211140394e-01  -4.645945131779e-01 
 -5.017411708832e-02   1.025418937206e-01  -5.183598399162e-01  -1.904937252402e-02   6.797638535500e-02  -5.437735319138e-01   2.554177045822e-01  -3.724824264646e-02  -1.617846935987e-01 
  5.089452117682e-02   0.000000000000e+00  -1.000000014901e-01   1.573882810771e-02  -7.553773373365e-02  -5.240306258202e-01   1.906329631805e+00  -6.702052056789e-02  -1.275352478027e+00 
  2.398589849472e+00  -2.377157099545e-02  -1.908672571182e+00   2.398589849472e+00  -2.377157099545e-02  -1.908672571182e+00   0.000000000000e+00   1.912992745638e-01  -1.890323758125e-01 
  0.000000000000e+00   1.912992745638e-01  -1.890323758125e-01  -6.049559265375e-02   1.402202993631e-01  -2.572085857391e-01   3.999050706625e-02   8.987740427256e-02  -5.202408432961e-01 
  1.087806463242e+00  -5.299296975136e-01  -1.000000014901e-01   4.709777534008e-01   0.000000000000e+00  -8.906506299973e-01   2.432507229969e-03   2.872702665627e-02  -3.299679756165e-01 
  2.724659919739e+00   0.000000000000e+00  -1.000000014901e-01   3.002968549728e+00   2.872605994344e-02  -1.880375146866e+00   3.002968549728e+00   2.872605994344e-02  -1.880375146866e+00 
  0.000000000000e+00   1.038298904896e-01  -3.891496360302e-01   0.000000000000e+00   1.038298904896e-01  -3.891496360302e-01   3.096590191126e-02   9.401575475931e-02  -1.932464987040e-01 
  2.939572334290e-01   5.257317423820e-02  -7.298864722252e-01   9.913127422333e-01  -3.031479418278e-01  -4.073299765587e-01  -3.740954101086e-01   0.000000000000e+00  -1.846546292305e+00 
 -3.543600738049e-01   1.586750894785e-02  -1.168898940086e+00   1.320283293724e+00   0.000000000000e+00  -1.000000014901e-01   2.412153244019e+00   3.029586188495e-02  -1.000000014901e-01 
  2.412153244019e+00   3.029586188495e-02  -1.000000014901e-01   0.000000000000e+00   3.053899109364e-01  -3.956507742405e-01   0.000000000000e+00   3.053899109364e-01  -3.956507742405e-01 
 -5.840986035764e-03   1.536783576012e-01  -1.506092995405e-01   5.090209841728e-02   1.485031694174e-01  -2.984234690666e-01   0.000000000000e+00   5.449340939522e-01  -1.000000014901e-01 
 -3.890146315098e-01   5.757563710213e-01  -1.881200790405e+00  -3.197055459023e-01   0.000000000000e+00  -1.846546292305e+00   0.000000000000e+00   2.758084423840e-02  -8.700993061066e-01 
 -2.311848253012e-01   2.272887155414e-02  -8.075948357582e-01  -2.311848253012e-01   2.272887155414e-02  -8.075948357582e-01   0.000000000000e+00   4.453878477216e-02  -3.631060421467e-01 
  0.000000000000e+00   4.453878477216e-02  -3.631060421467e-01  -1.848359033465e-02  -1.468018256128e-02  -1.255912631750e-01   1.260069608688e-01   3.861394822598e-01  -1.376172155142e-01 
  1.094357594848e-01   5.785464644432e-01  -2.993183732033e-01  -2.235587388277e-01   6.450654268265e-01  -1.000000014901e-01   0.000000000000e+00   0.000000000000e+00  -1.085152626038e+00 
 -7.308498715675e-17   1.925411261618e-02  -2.149661630392e-01  -8.081756234169e-01   0.000000000000e+00  -1.000000014901e-01  -8.081756234169e-01   0.000000000000e+00  -1.000000014901e-01 
  0.000000000000e+00   3.314250707626e-01  -2.378799319267e-01   0.000000000000e+00   3.314250707626e-01  -2.378799319267e-01   1.121883988380e-01   3.528648018837e-01   3.524492681026e-01 
  2.871357500553e-01   1.771800965071e-01   2.172812223434e-01   2.899027764797e-01   1.384191811085e-01  -1.428820341825e-01   1.397400349379e-01   0.000000000000e+00  -1.378294527531e-01 
  4.626242443919e-02   0.000000000000e+00  -6.033377051353e-01  -4.347998797894e-01  -1.029329840094e-02  -1.000000014901e-01  -8.157188892365e-01  -1.029329840094e-02  -1.000000014901e-01 
 -8.157188892365e-01  -1.029329840094e-02  -1.000000014901e-01   0.000000000000e+00   0.000000000000e+00  -9.612755477428e-02   0.000000000000e+00   0.000000000000e+00  -9.612755477428e-02 
  1.642504632473e-01   0.000000000000e+00   1.766439676285e-01   3.203847408295e-01   0.000000000000e+00   6.957998126745e-02   2.993286848068e-01   2.211568926214e-06  -4.492918252945e-01 
  0.000000000000e+00   3.112406830041e-06  -1.000000014901e-01   7.423235569149e-03  -4.450818058103e-03  -2.033018320799e-01  -2.891121804714e-01  -1.029329840094e-02  -1.000000014901e-01 
 -4.040878117085e-01  -1.029329840094e-02  -1.000000014901e-01  -4.040878117085e-01  -1.029329840094e-02  -1.000000014901e-01   0.000000000000e+00   0.000000000000e+00  -9.612755477428e-02 
  0.000000000000e+00   0.000000000000e+00  -9.612755477428e-02   1.642504632473e-01   0.000000000000e+00   1.766439676285e-01   3.203847408295e-01   0.000000000000e+00   6.957998126745e-02 
  2.993286848068e-01   2.211568926214e-06  -4.492918252945e-01   0.000000000000e+00   3.112406830041e-06  -1.000000014901e-01   7.423235569149e-03  -4.450818058103e-03  -2.033018320799e-01 
 -2.891121804714e-01  -1.029329840094e-02  -1.000000014901e-01  -4.040878117085e-01  -1.029329840094e-02  -1.000000014901e-01  -4.040878117085e-01  -1.029329840094e-02  -1.000000014901e-01 
  0.000000000000e+00  -6.726784259081e-02  -8.242434263229e-01   0.000000000000e+00  -6.726784259081e-02  -8.242434263229e-01   5.484115704894e-02  -3.477949649096e-02  -1.144183754921e+00 
  2.131329923868e-01   2.190544968471e-03  -9.363561868668e-01   0.000000000000e+00   5.560605204664e-04  -1.000000014901e-01   0.000000000000e+00  -5.327973049134e-03  -1.000000014901e-01 
  0.000000000000e+00  -2.371248975396e-02  -1.000000014901e-01   0.000000000000e+00  -2.339975908399e-02  -1.000000014901e-01   0.000000000000e+00  -1.813445985317e-02  -1.000000014901e-01 
  0.000000000000e+00  -1.813445985317e-02  -1.000000014901e-01   0.000000000000e+00  -6.726784259081e-02  -8.242434263229e-01   0.000000000000e+00  -6.726784259081e-02  -8.242434263229e-01 
  5.484115704894e-02  -3.477949649096e-02  -1.144183754921e+00   2.131329923868e-01   2.190544968471e-03  -9.363561868668e-01   0.000000000000e+00   5.560605204664e-04  -1.000000014901e-01 
  0.000000000000e+00  -5.327973049134e-03  -1.000000014901e-01   0.000000000000e+00  -2.371248975396e-02  -1.000000014901e-01   0.000000000000e+00  -2.339975908399e-02  -1.000000014901e-01 
  0.000000000000e+00  -1.813445985317e-02  -1.000000014901e-01   0.000000000000e+00  -1.813445985317e-02  -1.000000014901e-01   0.000000000000e+00  -1.313032209873e-01  -5.771867632866e-01 
  0.000000000000e+00  -1.313032209873e-01  -5.771867632866e-01   1.417378988117e-02   2.819292247295e-02  -7.322974205017e-01   9.925191104412e-02   1.851014420390e-02  -7.611157894135e-01 
  0.000000000000e+00   1.582874916494e-02  -1.447106748819e-01   5.716164596379e-03  -4.782368429005e-03  -1.000000014901e-01   1.041776686907e-01  -2.078251913190e-02  -2.000304758549e-01 
  1.205280944705e-01  -2.073799446225e-02  -6.438132524490e-01   3.617199063301e-01  -1.661740243435e-02  -1.285649657249e+00   3.617199063301e-01  -1.661740243435e-02  -1.285649657249e+00 
  0.000000000000e+00  -8.885429799557e-02  -5.712007731199e-02   0.000000000000e+00  -8.885429799557e-02  -5.712007731199e-02  -2.864626422524e-02  -1.858797855675e-02  -4.407281056046e-02 
 -4.925305955112e-03  -1.230619032867e-03  -1.420006304979e-01   5.150700807571e-01  -3.393822610378e-01  -3.154897093773e-01   5.615227669477e-02   0.000000000000e+00  -1.000000014901e-01 
 -5.749956145883e-02  -6.768696010113e-03  -1.001999974251e+00   3.044385015965e-01  -3.763309447095e-03  -1.000000014901e-01   2.326145648956e+00   3.737131599337e-03  -1.134881258011e+00 
  2.326145648956e+00   3.737131599337e-03  -1.134881258011e+00   0.000000000000e+00  -5.854336172342e-02  -1.124714165926e-01   0.000000000000e+00  -5.854336172342e-02  -1.124714165926e-01 
 -2.902575396001e-02   3.282333537936e-02   3.004137873650e-01   0.000000000000e+00   5.376746505499e-02  -1.000000014901e-01   4.677830934525e-01   2.177616953850e-02  -7.619071602821e-01 
 -3.624455928802e-01   0.000000000000e+00  -1.846546292305e+00  -3.568657338619e-01   1.190531924367e-01  -1.846546888351e+00   3.883155584335e-01   4.149935021996e-02  -7.648483514786e-01 
  1.054744839668e+00   2.230889908969e-02  -5.920678973198e-01   1.054744839668e+00   2.230889908969e-02  -5.920678973198e-01   0.000000000000e+00   1.774087548256e-01  -3.663299381733e-01 
  0.000000000000e+00   1.774087548256e-01  -3.663299381733e-01  -5.615647509694e-02   1.703848689795e-01  -3.527873456478e-01  -3.536183759570e-02   1.406284570694e-01  -1.715144813061e-01 
  0.000000000000e+00   5.800151228905e-01  -1.000000014901e-01  -3.543600738049e-01   6.104109287262e-01  -1.811891794205e+00  -3.543600738049e-01   3.052054643631e-01  -1.846546292305e+00 
 -1.994205415249e-01   1.496800035238e-02  -1.420544266701e+00   0.000000000000e+00   0.000000000000e+00  -8.462489843369e-01   0.000000000000e+00   0.000000000000e+00  -8.462489843369e-01 
  0.000000000000e+00  -6.562955677509e-03  -4.604278504848e-01   0.000000000000e+00  -6.562955677509e-03  -4.604278504848e-01   3.574070706964e-02   1.034899847582e-03  -4.307728409767e-01 
  1.501280069351e-01   3.397794906050e-03  -2.607857584953e-01   1.299405395985e-01   5.897657275200e-01  -2.213023304939e-01  -2.620238959789e-01   6.104109287262e-01  -1.000000014901e-01 
 -2.034886479378e-01   3.052054345608e-01  -1.486101150513e+00  -4.388606846333e-01   0.000000000000e+00  -6.455291509628e-01  -8.157188892365e-01   0.000000000000e+00  -1.191058397293e+00 
 -8.157188892365e-01   0.000000000000e+00  -1.191058397293e+00   0.000000000000e+00   6.069796159863e-02  -4.685020148754e-01   0.000000000000e+00   6.069796159863e-02  -4.685020148754e-01 
  1.100573316216e-01   4.291198775172e-02  -3.860112726688e-01   2.261241823435e-01   2.229281887412e-02  -7.628763467073e-02   1.933437734842e-01   5.353461019695e-03  -2.893396615982e-01 
  2.643233835697e-01   3.111164569855e-01  -1.919077187777e-01   0.000000000000e+00  -6.884739268571e-03  -2.880253791809e-01   0.000000000000e+00  -1.029329840094e-02  -1.000000014901e-01 
 -8.924017548561e-01  -8.697611838579e-02  -1.267741203308e+00  -8.924017548561e-01  -8.697611838579e-02  -1.267741203308e+00   0.000000000000e+00   0.000000000000e+00  -5.779229402542e-01 
  0.000000000000e+00   0.000000000000e+00  -5.779229402542e-01   1.012842059135e-01   0.000000000000e+00  -5.344208478928e-01   0.000000000000e+00   0.000000000000e+00  -4.637886211276e-02 
 -3.980678021908e-01   0.000000000000e+00  -4.492918252945e-01  -3.980678021908e-01   0.000000000000e+00  -1.000000014901e-01   0.000000000000e+00   0.000000000000e+00  -1.596836447716e-01 
  0.000000000000e+00  -1.029329840094e-02  -1.000000014901e-01   0.000000000000e+00   0.000000000000e+00  -1.000000014901e-01   0.000000000000e+00   0.000000000000e+00  -1.000000014901e-01 
  0.000000000000e+00   0.000000000000e+00  -5.779229402542e-01   0.000000000000e+00   0.000000000000e+00  -5.779229402542e-01   1.012842059135e-01   0.000000000000e+00  -5.344208478928e-01 
  0.000000000000e+00   0.000000000000e+00  -4.637886211276e-02  -3.980678021908e-01   0.000000000000e+00  -4.492918252945e-01  -3.980678021908e-01   0.000000000000e+00  -1.000000014901e-01 
  0.000000000000e+00   0.000000000000e+00  -1.596836447716e-01   0.000000000000e+00  -1.029329840094e-02  -1.000000014901e-01   0.000000000000e+00   0.000000000000e+00  -1.000000014901e-01 
  0.000000000000e+00   0.000000000000e+00  -1.000000014901e-01   0.000000000000e+00   1.027593240142e-01  -3.320524096489e-02   0.000000000000e+00   1.027593240142e-01  -3.320524096489e-02 
  1.889279112220e-02   8.265745639801e-02  -4.144069254398e-01   9.051058441401e-02   5.481008067727e-02  -8.130332231522e-01   0.000000000000e+00  -7.794212084264e-03  -1.000000014901e-01 
  0.000000000000e+00  -9.547998197377e-03  -1.000000014901e-01   4.172219038010e-01  -1.909762993455e-02  -1.000000014901e-01   4.172219038010e-01  -1.909762993455e-02  -1.000000014901e-01 
  0.000000000000e+00  -1.158327888697e-02  -1.000000014901e-01   0.000000000000e+00  -1.158327888697e-02  -1.000000014901e-01   0.000000000000e+00   1.027593240142e-01  -3.320524096489e-02 
  0.000000000000e+00   1.027593240142e-01  -3.320524096489e-02   1.889279112220e-02   8.265745639801e-02  -4.144069254398e-01   9.051058441401e-02   5.481008067727e-02  -8.130332231522e-01 
  0.000000000000e+00  -7.794212084264e-03  -1.000000014901e-01   0.000000000000e+00  -9.547998197377e-03  -1.000000014901e-01   4.172219038010e-01  -1.909762993455e-02  -1.000000014901e-01 
  4.172219038010e-01  -1.909762993455e-02  -1.000000014901e-01   0.000000000000e+00  -1.158327888697e-02  -1.000000014901e-01   0.000000000000e+00  -1.158327888697e-02  -1.000000014901e-01 
  0.000000000000e+00  -4.977134615183e-02  -4.507435262203e-01   0.000000000000e+00  -4.977134615183e-02  -4.507435262203e-01  -5.710262921639e-04   2.684166654944e-02  -4.325752258301e-01 
  3.837691992521e-02   3.725655749440e-02  -5.825333595276e-01   2.453513257205e-02  -7.387915160507e-03  -1.005691885948e-01   3.623725473881e-02  -9.548561647534e-03  -9.978539496660e-02 
  2.086109519005e-01  -1.909762993455e-02  -1.000000014901e-01   2.086109519005e-01  -1.909762993455e-02  -2.722598612309e-01   8.588971942663e-02  -1.158350892365e-02  -2.557382583618e-01 
  8.588971942663e-02  -1.158350892365e-02  -2.557382583618e-01   0.000000000000e+00   1.032787784934e-01   3.695621490479e-01   0.000000000000e+00   1.032787784934e-01   3.695621490479e-01 
  2.663637399673e-01   6.514848768711e-02   2.272774279118e-01   1.623956412077e-01   5.251305922866e-02   1.684334278107e-01   1.410618573427e-01  -8.161406964064e-02  -3.222583830357e-01 
 -1.377837210894e-01  -3.923680633307e-03  -1.000000014901e-01   1.306315809488e-01   0.000000000000e+00  -1.000000014901e-01   1.415337622166e-01  -7.862914353609e-03  -1.901391595602e-01 
  8.451884984970e-02  -7.240735460073e-03  -4.708954691887e-01   8.451884984970e-02  -7.240735460073e-03  -4.708954691887e-01   0.000000000000e+00   2.323932647705e-01  -1.602768711746e-02 
  0.000000000000e+00   2.323932647705e-01  -1.602768711746e-02   1.232524402440e-02   1.795646697283e-01  -5.812352057546e-03   1.096460595727e-02   1.653349399567e-01  -1.409917324781e-02 
  1.172295585275e-01   9.963843971491e-02  -3.596213757992e-01  -2.872376739979e-01   0.000000000000e+00  -1.000000014901e-01  -2.354646921158e-01   0.000000000000e+00  -8.190917968750e-01 
 -1.833367049694e-01  -3.041209653020e-03  -7.743390202522e-01   3.756844401360e-01   1.571690849960e-02  -2.926559150219e-01   3.756844401360e-01   1.571690849960e-02  -2.926559150219e-01 
  0.000000000000e+00   1.809068173170e-01  -5.307628586888e-02   0.000000000000e+00   1.809068173170e-01  -5.307628586888e-02  -4.766528308392e-02   1.763165891171e-01  -4.421884194016e-02 
  0.000000000000e+00   1.610263586044e-01  -3.653680533171e-02   0.000000000000e+00   3.069073259830e-01  -1.000000014901e-01  -1.980899721384e-01   0.000000000000e+00  -1.000000014901e-01 
  0.000000000000e+00   2.016074657440e-01  -1.000000014901e-01  -1.463603675365e-01   6.272573955357e-03  -8.009152412415e-01  -2.265838533640e-01   0.000000000000e+00  -1.000000014901e-01 
 -2.265838533640e-01   0.000000000000e+00  -1.000000014901e-01   0.000000000000e+00   4.197288677096e-02   7.091585546732e-02   0.000000000000e+00   4.197288677096e-02   7.091585546732e-02 
  2.146618254483e-02   3.990997001529e-02   5.632949993014e-02   4.502448737621e-01   0.000000000000e+00   3.711407259107e-02   0.000000000000e+00   1.040686070919e-01   1.992515921593e+00 
  5.348688960075e-01   4.273304641247e-01  -1.000000014901e-01   9.947939217091e-02   2.465028166771e-01  -8.513273596764e-01  -2.971946597099e-01  -1.975676277652e-03  -6.455291509628e-01 
 -4.040878117085e-01   0.000000000000e+00  -1.191058397293e+00  -4.040878117085e-01   0.000000000000e+00  -1.191058397293e+00   0.000000000000e+00  -8.970178663731e-02  -3.555662035942e-01 
  0.000000000000e+00  -8.970178663731e-02  -3.555662035942e-01   9.445466846228e-02   3.324252367020e-02   5.266756191850e-02   4.669015705585e-01   0.000000000000e+00   1.702955551445e-02 
  7.884340882301e-01   0.000000000000e+00   2.513360500336e+00   9.942056536674e-01   8.921055123210e-03   2.365325212479e+00   0.000000000000e+00  -5.442932248116e-03  -1.018709018826e-01 
  0.000000000000e+00  -5.146649200469e-03  -1.000000014901e-01   0.000000000000e+00   0.000000000000e+00  -1.114375472069e+00   0.000000000000e+00   0.000000000000e+00  -1.114375472069e+00 
  0.000000000000e+00   0.000000000000e+00  -2.152374833822e-01   0.000000000000e+00   0.000000000000e+00  -2.152374833822e-01  -2.207833528519e-02   0.000000000000e+00  -1.259357929230e-01 
  2.392796427011e-01   0.000000000000e+00  -1.000000014901e-01   3.119637072086e-01   0.000000000000e+00   3.742680549622e+00   2.869087457657e-01   0.000000000000e+00   3.044229269028e+00 
  0.000000000000e+00  -4.153586924076e-03  -1.000000014901e-01   0.000000000000e+00  -5.146649200469e-03  -1.000000014901e-01   0.000000000000e+00   0.000000000000e+00  -1.000000014901e-01 
  0.000000000000e+00   0.000000000000e+00  -1.000000014901e-01   0.000000000000e+00   0.000000000000e+00  -2.152374833822e-01   0.000000000000e+00   0.000000000000e+00  -2.152374833822e-01 
 -2.207833528519e-02   0.000000000000e+00  -1.259357929230e-01   2.392796427011e-01   0.000000000000e+00  -1.000000014901e-01   3.119637072086e-01   0.000000000000e+00   3.742680549622e+00 
  2.869087457657e-01   0.000000000000e+00   3.044229269028e+00   0.000000000000e+00  -4.153586924076e-03  -1.000000014901e-01   0.000000000000e+00  -5.146649200469e-03  -1.000000014901e-01 
  0.000000000000e+00   0.000000000000e+00  -1.000000014901e-01   0.000000000000e+00   0.000000000000e+00  -1.000000014901e-01   0.000000000000e+00   1.951284855604e-01   2.304930090904e-01 
  0.000000000000e+00   1.951284855604e-01   2.304930090904e-01  -2.131638824940e-01   1.058641448617e-01  -1.182855069637e-01   0.000000000000e+00   8.466019481421e-02  -1.421232938766e+00 
  0.000000000000e+00  -1.051099388860e-04  -1.000000014901e-01   0.000000000000e+00   0.000000000000e+00  -1.000000014901e-01   3.992885649204e-01  -3.703097254038e-02  -9.643912315369e-01 
  4.351552426815e-01  -1.909762993455e-02  -9.464579224586e-01   0.000000000000e+00   0.000000000000e+00  -1.000000014901e-01   0.000000000000e+00   0.000000000000e+00  -1.000000014901e-01 
  0.000000000000e+00   1.951284855604e-01   2.304930090904e-01   0.000000000000e+00   1.951284855604e-01   2.304930090904e-01  -2.131638824940e-01   1.058641448617e-01  -1.182855069637e-01 
  0.000000000000e+00   8.466019481421e-02  -1.421232938766e+00   0.000000000000e+00  -1.051099388860e-04  -1.000000014901e-01   0.000000000000e+00   0.000000000000e+00  -1.000000014901e-01 
  3.992885649204e-01  -3.703097254038e-02  -9.643912315369e-01   4.351552426815e-01  -1.909762993455e-02  -9.464579224586e-01   0.000000000000e+00   0.000000000000e+00  -1.000000014901e-01 
  0.000000000000e+00   0.000000000000e+00  -1.000000014901e-01   0.000000000000e+00   1.075807288289e-01  -3.259551227093e-01   0.000000000000e+00   1.075807288289e-01  -3.259551227093e-01 
  2.447724193335e-01   7.919755578041e-02  -2.873828113079e-01   1.415910273790e-01   6.859507411718e-02  -6.929527521133e-01  -2.142263576388e-03  -2.835671766661e-04  -9.869273006916e-02 
  0.000000000000e+00   0.000000000000e+00  -9.907526522875e-02   0.000000000000e+00  -1.164284069091e-03  -1.000000014901e-01   0.000000000000e+00  -1.909762993455e-02  -5.183904767036e-01 
  0.000000000000e+00   0.000000000000e+00  -3.461062610149e-01   0.000000000000e+00   0.000000000000e+00  -3.461062610149e-01   0.000000000000e+00  -4.792956262827e-02  -3.110517859459e-01 
  0.000000000000e+00  -4.792956262827e-02  -3.110517859459e-01   8.476301431656e-01  -3.919997811317e-02  -2.988020181656e-01   0.000000000000e+00  -2.410098351538e-02  -2.934643328190e-01 
  0.000000000000e+00  -2.617898629978e-03  -1.037313044071e-01   0.000000000000e+00   0.000000000000e+00  -9.648421406746e-02   0.000000000000e+00   0.000000000000e+00  -1.000000014901e-01 
  0.000000000000e+00   0.000000000000e+00  -3.478409349918e-01   0.000000000000e+00   0.000000000000e+00  -3.376665711403e-01   0.000000000000e+00   0.000000000000e+00  -3.376665711403e-01 
  0.000000000000e+00   3.493511080742e-01  -2.508264780045e-01   0.000000000000e+00   3.493511080742e-01  -2.508264780045e-01   1.189018338919e-01  -5.388372763991e-02  -2.516396641731e-01 
  1.174320355058e-01   0.000000000000e+00  -2.463316917419e-01   1.269970834255e-01   4.861668869853e-02  -1.211527884007e-01  -6.671058386564e-02   0.000000000000e+00  -1.005547121167e-01 
 -7.763527333736e-02   0.000000000000e+00  -1.003222241998e-01   0.000000000000e+00   0.000000000000e+00  -1.935709565878e-01   1.744346916676e-01   6.704589468427e-04  -1.801124066114e-01 
  1.744346916676e-01   6.704589468427e-04  -1.801124066114e-01   0.000000000000e+00   2.183905988932e-01  -3.583669960499e-01   0.000000000000e+00   2.183905988932e-01  -3.583669960499e-01 
  3.781450912356e-02   2.235778868198e-01  -2.799721956253e-01   9.848361462355e-02   2.304096072912e-01  -1.997337788343e-01   1.889151781797e-01   2.342933416367e-01   5.571258664131e-01 
  1.022246703506e-01   1.057797819376e-01  -1.000000014901e-01   3.268501907587e-02   1.045332103968e-01  -1.000000014901e-01  -1.167757809162e-01   4.454151540995e-02  -4.591939151287e-01 
 -2.284059226513e-01   1.758593716659e-03  -1.000000014901e-01  -2.284059226513e-01   1.758593716659e-03  -1.000000014901e-01   0.000000000000e+00   4.421008825302e-01   1.029088720679e-01 
  0.000000000000e+00   4.421008825302e-01   1.029088720679e-01  -7.966436445713e-03   3.760564327240e-01   1.260113529861e-02   2.831594347954e-01   3.018740415573e-01   1.133974082768e-02 
  4.337454736233e-01   1.812240034342e-01   1.084691643715e+00   6.664763689041e-01   3.076977729797e-01   8.577190637589e-01   4.099282622337e-01   2.019524425268e-01  -4.457527995110e-01 
 -1.900334656239e-01  -1.892846310511e-03  -3.246063590050e-01  -2.406333535910e-01   0.000000000000e+00  -1.000000014901e-01  -2.406333535910e-01   0.000000000000e+00  -1.000000014901e-01 
  0.000000000000e+00   2.222343683243e-01  -1.429813355207e-01   0.000000000000e+00   2.222343683243e-01  -1.429813355207e-01   2.746238112450e-01   1.625974476337e-01  -7.770660519600e-02 
  6.728451848030e-01   1.168060898781e-01   9.400854818523e-03   7.176755666733e-01   4.285836592317e-02   1.455398678780e+00   9.763167500496e-01   1.819013617933e-02   1.435459613800e+00 
  4.141074717045e-01  -3.011144232005e-03  -1.006188094616e-01   0.000000000000e+00  -3.121680114418e-03  -1.000000014901e-01   0.000000000000e+00   0.000000000000e+00  -1.000000014901e-01 
  0.000000000000e+00   0.000000000000e+00  -1.000000014901e-01   0.000000000000e+00   0.000000000000e+00  -1.620027571917e-01   0.000000000000e+00   0.000000000000e+00  -1.620027571917e-01 
  1.410810202360e-01   0.000000000000e+00  -1.110637560487e-01   3.896341919899e-01   3.962820768356e-02   5.504686832428e-01   1.266783475876e+00   4.842479538638e-04   1.210299611092e+00 
  1.266783475876e+00   2.484932774678e-04   6.161248087883e-01   0.000000000000e+00  -3.222821978852e-04  -1.000000014901e-01   0.000000000000e+00  -3.121679881588e-03  -1.000000014901e-01 
  0.000000000000e+00   0.000000000000e+00  -1.000000014901e-01   0.000000000000e+00   0.000000000000e+00  -1.000000014901e-01   0.000000000000e+00   0.000000000000e+00  -1.620027571917e-01 
  0.000000000000e+00   0.000000000000e+00  -1.620027571917e-01   1.410810202360e-01   0.000000000000e+00  -1.110637560487e-01   3.896341919899e-01   3.962820768356e-02   5.504686832428e-01 
  1.266783475876e+00   4.842479538638e-04   1.210299611092e+00   1.266783475876e+00   2.484932774678e-04   6.161248087883e-01   0.000000000000e+00  -3.222821978852e-04  -1.000000014901e-01 
  0.000000000000e+00  -3.121679881588e-03  -1.000000014901e-01   0.000000000000e+00   0.000000000000e+00  -1.000000014901e-01   0.000000000000e+00   0.000000000000e+00  -1.000000014901e-01 
  0.000000000000e+00   1.951284855604e-01   2.304930090904e-01   0.000000000000e+00   1.951284855604e-01   2.304930090904e-01  -2.131638824940e-01   1.058641448617e-01  -1.182855069637e-01 
  0.000000000000e+00   8.466019481421e-02  -1.421232938766e+00   0.000000000000e+00  -1.051099388860e-04  -1.000000014901e-01   0.000000000000e+00   0.000000000000e+00  -1.000000014901e-01 
  3.992885649204e-01  -3.703097254038e-02  -9.643912315369e-01   4.351552426815e-01  -1.909762993455e-02  -9.464579224586e-01   0.000000000000e+00   0.000000000000e+00  -1.000000014901e-01 
  0.000000000000e+00   0.000000000000e+00  -1.000000014901e-01   0.000000000000e+00   1.951284855604e-01   2.304930090904e-01   0.000000000000e+00   1.951284855604e-01   2.304930090904e-01 
 -2.131638824940e-01   1.058641448617e-01  -1.182855069637e-01   0.000000000000e+00   8.466019481421e-02  -1.421232938766e+00   0.000000000000e+00  -1.051099388860e-04  -1.000000014901e-01 
  0.000000000000e+00   0.000000000000e+00  -1.000000014901e-01   3.992885649204e-01  -3.703097254038e-02  -9.643912315369e-01   4.351552426815e-01  -1.909762993455e-02  -9.464579224586e-01 
  0.000000000000e+00   0.000000000000e+00  -1.000000014901e-01   0.000000000000e+00   0.000000000000e+00  -1.000000014901e-01   0.000000000000e+00   1.075807288289e-01  -3.259551227093e-01 
  0.000000000000e+00   1.075807288289e-01  -3.259551227093e-01   2.447724193335e-01   7.919755578041e-02  -2.873828113079e-01   1.415910273790e-01   6.859507411718e-02  -6.929527521133e-01 
 -2.142263576388e-03  -2.835671766661e-04  -9.869273006916e-02   0.000000000000e+00   0.000000000000e+00  -9.907526522875e-02   0.000000000000e+00  -1.164284069091e-03  -1.000000014901e-01 
  0.000000000000e+00  -1.909762993455e-02  -5.183904767036e-01   0.000000000000e+00   0.000000000000e+00  -3.461062610149e-01   0.000000000000e+00   0.000000000000e+00  -3.461062610149e-01 
  0.000000000000e+00  -4.792956262827e-02  -3.110517859459e-01   0.000000000000e+00  -4.792956262827e-02  -3.110517859459e-01   8.476301431656e-01  -3.919997811317e-02  -2.988020181656e-01 
  0.000000000000e+00  -2.410098351538e-02  -2.934643328190e-01   0.000000000000e+00  -2.617898629978e-03  -1.037313044071e-01   0.000000000000e+00   0.000000000000e+00  -9.648421406746e-02 
  0.000000000000e+00   0.000000000000e+00  -1.000000014901e-01   0.000000000000e+00   0.000000000000e+00  -3.478409349918e-01   0.000000000000e+00   0.000000000000e+00  -3.376665711403e-01 
  0.000000000000e+00   0.000000000000e+00  -3.376665711403e-01   0.000000000000e+00   3.493511080742e-01  -2.508264780045e-01   0.000000000000e+00   3.493511080742e-01  -2.508264780045e-01 
  1.189018338919e-01  -5.388372763991e-02  -2.516396641731e-01   1.174320355058e-01   0.000000000000e+00  -2.463316917419e-01   1.269970834255e-01   4.861668869853e-02  -1.211527884007e-01 
 -6.671058386564e-02   0.000000000000e+00  -1.005547121167e-01  -7.763527333736e-02   0.000000000000e+00  -1.003222241998e-01   0.000000000000e+00   0.000000000000e+00  -1.935709565878e-01 
  1.744346916676e-01   6.704589468427e-04  -1.801124066114e-01   1.744346916676e-01   6.704589468427e-04  -1.801124066114e-01   0.000000000000e+00   2.183905988932e-01  -3.583669960499e-01 
  0.000000000000e+00   2.183905988932e-01  -3.583669960499e-01   3.781450912356e-02   2.235778868198e-01  -2.799721956253e-01   9.848361462355e-02   2.304096072912e-01  -1.997337788343e-01 
  1.889151781797e-01   2.342933416367e-01   5.571258664131e-01   1.022246703506e-01   1.057797819376e-01  -1.000000014901e-01   3.268501907587e-02   1.045332103968e-01  -1.000000014901e-01 
 -1.167757809162e-01   4.454151540995e-02  -4.591939151287e-01  -2.284059226513e-01   1.758593716659e-03  -1.000000014901e-01  -2.284059226513e-01   1.758593716659e-03  -1.000000014901e-01 
  0.000000000000e+00   4.421008825302e-01   1.029088720679e-01   0.000000000000e+00   4.421008825302e-01   1.029088720679e-01  -7.966436445713e-03   3.760564327240e-01   1.260113529861e-02 
  2.831594347954e-01   3.018740415573e-01   1.133974082768e-02   4.337454736233e-01   1.812240034342e-01   1.084691643715e+00   6.664763689041e-01   3.076977729797e-01   8.577190637589e-01 
  4.099282622337e-01   2.019524425268e-01  -4.457527995110e-01  -1.900334656239e-01  -1.892846310511e-03  -3.246063590050e-01  -2.406333535910e-01   0.000000000000e+00  -1.000000014901e-01 
 -2.406333535910e-01   0.000000000000e+00  -1.000000014901e-01   0.000000000000e+00   2.222343683243e-01  -1.429813355207e-01   0.000000000000e+00   2.222343683243e-01  -1.429813355207e-01 
  2.746238112450e-01   1.625974476337e-01  -7.770660519600e-02   6.728451848030e-01   1.168060898781e-01   9.400854818523e-03   7.176755666733e-01   4.285836592317e-02   1.455398678780e+00 
  9.763167500496e-01   1.819013617933e-02   1.435459613800e+00   4.141074717045e-01  -3.011144232005e-03  -1.006188094616e-01   0.000000000000e+00  -3.121680114418e-03  -1.000000014901e-01 
  0.000000000000e+00   0.000000000000e+00  -1.000000014901e-01   0.000000000000e+00   0.000000000000e+00  -1.000000014901e-01   0.000000000000e+00   0.000000000000e+00  -1.620027571917e-01 
  0.000000000000e+00   0.000000000000e+00  -1.620027571917e-01   1.410810202360e-01   0.000000000000e+00  -1.110637560487e-01   3.896341919899e-01   3.962820768356e-02   5.504686832428e-01 
  1.266783475876e+00   4.842479538638e-04   1.210299611092e+00   1.266783475876e+00   2.484932774678e-04   6.161248087883e-01   0.000000000000e+00  -3.222821978852e-04  -1.000000014901e-01 
  0.000000000000e+00  -3.121679881588e-03  -1.000000014901e-01   0.000000000000e+00   0.000000000000e+00  -1.000000014901e-01   0.000000000000e+00   0.000000000000e+00  -1.000000014901e-01 
  0.000000000000e+00   0.000000000000e+00  -1.620027571917e-01   0.000000000000e+00   0.000000000000e+00  -1.620027571917e-01   1.410810202360e-01   0.000000000000e+00  -1.110637560487e-01 
  3.896341919899e-01   3.962820768356e-02   5.504686832428e-01   1.266783475876e+00   4.842479538638e-04   1.210299611092e+00   1.266783475876e+00   2.484932774678e-04   6.161248087883e-01 
  0.000000000000e+00  -3.222821978852e-04  -1.000000014901e-01   0.000000000000e+00  -3.121679881588e-03  -1.000000014901e-01   0.000000000000e+00   0.000000000000e+00  -1.000000014901e-01 
  0.000000000000e+00   0.000000000000e+00  -1.000000014901e-01 

