# vtk DataFile Version 2.0
Written using VisIt writer
ASCII
DATASET RECTILINEAR_GRID
DIMENSIONS 10 10 10
X_COORDINATES 10 float
  0.000000000000e+00   5.000000000000e-01   1.000000000000e+00   1.500000000000e+00   2.000000000000e+00   2.500000000000e+00   3.000000000000e+00   3.500000000000e+00   4.000000000000e+00 
  4.500000000000e+00 
Y_COORDINATES 10 float
  0.000000000000e+00   5.000000000000e-01   1.000000000000e+00   1.500000000000e+00   2.000000000000e+00   2.500000000000e+00   3.000000000000e+00   3.500000000000e+00   4.000000000000e+00 
  4.500000000000e+00 
Z_COORDINATES 10 float
  0.000000000000e+00   5.000000000000e-01   1.000000000000e+00   1.500000000000e+00   2.000000000000e+00   2.500000000000e+00   3.000000000000e+00   3.500000000000e+00   4.000000000000e+00 
  4.500000000000e+00 
CELL_DATA 729
POINT_DATA 1000
VECTORS velocity float
  0.000000000000e+00  -1.283116340637e-01  -2.395271658897e-01   3.251200000000e+04   0.000000000000e+00   0.000000000000e+00   0.000000000000e+00   0.000000000000e+00   0.000000000000e+00 
  9.812734276056e-02  -8.842680603266e-02  -1.759339570999e-01   0.000000000000e+00   0.000000000000e+00   0.000000000000e+00   0.000000000000e+00   1.431655808000e+09   1.070945600000e+09 
 -6.376818567514e-02  -8.626248687506e-02  -1.633159220219e-01   1.071994176000e+09   0.000000000000e+00   0.000000000000e+00   0.000000000000e+00   0.000000000000e+00   0.000000000000e+00 
  8.172785490751e-02  -1.920108944178e-01  -1.829755157232e-01   0.000000000000e+00  -1.283116340637e-01  -2.395271658897e-01   1.070945600000e+09   0.000000000000e+00   0.000000000000e+00 
  2.687212824821e-02  -1.211356595159e-01  -2.184475213289e-01   9.812734276056e-02  -8.842680603266e-02  -1.759339570999e-01   1.431655808000e+09   1.070945600000e+09   0.000000000000e+00 
  2.662847749889e-02  -6.115023419261e-02  -1.402379572392e-01  -6.376818567514e-02  -8.626248687506e-02  -1.633159220219e-01   0.000000000000e+00   0.000000000000e+00   1.071644672000e+09 
  8.172785490751e-02  -1.920108944178e-01  -1.829755157232e-01   8.172785490751e-02  -1.920108944178e-01  -1.829755157232e-01   0.000000000000e+00   3.260784223676e-02  -1.974532306194e-01 
  0.000000000000e+00   3.260784223676e-02  -1.974532306194e-01  -7.394769694656e-03  -1.462660878897e-01  -2.169763594866e-01   1.114480867982e-01  -2.691883742809e-01  -2.015926241875e-01 
  1.229147613049e-01  -1.532592624426e-01  -1.978173553944e-01   4.224120080471e-02  -3.919404372573e-02  -1.453071981668e-01   3.247780352831e-02  -1.914610341191e-02  -1.411114484072e-01 
  3.088482096791e-02  -1.423895917833e-02  -1.346927583218e-01   1.209823191166e-01   4.221583902836e-02  -1.405323892832e-01   1.209823191166e-01   4.221583902836e-02  -1.405323892832e-01 
  0.000000000000e+00   1.487771328539e-02  -1.942135542631e-01   0.000000000000e+00   1.487771328539e-02  -1.942135542631e-01   1.070871800184e-01   5.072340834886e-03  -1.749707609415e-01 
  6.224694848061e-02   1.524214353412e-02  -1.470879763365e-01   4.807168617845e-02  -8.283586800098e-02  -1.582192182541e-01   5.163658410311e-02  -1.493124663830e-01  -1.591126024723e-01 
  5.915702879429e-02  -1.063387319446e-01  -1.889462620020e-01   1.547753959894e-01  -8.473242819309e-02  -1.399491280317e-01   1.123135015368e-01  -4.982842132449e-02  -1.411379128695e-01 
  1.123135015368e-01  -4.982842132449e-02  -1.411379128695e-01   0.000000000000e+00  -3.751207550522e-04  -2.151804864407e-01   0.000000000000e+00  -3.751207550522e-04  -2.151804864407e-01 
 -6.369329988956e-02  -5.806528776884e-02  -2.330758720636e-01   2.324296161532e-02  -1.014926191419e-02  -1.777784526348e-01   3.636185824871e-02  -7.052370905876e-02  -1.586977839470e-01 
 -3.064097545575e-04  -6.412253528833e-02  -1.504507511854e-01   2.258720993996e-02  -1.456251926720e-02  -1.604705899954e-01   1.069339513779e-01  -4.571854695678e-02  -1.578820496798e-01 
  3.781314939260e-02  -1.512075811625e-01  -1.940975338221e-01   3.781314939260e-02  -1.512075811625e-01  -1.940975338221e-01   0.000000000000e+00  -1.944029005244e-03  -1.923359334469e-01 
  0.000000000000e+00  -1.944029005244e-03  -1.923359334469e-01  -1.745445467532e-02  -2.826793119311e-02  -2.011329531670e-01   1.108868420124e-01   1.380421872454e-05  -2.053394466639e-01 
  1.122790351510e-01  -3.399944305420e-02  -2.112296819687e-01   1.196939572692e-01   5.071872472763e-02  -1.480969041586e-01   1.133291423321e-02  -2.937993407249e-02  -1.448556184769e-01 
 -3.651212900877e-02  -4.776231944561e-03  -1.440369486809e-01  -6.329829245806e-02  -4.417081829160e-03  -1.703512072563e-01  -6.329829245806e-02  -4.417081829160e-03  -1.703512072563e-01 
  0.000000000000e+00  -1.661959849298e-02  -2.072689682245e-01   0.000000000000e+00  -1.661959849298e-02  -2.072689682245e-01   2.687869593501e-02  -6.131169199944e-02  -1.858043372631e-01 
  6.416889280081e-02   5.332389101386e-02  -1.693066805601e-01   8.319454640150e-02   4.629522562027e-02  -1.633458137512e-01   1.756167709827e-01   6.716955453157e-02  -1.606325656176e-01 
  8.768583089113e-02  -2.367127873003e-02  -1.812782287598e-01   7.901830971241e-02  -1.902265846729e-02  -1.463499516249e-01   8.760454505682e-02   6.507183611393e-02  -1.505440920591e-01 
  8.760454505682e-02   6.507183611393e-02  -1.505440920591e-01   0.000000000000e+00  -2.810898609459e-02  -2.309399396181e-01   0.000000000000e+00  -2.810898609459e-02  -2.309399396181e-01 
  1.293113175780e-02  -7.024927437305e-02  -2.322601079941e-01   1.210439428687e-01   2.726534195244e-02  -1.724290996790e-01   5.940162390471e-02   1.871897466481e-02  -1.638211309910e-01 
  1.633324027061e-01   4.052348434925e-03  -1.383078396320e-01   4.282024875283e-02   3.847564756870e-02  -1.514807492495e-01   8.718595653772e-02   1.317883282900e-02  -1.597026139498e-01 
  2.020050585270e-01  -7.531165331602e-02  -1.955808997154e-01   2.020050585270e-01  -7.531165331602e-02  -1.955808997154e-01   0.000000000000e+00   0.000000000000e+00  -1.994628906250e-01 
  0.000000000000e+00   0.000000000000e+00  -1.994628906250e-01  -3.219102276489e-03   0.000000000000e+00  -1.948150843382e-01   4.734444245696e-02   0.000000000000e+00  -1.739989966154e-01 
 -1.406494677067e-01   0.000000000000e+00  -2.248504012823e-01   2.007391154766e-01   0.000000000000e+00  -1.331517547369e-01   1.635188013315e-01   0.000000000000e+00  -1.246469765902e-01 
  1.313402652740e-01   0.000000000000e+00  -1.274502426386e-01   3.433081507683e-01   0.000000000000e+00  -1.242549493909e-01   3.433081507683e-01   0.000000000000e+00  -1.242549493909e-01 
  0.000000000000e+00   0.000000000000e+00  -1.994628906250e-01   0.000000000000e+00   0.000000000000e+00  -1.994628906250e-01  -3.219102276489e-03   0.000000000000e+00  -1.948150843382e-01 
  4.734444245696e-02   0.000000000000e+00  -1.739989966154e-01  -1.406494677067e-01   0.000000000000e+00  -2.248504012823e-01   2.007391154766e-01   0.000000000000e+00  -1.331517547369e-01 
  1.635188013315e-01   0.000000000000e+00  -1.246469765902e-01   1.313402652740e-01   0.000000000000e+00  -1.274502426386e-01   3.433081507683e-01   0.000000000000e+00  -1.242549493909e-01 
  3.433081507683e-01   0.000000000000e+00  -1.242549493909e-01   0.000000000000e+00  -1.283116340637e-01  -2.395271658897e-01   0.000000000000e+00  -1.283116340637e-01  -2.395271658897e-01 
  2.687212824821e-02  -1.211356595159e-01  -2.184475213289e-01   9.812734276056e-02  -8.842680603266e-02  -1.759339570999e-01   1.025652512908e-01  -6.464529037476e-02  -1.557354480028e-01 
  2.662847749889e-02  -6.115023419261e-02  -1.402379572392e-01  -6.376818567514e-02  -8.626248687506e-02  -1.633159220219e-01   8.916731923819e-03  -1.155456379056e-01  -1.667022109032e-01 
  8.172785490751e-02  -1.920108944178e-01  -1.829755157232e-01   8.172785490751e-02  -1.920108944178e-01  -1.829755157232e-01   0.000000000000e+00  -1.283116340637e-01  -2.395271658897e-01 
  0.000000000000e+00  -1.283116340637e-01  -2.395271658897e-01   2.687212824821e-02  -1.211356595159e-01  -2.184475213289e-01   9.812734276056e-02  -8.842680603266e-02  -1.759339570999e-01 
  1.025652512908e-01  -6.464529037476e-02  -1.557354480028e-01   2.662847749889e-02  -6.115023419261e-02  -1.402379572392e-01  -6.376818567514e-02  -8.626248687506e-02  -1.633159220219e-01 
  8.916731923819e-03  -1.155456379056e-01  -1.667022109032e-01   8.172785490751e-02  -1.920108944178e-01  -1.829755157232e-01   8.172785490751e-02  -1.920108944178e-01  -1.829755157232e-01 
  0.000000000000e+00   3.260784223676e-02  -1.974532306194e-01   0.000000000000e+00   3.260784223676e-02  -1.974532306194e-01  -7.394769694656e-03  -1.462660878897e-01  -2.169763594866e-01 
  1.114480867982e-01  -2.691883742809e-01  -2.015926241875e-01   1.229147613049e-01  -1.532592624426e-01  -1.978173553944e-01   4.224120080471e-02  -3.919404372573e-02  -1.453071981668e-01 
  3.247780352831e-02  -1.914610341191e-02  -1.411114484072e-01   3.088482096791e-02  -1.423895917833e-02  -1.346927583218e-01   1.209823191166e-01   4.221583902836e-02  -1.405323892832e-01 
  1.209823191166e-01   4.221583902836e-02  -1.405323892832e-01   0.000000000000e+00   1.487771328539e-02  -1.942135542631e-01   0.000000000000e+00   1.487771328539e-02  -1.942135542631e-01 
  1.070871800184e-01   5.072340834886e-03  -1.749707609415e-01   6.224694848061e-02   1.524214353412e-02  -1.470879763365e-01   4.807168617845e-02  -8.283586800098e-02  -1.582192182541e-01 
  5.163658410311e-02  -1.493124663830e-01  -1.591126024723e-01   5.915702879429e-02  -1.063387319446e-01  -1.889462620020e-01   1.547753959894e-01  -8.473242819309e-02  -1.399491280317e-01 
  1.123135015368e-01  -4.982842132449e-02  -1.411379128695e-01   1.123135015368e-01  -4.982842132449e-02  -1.411379128695e-01   0.000000000000e+00  -3.751207550522e-04  -2.151804864407e-01 
  0.000000000000e+00  -3.751207550522e-04  -2.151804864407e-01  -6.369329988956e-02  -5.806528776884e-02  -2.330758720636e-01   2.324296161532e-02  -1.014926191419e-02  -1.777784526348e-01 
  3.636185824871e-02  -7.052370905876e-02  -1.586977839470e-01  -3.064097545575e-04  -6.412253528833e-02  -1.504507511854e-01   2.258720993996e-02  -1.456251926720e-02  -1.604705899954e-01 
  1.069339513779e-01  -4.571854695678e-02  -1.578820496798e-01   3.781314939260e-02  -1.512075811625e-01  -1.940975338221e-01   3.781314939260e-02  -1.512075811625e-01  -1.940975338221e-01 
  0.000000000000e+00  -1.944029005244e-03  -1.923359334469e-01   0.000000000000e+00  -1.944029005244e-03  -1.923359334469e-01  -1.745445467532e-02  -2.826793119311e-02  -2.011329531670e-01 
  1.108868420124e-01   1.380421872454e-05  -2.053394466639e-01   1.122790351510e-01  -3.399944305420e-02  -2.112296819687e-01   1.196939572692e-01   5.071872472763e-02  -1.480969041586e-01 
  1.133291423321e-02  -2.937993407249e-02  -1.448556184769e-01  -3.651212900877e-02  -4.776231944561e-03  -1.440369486809e-01  -6.329829245806e-02  -4.417081829160e-03  -1.703512072563e-01 
 -6.329829245806e-02  -4.417081829160e-03  -1.703512072563e-01   0.000000000000e+00  -1.661959849298e-02  -2.072689682245e-01   0.000000000000e+00  -1.661959849298e-02  -2.072689682245e-01 
  2.687869593501e-02  -6.131169199944e-02  -1.858043372631e-01   6.416889280081e-02   5.332389101386e-02  -1.693066805601e-01   8.319454640150e-02   4.629522562027e-02  -1.633458137512e-01 
  1.756167709827e-01   6.716955453157e-02  -1.606325656176e-01   8.768583089113e-02  -2.367127873003e-02  -1.812782287598e-01   7.901830971241e-02  -1.902265846729e-02  -1.463499516249e-01 
  8.760454505682e-02   6.507183611393e-02  -1.505440920591e-01   8.760454505682e-02   6.507183611393e-02  -1.505440920591e-01   0.000000000000e+00  -2.810898609459e-02  -2.309399396181e-01 
  0.000000000000e+00  -2.810898609459e-02  -2.309399396181e-01   1.293113175780e-02  -7.024927437305e-02  -2.322601079941e-01   1.210439428687e-01   2.726534195244e-02  -1.724290996790e-01 
  5.940162390471e-02   1.871897466481e-02  -1.638211309910e-01   1.633324027061e-01   4.052348434925e-03  -1.383078396320e-01   4.282024875283e-02   3.847564756870e-02  -1.514807492495e-01 
  8.718595653772e-02   1.317883282900e-02  -1.597026139498e-01   2.020050585270e-01  -7.531165331602e-02  -1.955808997154e-01   2.020050585270e-01  -7.531165331602e-02  -1.955808997154e-01 
  0.000000000000e+00   0.000000000000e+00  -1.994628906250e-01   0.000000000000e+00   0.000000000000e+00  -1.994628906250e-01  -3.219102276489e-03   0.000000000000e+00  -1.948150843382e-01 
  4.734444245696e-02   0.000000000000e+00  -1.739989966154e-01  -1.406494677067e-01   0.000000000000e+00  -2.248504012823e-01   2.007391154766e-01   0.000000000000e+00  -1.331517547369e-01 
  1.635188013315e-01   0.000000000000e+00  -1.246469765902e-01   1.313402652740e-01   0.000000000000e+00  -1.274502426386e-01   3.433081507683e-01   0.000000000000e+00  -1.242549493909e-01 
  3.433081507683e-01   0.000000000000e+00  -1.242549493909e-01   0.000000000000e+00   0.000000000000e+00  -1.994628906250e-01   0.000000000000e+00   0.000000000000e+00  -1.994628906250e-01 
 -3.219102276489e-03   0.000000000000e+00  -1.948150843382e-01   4.734444245696e-02   0.000000000000e+00  -1.739989966154e-01  -1.406494677067e-01   0.000000000000e+00  -2.248504012823e-01 
  2.007391154766e-01   0.000000000000e+00  -1.331517547369e-01   1.635188013315e-01   0.000000000000e+00  -1.246469765902e-01   1.313402652740e-01   0.000000000000e+00  -1.274502426386e-01 
  3.433081507683e-01   0.000000000000e+00  -1.242549493909e-01   3.433081507683e-01   0.000000000000e+00  -1.242549493909e-01   0.000000000000e+00  -1.550215631723e-01  -6.466645002365e-01 
  0.000000000000e+00  -1.550215631723e-01  -6.466645002365e-01   3.535826802254e-01  -1.286481022835e-01  -9.744629859924e-01   5.776731967926e-01  -8.525019139051e-02  -9.012257456779e-01 
  6.703925132751e-01   4.863864928484e-02  -8.894531130791e-01   1.010234236717e+00   2.897060662508e-02  -3.894124925137e-01   0.000000000000e+00  -2.033336274326e-02  -3.668408095837e-02 
 -8.707618117332e-01  -4.240414202213e-01  -3.329778835177e-02  -8.361803293228e-01  -6.139642372727e-02  -1.702448911965e-02  -8.361803293228e-01  -6.139642372727e-02  -1.702448911965e-02 
  0.000000000000e+00  -1.550215631723e-01  -6.466645002365e-01   0.000000000000e+00  -1.550215631723e-01  -6.466645002365e-01   3.535826802254e-01  -1.286481022835e-01  -9.744629859924e-01 
  5.776731967926e-01  -8.525019139051e-02  -9.012257456779e-01   6.703925132751e-01   4.863864928484e-02  -8.894531130791e-01   1.010234236717e+00   2.897060662508e-02  -3.894124925137e-01 
  0.000000000000e+00  -2.033336274326e-02  -3.668408095837e-02  -8.707618117332e-01  -4.240414202213e-01  -3.329778835177e-02  -8.361803293228e-01  -6.139642372727e-02  -1.702448911965e-02 
 -8.361803293228e-01  -6.139642372727e-02  -1.702448911965e-02   0.000000000000e+00   1.217172890902e-01  -1.201946377754e+00   0.000000000000e+00   1.217172890902e-01  -1.201946377754e+00 
  2.895011603832e-01   2.471833303571e-02  -7.365490198135e-01   2.315499037504e-01   1.561457663774e-02  -7.142037153244e-01   3.138597309589e-01   1.310765743256e-01  -3.894215524197e-01 
  4.955368340015e-01   2.743517793715e-02  -2.203506082296e-01   4.446411132812e-02  -1.270190812647e-02  -5.888855084777e-02   4.754505679011e-02  -3.762700557709e-01  -6.530724465847e-02 
  1.163815185428e-01   4.204986616969e-02  -5.946761742234e-02   1.163815185428e-01   4.204986616969e-02  -5.946761742234e-02   0.000000000000e+00   5.467542633414e-02  -9.617092609406e-01 
  0.000000000000e+00   5.467542633414e-02  -9.617092609406e-01   2.553363442421e-01   2.892216667533e-02  -7.913693189621e-01   3.099453449249e-01   1.924161463976e-01  -6.038879156113e-01 
  1.121793508530e+00  -4.071468412876e-01  -5.010506510735e-01   1.370266437531e+00  -2.076816856861e-01  -5.588008165359e-01  -2.435110136867e-02  -1.289364397526e-01  -6.766726374626e-01 
  1.437695324421e-01  -9.048026055098e-02  -3.456626236439e-01   4.073154926300e-02  -5.434524267912e-02  -4.252846240997e-01   4.073154926300e-02  -5.434524267912e-02  -4.252846240997e-01 
  0.000000000000e+00   3.488748520613e-02  -1.203981280327e+00   0.000000000000e+00   3.488748520613e-02  -1.203981280327e+00   3.292382359505e-01   1.890120953321e-01  -5.907838344574e-01 
  4.395332634449e-01  -2.156900614500e-02  -6.736109852791e-01   4.732197225094e-01  -2.756044566631e-01  -6.192327141762e-01  -7.274367213249e-01  -6.173346191645e-02  -3.480494022369e-01 
 -3.788823485374e-01  -1.718386411667e-01  -6.480418443680e-01   1.959735304117e-01  -9.958829730749e-02  -5.527534484863e-01  -1.995592266321e-01  -1.532595902681e-01  -7.383549809456e-01 
 -1.995592266321e-01  -1.532595902681e-01  -7.383549809456e-01   0.000000000000e+00   1.080710962415e-01  -9.590402841568e-01   0.000000000000e+00   1.080710962415e-01  -9.590402841568e-01 
  1.547146141529e-01   8.192931115627e-02  -8.623179793358e-01   2.898494601250e-01  -1.544057279825e-01  -9.245991110802e-01   5.055409073830e-01   1.186104044318e-01  -6.705212593079e-01 
  9.919375926256e-02   1.049456074834e-01  -3.619583845139e-01  -1.837747246027e-01  -6.894106417894e-02  -5.354279875755e-01   5.534005165100e-01  -1.338936686516e-01  -5.896800160408e-01 
 -5.137974619865e-01  -1.773802191019e-01  -7.835439443588e-01  -5.137974619865e-01  -1.773802191019e-01  -7.835439443588e-01   0.000000000000e+00   4.575319215655e-02  -9.457044601440e-01 
  0.000000000000e+00   4.575319215655e-02  -9.457044601440e-01   2.374231666327e-01   1.610690206289e-01  -6.902138590813e-01   3.912231922150e-01   1.226517185569e-01  -8.277013897896e-01 
  6.187207698822e-01   2.903059720993e-01  -7.604704499245e-01   3.796480298042e-01   7.853803783655e-02  -5.473151803017e-01   8.229593932629e-02  -2.555568143725e-02   2.024702876806e-01 
  1.820968091488e-01   2.081486862153e-03   1.419995725155e-01  -1.025367826223e-01   7.970800250769e-02  -4.612801671028e-01  -1.025367826223e-01   7.970800250769e-02  -4.612801671028e-01 
  0.000000000000e+00  -3.873687982559e-02  -7.982260584831e-01   0.000000000000e+00  -3.873687982559e-02  -7.982260584831e-01   3.136270120740e-02  -1.350899934769e-01  -7.460517883301e-01 
  2.566019296646e-01   2.278684079647e-01  -1.087775468826e+00   3.919559717178e-01  -1.000448539853e-01  -8.261010050774e-01   1.722454130650e-01  -3.199137374759e-02  -8.496661186218e-01 
  0.000000000000e+00   3.437618166208e-02  -5.779422521591e-01   1.033028513193e-01   3.645522519946e-02  -3.223580718040e-01   8.262444287539e-02   1.102967336774e-01  -2.872807383537e-01 
  8.262444287539e-02   1.102967336774e-01  -2.872807383537e-01   0.000000000000e+00   0.000000000000e+00  -1.073611974716e+00   0.000000000000e+00   0.000000000000e+00  -1.073611974716e+00 
  4.004420936108e-01   0.000000000000e+00  -5.646773576736e-01   3.038227558136e-01   0.000000000000e+00  -9.952099323273e-01  -1.649959802628e+00   0.000000000000e+00  -8.171200156212e-01 
 -1.869612216949e+00   0.000000000000e+00  -9.323104619980e-01  -3.166038393974e-01   9.159108594758e-05  -7.535302639008e-02   1.172941476107e-01   2.505837706849e-03  -7.254975289106e-02 
  3.049744367599e-01   0.000000000000e+00  -7.574505358934e-02   3.049744367599e-01   0.000000000000e+00  -7.574505358934e-02   0.000000000000e+00   0.000000000000e+00  -1.073611974716e+00 
  0.000000000000e+00   0.000000000000e+00  -1.073611974716e+00   4.004420936108e-01   0.000000000000e+00  -5.646773576736e-01   3.038227558136e-01   0.000000000000e+00  -9.952099323273e-01 
 -1.649959802628e+00   0.000000000000e+00  -8.171200156212e-01  -1.869612216949e+00   0.000000000000e+00  -9.323104619980e-01  -3.166038393974e-01   9.159108594758e-05  -7.535302639008e-02 
  1.172941476107e-01   2.505837706849e-03  -7.254975289106e-02   3.049744367599e-01   0.000000000000e+00  -7.574505358934e-02   3.049744367599e-01   0.000000000000e+00  -7.574505358934e-02 
  0.000000000000e+00   2.346552349627e-02  -1.630127429962e-01   0.000000000000e+00   2.346552349627e-02  -1.630127429962e-01   2.092040330172e-01  -1.674432866275e-02   2.008611857891e-01 
  2.301090508699e-01  -1.134292222559e-02  -2.719888985157e-01   6.146439313889e-01   7.307932525873e-02  -7.527760267258e-01   0.000000000000e+00  -7.940915226936e-02  -2.656578123569e-01 
  0.000000000000e+00  -3.938819169998e-01  -1.000000014901e-01  -9.371696710587e-01  -4.879581034184e-01   1.293035000563e-01  -8.389832377434e-01  -2.213430404663e-01   1.720115095377e-01 
 -8.389832377434e-01  -2.213430404663e-01   1.720115095377e-01   0.000000000000e+00   2.346552349627e-02  -1.630127429962e-01   0.000000000000e+00   2.346552349627e-02  -1.630127429962e-01 
  2.092040330172e-01  -1.674432866275e-02   2.008611857891e-01   2.301090508699e-01  -1.134292222559e-02  -2.719888985157e-01   6.146439313889e-01   7.307932525873e-02  -7.527760267258e-01 
  0.000000000000e+00  -7.940915226936e-02  -2.656578123569e-01   0.000000000000e+00  -3.938819169998e-01  -1.000000014901e-01  -9.371696710587e-01  -4.879581034184e-01   1.293035000563e-01 
 -8.389832377434e-01  -2.213430404663e-01   1.720115095377e-01  -8.389832377434e-01  -2.213430404663e-01   1.720115095377e-01   0.000000000000e+00   2.067093253136e-01  -2.603856027126e-01 
  0.000000000000e+00   2.067093253136e-01  -2.603856027126e-01   1.954012811184e-01   8.950292132795e-03  -1.814552545547e-01   1.200984790921e-01  -1.695445738733e-02  -1.695010811090e-01 
  2.664060592651e-01   8.480193465948e-02  -3.380812406540e-01  -1.429564952850e-01  -2.287559956312e-01  -3.393304646015e-01  -6.053305864334e-01  -3.255785405636e-01  -9.158308058977e-02 
 -3.371333479881e-01  -4.025420844555e-01   1.720115095377e-01  -5.497134923935e-01  -2.026005685329e-01   7.212161272764e-02  -5.497134923935e-01  -2.026005685329e-01   7.212161272764e-02 
  0.000000000000e+00  -1.153273358941e-01  -2.544704973698e-01   0.000000000000e+00  -1.153273358941e-01  -2.544704973698e-01   1.301332712173e-01  -1.115368977189e-01  -4.885122776031e-01 
  2.138986438513e-01  -1.291712075472e-01  -7.496985197067e-01   3.652599751949e-01  -2.369770258665e-01  -4.553210735321e-01  -4.267311990261e-01  -1.939919888973e-01  -5.048859715462e-01 
 -8.145375251770e-01  -3.652131557465e-02  -2.979876101017e-01  -2.472296506166e-01   0.000000000000e+00  -3.291300833225e-01  -1.063768714666e-01  -8.146677166224e-02  -4.610094428062e-01 
 -1.063768714666e-01  -8.146677166224e-02  -4.610094428062e-01   0.000000000000e+00   8.990180678666e-03  -4.871335029602e-01   0.000000000000e+00   8.990180678666e-03  -4.871335029602e-01 
  1.827068030834e-01  -6.778620649129e-03  -2.343816459179e-01   1.851019561291e-01  -2.588553726673e-02  -3.545419275761e-01  -3.134686350822e-01  -1.746130287647e-01  -6.025275588036e-01 
 -6.434792280197e-01  -2.983243577182e-02  -5.161072611809e-01  -6.347020864487e-01   3.030153922737e-02  -1.574650257826e-01  -3.666870892048e-01  -2.490076981485e-02  -3.335237503052e-01 
 -2.372310161591e-01  -1.041302904487e-01  -6.296358704567e-01  -2.372310161591e-01  -1.041302904487e-01  -6.296358704567e-01   0.000000000000e+00   1.385771390051e-02  -3.282950222492e-01 
  0.000000000000e+00   1.385771390051e-02  -3.282950222492e-01   2.395490109921e-01   1.566155999899e-01  -3.006091415882e-01  -4.710972309113e-02   2.123321145773e-01  -2.274204343557e-01 
 -2.307914495468e-01  -6.020548939705e-02  -9.740057587624e-02  -6.383131742477e-01   2.869504317641e-02  -2.694132030010e-01  -5.513553619385e-01   1.004429385066e-01  -3.289930522442e-01 
  1.315841972828e-01  -3.403439000249e-02  -5.463088750839e-01   0.000000000000e+00  -8.641764521599e-02  -6.525139808655e-01   0.000000000000e+00  -8.641764521599e-02  -6.525139808655e-01 
  0.000000000000e+00   1.986139826477e-02  -3.109377622604e-01   0.000000000000e+00   1.986139826477e-02  -3.109377622604e-01   1.815397441387e-01   6.812399625778e-02  -3.536382317543e-01 
  3.662927150726e-01   1.427698135376e-01  -1.395762413740e-01   5.004106760025e-01   1.553379446268e-01  -6.418386101723e-01   3.944272398949e-01   1.290530711412e-01  -5.550931096077e-01 
  3.871985524893e-02  -1.223332732916e-01  -1.129750832915e-01   1.376843601465e-01   3.451792290434e-04  -3.687421083450e-01  -8.354227244854e-02   6.246397644281e-02  -1.050196290016e+00 
 -8.354227244854e-02   6.246397644281e-02  -1.050196290016e+00   0.000000000000e+00  -8.399222046137e-03  -5.360375046730e-01   0.000000000000e+00  -8.399222046137e-03  -5.360375046730e-01 
 -4.268945753574e-02  -4.357522726059e-02  -4.338455796242e-01   2.386049628258e-01  -6.466658413410e-02  -9.007765650749e-01   5.751546621323e-01   9.005885571241e-03  -1.220840930939e+00 
  3.951452374458e-01   2.752389200032e-02  -1.028366684914e+00   2.026088088751e-01  -7.839567959309e-02  -5.484452247620e-01   2.201818227768e-01  -9.672531858087e-03  -4.547296762466e-01 
  2.382988296449e-02   6.246397644281e-02  -1.098029017448e+00   2.382988296449e-02   6.246397644281e-02  -1.098029017448e+00   0.000000000000e+00   0.000000000000e+00  -6.243315339088e-01 
  0.000000000000e+00   0.000000000000e+00  -6.243315339088e-01   1.901516616344e-01   0.000000000000e+00  -3.405856490135e-01   5.952229723334e-02   0.000000000000e+00  -1.249336600304e+00 
  2.372949868441e-01   7.975808111951e-04  -1.454778194427e+00  -7.238172292709e-01   2.233420964330e-03  -1.189011693001e+00  -4.139027297497e-01  -3.963236138225e-02  -4.073827564716e-01 
  2.709343843162e-02  -1.340991072357e-02  -1.159649789333e-01   2.438513189554e-01   0.000000000000e+00  -1.000000014901e-01   2.438513189554e-01   0.000000000000e+00  -1.000000014901e-01 
  0.000000000000e+00   0.000000000000e+00  -6.243315339088e-01   0.000000000000e+00   0.000000000000e+00  -6.243315339088e-01   1.901516616344e-01   0.000000000000e+00  -3.405856490135e-01 
  5.952229723334e-02   0.000000000000e+00  -1.249336600304e+00   2.372949868441e-01   7.975808111951e-04  -1.454778194427e+00  -7.238172292709e-01   2.233420964330e-03  -1.189011693001e+00 
 -4.139027297497e-01  -3.963236138225e-02  -4.073827564716e-01   2.709343843162e-02  -1.340991072357e-02  -1.159649789333e-01   2.438513189554e-01   0.000000000000e+00  -1.000000014901e-01 
  2.438513189554e-01   0.000000000000e+00  -1.000000014901e-01   0.000000000000e+00  -2.421973273158e-02  -1.143884062767e+00   0.000000000000e+00  -2.421973273158e-02  -1.143884062767e+00 
  8.771417289972e-02  -1.495714932680e-01  -7.886173129082e-01   4.643061459064e-01  -9.231871366501e-02  -6.954075694084e-01   0.000000000000e+00  -4.660640656948e-02  -1.000000014901e-01 
  0.000000000000e+00  -9.515931457281e-02  -1.460639387369e-01   0.000000000000e+00  -2.837106883526e-01  -1.000000014901e-01   0.000000000000e+00  -2.212372571230e-01   2.147195190191e-01 
 -1.191945299506e-01  -1.650161109865e-02  -1.299452334642e-01  -1.191945299506e-01  -1.650161109865e-02  -1.299452334642e-01   0.000000000000e+00  -2.421973273158e-02  -1.143884062767e+00 
  0.000000000000e+00  -2.421973273158e-02  -1.143884062767e+00   8.771417289972e-02  -1.495714932680e-01  -7.886173129082e-01   4.643061459064e-01  -9.231871366501e-02  -6.954075694084e-01 
  0.000000000000e+00  -4.660640656948e-02  -1.000000014901e-01   0.000000000000e+00  -9.515931457281e-02  -1.460639387369e-01   0.000000000000e+00  -2.837106883526e-01  -1.000000014901e-01 
  0.000000000000e+00  -2.212372571230e-01   2.147195190191e-01  -1.191945299506e-01  -1.650161109865e-02  -1.299452334642e-01  -1.191945299506e-01  -1.650161109865e-02  -1.299452334642e-01 
  0.000000000000e+00   1.445478051901e-01  -8.082798123360e-01   0.000000000000e+00   1.445478051901e-01  -8.082798123360e-01   1.805668920279e-01   3.369681735421e-06  -5.249324440956e-01 
  3.040878176689e-01  -3.440767154098e-02  -3.800688087940e-01   1.409414559603e-01   2.990985848010e-02  -1.722569316626e-01   0.000000000000e+00   0.000000000000e+00  -1.000000014901e-01 
  0.000000000000e+00  -2.551021873951e-01   7.277096509933e-01  -4.105858802795e-01  -2.025596648455e-01   1.999719738960e-01  -1.175452619791e-01   2.155516110361e-02   1.720115095377e-01 
 -1.175452619791e-01   2.155516110361e-02   1.720115095377e-01   0.000000000000e+00  -3.084567189217e-02  -1.910540610552e-01   0.000000000000e+00  -3.084567189217e-02  -1.910540610552e-01 
  8.505190163851e-02  -6.442964822054e-02  -4.871210157871e-01   2.645050287247e-01  -8.620041608810e-02  -4.616881012917e-01   0.000000000000e+00  -1.902424395084e-01  -7.050298899412e-02 
 -1.038595438004e+00  -2.609847187996e-01   1.493221759796e+00  -1.085068345070e+00  -1.477530002594e-01   1.204549551010e+00  -9.674429893494e-01  -8.168679475784e-02   7.777019739151e-01 
 -4.182201921940e-01   0.000000000000e+00   2.086024135351e-01  -4.182201921940e-01   0.000000000000e+00   2.086024135351e-01   0.000000000000e+00   6.999567896128e-02  -5.580247640610e-01 
  0.000000000000e+00   6.999567896128e-02  -5.580247640610e-01  -7.844891399145e-03  -1.606439650059e-01  -4.533616602421e-01   9.001562744379e-02  -5.740757659078e-02  -5.621506571770e-01 
 -2.574110031128e-01  -8.917261660099e-02  -7.677251696587e-01  -5.224171280861e-01  -6.939751654863e-02   6.563398838043e-01  -9.624383449554e-01  -2.770170569420e-02   9.704802036285e-01 
 -7.664532065392e-01  -2.162269316614e-02   8.938274383545e-01  -4.617749750614e-01  -5.309874936938e-02  -9.157348424196e-02  -4.617749750614e-01  -5.309874936938e-02  -9.157348424196e-02 
  0.000000000000e+00   8.057802915573e-02  -6.062954068184e-01   0.000000000000e+00   8.057802915573e-02  -6.062954068184e-01   1.061744689941e-01   9.386663883924e-02  -8.065952658653e-01 
  1.099126636982e-01   1.161250025034e-01  -5.722311139107e-01   1.127266809344e-01  -1.451388746500e-02  -3.116894960403e-01   1.421072334051e-01   1.473288866691e-03   5.786242336035e-02 
  0.000000000000e+00   2.759635634720e-02  -8.365647196770e-01   1.141151636839e-01  -8.625925402157e-04  -6.901565790176e-01   2.701824903488e-02  -4.702503606677e-02  -6.102479100227e-01 
  2.701824903488e-02  -4.702503606677e-02  -6.102479100227e-01   0.000000000000e+00   6.613487005234e-02  -5.660662055016e-01   0.000000000000e+00   6.613487005234e-02  -5.660662055016e-01 
  1.258082538843e-01   5.474233254790e-02  -6.311644315720e-01   1.839930415154e-01   1.628885865211e-01  -7.330843806267e-01   3.497212231159e-01   2.184773236513e-01  -6.233069300652e-01 
  2.711241841316e-01   2.751610241830e-02  -8.355977535248e-01   1.150442659855e-01  -1.577145308256e-01  -1.145361900330e+00   1.966039687395e-01  -1.200041696429e-01  -1.104582071304e+00 
  0.000000000000e+00  -9.936586953700e-03  -1.000000014901e-01   0.000000000000e+00  -9.936586953700e-03  -1.000000014901e-01   0.000000000000e+00   4.530592262745e-02  -5.682100057602e-01 
  0.000000000000e+00   4.530592262745e-02  -5.682100057602e-01   4.478189721704e-02  -8.892114274204e-03  -4.161722064018e-01   2.785279750824e-01  -3.437945246696e-02  -1.560492873192e+00 
  4.022518694401e-01   7.699129730463e-02  -1.413425207138e+00   5.575206875801e-01  -3.225643187761e-02  -9.565270543098e-01   2.827395200729e-01  -6.581743806601e-02  -1.104582071304e+00 
  2.945780754089e-01  -8.452630043030e-02  -1.068093538284e+00   1.398172378540e-01  -1.250646915287e-02  -7.168529033661e-01   1.398172378540e-01  -1.250646915287e-02  -7.168529033661e-01 
  0.000000000000e+00   0.000000000000e+00  -5.452523231506e-01   0.000000000000e+00   0.000000000000e+00  -5.452523231506e-01   7.561060786247e-02   0.000000000000e+00  -1.195941343904e-01 
  3.360863029957e-01   0.000000000000e+00  -8.738849759102e-01   3.356034755707e-01   2.849952143151e-04  -2.000946521759e+00   0.000000000000e+00  -2.132091857493e-02  -1.670719504356e+00 
  4.191008508205e-01  -4.279736056924e-02  -1.146752238274e+00   3.636749982834e-01  -4.784308373928e-02  -9.314004182816e-01   1.948422342539e-01  -2.877152711153e-02  -4.194364547729e-01 
  1.948422342539e-01  -2.877152711153e-02  -4.194364547729e-01   0.000000000000e+00   0.000000000000e+00  -5.452523231506e-01   0.000000000000e+00   0.000000000000e+00  -5.452523231506e-01 
  7.561060786247e-02   0.000000000000e+00  -1.195941343904e-01   3.360863029957e-01   0.000000000000e+00  -8.738849759102e-01   3.356034755707e-01   2.849952143151e-04  -2.000946521759e+00 
  0.000000000000e+00  -2.132091857493e-02  -1.670719504356e+00   4.191008508205e-01  -4.279736056924e-02  -1.146752238274e+00   3.636749982834e-01  -4.784308373928e-02  -9.314004182816e-01 
  1.948422342539e-01  -2.877152711153e-02  -4.194364547729e-01   1.948422342539e-01  -2.877152711153e-02  -4.194364547729e-01   0.000000000000e+00   5.691285058856e-02  -2.445126473904e-01 
  0.000000000000e+00   5.691285058856e-02  -2.445126473904e-01  -1.809337735176e-02  -1.881354860961e-02  -2.242872864008e-01   2.311955392361e-01  -2.534228861332e-01  -1.012262701988e+00 
  2.336711287498e-01  -1.269983351231e-01  -1.000000014901e-01   6.575568765402e-02   6.094254087657e-03  -8.806032687426e-02  -1.104218363762e-01  -1.718153804541e-01   5.427122488618e-02 
  0.000000000000e+00  -1.342710554600e-01  -1.000000014901e-01   0.000000000000e+00   0.000000000000e+00  -7.123127579689e-01   0.000000000000e+00   0.000000000000e+00  -7.123127579689e-01 
  0.000000000000e+00   5.691285058856e-02  -2.445126473904e-01   0.000000000000e+00   5.691285058856e-02  -2.445126473904e-01  -1.809337735176e-02  -1.881354860961e-02  -2.242872864008e-01 
  2.311955392361e-01  -2.534228861332e-01  -1.012262701988e+00   2.336711287498e-01  -1.269983351231e-01  -1.000000014901e-01   6.575568765402e-02   6.094254087657e-03  -8.806032687426e-02 
 -1.104218363762e-01  -1.718153804541e-01   5.427122488618e-02   0.000000000000e+00  -1.342710554600e-01  -1.000000014901e-01   0.000000000000e+00   0.000000000000e+00  -7.123127579689e-01 
  0.000000000000e+00   0.000000000000e+00  -7.123127579689e-01   0.000000000000e+00   8.768974244595e-02  -1.054232716560e-01   0.000000000000e+00   8.768974244595e-02  -1.054232716560e-01 
  1.631934344769e-01   4.021006822586e-02   4.707958176732e-02   5.554120540619e-01  -1.597783714533e-01  -1.096507906914e-01   4.815152883530e-01  -1.073682680726e-01   2.581128180027e-01 
 -4.946184754372e-01   6.101787835360e-02  -1.000000014901e-01  -1.956521272659e-01   2.695973403752e-02   1.341210007668e+00  -7.793407142162e-02  -1.267012357712e-01   7.586961984634e-02 
 -5.954243987799e-02   0.000000000000e+00  -1.000000014901e-01  -5.954243987799e-02   0.000000000000e+00  -1.000000014901e-01   0.000000000000e+00   1.409768015146e-01  -3.557251393795e-01 
  0.000000000000e+00   1.409768015146e-01  -3.557251393795e-01  -3.005059435964e-02   8.132992684841e-02  -3.551682829857e-01   2.156220823526e-01   2.042543143034e-03  -5.657392740250e-01 
  7.860372960567e-02  -1.226315274835e-01   8.365759849548e-01  -7.238378524780e-01   8.292628079653e-02   2.090307474136e+00  -2.768673002720e-01   8.442442119122e-02   2.055430889130e+00 
 -3.322175517678e-02   4.720011353493e-02  -1.000000014901e-01  -2.178888395429e-02   3.976555075496e-03  -3.017132356763e-02  -2.178888395429e-02   3.976555075496e-03  -3.017132356763e-02 
  0.000000000000e+00   2.345645874739e-01  -3.876012861729e-01   0.000000000000e+00   2.345645874739e-01  -3.876012861729e-01  -2.812363766134e-02   8.437450230122e-02  -4.075845181942e-01 
  1.694605499506e-02   8.990156464279e-03  -4.704176783562e-01  -3.046270608902e-01  -1.751418970525e-02  -2.099919170141e-01  -8.033356666565e-01   8.292628079653e-02   1.301340937614e+00 
 -8.146639466286e-01   1.411276310682e-01   1.181372642517e+00  -3.594591617584e-01   6.033220514655e-02   1.007785320282e+00  -2.101993560791e-01   2.981301397085e-02   3.298535346985e-01 
 -2.101993560791e-01   2.981301397085e-02   3.298535346985e-01   0.000000000000e+00   2.472113072872e-01  -4.651313126087e-01   0.000000000000e+00   2.472113072872e-01  -4.651313126087e-01 
 -2.897246927023e-02   1.947294622660e-01  -4.140645265579e-01   4.121737554669e-02   7.080440223217e-02  -6.496249437332e-01   0.000000000000e+00   0.000000000000e+00  -7.822402119637e-01 
  7.279800623655e-02   2.892785333097e-02   1.803947389126e-01   1.079221740365e-01   4.649097099900e-02  -8.598509430885e-01   1.835587173700e-01   3.980708494782e-02  -8.834610581398e-01 
  1.123744547367e-01  -1.951200328767e-02  -5.905933976173e-01   1.123744547367e-01  -1.951200328767e-02  -5.905933976173e-01   0.000000000000e+00   1.875287666917e-02  -7.190897464752e-01 
  0.000000000000e+00   1.875287666917e-02  -7.190897464752e-01   6.035866215825e-02   5.692033469677e-02  -3.223678171635e-01   8.451076596975e-02   6.115635856986e-02  -4.306482076645e-01 
  1.302679896355e+00   1.402054131031e-01  -6.678001284599e-01   1.603748440742e+00   1.688510924578e-02  -8.574981689453e-01   2.827394306660e-01   0.000000000000e+00  -1.063802242279e+00 
  2.945778369904e-01  -4.426430165768e-02  -1.077882170677e+00   1.408711224794e-01  -2.632540836930e-02  -1.000000014901e-01   1.408711224794e-01  -2.632540836930e-02  -1.000000014901e-01 
  0.000000000000e+00  -8.907732367516e-02  -3.917450308800e-01   0.000000000000e+00  -8.907732367516e-02  -3.917450308800e-01   2.226167917252e-02  -3.603262454271e-02  -5.044189691544e-01 
  4.833188354969e-01   6.494118273258e-02  -6.405948996544e-01   7.012274861336e-01  -1.293324977160e-01  -1.034281611443e+00   6.747723221779e-01  -4.315319284797e-02  -9.372116923332e-01 
  4.357136189938e-01  -4.732767120004e-02  -9.676958918571e-01   4.078090786934e-01  -3.098701313138e-02  -9.647492766380e-01   0.000000000000e+00  -2.233478985727e-02  -7.798727154732e-01 
  0.000000000000e+00  -2.233478985727e-02  -7.798727154732e-01   0.000000000000e+00   0.000000000000e+00  -3.262356519699e-01   0.000000000000e+00   0.000000000000e+00  -3.262356519699e-01 
  2.779578045011e-02   0.000000000000e+00  -2.448510080576e-01   4.231077134609e-01   0.000000000000e+00  -5.592748988420e-03   5.339107513428e-01   6.236518733203e-03  -6.843776106834e-01 
  6.462261676788e-01  -8.962952415459e-04  -1.066548109055e+00   5.498792529106e-01   0.000000000000e+00  -9.591615796089e-01   4.032787680626e-01   0.000000000000e+00  -9.771986007690e-01 
  0.000000000000e+00   0.000000000000e+00  -8.817453980446e-01   0.000000000000e+00   0.000000000000e+00  -8.817453980446e-01   0.000000000000e+00   0.000000000000e+00  -3.262356519699e-01 
  0.000000000000e+00   0.000000000000e+00  -3.262356519699e-01   2.779578045011e-02   0.000000000000e+00  -2.448510080576e-01   4.231077134609e-01   0.000000000000e+00  -5.592748988420e-03 
  5.339107513428e-01   6.236518733203e-03  -6.843776106834e-01   6.462261676788e-01  -8.962952415459e-04  -1.066548109055e+00   5.498792529106e-01   0.000000000000e+00  -9.591615796089e-01 
  4.032787680626e-01   0.000000000000e+00  -9.771986007690e-01   0.000000000000e+00   0.000000000000e+00  -8.817453980446e-01   0.000000000000e+00   0.000000000000e+00  -8.817453980446e-01 
  0.000000000000e+00   3.455099463463e-02  -6.385225057602e-01   0.000000000000e+00   3.455099463463e-02  -6.385225057602e-01  -3.754419460893e-02  -2.321952283382e-01  -4.417819976807e-01 
  2.501098513603e-01  -4.049895107746e-01  -5.745993256569e-01   2.221888601780e-01   0.000000000000e+00  -6.354155540466e-01   0.000000000000e+00   0.000000000000e+00  -4.512670636177e-01 
  0.000000000000e+00  -6.416385294870e-04  -7.449001669884e-01  -1.910948753357e-02  -6.690829247236e-02  -1.000000014901e-01  -2.460095332935e-03   0.000000000000e+00  -1.000000014901e-01 
 -2.460095332935e-03   0.000000000000e+00  -1.000000014901e-01   0.000000000000e+00   3.455099463463e-02  -6.385225057602e-01   0.000000000000e+00   3.455099463463e-02  -6.385225057602e-01 
 -3.754419460893e-02  -2.321952283382e-01  -4.417819976807e-01   2.501098513603e-01  -4.049895107746e-01  -5.745993256569e-01   2.221888601780e-01   0.000000000000e+00  -6.354155540466e-01 
  0.000000000000e+00   0.000000000000e+00  -4.512670636177e-01   0.000000000000e+00  -6.416385294870e-04  -7.449001669884e-01  -1.910948753357e-02  -6.690829247236e-02  -1.000000014901e-01 
 -2.460095332935e-03   0.000000000000e+00  -1.000000014901e-01  -2.460095332935e-03   0.000000000000e+00  -1.000000014901e-01   0.000000000000e+00   6.722819060087e-02  -7.016869187355e-01 
  0.000000000000e+00   6.722819060087e-02  -7.016869187355e-01   2.545642293990e-02  -1.084646210074e-01  -5.349182486534e-01   2.962565124035e-01  -4.279540777206e-01  -5.497098565102e-01 
  2.336711287498e-01   0.000000000000e+00  -4.227528572083e-01   0.000000000000e+00   0.000000000000e+00  -3.575404286385e-01  -3.322175517678e-02   0.000000000000e+00  -8.726212978363e-01 
 -3.322175517678e-02  -1.611569151282e-02  -8.726212978363e-01  -2.185935713351e-02  -2.119163051248e-03  -1.665495783091e-01  -2.185935713351e-02  -2.119163051248e-03  -1.665495783091e-01 
  0.000000000000e+00   1.700596511364e-02  -2.865054607391e-01   0.000000000000e+00   1.700596511364e-02  -2.865054607391e-01  -8.202914893627e-02   2.175643853843e-02  -3.683043718338e-01 
  9.615743905306e-02  -2.113221585751e-01  -4.664442539215e-01   1.489788442850e-01   4.957228153944e-02   1.554012149572e-01   0.000000000000e+00   9.012734144926e-02  -1.000000014901e-01 
 -1.275386512280e-01   3.744993358850e-02  -9.669381976128e-01   6.109514832497e-02   0.000000000000e+00  -8.726212978363e-01   0.000000000000e+00   4.405565850902e-04  -5.869632363319e-01 
  0.000000000000e+00   4.405565850902e-04  -5.869632363319e-01   0.000000000000e+00   4.245132952929e-02  -1.788227409124e-01   0.000000000000e+00   4.245132952929e-02  -1.788227409124e-01 
 -5.271634459496e-02   4.854942858219e-02  -2.171097546816e-01  -2.003193274140e-02  -1.585056073964e-02  -6.346614956856e-01   1.258160591125e+00   7.909747213125e-02   1.087833791971e-01 
 -3.652932047844e-01   1.537145972252e-01   7.763534188271e-01  -1.034126877785e-01   2.260837405920e-01  -1.000000014901e-01   0.000000000000e+00   0.000000000000e+00  -4.557884633541e-01 
  0.000000000000e+00   0.000000000000e+00  -4.850608706474e-01   0.000000000000e+00   0.000000000000e+00  -4.850608706474e-01   0.000000000000e+00   2.323594838381e-01  -2.481266111135e-01 
  0.000000000000e+00   2.323594838381e-01  -2.481266111135e-01  -8.932495862246e-02   2.191877663136e-01  -3.497532308102e-01   1.064624786377e-01   1.946531981230e-01  -8.445610404015e-01 
  2.581462144852e+00  -6.902002543211e-02  -1.000000014901e-01   2.300346851349e+00   6.582468748093e-02  -7.284204661846e-02   6.718319058418e-01   0.000000000000e+00  -1.000000014901e-01 
  1.279233843088e-01   0.000000000000e+00  -5.043342113495e-01   1.440124660730e-01  -1.582791213877e-03  -5.014039278030e-01   1.440124660730e-01  -1.582791213877e-03  -5.014039278030e-01 
  0.000000000000e+00   2.018044888973e-01  -4.005653858185e-01   0.000000000000e+00   2.018044888973e-01  -4.005653858185e-01  -4.571612551808e-02   1.024002209306e-01  -4.816571176052e-01 
  4.031736254692e-01   1.570704579353e-01  -1.129216432571e+00   4.116013526917e+00  -1.787773519754e-01  -1.095758914948e+00   4.116013526917e+00  -1.296564042568e-01  -6.213472485542e-01 
  9.144802093506e-01   0.000000000000e+00  -1.000000014901e-01   4.152977764606e-01  -2.328556217253e-02  -6.794370412827e-01   2.244661152363e-01  -2.439110353589e-02  -3.665980994701e-01 
  2.244661152363e-01  -2.439110353589e-02  -3.665980994701e-01   0.000000000000e+00  -5.525333434343e-02  -2.655703723431e-01   0.000000000000e+00  -5.525333434343e-02  -2.655703723431e-01 
  8.314613997936e-02  -6.360904872417e-02  -2.737036347389e-01   7.245737314224e-01   2.129124552011e-01  -1.984969139099e+00   1.558261871338e+00  -2.181854397058e-01  -1.750445365906e+00 
  3.439764976501e+00  -2.490754723549e-01  -8.829145431519e-01   1.337195515633e+00  -4.679537564516e-02  -1.049737095833e+00   0.000000000000e+00  -3.059387020767e-02  -9.591615796089e-01 
  0.000000000000e+00  -2.335533499718e-02  -1.000000014901e-01   0.000000000000e+00  -2.335533499718e-02  -1.000000014901e-01   0.000000000000e+00   0.000000000000e+00  -1.976129412651e-01 
  0.000000000000e+00   0.000000000000e+00  -1.976129412651e-01   1.168144196272e-01   0.000000000000e+00  -1.071590408683e-01   1.051661074162e-01   0.000000000000e+00  -5.957037806511e-01 
  7.152996659279e-01   0.000000000000e+00  -1.050290346146e+00   6.817819476128e-01   0.000000000000e+00  -1.101589679718e+00   6.677627563477e-01  -1.369245466776e-03  -1.075254559517e+00 
  5.632227063179e-01  -5.688670556992e-03  -1.024208784103e+00   3.515703380108e-01  -7.616794668138e-03  -7.503929734230e-01   3.515703380108e-01  -7.616794668138e-03  -7.503929734230e-01 
  0.000000000000e+00   0.000000000000e+00  -1.976129412651e-01   0.000000000000e+00   0.000000000000e+00  -1.976129412651e-01   1.168144196272e-01   0.000000000000e+00  -1.071590408683e-01 
  1.051661074162e-01   0.000000000000e+00  -5.957037806511e-01   7.152996659279e-01   0.000000000000e+00  -1.050290346146e+00   6.817819476128e-01   0.000000000000e+00  -1.101589679718e+00 
  6.677627563477e-01  -1.369245466776e-03  -1.075254559517e+00   5.632227063179e-01  -5.688670556992e-03  -1.024208784103e+00   3.515703380108e-01  -7.616794668138e-03  -7.503929734230e-01 
  3.515703380108e-01  -7.616794668138e-03  -7.503929734230e-01   0.000000000000e+00  -7.132543623447e-02  -4.163636863232e-01   0.000000000000e+00  -7.132543623447e-02  -4.163636863232e-01 
 -4.010828211904e-02  -7.091411203146e-02  -4.385343194008e-01   0.000000000000e+00  -3.605190515518e-01  -6.468977928162e-01   0.000000000000e+00  -1.780753731728e-01  -6.354155540466e-01 
  0.000000000000e+00  -9.124871343374e-02  -5.171992778778e-01  -7.965039461851e-03  -1.187120936811e-02  -8.182621598244e-01  -1.549794524908e-02  -3.565206006169e-02  -4.471748471260e-01 
 -6.187925115228e-03   0.000000000000e+00  -1.000000014901e-01  -6.187925115228e-03   0.000000000000e+00  -1.000000014901e-01   0.000000000000e+00  -7.132543623447e-02  -4.163636863232e-01 
  0.000000000000e+00  -7.132543623447e-02  -4.163636863232e-01  -4.010828211904e-02  -7.091411203146e-02  -4.385343194008e-01   0.000000000000e+00  -3.605190515518e-01  -6.468977928162e-01 
  0.000000000000e+00  -1.780753731728e-01  -6.354155540466e-01   0.000000000000e+00  -9.124871343374e-02  -5.171992778778e-01  -7.965039461851e-03  -1.187120936811e-02  -8.182621598244e-01 
 -1.549794524908e-02  -3.565206006169e-02  -4.471748471260e-01  -6.187925115228e-03   0.000000000000e+00  -1.000000014901e-01  -6.187925115228e-03   0.000000000000e+00  -1.000000014901e-01 
  0.000000000000e+00   6.880688667297e-02  -3.974880874157e-01   0.000000000000e+00   6.880688667297e-02  -3.974880874157e-01  -2.223335020244e-02  -7.046771794558e-02  -3.533397242427e-02 
  3.587049990892e-02  -3.191236555576e-01  -4.382914602757e-01   1.728571951389e-02  -1.750812679529e-01  -4.978067874908e-01   1.139567792416e-02   1.151891238987e-02  -4.463787376881e-01 
 -1.661087758839e-02   0.000000000000e+00  -8.726212978363e-01  -1.661087758839e-02  -5.613983143121e-03  -8.726212978363e-01  -1.367357186973e-02  -3.132725134492e-03  -4.352381825447e-01 
 -1.367357186973e-02  -3.132725134492e-03  -4.352381825447e-01   0.000000000000e+00  -1.276562511921e-01   2.154560387135e-01   0.000000000000e+00  -1.276562511921e-01   2.154560387135e-01 
 -9.706000983715e-02  -1.339495778084e-01   1.552193760872e-01  -5.172930285335e-02  -1.468223333359e-01  -1.322389245033e-01   2.113648504019e-02  -1.974994502962e-02  -5.928232148290e-02 
  1.950286561623e-03   5.370022729039e-02  -1.000000014901e-01   0.000000000000e+00   0.000000000000e+00  -7.783043980598e-01   0.000000000000e+00   0.000000000000e+00  -8.726212978363e-01 
  0.000000000000e+00   1.539294025861e-04  -1.000000014901e-01   0.000000000000e+00   1.539294025861e-04  -1.000000014901e-01   0.000000000000e+00  -1.367236524820e-01  -5.826625227928e-02 
  0.000000000000e+00  -1.367236524820e-01  -5.826625227928e-02  -3.927597776055e-02  -1.208050400019e-01  -6.310983747244e-02  -2.806646935642e-02  -9.817411750555e-02  -7.655761837959e-01 
  1.908071935177e-01   3.179308259860e-03  -3.240678310394e-01   1.920295208693e-01   7.291435450315e-02   2.272966206074e-01  -4.236923903227e-02   0.000000000000e+00  -1.000000014901e-01 
 -1.313433609903e-02   0.000000000000e+00  -4.768456518650e-01  -5.407695192844e-03   4.149280721322e-05  -3.706044852734e-01  -5.407695192844e-03   4.149280721322e-05  -3.706044852734e-01 
  0.000000000000e+00   9.822179377079e-02  -1.310337185860e-01   0.000000000000e+00   9.822179377079e-02  -1.310337185860e-01  -5.541485548019e-02   9.535560756922e-02  -1.359613388777e-01 
  1.676907949150e-02  -6.156868766993e-03  -7.857812047005e-01   0.000000000000e+00   0.000000000000e+00  -1.000000014901e-01   0.000000000000e+00   1.605507277418e-04  -3.414693772793e-01 
 -1.888077356853e-03   6.962570296309e-06  -2.312265634537e-01   1.812903955579e-02   2.306499936822e-06  -3.705517351627e-01   1.146301627159e-01  -4.151242610533e-04  -4.158198535442e-01 
  1.146301627159e-01  -4.151242610533e-04  -4.158198535442e-01   0.000000000000e+00   1.376404166222e-01   5.608657374978e-02   0.000000000000e+00   1.376404166222e-01   5.608657374978e-02 
 -2.763886004686e-02   5.501273274422e-02  -1.170666366816e-01   2.459999620914e-01  -1.091763377190e-02  -1.212546348572e+00   1.758146166801e+00   0.000000000000e+00  -4.124962911010e-02 
  2.127822399139e+00   5.349599523470e-04  -4.617047607899e-01   1.633549571037e+00   4.289735225029e-04  -4.078560471535e-01   8.756197094917e-01  -1.473752129823e-02  -4.507569670677e-01 
  4.229748249054e-01  -1.941364258528e-02  -3.497771620750e-01   4.229748249054e-01  -1.941364258528e-02  -3.497771620750e-01   0.000000000000e+00  -6.387881189585e-02  -1.477646529675e-01 
  0.000000000000e+00  -6.387881189585e-02  -1.477646529675e-01   1.492248475552e-01  -5.147841945291e-02  -3.384086787701e-01   6.873124837875e-01  -2.413649298251e-02  -2.118787288666e+00 
  4.116013526917e+00  -5.218263715506e-03   1.036015987396e+00   4.116013526917e+00  -1.198082417250e-01  -3.704721331596e-01   1.794588565826e+00  -4.697520658374e-02  -8.788443803787e-01 
  7.247208952904e-01  -2.972431853414e-02  -1.000000014901e-01   0.000000000000e+00  -2.285712771118e-02  -1.000000014901e-01   0.000000000000e+00  -2.285712771118e-02  -1.000000014901e-01 
  0.000000000000e+00   0.000000000000e+00  -4.662964344025e-01   0.000000000000e+00   0.000000000000e+00  -4.662964344025e-01   1.667575240135e-01   0.000000000000e+00  -5.854756236076e-01 
  2.061963975430e-01  -5.701318383217e-03  -1.037402987480e+00   1.848561048508e+00  -1.719620078802e-03  -4.361486434937e-01   4.471920132637e-01  -1.732903882612e-07  -1.115608930588e+00 
  0.000000000000e+00  -8.098628022708e-04  -1.108599305153e+00   0.000000000000e+00  -3.941475879401e-03  -9.867848157883e-01   1.300818622112e-01  -7.200668100268e-03  -7.861586809158e-01 
  1.300818622112e-01  -7.200668100268e-03  -7.861586809158e-01   0.000000000000e+00   0.000000000000e+00  -4.662964344025e-01   0.000000000000e+00   0.000000000000e+00  -4.662964344025e-01 
  1.667575240135e-01   0.000000000000e+00  -5.854756236076e-01   2.061963975430e-01  -5.701318383217e-03  -1.037402987480e+00   1.848561048508e+00  -1.719620078802e-03  -4.361486434937e-01 
  4.471920132637e-01  -1.732903882612e-07  -1.115608930588e+00   0.000000000000e+00  -8.098628022708e-04  -1.108599305153e+00   0.000000000000e+00  -3.941475879401e-03  -9.867848157883e-01 
  1.300818622112e-01  -7.200668100268e-03  -7.861586809158e-01   1.300818622112e-01  -7.200668100268e-03  -7.861586809158e-01   0.000000000000e+00  -1.047185808420e-01  -1.852985024452e-01 
  0.000000000000e+00  -1.047185808420e-01  -1.852985024452e-01  -4.401512071490e-02  -1.688516326249e-02  -3.846437931061e-01   2.432411164045e-02  -1.600801199675e-01  -5.249555706978e-01 
  1.162050385028e-02  -1.585597246885e-01  -1.000000014901e-01   1.414258964360e-02  -1.174812614918e-01  -2.876298129559e-01  -2.440471667796e-03  -2.639386244118e-02  -4.307708740234e-01 
 -9.693300351501e-03  -2.086267806590e-02  -4.751331210136e-01  -7.439918816090e-03  -3.099024994299e-03  -1.825811117887e-01  -7.439918816090e-03  -3.099024994299e-03  -1.825811117887e-01 
  0.000000000000e+00  -1.047185808420e-01  -1.852985024452e-01   0.000000000000e+00  -1.047185808420e-01  -1.852985024452e-01  -4.401512071490e-02  -1.688516326249e-02  -3.846437931061e-01 
  2.432411164045e-02  -1.600801199675e-01  -5.249555706978e-01   1.162050385028e-02  -1.585597246885e-01  -1.000000014901e-01   1.414258964360e-02  -1.174812614918e-01  -2.876298129559e-01 
 -2.440471667796e-03  -2.639386244118e-02  -4.307708740234e-01  -9.693300351501e-03  -2.086267806590e-02  -4.751331210136e-01  -7.439918816090e-03  -3.099024994299e-03  -1.825811117887e-01 
 -7.439918816090e-03  -3.099024994299e-03  -1.825811117887e-01   0.000000000000e+00  -1.385093778372e-01  -1.691931299865e-02   0.000000000000e+00  -1.385093778372e-01  -1.691931299865e-02 
  7.708533201367e-03  -2.824573516846e-01  -7.353754639626e-01   1.173494085670e-01  -1.855334639549e-01  -9.800057411194e-01   0.000000000000e+00  -1.481684893370e-01  -8.805691003799e-01 
  4.988460987806e-02   1.596994139254e-02  -2.295189350843e-01  -1.890008570626e-03   0.000000000000e+00  -1.000000014901e-01  -7.876799441874e-03  -2.270864788443e-03  -4.181051850319e-01 
 -8.265003561974e-03  -2.299602841958e-03  -3.504335582256e-01  -8.265003561974e-03  -2.299602841958e-03  -3.504335582256e-01   0.000000000000e+00   8.754455298185e-02   1.638639122248e-01 
  0.000000000000e+00   8.754455298185e-02   1.638639122248e-01   1.455362513661e-02  -2.262494564056e-01  -1.630408316851e-01   0.000000000000e+00   0.000000000000e+00  -4.467176496983e-01 
  0.000000000000e+00   0.000000000000e+00  -5.650504231453e-01   2.294961810112e-01   2.488940395415e-02  -1.233899816871e-01   2.102103643119e-02   0.000000000000e+00  -1.000000014901e-01 
  0.000000000000e+00   3.450611620792e-05  -1.000000014901e-01   0.000000000000e+00   9.378290269524e-05  -1.000000014901e-01   0.000000000000e+00   9.378290269524e-05  -1.000000014901e-01 
  0.000000000000e+00  -2.135205119848e-01  -2.360309660435e-01   0.000000000000e+00  -2.135205119848e-01  -2.360309660435e-01   5.632944777608e-02   0.000000000000e+00  -2.294514030218e-01 
  0.000000000000e+00   0.000000000000e+00  -5.838007330894e-01   3.851073384285e-01   0.000000000000e+00  -6.377277970314e-01   3.851073384285e-01   3.179308259860e-03  -6.325541138649e-01 
  1.993341296911e-01   3.671638260130e-04  -1.263483613729e-01   7.715979218483e-02   1.284729660256e-04  -2.538806498051e-01   2.403620444238e-02   8.791821892373e-05  -2.571151256561e-01 
  2.403620444238e-02   8.791821892373e-05  -2.571151256561e-01   0.000000000000e+00  -4.276595264673e-02   2.440367341042e-01   0.000000000000e+00  -4.276595264673e-02   2.440367341042e-01 
  1.638913899660e-01   0.000000000000e+00   1.622049212456e-01   0.000000000000e+00  -9.456804022193e-03  -5.495928525925e-01   3.797047734261e-01  -1.485937833786e-02  -6.431303620338e-01 
  3.905099332333e-01   0.000000000000e+00  -6.377277970314e-01   0.000000000000e+00   8.030395406422e-07  -5.614854693413e-01   0.000000000000e+00   4.715742761618e-06  -4.525347352028e-01 
  8.637585677207e-03  -1.087589189410e-04  -3.698823451996e-01   8.637585677207e-03  -1.087589189410e-04  -3.698823451996e-01   0.000000000000e+00   2.742329239845e-01   3.127069473267e-01 
  0.000000000000e+00   2.742329239845e-01   3.127069473267e-01   3.074130415916e-01  -6.286112964153e-02   8.083327859640e-02   4.135533273220e-01  -9.456804022193e-03  -1.426362097263e-01 
  0.000000000000e+00  -4.054229706526e-03   5.784575641155e-02   0.000000000000e+00   0.000000000000e+00   4.897322133183e-02   0.000000000000e+00   0.000000000000e+00  -1.270916610956e-01 
  1.761987954378e-01  -2.544705290347e-03  -2.679847180843e-01   2.527208030224e-01  -7.204328663647e-03  -2.719378769398e-01   2.527208030224e-01  -7.204328663647e-03  -2.719378769398e-01 
  0.000000000000e+00  -3.403996229172e-01  -3.697929158807e-02   0.000000000000e+00  -3.403996229172e-01  -3.697929158807e-02   3.785649240017e-01  -3.907803073525e-02  -5.628783106804e-01 
  4.996838271618e-01   0.000000000000e+00  -9.694319367409e-01   1.320047140121e+00   0.000000000000e+00  -1.000000014901e-01   1.958069086075e+00  -1.293129939586e-02  -2.229591310024e-01 
  1.670856118202e+00  -2.404274418950e-02  -5.829582810402e-01   1.050962805748e+00  -2.562728151679e-02  -3.064573705196e-01   0.000000000000e+00  -2.220716141164e-02  -1.000000014901e-01 
  0.000000000000e+00  -2.220716141164e-02  -1.000000014901e-01   0.000000000000e+00   0.000000000000e+00  -2.276488244534e-01   0.000000000000e+00   0.000000000000e+00  -2.276488244534e-01 
  2.551526427269e-01   0.000000000000e+00  -4.333059787750e-01   3.582019805908e-01  -5.544517771341e-04  -7.383881211281e-01   1.183388233185e+00  -7.985880365595e-04  -2.524812221527e-01 
  6.576229929924e-01  -1.482055959059e-04  -1.000000014901e-01   0.000000000000e+00  -5.421355017461e-04  -1.000000014901e-01   0.000000000000e+00  -2.384677529335e-03  -1.000000014901e-01 
  6.118528172374e-02  -5.319979041815e-03  -3.854476511478e-01   6.118528172374e-02  -5.319979041815e-03  -3.854476511478e-01   0.000000000000e+00   0.000000000000e+00  -2.276488244534e-01 
  0.000000000000e+00   0.000000000000e+00  -2.276488244534e-01   2.551526427269e-01   0.000000000000e+00  -4.333059787750e-01   3.582019805908e-01  -5.544517771341e-04  -7.383881211281e-01 
  1.183388233185e+00  -7.985880365595e-04  -2.524812221527e-01   6.576229929924e-01  -1.482055959059e-04  -1.000000014901e-01   0.000000000000e+00  -5.421355017461e-04  -1.000000014901e-01 
  0.000000000000e+00  -2.384677529335e-03  -1.000000014901e-01   6.118528172374e-02  -5.319979041815e-03  -3.854476511478e-01   6.118528172374e-02  -5.319979041815e-03  -3.854476511478e-01 
  0.000000000000e+00  -1.047185808420e-01  -1.852985024452e-01   0.000000000000e+00  -1.047185808420e-01  -1.852985024452e-01  -4.401512071490e-02  -1.688516326249e-02  -3.846437931061e-01 
  2.432411164045e-02  -1.600801199675e-01  -5.249555706978e-01   1.162050385028e-02  -1.585597246885e-01  -1.000000014901e-01   1.414258964360e-02  -1.174812614918e-01  -2.876298129559e-01 
 -2.440471667796e-03  -2.639386244118e-02  -4.307708740234e-01  -9.693300351501e-03  -2.086267806590e-02  -4.751331210136e-01  -7.439918816090e-03  -3.099024994299e-03  -1.825811117887e-01 
 -7.439918816090e-03  -3.099024994299e-03  -1.825811117887e-01   0.000000000000e+00  -1.047185808420e-01  -1.852985024452e-01   0.000000000000e+00  -1.047185808420e-01  -1.852985024452e-01 
 -4.401512071490e-02  -1.688516326249e-02  -3.846437931061e-01   2.432411164045e-02  -1.600801199675e-01  -5.249555706978e-01   1.162050385028e-02  -1.585597246885e-01  -1.000000014901e-01 
  1.414258964360e-02  -1.174812614918e-01  -2.876298129559e-01  -2.440471667796e-03  -2.639386244118e-02  -4.307708740234e-01  -9.693300351501e-03  -2.086267806590e-02  -4.751331210136e-01 
 -7.439918816090e-03  -3.099024994299e-03  -1.825811117887e-01  -7.439918816090e-03  -3.099024994299e-03  -1.825811117887e-01   0.000000000000e+00  -1.385093778372e-01  -1.691931299865e-02 
  0.000000000000e+00  -1.385093778372e-01  -1.691931299865e-02   7.708533201367e-03  -2.824573516846e-01  -7.353754639626e-01   1.173494085670e-01  -1.855334639549e-01  -9.800057411194e-01 
  0.000000000000e+00  -1.481684893370e-01  -8.805691003799e-01   4.988460987806e-02   1.596994139254e-02  -2.295189350843e-01  -1.890008570626e-03   0.000000000000e+00  -1.000000014901e-01 
 -7.876799441874e-03  -2.270864788443e-03  -4.181051850319e-01  -8.265003561974e-03  -2.299602841958e-03  -3.504335582256e-01  -8.265003561974e-03  -2.299602841958e-03  -3.504335582256e-01 
  0.000000000000e+00   8.754455298185e-02   1.638639122248e-01   0.000000000000e+00   8.754455298185e-02   1.638639122248e-01   1.455362513661e-02  -2.262494564056e-01  -1.630408316851e-01 
  0.000000000000e+00   0.000000000000e+00  -4.467176496983e-01   0.000000000000e+00   0.000000000000e+00  -5.650504231453e-01   2.294961810112e-01   2.488940395415e-02  -1.233899816871e-01 
  2.102103643119e-02   0.000000000000e+00  -1.000000014901e-01   0.000000000000e+00   3.450611620792e-05  -1.000000014901e-01   0.000000000000e+00   9.378290269524e-05  -1.000000014901e-01 
  0.000000000000e+00   9.378290269524e-05  -1.000000014901e-01   0.000000000000e+00  -2.135205119848e-01  -2.360309660435e-01   0.000000000000e+00  -2.135205119848e-01  -2.360309660435e-01 
  5.632944777608e-02   0.000000000000e+00  -2.294514030218e-01   0.000000000000e+00   0.000000000000e+00  -5.838007330894e-01   3.851073384285e-01   0.000000000000e+00  -6.377277970314e-01 
  3.851073384285e-01   3.179308259860e-03  -6.325541138649e-01   1.993341296911e-01   3.671638260130e-04  -1.263483613729e-01   7.715979218483e-02   1.284729660256e-04  -2.538806498051e-01 
  2.403620444238e-02   8.791821892373e-05  -2.571151256561e-01   2.403620444238e-02   8.791821892373e-05  -2.571151256561e-01   0.000000000000e+00  -4.276595264673e-02   2.440367341042e-01 
  0.000000000000e+00  -4.276595264673e-02   2.440367341042e-01   1.638913899660e-01   0.000000000000e+00   1.622049212456e-01   0.000000000000e+00  -9.456804022193e-03  -5.495928525925e-01 
  3.797047734261e-01  -1.485937833786e-02  -6.431303620338e-01   3.905099332333e-01   0.000000000000e+00  -6.377277970314e-01   0.000000000000e+00   8.030395406422e-07  -5.614854693413e-01 
  0.000000000000e+00   4.715742761618e-06  -4.525347352028e-01   8.637585677207e-03  -1.087589189410e-04  -3.698823451996e-01   8.637585677207e-03  -1.087589189410e-04  -3.698823451996e-01 
  0.000000000000e+00   2.742329239845e-01   3.127069473267e-01   0.000000000000e+00   2.742329239845e-01   3.127069473267e-01   3.074130415916e-01  -6.286112964153e-02   8.083327859640e-02 
  4.135533273220e-01  -9.456804022193e-03  -1.426362097263e-01   0.000000000000e+00  -4.054229706526e-03   5.784575641155e-02   0.000000000000e+00   0.000000000000e+00   4.897322133183e-02 
  0.000000000000e+00   0.000000000000e+00  -1.270916610956e-01   1.761987954378e-01  -2.544705290347e-03  -2.679847180843e-01   2.527208030224e-01  -7.204328663647e-03  -2.719378769398e-01 
  2.527208030224e-01  -7.204328663647e-03  -2.719378769398e-01   0.000000000000e+00  -3.403996229172e-01  -3.697929158807e-02   0.000000000000e+00  -3.403996229172e-01  -3.697929158807e-02 
  3.785649240017e-01  -3.907803073525e-02  -5.628783106804e-01   4.996838271618e-01   0.000000000000e+00  -9.694319367409e-01   1.320047140121e+00   0.000000000000e+00  -1.000000014901e-01 
  1.958069086075e+00  -1.293129939586e-02  -2.229591310024e-01   1.670856118202e+00  -2.404274418950e-02  -5.829582810402e-01   1.050962805748e+00  -2.562728151679e-02  -3.064573705196e-01 
  0.000000000000e+00  -2.220716141164e-02  -1.000000014901e-01   0.000000000000e+00  -2.220716141164e-02  -1.000000014901e-01   0.000000000000e+00   0.000000000000e+00  -2.276488244534e-01 
  0.000000000000e+00   0.000000000000e+00  -2.276488244534e-01   2.551526427269e-01   0.000000000000e+00  -4.333059787750e-01   3.582019805908e-01  -5.544517771341e-04  -7.383881211281e-01 
  1.183388233185e+00  -7.985880365595e-04  -2.524812221527e-01   6.576229929924e-01  -1.482055959059e-04  -1.000000014901e-01   0.000000000000e+00  -5.421355017461e-04  -1.000000014901e-01 
  0.000000000000e+00  -2.384677529335e-03  -1.000000014901e-01   6.118528172374e-02  -5.319979041815e-03  -3.854476511478e-01   6.118528172374e-02  -5.319979041815e-03  -3.854476511478e-01 
  0.000000000000e+00   0.000000000000e+00  -2.276488244534e-01   0.000000000000e+00   0.000000000000e+00  -2.276488244534e-01   2.551526427269e-01   0.000000000000e+00  -4.333059787750e-01 
  3.582019805908e-01  -5.544517771341e-04  -7.383881211281e-01   1.183388233185e+00  -7.985880365595e-04  -2.524812221527e-01   6.576229929924e-01  -1.482055959059e-04  -1.000000014901e-01 
  0.000000000000e+00  -5.421355017461e-04  -1.000000014901e-01   0.000000000000e+00  -2.384677529335e-03  -1.000000014901e-01   6.118528172374e-02  -5.319979041815e-03  -3.854476511478e-01 
  6.118528172374e-02  -5.319979041815e-03  -3.854476511478e-01 

