# vtk DataFile Version 2.0
Written using VisIt writer
ASCII
DATASET RECTILINEAR_GRID
DIMENSIONS 10 10 10
X_COORDINATES 10 float
  0.000000000000e+00   5.000000000000e-01   1.000000000000e+00   1.500000000000e+00   2.000000000000e+00   2.500000000000e+00   3.000000000000e+00   3.500000000000e+00   4.000000000000e+00 
  4.500000000000e+00 
Y_COORDINATES 10 float
  0.000000000000e+00   5.000000000000e-01   1.000000000000e+00   1.500000000000e+00   2.000000000000e+00   2.500000000000e+00   3.000000000000e+00   3.500000000000e+00   4.000000000000e+00 
  4.500000000000e+00 
Z_COORDINATES 10 float
  0.000000000000e+00   5.000000000000e-01   1.000000000000e+00   1.500000000000e+00   2.000000000000e+00   2.500000000000e+00   3.000000000000e+00   3.500000000000e+00   4.000000000000e+00 
  4.500000000000e+00 
CELL_DATA 729
POINT_DATA 1000
VECTORS velocity float
  0.000000000000e+00  -1.103321760893e-01  -2.285126149654e-01   3.251200000000e+04   0.000000000000e+00   0.000000000000e+00   0.000000000000e+00   0.000000000000e+00   0.000000000000e+00 
  1.345338970423e-01  -6.735806912184e-02  -1.620861887932e-01   0.000000000000e+00   0.000000000000e+00   0.000000000000e+00   0.000000000000e+00   1.431655808000e+09   1.070945600000e+09 
  1.077248901129e-01  -7.614836841822e-02  -1.598642766476e-01   1.071994176000e+09   0.000000000000e+00   0.000000000000e+00   0.000000000000e+00   0.000000000000e+00   0.000000000000e+00 
  2.586500346661e-01  -1.179548054934e-01  -1.808994114399e-01   0.000000000000e+00  -1.103321760893e-01  -2.285126149654e-01   1.070945600000e+09   0.000000000000e+00   0.000000000000e+00 
  8.300606906414e-02  -1.066329106688e-01  -2.033473998308e-01   1.345338970423e-01  -6.735806912184e-02  -1.620861887932e-01   1.431655808000e+09   1.070945600000e+09   0.000000000000e+00 
  1.063568443060e-01  -5.379220098257e-02  -1.440168619156e-01   1.077248901129e-01  -7.614836841822e-02  -1.598642766476e-01   0.000000000000e+00   0.000000000000e+00   1.071644672000e+09 
  2.586500346661e-01  -1.179548054934e-01  -1.808994114399e-01   2.586500346661e-01  -1.179548054934e-01  -1.808994114399e-01   0.000000000000e+00   7.328177988529e-02  -1.698705703020e-01 
  0.000000000000e+00   7.328177988529e-02  -1.698705703020e-01  -1.913274079561e-02  -1.240655481815e-01  -1.798229664564e-01   1.900489628315e-02  -2.953109443188e-01  -1.788714230061e-01 
  5.497014150023e-03  -2.373234182596e-01  -1.852162033319e-01   5.762156099081e-02  -1.129970848560e-01  -1.416312158108e-01   1.119463816285e-01   8.149445056915e-03  -1.352806985378e-01 
  8.815070241690e-02   5.342281609774e-02  -1.311568766832e-01   1.989299505949e-01   1.501795370132e-02  -1.401773989201e-01   1.989299505949e-01   1.501795370132e-02  -1.401773989201e-01 
  0.000000000000e+00  -9.279076009989e-03  -1.623438000679e-01   0.000000000000e+00  -9.279076009989e-03  -1.623438000679e-01   4.404889047146e-02   2.948739752173e-02  -1.529527008533e-01 
 -3.400942950975e-04   1.795588247478e-02  -1.366664320230e-01   3.087760508060e-02  -7.088681682944e-03  -1.390221565962e-01   6.800588220358e-02  -1.460886448622e-01  -1.447393000126e-01 
  4.910943284631e-02  -3.492257744074e-02  -1.785725057125e-01   1.501988172531e-01   9.035543352365e-02  -1.324977427721e-01   1.881651580334e-01   2.987647056580e-02  -1.291966438293e-01 
  1.881651580334e-01   2.987647056580e-02  -1.291966438293e-01   0.000000000000e+00  -9.143353998661e-02  -1.812894195318e-01   0.000000000000e+00  -9.143353998661e-02  -1.812894195318e-01 
 -9.293845854700e-03  -2.216998860240e-02  -1.999149173498e-01   1.195365488529e-01   2.210858091712e-02  -1.420705914497e-01   8.040320873260e-02   4.906675964594e-02  -1.307476758957e-01 
  9.074250608683e-02   3.332038223743e-02  -1.241142526269e-01   7.876377552748e-02   3.119581937790e-02  -1.456021666527e-01   9.346485137939e-02  -1.598609425128e-02  -1.541671901941e-01 
  2.304402142763e-01  -5.761662498116e-02  -1.783760190010e-01   2.304402142763e-01  -5.761662498116e-02  -1.783760190010e-01   0.000000000000e+00  -1.668395102024e-02  -1.621559709311e-01 
  0.000000000000e+00  -1.668395102024e-02  -1.621559709311e-01   3.770061582327e-02   2.510441467166e-02  -1.633828431368e-01   6.975412368774e-02  -4.395947605371e-02  -1.597905308008e-01 
  1.211535837501e-02  -6.712482124567e-02  -1.875740289688e-01   1.088263839483e-01   9.662722237408e-03  -1.398336738348e-01   1.205774024129e-01   6.587896496058e-02  -1.323004066944e-01 
  1.053356751800e-01   3.155137225986e-02  -1.316802948713e-01   2.200388163328e-01  -4.364271461964e-02  -1.469068527222e-01   2.200388163328e-01  -4.364271461964e-02  -1.469068527222e-01 
  0.000000000000e+00  -1.389754116535e-01  -1.665466427803e-01   0.000000000000e+00  -1.389754116535e-01  -1.665466427803e-01   1.324793100357e-01  -6.641658488661e-03  -1.447450369596e-01 
  2.375285699964e-02   3.108401969075e-02  -1.378883123398e-01   7.143292110413e-03   3.361738845706e-02  -1.514449715614e-01   4.299403354526e-02  -7.372092455626e-02  -1.608561277390e-01 
  6.504330039024e-02   2.070315741003e-02  -1.766604483128e-01   2.105126529932e-01   8.856381289661e-03  -1.366400718689e-01   2.130540162325e-01  -5.872108414769e-02  -1.506209373474e-01 
  2.130540162325e-01  -5.872108414769e-02  -1.506209373474e-01   0.000000000000e+00  -1.937910169363e-01  -1.955719590187e-01   0.000000000000e+00  -1.937910169363e-01  -1.955719590187e-01 
 -2.451225742698e-02  -7.037648931146e-03  -1.934982836246e-01   5.445164814591e-02   4.859863780439e-03  -1.449668258429e-01   4.354908689857e-02   8.207627572119e-03  -1.401649117470e-01 
  2.035452052951e-02   2.197000943124e-02  -1.333257704973e-01   5.246766656637e-02  -1.976253651083e-02  -1.507093310356e-01   1.557711511850e-01  -7.956564426422e-02  -1.607595235109e-01 
  1.572926789522e-01  -5.855944007635e-02  -2.018484324217e-01   1.572926789522e-01  -5.855944007635e-02  -2.018484324217e-01   0.000000000000e+00   0.000000000000e+00  -1.581261456013e-01 
  0.000000000000e+00   0.000000000000e+00  -1.581261456013e-01  -6.299740821123e-02   0.000000000000e+00  -1.728889197111e-01  -1.002549827099e-01   0.000000000000e+00  -1.635263562202e-01 
  2.531332708895e-02   0.000000000000e+00  -2.278974652290e-01   1.803580820560e-01   0.000000000000e+00  -1.539011299610e-01   1.856732070446e-01   0.000000000000e+00  -1.366828233004e-01 
  2.578301131725e-01   0.000000000000e+00  -1.253406852484e-01   2.686525583267e-01   0.000000000000e+00  -1.331035643816e-01   2.686525583267e-01   0.000000000000e+00  -1.331035643816e-01 
  0.000000000000e+00   0.000000000000e+00  -1.581261456013e-01   0.000000000000e+00   0.000000000000e+00  -1.581261456013e-01  -6.299740821123e-02   0.000000000000e+00  -1.728889197111e-01 
 -1.002549827099e-01   0.000000000000e+00  -1.635263562202e-01   2.531332708895e-02   0.000000000000e+00  -2.278974652290e-01   1.803580820560e-01   0.000000000000e+00  -1.539011299610e-01 
  1.856732070446e-01   0.000000000000e+00  -1.366828233004e-01   2.578301131725e-01   0.000000000000e+00  -1.253406852484e-01   2.686525583267e-01   0.000000000000e+00  -1.331035643816e-01 
  2.686525583267e-01   0.000000000000e+00  -1.331035643816e-01   0.000000000000e+00  -1.103321760893e-01  -2.285126149654e-01   0.000000000000e+00  -1.103321760893e-01  -2.285126149654e-01 
  8.300606906414e-02  -1.066329106688e-01  -2.033473998308e-01   1.345338970423e-01  -6.735806912184e-02  -1.620861887932e-01   9.867740422487e-02  -5.972766876221e-02  -1.610538512468e-01 
  1.063568443060e-01  -5.379220098257e-02  -1.440168619156e-01   1.077248901129e-01  -7.614836841822e-02  -1.598642766476e-01   1.977186948061e-01  -7.717201858759e-02  -1.622357368469e-01 
  2.586500346661e-01  -1.179548054934e-01  -1.808994114399e-01   2.586500346661e-01  -1.179548054934e-01  -1.808994114399e-01   0.000000000000e+00  -1.103321760893e-01  -2.285126149654e-01 
  0.000000000000e+00  -1.103321760893e-01  -2.285126149654e-01   8.300606906414e-02  -1.066329106688e-01  -2.033473998308e-01   1.345338970423e-01  -6.735806912184e-02  -1.620861887932e-01 
  9.867740422487e-02  -5.972766876221e-02  -1.610538512468e-01   1.063568443060e-01  -5.379220098257e-02  -1.440168619156e-01   1.077248901129e-01  -7.614836841822e-02  -1.598642766476e-01 
  1.977186948061e-01  -7.717201858759e-02  -1.622357368469e-01   2.586500346661e-01  -1.179548054934e-01  -1.808994114399e-01   2.586500346661e-01  -1.179548054934e-01  -1.808994114399e-01 
  0.000000000000e+00   7.328177988529e-02  -1.698705703020e-01   0.000000000000e+00   7.328177988529e-02  -1.698705703020e-01  -1.913274079561e-02  -1.240655481815e-01  -1.798229664564e-01 
  1.900489628315e-02  -2.953109443188e-01  -1.788714230061e-01   5.497014150023e-03  -2.373234182596e-01  -1.852162033319e-01   5.762156099081e-02  -1.129970848560e-01  -1.416312158108e-01 
  1.119463816285e-01   8.149445056915e-03  -1.352806985378e-01   8.815070241690e-02   5.342281609774e-02  -1.311568766832e-01   1.989299505949e-01   1.501795370132e-02  -1.401773989201e-01 
  1.989299505949e-01   1.501795370132e-02  -1.401773989201e-01   0.000000000000e+00  -9.279076009989e-03  -1.623438000679e-01   0.000000000000e+00  -9.279076009989e-03  -1.623438000679e-01 
  4.404889047146e-02   2.948739752173e-02  -1.529527008533e-01  -3.400942950975e-04   1.795588247478e-02  -1.366664320230e-01   3.087760508060e-02  -7.088681682944e-03  -1.390221565962e-01 
  6.800588220358e-02  -1.460886448622e-01  -1.447393000126e-01   4.910943284631e-02  -3.492257744074e-02  -1.785725057125e-01   1.501988172531e-01   9.035543352365e-02  -1.324977427721e-01 
  1.881651580334e-01   2.987647056580e-02  -1.291966438293e-01   1.881651580334e-01   2.987647056580e-02  -1.291966438293e-01   0.000000000000e+00  -9.143353998661e-02  -1.812894195318e-01 
  0.000000000000e+00  -9.143353998661e-02  -1.812894195318e-01  -9.293845854700e-03  -2.216998860240e-02  -1.999149173498e-01   1.195365488529e-01   2.210858091712e-02  -1.420705914497e-01 
  8.040320873260e-02   4.906675964594e-02  -1.307476758957e-01   9.074250608683e-02   3.332038223743e-02  -1.241142526269e-01   7.876377552748e-02   3.119581937790e-02  -1.456021666527e-01 
  9.346485137939e-02  -1.598609425128e-02  -1.541671901941e-01   2.304402142763e-01  -5.761662498116e-02  -1.783760190010e-01   2.304402142763e-01  -5.761662498116e-02  -1.783760190010e-01 
  0.000000000000e+00  -1.668395102024e-02  -1.621559709311e-01   0.000000000000e+00  -1.668395102024e-02  -1.621559709311e-01   3.770061582327e-02   2.510441467166e-02  -1.633828431368e-01 
  6.975412368774e-02  -4.395947605371e-02  -1.597905308008e-01   1.211535837501e-02  -6.712482124567e-02  -1.875740289688e-01   1.088263839483e-01   9.662722237408e-03  -1.398336738348e-01 
  1.205774024129e-01   6.587896496058e-02  -1.323004066944e-01   1.053356751800e-01   3.155137225986e-02  -1.316802948713e-01   2.200388163328e-01  -4.364271461964e-02  -1.469068527222e-01 
  2.200388163328e-01  -4.364271461964e-02  -1.469068527222e-01   0.000000000000e+00  -1.389754116535e-01  -1.665466427803e-01   0.000000000000e+00  -1.389754116535e-01  -1.665466427803e-01 
  1.324793100357e-01  -6.641658488661e-03  -1.447450369596e-01   2.375285699964e-02   3.108401969075e-02  -1.378883123398e-01   7.143292110413e-03   3.361738845706e-02  -1.514449715614e-01 
  4.299403354526e-02  -7.372092455626e-02  -1.608561277390e-01   6.504330039024e-02   2.070315741003e-02  -1.766604483128e-01   2.105126529932e-01   8.856381289661e-03  -1.366400718689e-01 
  2.130540162325e-01  -5.872108414769e-02  -1.506209373474e-01   2.130540162325e-01  -5.872108414769e-02  -1.506209373474e-01   0.000000000000e+00  -1.937910169363e-01  -1.955719590187e-01 
  0.000000000000e+00  -1.937910169363e-01  -1.955719590187e-01  -2.451225742698e-02  -7.037648931146e-03  -1.934982836246e-01   5.445164814591e-02   4.859863780439e-03  -1.449668258429e-01 
  4.354908689857e-02   8.207627572119e-03  -1.401649117470e-01   2.035452052951e-02   2.197000943124e-02  -1.333257704973e-01   5.246766656637e-02  -1.976253651083e-02  -1.507093310356e-01 
  1.557711511850e-01  -7.956564426422e-02  -1.607595235109e-01   1.572926789522e-01  -5.855944007635e-02  -2.018484324217e-01   1.572926789522e-01  -5.855944007635e-02  -2.018484324217e-01 
  0.000000000000e+00   0.000000000000e+00  -1.581261456013e-01   0.000000000000e+00   0.000000000000e+00  -1.581261456013e-01  -6.299740821123e-02   0.000000000000e+00  -1.728889197111e-01 
 -1.002549827099e-01   0.000000000000e+00  -1.635263562202e-01   2.531332708895e-02   0.000000000000e+00  -2.278974652290e-01   1.803580820560e-01   0.000000000000e+00  -1.539011299610e-01 
  1.856732070446e-01   0.000000000000e+00  -1.366828233004e-01   2.578301131725e-01   0.000000000000e+00  -1.253406852484e-01   2.686525583267e-01   0.000000000000e+00  -1.331035643816e-01 
  2.686525583267e-01   0.000000000000e+00  -1.331035643816e-01   0.000000000000e+00   0.000000000000e+00  -1.581261456013e-01   0.000000000000e+00   0.000000000000e+00  -1.581261456013e-01 
 -6.299740821123e-02   0.000000000000e+00  -1.728889197111e-01  -1.002549827099e-01   0.000000000000e+00  -1.635263562202e-01   2.531332708895e-02   0.000000000000e+00  -2.278974652290e-01 
  1.803580820560e-01   0.000000000000e+00  -1.539011299610e-01   1.856732070446e-01   0.000000000000e+00  -1.366828233004e-01   2.578301131725e-01   0.000000000000e+00  -1.253406852484e-01 
  2.686525583267e-01   0.000000000000e+00  -1.331035643816e-01   2.686525583267e-01   0.000000000000e+00  -1.331035643816e-01   0.000000000000e+00  -1.432264596224e-01  -5.967745780945e-01 
  0.000000000000e+00  -1.432264596224e-01  -5.967745780945e-01   7.568291574717e-02  -2.586851119995e-01  -8.319101929665e-01   2.393907168880e-03   3.319070041180e-01  -7.520973682404e-01 
 -3.290323168039e-02   1.511635351926e-02  -8.517541885376e-01   4.904528558254e-01  -3.687337636948e-01  -8.407194614410e-01   3.141966462135e-01  -8.415773510933e-02  -7.222396731377e-01 
  0.000000000000e+00   8.700290694833e-03  -3.776426613331e-02   1.119762420654e+00   1.614208333194e-02  -9.564200043678e-01   1.119762420654e+00   1.614208333194e-02  -9.564200043678e-01 
  0.000000000000e+00  -1.432264596224e-01  -5.967745780945e-01   0.000000000000e+00  -1.432264596224e-01  -5.967745780945e-01   7.568291574717e-02  -2.586851119995e-01  -8.319101929665e-01 
  2.393907168880e-03   3.319070041180e-01  -7.520973682404e-01  -3.290323168039e-02   1.511635351926e-02  -8.517541885376e-01   4.904528558254e-01  -3.687337636948e-01  -8.407194614410e-01 
  3.141966462135e-01  -8.415773510933e-02  -7.222396731377e-01   0.000000000000e+00   8.700290694833e-03  -3.776426613331e-02   1.119762420654e+00   1.614208333194e-02  -9.564200043678e-01 
  1.119762420654e+00   1.614208333194e-02  -9.564200043678e-01   0.000000000000e+00   1.414067447186e-01  -6.752973794937e-01   0.000000000000e+00   1.414067447186e-01  -6.752973794937e-01 
  1.115400940180e-01  -4.515517211985e-04  -3.880076408386e-01   3.588164597750e-02   4.831288754940e-01  -8.107922077179e-01  -1.357415318489e-02   5.741317868233e-01  -5.004365444183e-01 
  2.740350365639e-01  -3.295669555664e-01  -4.469352662563e-01   1.991139501333e-01  -1.099644005299e-01  -4.486045837402e-01   7.052056491375e-02   3.379389643669e-02  -6.884311884642e-02 
  5.334790945053e-01   1.199008524418e-02  -5.982260406017e-02   5.334790945053e-01   1.199008524418e-02  -5.982260406017e-02   0.000000000000e+00  -1.802571415901e-01  -7.773188948631e-01 
  0.000000000000e+00  -1.802571415901e-01  -7.773188948631e-01   2.545336186886e-01  -3.951358795166e-02  -8.520398139954e-01   4.074291139841e-02  -1.008066930808e-03  -7.914839386940e-01 
  3.622167184949e-02   1.095100939274e-01  -3.959084153175e-01   9.540546685457e-02  -1.863242983818e-01  -5.526069924235e-02   5.091642215848e-02  -5.598528683186e-02  -2.142749913037e-02 
  1.460256129503e-01   7.723194360733e-02  -6.750225275755e-02   1.881649643183e-01   0.000000000000e+00  -7.080335915089e-02   1.881649643183e-01   0.000000000000e+00  -7.080335915089e-02 
  0.000000000000e+00  -1.474399119616e-01  -7.987948060036e-01   0.000000000000e+00  -1.474399119616e-01  -7.987948060036e-01   1.567767411470e-01   1.012772098184e-01  -8.235746622086e-01 
  1.958784908056e-01   4.578367993236e-02  -5.401327610016e-01   2.943519949913e-01   5.283180251718e-02  -4.248768389225e-01   3.081032633781e-01   3.541988879442e-02  -4.315102696419e-01 
  8.057091385126e-02   3.137301653624e-02  -5.439782887697e-02   9.503334015608e-02  -1.548885274678e-02  -4.583280161023e-02   2.448840588331e-01   0.000000000000e+00  -2.162397652864e-02 
  2.448840588331e-01   0.000000000000e+00  -2.162397652864e-02   0.000000000000e+00   2.311785472557e-03  -1.097846627235e+00   0.000000000000e+00   2.311785472557e-03  -1.097846627235e+00 
  2.452551126480e-01   3.290599882603e-01  -8.314138650894e-01   3.745347261429e-01   3.087266813964e-03  -1.494580507278e+00   6.670050024986e-01   6.639719009399e-02  -3.822281062603e-01 
  6.953601837158e-01   2.459326386452e-02  -4.901047050953e-01   0.000000000000e+00   6.369989365339e-02  -5.531309843063e-01   1.308756619692e-01   2.393653243780e-02  -6.831970810890e-02 
  3.352646827698e-01   0.000000000000e+00  -5.309314653277e-02   3.352646827698e-01   0.000000000000e+00  -5.309314653277e-02   0.000000000000e+00  -1.165217906237e-01  -1.022153139114e+00 
  0.000000000000e+00  -1.165217906237e-01  -1.022153139114e+00   4.015185534954e-01   8.160167932510e-01  -1.323523998260e+00   4.308044910431e-01   4.683504253626e-02  -1.016127109528e+00 
  2.495436370373e-01   9.475242346525e-02  -2.614877462387e+00   8.889394998550e-02  -6.757685448974e-03  -1.805877923965e+00   8.042845875025e-02   1.146731059998e-02  -1.748047947884e+00 
  2.831602096558e-01  -5.194015055895e-02  -2.463666677475e+00   5.374267101288e-01  -1.557416915894e-01  -1.789479494095e+00   5.374267101288e-01  -1.557416915894e-01  -1.789479494095e+00 
  0.000000000000e+00  -2.883554697037e-01  -9.979035258293e-01   0.000000000000e+00  -2.883554697037e-01  -9.979035258293e-01   2.933170795441e-01  -1.527216285467e-01  -1.223580956459e+00 
  3.949983417988e-01  -4.406047984958e-02  -1.356897354126e+00  -1.114468798041e-01  -1.670938543975e-02  -2.400079011917e+00  -7.136921584606e-02   1.782102510333e-02  -2.039036750793e+00 
  2.035096883774e-01  -1.537086162716e-02  -2.562019109726e+00   2.958301901817e-01  -5.712490528822e-02  -2.525141954422e+00   1.569091081619e-01  -2.044614031911e-02  -2.213139772415e+00 
  1.569091081619e-01  -2.044614031911e-02  -2.213139772415e+00   0.000000000000e+00   0.000000000000e+00  -1.188608288765e+00   0.000000000000e+00   0.000000000000e+00  -1.188608288765e+00 
 -2.072274219245e-03  -2.412033645669e-04  -6.698188185692e-01   1.743799299002e-01   0.000000000000e+00  -1.511618614197e+00  -4.027835726738e-01   0.000000000000e+00  -6.952524185181e-01 
 -2.847972810268e-01   0.000000000000e+00  -7.821279168129e-01   4.216729700565e-01   0.000000000000e+00  -2.913969039917e+00   5.870935916901e-01   0.000000000000e+00  -2.842600822449e+00 
  3.394172191620e-01  -4.543586634099e-03  -6.689643114805e-02   3.394172191620e-01  -4.543586634099e-03  -6.689643114805e-02   0.000000000000e+00   0.000000000000e+00  -1.188608288765e+00 
  0.000000000000e+00   0.000000000000e+00  -1.188608288765e+00  -2.072274219245e-03  -2.412033645669e-04  -6.698188185692e-01   1.743799299002e-01   0.000000000000e+00  -1.511618614197e+00 
 -4.027835726738e-01   0.000000000000e+00  -6.952524185181e-01  -2.847972810268e-01   0.000000000000e+00  -7.821279168129e-01   4.216729700565e-01   0.000000000000e+00  -2.913969039917e+00 
  5.870935916901e-01   0.000000000000e+00  -2.842600822449e+00   3.394172191620e-01  -4.543586634099e-03  -6.689643114805e-02   3.394172191620e-01  -4.543586634099e-03  -6.689643114805e-02 
  0.000000000000e+00  -8.236847072840e-02  -9.302723407745e-01   0.000000000000e+00  -8.236847072840e-02  -9.302723407745e-01   2.555285394192e-01  -1.434454321861e-01  -4.065599739552e-01 
  2.762574255466e-01   1.401232182980e-01  -6.915173530579e-01   0.000000000000e+00   1.967245042324e-01  -5.637791156769e-01   2.767496109009e-01  -3.201834261417e-01  -5.127474069595e-01 
  2.767496109009e-01  -2.159485369921e-01  -4.355430603027e-01   0.000000000000e+00   1.501758396626e-02  -1.000000014901e-01   0.000000000000e+00   0.000000000000e+00  -1.019414067268e+00 
  0.000000000000e+00   0.000000000000e+00  -1.019414067268e+00   0.000000000000e+00  -8.236847072840e-02  -9.302723407745e-01   0.000000000000e+00  -8.236847072840e-02  -9.302723407745e-01 
  2.555285394192e-01  -1.434454321861e-01  -4.065599739552e-01   2.762574255466e-01   1.401232182980e-01  -6.915173530579e-01   0.000000000000e+00   1.967245042324e-01  -5.637791156769e-01 
  2.767496109009e-01  -3.201834261417e-01  -5.127474069595e-01   2.767496109009e-01  -2.159485369921e-01  -4.355430603027e-01   0.000000000000e+00   1.501758396626e-02  -1.000000014901e-01 
  0.000000000000e+00   0.000000000000e+00  -1.019414067268e+00   0.000000000000e+00   0.000000000000e+00  -1.019414067268e+00   0.000000000000e+00   7.769314944744e-02  -2.932449281216e-01 
  0.000000000000e+00   7.769314944744e-02  -2.932449281216e-01   9.777914732695e-02  -8.714419603348e-02  -2.905241847038e-01   1.528115272522e-01   1.801431477070e-01  -6.597132682800e-01 
  1.749918609858e-02   3.936032056808e-01  -5.382106304169e-01   2.691234350204e-01  -3.101848661900e-01  -4.757834374905e-01   2.329615801573e-01  -1.831549108028e-01  -4.512397646904e-01 
  5.289652198553e-02   1.460245624185e-02  -8.045828342438e-02   0.000000000000e+00   0.000000000000e+00  -1.000000014901e-01   0.000000000000e+00   0.000000000000e+00  -1.000000014901e-01 
  0.000000000000e+00  -1.808165907860e-01  -2.085590958595e-01   0.000000000000e+00  -1.808165907860e-01  -2.085590958595e-01   1.399073749781e-01  -1.281740367413e-01  -2.420711666346e-01 
  9.305272251368e-02  -4.240975901484e-02  -5.227006077766e-01   6.033378839493e-02   1.346322000027e-01  -4.344393312931e-01   1.076319515705e-01  -2.050749510527e-01  -8.955304324627e-02 
  5.625334754586e-02  -9.240525215864e-02  -6.553029268980e-02   1.346173733473e-01   5.951619893312e-02  -6.930945813656e-02   1.881526410580e-01   0.000000000000e+00  -1.000000014901e-01 
  1.881526410580e-01   0.000000000000e+00  -1.000000014901e-01   0.000000000000e+00  -1.515126824379e-01  -3.780159950256e-01   0.000000000000e+00  -1.515126824379e-01  -3.780159950256e-01 
  5.601767078042e-02  -6.230170652270e-02  -4.152701497078e-01   1.053962856531e-01  -1.250028517097e-02  -6.358935832977e-01   1.902170777321e-01   3.295048698783e-02  -4.556245207787e-01 
  2.040842324495e-01   3.418828919530e-02  -4.404999613762e-01   8.166924118996e-02   3.164190053940e-02  -1.136503294110e-01   1.003323718905e-01  -1.427141670138e-02  -5.148811265826e-02 
  2.407183200121e-01   0.000000000000e+00  -1.000000014901e-01   2.407183200121e-01   0.000000000000e+00  -1.000000014901e-01   0.000000000000e+00   2.192973643541e-01  -2.415420264006e-01 
  0.000000000000e+00   2.192973643541e-01  -2.415420264006e-01   9.192305803299e-02   1.336623877287e-01  -1.872985512018e-01   2.605965435505e-01   2.837260952219e-03  -9.848960042000e-01 
  0.000000000000e+00   0.000000000000e+00  -4.414469003677e-01   0.000000000000e+00   1.647040434182e-02  -4.556245207787e-01   0.000000000000e+00   5.766925960779e-02  -5.763683319092e-01 
  1.474031955004e-01   1.390353869647e-02  -8.012999594212e-02   2.248575687408e-01   0.000000000000e+00  -1.000000014901e-01   2.248575687408e-01   0.000000000000e+00  -1.000000014901e-01 
  0.000000000000e+00   1.768033802509e-01  -3.705644309521e-01   0.000000000000e+00   1.768033802509e-01  -3.705644309521e-01   1.228948608041e-01   6.369558721781e-02  -5.447487831116e-01 
  5.469971299171e-01   6.447263527662e-03  -6.005246639252e-01   7.209639549255e-01   5.855730175972e-02  -2.202136278152e+00   1.606788635254e-01   1.613615639508e-02  -1.899134516716e+00 
  9.213941544294e-02   3.183025168255e-03  -1.649601101875e+00   2.103087007999e-01  -3.550402447581e-02  -1.000000014901e-01   0.000000000000e+00   0.000000000000e+00  -1.617609381676e+00 
  0.000000000000e+00   0.000000000000e+00  -1.617609381676e+00   0.000000000000e+00  -1.056083589792e-01  -4.558539986610e-01   0.000000000000e+00  -1.056083589792e-01  -4.558539986610e-01 
  5.683469772339e-02  -2.486523091793e-01  -5.117890834808e-01   6.678107976913e-01  -1.216501295567e-01  -8.360409736633e-01   7.346558570862e-01  -8.254276961088e-02  -1.356997013092e+00 
  1.961717158556e-01   1.387557946146e-02  -1.866175055504e+00   1.402959823608e-01  -1.141624338925e-02  -2.867941617966e+00   1.879508793354e-01  -3.788314387202e-02  -2.432373285294e+00 
  1.551647782326e-01   0.000000000000e+00  -1.684650897980e+00   1.551647782326e-01   0.000000000000e+00  -1.684650897980e+00   0.000000000000e+00   0.000000000000e+00  -7.957327365875e-01 
  0.000000000000e+00   0.000000000000e+00  -7.957327365875e-01   8.819470554590e-02  -7.475358247757e-02  -7.276174426079e-01   6.217197179794e-01   0.000000000000e+00  -8.352821469307e-01 
 -1.270287781954e-01   0.000000000000e+00  -5.615504384041e-01  -3.437904119492e-01   0.000000000000e+00  -6.051236987114e-01   0.000000000000e+00   0.000000000000e+00  -2.785231351852e+00 
  0.000000000000e+00   0.000000000000e+00  -2.867941617966e+00   2.520918846130e-01  -3.374611726031e-03  -8.905519247055e-01   2.520918846130e-01  -3.374611726031e-03  -8.905519247055e-01 
  0.000000000000e+00   0.000000000000e+00  -7.957327365875e-01   0.000000000000e+00   0.000000000000e+00  -7.957327365875e-01   8.819470554590e-02  -7.475358247757e-02  -7.276174426079e-01 
  6.217197179794e-01   0.000000000000e+00  -8.352821469307e-01  -1.270287781954e-01   0.000000000000e+00  -5.615504384041e-01  -3.437904119492e-01   0.000000000000e+00  -6.051236987114e-01 
  0.000000000000e+00   0.000000000000e+00  -2.785231351852e+00   0.000000000000e+00   0.000000000000e+00  -2.867941617966e+00   2.520918846130e-01  -3.374611726031e-03  -8.905519247055e-01 
  2.520918846130e-01  -3.374611726031e-03  -8.905519247055e-01   0.000000000000e+00  -6.611786782742e-02  -4.221152663231e-01   0.000000000000e+00  -6.611786782742e-02  -4.221152663231e-01 
  4.662340134382e-02   1.327680330724e-02  -1.029065847397e+00   2.477047890425e-01   5.506161600351e-02  -1.563157677650e+00   0.000000000000e+00   1.456954628229e-01  -1.000000014901e-01 
  0.000000000000e+00  -3.164679110050e-01  -1.000000014901e-01   0.000000000000e+00  -4.458506405354e-02  -1.000000014901e-01   0.000000000000e+00   3.228615596890e-02  -1.000000014901e-01 
  9.011773467064e-01   3.553146123886e-02  -1.890433430672e+00   9.011773467064e-01   3.553146123886e-02  -1.890433430672e+00   0.000000000000e+00  -6.611786782742e-02  -4.221152663231e-01 
  0.000000000000e+00  -6.611786782742e-02  -4.221152663231e-01   4.662340134382e-02   1.327680330724e-02  -1.029065847397e+00   2.477047890425e-01   5.506161600351e-02  -1.563157677650e+00 
  0.000000000000e+00   1.456954628229e-01  -1.000000014901e-01   0.000000000000e+00  -3.164679110050e-01  -1.000000014901e-01   0.000000000000e+00  -4.458506405354e-02  -1.000000014901e-01 
  0.000000000000e+00   3.228615596890e-02  -1.000000014901e-01   9.011773467064e-01   3.553146123886e-02  -1.890433430672e+00   9.011773467064e-01   3.553146123886e-02  -1.890433430672e+00 
  0.000000000000e+00  -2.168991565704e-01  -3.384809494019e-01   0.000000000000e+00  -2.168991565704e-01  -3.384809494019e-01   6.141943857074e-02   4.137054085732e-02  -6.824948191643e-01 
  1.437091976404e-01   6.611389666796e-02  -1.011371135712e+00   6.246215850115e-02   2.080899924040e-01  -5.261884927750e-01   1.480250805616e-01  -3.085753321648e-01  -3.568275570869e-01 
  1.405787765980e-01  -4.593235254288e-02  -2.507024407387e-01   7.301916833967e-03   3.228615596890e-02  -1.000000014901e-01   0.000000000000e+00   2.904084697366e-02  -1.000000014901e-01 
  0.000000000000e+00   2.904084697366e-02  -1.000000014901e-01   0.000000000000e+00   2.269552275538e-02  -2.465164065361e-01   0.000000000000e+00   2.269552275538e-02  -2.465164065361e-01 
  6.972951442003e-02   1.102017425001e-02  -2.410614192486e-01   6.246349588037e-02   1.066316105425e-02  -3.287659883499e-01   9.353562444448e-02   1.006709635258e-01  -3.636049032211e-01 
  1.247135102749e-01  -1.532767117023e-01  -1.529717594385e-01   5.973506346345e-02  -4.354687407613e-02  -1.087027117610e-01   7.090047001839e-02   2.273133210838e-02  -8.818221837282e-02 
  5.881773680449e-02   0.000000000000e+00  -1.000000014901e-01   5.881773680449e-02   0.000000000000e+00  -1.000000014901e-01   0.000000000000e+00   3.166619539261e-01   1.720557361841e-02 
  0.000000000000e+00   3.166619539261e-01   1.720557361841e-02  -6.982494890690e-02   2.451815009117e-01  -4.655678570271e-02   0.000000000000e+00   1.580554246902e-01  -1.535078585148e-01 
  2.230539917946e-01   7.789387553930e-02  -2.649328410625e-01   2.274322509766e-01   4.494058713317e-02  -3.234084248543e-01   1.148268878460e-01   1.898968592286e-02  -1.651262193918e-01 
  1.134344041348e-01  -2.202989417128e-04  -6.182039901614e-02   2.257174700499e-01   0.000000000000e+00  -1.000000014901e-01   2.257174700499e-01   0.000000000000e+00  -1.000000014901e-01 
  0.000000000000e+00   4.203715622425e-01  -3.162809312344e-01   0.000000000000e+00   4.203715622425e-01  -3.162809312344e-01   3.684362396598e-02   2.678940817714e-02  -1.290912181139e-01 
  2.340672910213e-01   0.000000000000e+00  -3.397092819214e-01   5.095210671425e-01   4.630445037037e-03  -1.000000014901e-01   2.736036181450e-01   1.257858145982e-02  -1.000000014901e-01 
  1.040792688727e-01   4.751452058554e-02  -6.064535975456e-01   1.499522328377e-01   7.321467623115e-03  -8.813464641571e-02   1.575484424829e-01   0.000000000000e+00  -1.000000014901e-01 
  1.575484424829e-01   0.000000000000e+00  -1.000000014901e-01   0.000000000000e+00   3.951430618763e-01  -5.347981452942e-01   0.000000000000e+00   3.951430618763e-01  -5.347981452942e-01 
  5.853339284658e-02   6.154057383537e-01  -7.680062651634e-01   3.407977819443e-01   0.000000000000e+00  -8.509653210640e-01   1.943199992180e+00   1.745399460196e-02  -1.052025675774e+00 
  1.024746417999e+00   1.680060103536e-02  -1.388993024826e+00   3.387750685215e-01  -1.386287505738e-03  -1.386609196663e+00   1.605988740921e-01  -2.535814419389e-02  -1.000000014901e-01 
  0.000000000000e+00   0.000000000000e+00  -1.000000014901e-01   0.000000000000e+00   0.000000000000e+00  -1.000000014901e-01   0.000000000000e+00  -6.175232678652e-02  -5.740522742271e-01 
  0.000000000000e+00  -6.175232678652e-02  -5.740522742271e-01   5.496449023485e-02  -4.698427021503e-02  -7.065759301186e-01   7.995933890343e-01  -3.947522118688e-02  -1.083504796028e+00 
  1.931677460670e+00   0.000000000000e+00  -1.121623277664e+00   0.000000000000e+00  -3.965365758631e-04  -1.110048055649e+00   0.000000000000e+00  -6.635281257331e-03  -1.825093746185e+00 
  1.200498640537e-01  -2.655877918005e-02  -1.497180223465e+00   1.250507533550e-01   0.000000000000e+00  -1.000000014901e-01   1.250507533550e-01   0.000000000000e+00  -1.000000014901e-01 
  0.000000000000e+00   0.000000000000e+00  -4.222140610218e-01   0.000000000000e+00   0.000000000000e+00  -4.222140610218e-01  -1.461983425543e-03   0.000000000000e+00  -7.491996884346e-01 
  7.533163428307e-01   0.000000000000e+00  -9.382445216179e-01   7.697665691376e-01   0.000000000000e+00  -8.860880732536e-01   2.008604854345e-01  -3.028416540474e-04  -1.000000014901e-01 
  0.000000000000e+00   5.662080184266e-06  -1.000000014901e-01   0.000000000000e+00   5.444728230941e-06  -1.000000014901e-01   1.876432001591e-01  -2.502144081518e-03  -5.720773935318e-01 
  1.876432001591e-01  -2.502144081518e-03  -5.720773935318e-01   0.000000000000e+00   0.000000000000e+00  -4.222140610218e-01   0.000000000000e+00   0.000000000000e+00  -4.222140610218e-01 
 -1.461983425543e-03   0.000000000000e+00  -7.491996884346e-01   7.533163428307e-01   0.000000000000e+00  -9.382445216179e-01   7.697665691376e-01   0.000000000000e+00  -8.860880732536e-01 
  2.008604854345e-01  -3.028416540474e-04  -1.000000014901e-01   0.000000000000e+00   5.662080184266e-06  -1.000000014901e-01   0.000000000000e+00   5.444728230941e-06  -1.000000014901e-01 
  1.876432001591e-01  -2.502144081518e-03  -5.720773935318e-01   1.876432001591e-01  -2.502144081518e-03  -5.720773935318e-01   0.000000000000e+00  -8.895603939891e-03  -7.208513021469e-01 
  0.000000000000e+00  -8.895603939891e-03  -7.208513021469e-01   9.763701260090e-02   6.233706697822e-02  -9.166021943092e-01   2.097689360380e-01   4.965632408857e-02  -1.608656525612e+00 
  0.000000000000e+00   7.247696071863e-02  -1.000000014901e-01   0.000000000000e+00  -2.653209269047e-01  -1.000000014901e-01   0.000000000000e+00  -1.109031261876e-03  -1.000000014901e-01 
  0.000000000000e+00   3.228615596890e-02  -1.000000014901e-01   8.979320526123e-01   3.228615596890e-02  -1.896924138069e+00   8.979320526123e-01   3.228615596890e-02  -1.896924138069e+00 
  0.000000000000e+00  -8.895603939891e-03  -7.208513021469e-01   0.000000000000e+00  -8.895603939891e-03  -7.208513021469e-01   9.763701260090e-02   6.233706697822e-02  -9.166021943092e-01 
  2.097689360380e-01   4.965632408857e-02  -1.608656525612e+00   0.000000000000e+00   7.247696071863e-02  -1.000000014901e-01   0.000000000000e+00  -2.653209269047e-01  -1.000000014901e-01 
  0.000000000000e+00  -1.109031261876e-03  -1.000000014901e-01   0.000000000000e+00   3.228615596890e-02  -1.000000014901e-01   8.979320526123e-01   3.228615596890e-02  -1.896924138069e+00 
  8.979320526123e-01   3.228615596890e-02  -1.896924138069e+00   0.000000000000e+00  -1.181908324361e-01  -7.366788387299e-01   0.000000000000e+00  -1.181908324361e-01  -7.366788387299e-01 
  3.198617696762e-02   2.786642499268e-02  -8.266394138336e-01   1.084314584732e-01   3.664851188660e-02  -1.135861635208e+00   6.813457608223e-02   7.534272968769e-02  -7.032814025879e-01 
  7.352659851313e-02  -2.639557123184e-01  -2.524907886982e-01   9.016454964876e-02  -1.740563311614e-03  -1.500588506460e-01   1.738477200270e-01   3.228615596890e-02  -1.000000014901e-01 
  4.448142647743e-01   3.228615596890e-02  -1.000000014901e-01   4.448142647743e-01   3.228615596890e-02  -1.000000014901e-01   0.000000000000e+00  -2.691659927368e-01  -6.105647683144e-01 
  0.000000000000e+00  -2.691659927368e-01  -6.105647683144e-01   7.362281531096e-02  -1.968420147896e-01  -5.425040125847e-01   6.340148299932e-02  -1.255479902029e-01  -4.776161611080e-01 
  5.766797810793e-02  -3.535544127226e-02  -4.163565337658e-01   7.853980362415e-02  -1.924627423286e-01  -2.701596021652e-01   1.056475490332e-01  -9.338588453829e-03  -1.177202388644e-01 
  1.687162667513e-01   1.998145878315e-02  -9.631528705359e-02   2.809106707573e-01   0.000000000000e+00  -1.000000014901e-01   2.809106707573e-01   0.000000000000e+00  -1.000000014901e-01 
  0.000000000000e+00   3.884629607201e-01   5.278895795345e-02   0.000000000000e+00   3.884629607201e-01   5.278895795345e-02  -8.033859729767e-02   3.655374646187e-01  -9.360689669847e-02 
 -2.982900291681e-02   3.085214793682e-01  -1.891894936562e-01   1.331754624844e-01   2.150726169348e-01  -2.782772481441e-01   2.296878397465e-01   1.247355192900e-01  -3.156608045101e-01 
  1.831841766834e-01   1.073869969696e-02  -2.249373346567e-01   1.357327550650e-01   7.413356099278e-03  -7.242742925882e-02   2.230527400970e-01   0.000000000000e+00  -1.000000014901e-01 
  2.230527400970e-01   0.000000000000e+00  -1.000000014901e-01   0.000000000000e+00   4.831926152110e-02  -3.164655566216e-01   0.000000000000e+00   4.831926152110e-02  -3.164655566216e-01 
 -1.424346701242e-03   8.983159065247e-02  -3.733246326447e-01   1.045734286308e-01   8.267937600613e-02  -4.003027677536e-01   3.837889134884e-01   6.833818554878e-02  -4.314923584461e-01 
  2.411679029465e-01   4.391467943788e-02  -3.587865829468e-01   1.370728313923e-01   3.140887245536e-02  -5.109614133835e-01   1.699599027634e-01   5.486761219800e-03  -9.282438457012e-02 
  1.144663169980e-01   0.000000000000e+00  -1.000000014901e-01   1.144663169980e-01   0.000000000000e+00  -1.000000014901e-01   0.000000000000e+00   1.070124879479e-01  -3.375967144966e-01 
  0.000000000000e+00   1.070124879479e-01  -3.375967144966e-01  -5.054789409041e-02   3.612090945244e-01  -2.907240092754e-01   1.604270040989e-01   1.758286356926e-01  -6.731361746788e-01 
  1.804086118937e-01   5.709715932608e-02  -1.008167147636e+00   1.858180165291e-01   2.091827616096e-02  -6.761016249657e-01   7.767962664366e-02   9.342057630420e-03  -8.915476202965e-01 
  3.408675640821e-02  -1.911615207791e-02  -1.000000014901e-01   0.000000000000e+00   0.000000000000e+00  -1.000000014901e-01   0.000000000000e+00   0.000000000000e+00  -1.000000014901e-01 
  0.000000000000e+00   1.480142325163e-01  -2.570573687553e-01   0.000000000000e+00   1.480142325163e-01  -2.570573687553e-01  -1.102961506695e-02   7.853878289461e-02  -3.208705186844e-01 
  2.360491156578e-01  -5.343707744032e-03  -9.350527524948e-01   1.884467899799e-01  -6.711506750435e-03  -1.315821886063e+00   1.884467899799e-01  -2.821421716362e-03  -1.000000014901e-01 
  0.000000000000e+00  -1.609080587514e-03  -4.428149759769e-01   0.000000000000e+00  -1.022300421027e-04  -1.042032003403e+00   9.579060226679e-02   0.000000000000e+00  -1.000000014901e-01 
  9.579060226679e-02   0.000000000000e+00  -1.000000014901e-01   0.000000000000e+00   0.000000000000e+00  -4.242040812969e-01   0.000000000000e+00   0.000000000000e+00  -4.242040812969e-01 
 -1.285743806511e-02   1.208288874477e-02  -4.424083828926e-01   8.435268700123e-02   2.410860615782e-04  -8.587919473648e-01   1.163356676698e-01  -1.803889870644e-03  -1.050534248352e+00 
  1.013324931264e-01  -1.493731630035e-03  -6.252265572548e-01   3.944516927004e-02  -1.308997510932e-03  -1.000000014901e-01   2.897008694708e-02  -1.124025904574e-03  -1.000000014901e-01 
  1.412238180637e-01  -1.809448702261e-03  -3.803933560848e-01   1.412238180637e-01  -1.809448702261e-03  -3.803933560848e-01   0.000000000000e+00   0.000000000000e+00  -4.242040812969e-01 
  0.000000000000e+00   0.000000000000e+00  -4.242040812969e-01  -1.285743806511e-02   1.208288874477e-02  -4.424083828926e-01   8.435268700123e-02   2.410860615782e-04  -8.587919473648e-01 
  1.163356676698e-01  -1.803889870644e-03  -1.050534248352e+00   1.013324931264e-01  -1.493731630035e-03  -6.252265572548e-01   3.944516927004e-02  -1.308997510932e-03  -1.000000014901e-01 
  2.897008694708e-02  -1.124025904574e-03  -1.000000014901e-01   1.412238180637e-01  -1.809448702261e-03  -3.803933560848e-01   1.412238180637e-01  -1.809448702261e-03  -3.803933560848e-01 
  0.000000000000e+00   8.091903477907e-02  -9.963659197092e-02   0.000000000000e+00   8.091903477907e-02  -9.963659197092e-02   3.565007448196e-02   3.765372559428e-02   2.926867641509e-02 
  2.131597995758e-01   3.634116798639e-02  -7.929481267929e-01   0.000000000000e+00   4.654027521610e-02  -1.000000014901e-01   0.000000000000e+00  -1.032041072845e+00  -1.000000014901e-01 
  0.000000000000e+00  -1.310616731644e+00  -1.000000014901e-01   0.000000000000e+00  -1.297593474388e+00  -1.000000014901e-01   0.000000000000e+00  -4.095907807350e-01  -1.000000014901e-01 
  0.000000000000e+00  -4.095907807350e-01  -1.000000014901e-01   0.000000000000e+00   8.091903477907e-02  -9.963659197092e-02   0.000000000000e+00   8.091903477907e-02  -9.963659197092e-02 
  3.565007448196e-02   3.765372559428e-02   2.926867641509e-02   2.131597995758e-01   3.634116798639e-02  -7.929481267929e-01   0.000000000000e+00   4.654027521610e-02  -1.000000014901e-01 
  0.000000000000e+00  -1.032041072845e+00  -1.000000014901e-01   0.000000000000e+00  -1.310616731644e+00  -1.000000014901e-01   0.000000000000e+00  -1.297593474388e+00  -1.000000014901e-01 
  0.000000000000e+00  -4.095907807350e-01  -1.000000014901e-01   0.000000000000e+00  -4.095907807350e-01  -1.000000014901e-01   0.000000000000e+00  -2.023764140904e-02  -1.750437021255e-01 
  0.000000000000e+00  -2.023764140904e-02  -1.750437021255e-01  -1.140580046922e-03   3.469974268228e-03  -2.124238610268e-01   8.699060976505e-02   1.849219575524e-02  -5.412276387215e-01 
  1.135837733746e-01   3.824108093977e-02  -4.707825183868e-01   1.098869889975e-01  -1.098403930664e+00  -1.646179258823e-01   3.262116611004e-01  -1.375962376595e+00  -1.024674922228e-01 
  5.277875661850e-01  -1.372868657112e+00  -1.000000014901e-01   4.579687118530e-01  -5.103325843811e-01  -1.000000014901e-01   4.579687118530e-01  -5.103325843811e-01  -1.000000014901e-01 
  0.000000000000e+00  -5.421213507652e-01  -2.333673238754e-01   0.000000000000e+00  -5.421213507652e-01  -2.333673238754e-01   8.054287731647e-02  -6.334481835365e-01  -2.294520735741e-01 
  0.000000000000e+00  -6.598507165909e-01  -3.030051589012e-01   0.000000000000e+00  -5.786972641945e-01  -2.636750042439e-01   0.000000000000e+00  -4.240741133690e-01  -3.627529144287e-01 
  1.230853199959e-01  -8.882316350937e-01  -1.033359095454e-01   5.301483869553e-01  -6.558261513710e-01  -9.920671582222e-02   4.960045218468e-01   0.000000000000e+00  -1.000000014901e-01 
  4.960045218468e-01   0.000000000000e+00  -1.000000014901e-01   0.000000000000e+00  -1.888656169176e-01  -5.289580225945e-01   0.000000000000e+00  -1.888656169176e-01  -5.289580225945e-01 
 -9.920349344611e-03  -4.087491929531e-01  -5.081909298897e-01   1.144385617226e-02  -5.189769268036e-01  -4.684112966061e-01   5.672071129084e-02  -3.712396025658e-01  -6.889281868935e-01 
  2.691604383290e-02  -2.857832908630e-01  -9.184713363647e-01   1.300889160484e-02  -5.094668269157e-01  -7.664882540703e-01   1.700788885355e-01  -3.515604436398e-01  -9.289808571339e-02 
  4.551142454147e-01   0.000000000000e+00  -1.000000014901e-01   4.551142454147e-01   0.000000000000e+00  -1.000000014901e-01   0.000000000000e+00   6.078763306141e-02  -5.709508657455e-01 
  0.000000000000e+00   6.078763306141e-02  -5.709508657455e-01  -6.358199566603e-02   7.307291775942e-02  -5.243740081787e-01   1.117869932204e-02   6.706960499287e-02  -4.206453263760e-01 
  1.699530780315e-01   0.000000000000e+00  -1.024101614952e+00   0.000000000000e+00   0.000000000000e+00  -1.200088262558e+00   0.000000000000e+00   1.894639572129e-04  -1.040464758873e+00 
  8.441231213510e-03   3.109422323178e-05  -3.728691041470e-01   6.860324740410e-02   2.702451638470e-06  -1.000000014901e-01   6.860324740410e-02   2.702451638470e-06  -1.000000014901e-01 
  0.000000000000e+00   3.198804855347e-01  -3.974946141243e-01   0.000000000000e+00   3.198804855347e-01  -3.974946141243e-01  -3.545616054907e-03   2.479548156261e-01  -5.004346370697e-01 
  1.632830500603e-01   5.518895015121e-02   1.660807877779e-01   1.884467899799e-01   0.000000000000e+00  -1.341818451881e+00   1.884467899799e-01   0.000000000000e+00  -1.341818451881e+00 
  0.000000000000e+00   0.000000000000e+00  -8.554482460022e-01   0.000000000000e+00  -2.010628115386e-03  -6.073282957077e-01   0.000000000000e+00  -4.441889468580e-04  -1.000000014901e-01 
  0.000000000000e+00  -4.441889468580e-04  -1.000000014901e-01   0.000000000000e+00   3.304942548275e-01  -6.207518577576e-01   0.000000000000e+00   3.304942548275e-01  -6.207518577576e-01 
  2.648707479239e-02  -6.041213124990e-02  -7.063145637512e-01   3.858710825443e-01  -7.473457138985e-03   8.439676165581e-01   1.815364807844e-01  -1.094224024564e-02  -1.348728775978e+00 
  1.953570991755e-01   0.000000000000e+00  -1.341818451881e+00   0.000000000000e+00   0.000000000000e+00  -1.000000014901e-01   0.000000000000e+00   0.000000000000e+00  -1.000000014901e-01 
  0.000000000000e+00  -1.002272347250e-05  -1.000000014901e-01   0.000000000000e+00  -1.002272347250e-05  -1.000000014901e-01   0.000000000000e+00   0.000000000000e+00  -3.312165141106e-01 
  0.000000000000e+00   0.000000000000e+00  -3.312165141106e-01  -3.797838464379e-03   0.000000000000e+00  -4.349562227726e-01   0.000000000000e+00  -2.914769575000e-03   4.273775517941e-01 
  0.000000000000e+00   0.000000000000e+00  -1.000000014901e-01   0.000000000000e+00   0.000000000000e+00  -7.168467640877e-01   0.000000000000e+00   0.000000000000e+00  -4.861869812012e-01 
  0.000000000000e+00   0.000000000000e+00  -3.619003891945e-01   3.230270743370e-02  -5.696315784007e-04  -3.125396966934e-01   3.230270743370e-02  -5.696315784007e-04  -3.125396966934e-01 
  0.000000000000e+00   0.000000000000e+00  -3.312165141106e-01   0.000000000000e+00   0.000000000000e+00  -3.312165141106e-01  -3.797838464379e-03   0.000000000000e+00  -4.349562227726e-01 
  0.000000000000e+00  -2.914769575000e-03   4.273775517941e-01   0.000000000000e+00   0.000000000000e+00  -1.000000014901e-01   0.000000000000e+00   0.000000000000e+00  -7.168467640877e-01 
  0.000000000000e+00   0.000000000000e+00  -4.861869812012e-01   0.000000000000e+00   0.000000000000e+00  -3.619003891945e-01   3.230270743370e-02  -5.696315784007e-04  -3.125396966934e-01 
  3.230270743370e-02  -5.696315784007e-04  -3.125396966934e-01   0.000000000000e+00  -5.484679713845e-02  -3.376921713352e-01   0.000000000000e+00  -5.484679713845e-02  -3.376921713352e-01 
  1.147722452879e-01  -1.134643033147e-01  -2.561452984810e-01   1.872698217630e-01  -1.729746907949e-01  -1.000000014901e-01   1.637102812529e-01  -3.501785993576e-01  -1.000000014901e-01 
  0.000000000000e+00  -8.597746491432e-01  -1.000000014901e-01   0.000000000000e+00  -1.417531013489e+00  -1.000000014901e-01   1.824844598770e+00  -1.417531013489e+00  -1.000000014901e-01 
  1.824844598770e+00  -7.087048888206e-01  -1.000000014901e-01   1.824844598770e+00  -7.087048888206e-01  -1.000000014901e-01   0.000000000000e+00  -5.484679713845e-02  -3.376921713352e-01 
  0.000000000000e+00  -5.484679713845e-02  -3.376921713352e-01   1.147722452879e-01  -1.134643033147e-01  -2.561452984810e-01   1.872698217630e-01  -1.729746907949e-01  -1.000000014901e-01 
  1.637102812529e-01  -3.501785993576e-01  -1.000000014901e-01   0.000000000000e+00  -8.597746491432e-01  -1.000000014901e-01   0.000000000000e+00  -1.417531013489e+00  -1.000000014901e-01 
  1.824844598770e+00  -1.417531013489e+00  -1.000000014901e-01   1.824844598770e+00  -7.087048888206e-01  -1.000000014901e-01   1.824844598770e+00  -7.087048888206e-01  -1.000000014901e-01 
  0.000000000000e+00  -1.017057895660e-01  -3.327506184578e-01   0.000000000000e+00  -1.017057895660e-01  -3.327506184578e-01   5.705463141203e-02  -2.455618977547e-01  -3.777476847172e-01 
  4.053218066692e-01  -3.747327625751e-01  -4.216565489769e-01   2.614069581032e-01  -4.046702682972e-01  -3.369045257568e-01   1.441169530153e-01  -8.597916364670e-01  -9.901030361652e-02 
  3.756643235683e-01  -1.417531013489e+00  -9.961926192045e-02   9.124222993851e-01  -1.417531013489e+00  -1.000000014901e-01   9.124222397804e-01  -7.087466716766e-01  -1.411551833153e-01 
  9.124222397804e-01  -7.087466716766e-01  -1.411551833153e-01   0.000000000000e+00  -4.893555045128e-01  -4.551331400871e-01   0.000000000000e+00  -4.893555045128e-01  -4.551331400871e-01 
  1.419897526503e-01  -7.490582466125e-01  -5.018529295921e-01   8.714938759804e-01  -7.478933334351e-01  -5.003778934479e-01   0.000000000000e+00  -5.100665688515e-01  -1.000000014901e-01 
  0.000000000000e+00  -3.205007910728e-01  -1.000000014901e-01   2.040467858315e-01  -5.836287140846e-01  -9.635656327009e-02   5.534261465073e-01   0.000000000000e+00  -1.000000014901e-01 
  5.534261465073e-01  -2.918066084385e-01  -1.443304866552e-01   5.534261465073e-01  -2.918066084385e-01  -1.443304866552e-01   0.000000000000e+00  -3.977019190788e-01  -4.142271280289e-01 
  0.000000000000e+00  -3.977019190788e-01  -4.142271280289e-01  -5.844186991453e-02  -6.715937852859e-01  -4.195125401020e-01   1.566527783871e-01  -7.459300160408e-01  -4.852455556393e-01 
  0.000000000000e+00   0.000000000000e+00  -6.494017839432e-01   5.753388628364e-02  -9.143246710300e-02  -8.993216156960e-01   7.939887791872e-02  -2.819144129753e-01  -6.779570579529e-01 
  3.713976740837e-01   0.000000000000e+00  -1.000000014901e-01   3.711636662483e-01  -1.409833878279e-01  -1.391387581825e-01   3.711636662483e-01  -1.409833878279e-01  -1.391387581825e-01 
  0.000000000000e+00   1.524120336398e-03  -4.925566911697e-01   0.000000000000e+00   1.524120336398e-03  -4.925566911697e-01  -1.517158448696e-01  -2.848596684635e-02  -4.610350131989e-01 
 -1.166242808104e-01   0.000000000000e+00  -3.665752708912e-01   1.851630508900e-01   1.426918315701e-03  -1.062923789024e+00   2.723133265972e-01   2.587085589767e-03  -1.219296932220e+00 
  1.821620762348e-01   1.781122176908e-03  -1.039284825325e+00   1.042785719037e-01   1.401845802320e-04  -8.275087475777e-01   5.777396261692e-02  -7.076675444841e-02  -4.154386818409e-01 
  5.777396261692e-02  -7.076675444841e-02  -4.154386818409e-01   0.000000000000e+00   9.355136752129e-02  -2.531516551971e-01   0.000000000000e+00   9.355136752129e-02  -2.531516551971e-01 
  1.004199609160e-01   1.057990416884e-01  -2.264425903559e-01   1.555826812983e-01   1.046082153916e-01  -4.409359395504e-02   5.178022980690e-01   1.584860123694e-02  -1.341818451881e+00 
  5.060223937035e-01   6.370704155415e-03  -1.341818451881e+00   2.083405554295e-01   3.267770167440e-03  -8.538185954094e-01   1.006557419896e-01   1.916264300235e-03  -6.060820221901e-01 
  5.428649485111e-02   1.290586078539e-03  -3.146332204342e-01   5.428649485111e-02   1.290586078539e-03  -3.146332204342e-01   0.000000000000e+00  -6.543710827827e-02  -1.162246540189e-01 
  0.000000000000e+00  -6.543710827827e-02  -1.162246540189e-01   3.913721442223e-02  -5.512853339314e-02  -4.270569980145e-02   3.657275140285e-01   5.918118171394e-03   8.439676165581e-01 
  9.560295939445e-01   6.926717236638e-03  -1.334908127785e+00   9.560295939445e-01   3.463358618319e-03  -1.341818451881e+00   0.000000000000e+00   2.100686775520e-03  -1.000000014901e-01 
  0.000000000000e+00   1.408685115166e-03  -1.000000014901e-01   0.000000000000e+00   1.051263068803e-03  -1.000000014901e-01   0.000000000000e+00   1.051263068803e-03  -1.000000014901e-01 
  0.000000000000e+00   0.000000000000e+00  -3.255051970482e-01   0.000000000000e+00   0.000000000000e+00  -3.255051970482e-01  -4.763137921691e-02  -8.481309749186e-03  -2.553285658360e-01 
  4.540477320552e-02   3.618304152042e-03   4.237899482250e-01   9.373602271080e-01   6.926717236638e-03  -1.000000014901e-01   8.128921985626e-01   3.463358618319e-03  -7.196494340897e-01 
  3.346855938435e-01   2.100686775520e-03  -4.786233901978e-01   1.616897135973e-01   1.408620388247e-03  -3.561179041862e-01   8.642838895321e-02   9.841623250395e-04  -2.896733880043e-01 
  8.642838895321e-02   9.841623250395e-04  -2.896733880043e-01   0.000000000000e+00   0.000000000000e+00  -3.255051970482e-01   0.000000000000e+00   0.000000000000e+00  -3.255051970482e-01 
 -4.763137921691e-02  -8.481309749186e-03  -2.553285658360e-01   4.540477320552e-02   3.618304152042e-03   4.237899482250e-01   9.373602271080e-01   6.926717236638e-03  -1.000000014901e-01 
  8.128921985626e-01   3.463358618319e-03  -7.196494340897e-01   3.346855938435e-01   2.100686775520e-03  -4.786233901978e-01   1.616897135973e-01   1.408620388247e-03  -3.561179041862e-01 
  8.642838895321e-02   9.841623250395e-04  -2.896733880043e-01   8.642838895321e-02   9.841623250395e-04  -2.896733880043e-01   0.000000000000e+00  -1.938546895981e-01  -7.588362097740e-01 
  0.000000000000e+00  -1.938546895981e-01  -7.588362097740e-01   2.802044898272e-02  -3.213980793953e-01  -6.679319739342e-01   1.097256392241e-01  -4.163935482502e-01  -5.917599797249e-01 
  1.435928344727e-01  -1.611313968897e-01  -1.878662407398e-01   0.000000000000e+00   0.000000000000e+00  -1.000000014901e-01   0.000000000000e+00  -1.417531013489e+00  -1.000000014901e-01 
  1.826662421227e+00  -1.415713191032e+00  -4.600501656532e-01   1.823026776314e+00   0.000000000000e+00  -4.618679881096e-01   1.823026776314e+00   0.000000000000e+00  -4.618679881096e-01 
  0.000000000000e+00  -1.938546895981e-01  -7.588362097740e-01   0.000000000000e+00  -1.938546895981e-01  -7.588362097740e-01   2.802044898272e-02  -3.213980793953e-01  -6.679319739342e-01 
  1.097256392241e-01  -4.163935482502e-01  -5.917599797249e-01   1.435928344727e-01  -1.611313968897e-01  -1.878662407398e-01   0.000000000000e+00   0.000000000000e+00  -1.000000014901e-01 
  0.000000000000e+00  -1.417531013489e+00  -1.000000014901e-01   1.826662421227e+00  -1.415713191032e+00  -4.600501656532e-01   1.823026776314e+00   0.000000000000e+00  -4.618679881096e-01 
  1.823026776314e+00   0.000000000000e+00  -4.618679881096e-01   0.000000000000e+00  -4.445173740387e-01  -2.806958258152e-01   0.000000000000e+00  -4.445173740387e-01  -2.806958258152e-01 
 -5.287658423185e-02  -5.131489038467e-01  -3.551090955734e-01   3.492250740528e-01  -5.741420388222e-01  -4.567978382111e-01   2.252281159163e-01  -3.805240690708e-01  -3.389701247215e-01 
  0.000000000000e+00   0.000000000000e+00  -9.813971817493e-02   0.000000000000e+00  -1.417531013489e+00  -9.907526522875e-02   0.000000000000e+00  -1.419348835945e+00  -1.000000014901e-01 
  0.000000000000e+00   0.000000000000e+00  -2.752536237240e-01   0.000000000000e+00   0.000000000000e+00  -2.752536237240e-01   0.000000000000e+00  -8.827506303787e-01  -2.824073135853e-01 
  0.000000000000e+00  -8.827506303787e-01  -2.824073135853e-01   3.050769269466e-01  -7.469739317894e-01  -4.295223355293e-01   8.874571323395e-01  -7.414820194244e-01  -6.131030321121e-01 
  0.000000000000e+00  -7.384599447250e-01  -1.000000014901e-01   0.000000000000e+00   0.000000000000e+00  -8.942684531212e-02   0.000000000000e+00   0.000000000000e+00  -9.033371508121e-02 
  0.000000000000e+00   0.000000000000e+00  -1.000000014901e-01   0.000000000000e+00   0.000000000000e+00  -2.004228532314e-01   0.000000000000e+00   0.000000000000e+00  -2.004228532314e-01 
  3.789242357016e-02  -6.809985637665e-01  -3.077366352081e-01   3.789242357016e-02  -6.809985637665e-01  -3.077366352081e-01   2.281572818756e-01  -7.244354486465e-01  -5.107172131538e-01 
  5.817590355873e-01  -7.322259545326e-01  -5.603870749474e-01   5.714228749275e-01  -7.319784760475e-01  -4.273914098740e-01   0.000000000000e+00   0.000000000000e+00  -3.670843839645e-01 
  0.000000000000e+00   0.000000000000e+00  -1.269369721413e-01   0.000000000000e+00   0.000000000000e+00  -1.000000014901e-01   0.000000000000e+00   0.000000000000e+00  -1.579844206572e-01 
  0.000000000000e+00   0.000000000000e+00  -1.579844206572e-01   0.000000000000e+00   1.059680104256e+00  -2.014639079571e-01   0.000000000000e+00   1.059680104256e+00  -2.014639079571e-01 
 -3.752716630697e-02  -1.149592101574e-01  -2.199757993221e-01  -4.418929666281e-02  -3.341430425644e-01  -2.225881963968e-01   0.000000000000e+00   0.000000000000e+00  -9.999739378691e-02 
  0.000000000000e+00   0.000000000000e+00  -2.956643998623e-01   0.000000000000e+00   0.000000000000e+00  -2.781104445457e-01   0.000000000000e+00   0.000000000000e+00  -2.223209440708e-01 
  0.000000000000e+00   0.000000000000e+00  -1.535589545965e-01   0.000000000000e+00   0.000000000000e+00  -1.535589545965e-01   0.000000000000e+00  -3.082042559981e-02   1.019907370210e-01 
  0.000000000000e+00  -3.082042559981e-02   1.019907370210e-01   2.838120236993e-02  -5.667117610574e-02   1.498807817698e-01   0.000000000000e+00   1.082633249462e-02  -9.997108578682e-02 
  0.000000000000e+00   0.000000000000e+00  -1.000000014901e-01   0.000000000000e+00   0.000000000000e+00  -4.625361859798e-01   0.000000000000e+00   0.000000000000e+00  -3.023798465729e-01 
  0.000000000000e+00   0.000000000000e+00  -2.196813076735e-01   0.000000000000e+00   0.000000000000e+00  -1.803954839706e-01   0.000000000000e+00   0.000000000000e+00  -1.803954839706e-01 
  0.000000000000e+00  -2.254023849964e-01   5.877354145050e-01   0.000000000000e+00  -2.254023849964e-01   5.877354145050e-01  -2.584628574550e-02  -1.965857297182e-01   6.520680189133e-01 
  0.000000000000e+00   6.926717236638e-03  -1.000000014901e-01   1.004650354385e+00   5.554748699069e-02  -7.975308299065e-01   9.074088335037e-01   0.000000000000e+00  -8.461515903473e-01 
  0.000000000000e+00   0.000000000000e+00  -1.000000014901e-01   0.000000000000e+00   0.000000000000e+00  -1.000000014901e-01   0.000000000000e+00   0.000000000000e+00  -1.000000014901e-01 
  0.000000000000e+00   0.000000000000e+00  -1.000000014901e-01   0.000000000000e+00   0.000000000000e+00  -1.226052567363e-01   0.000000000000e+00   0.000000000000e+00  -1.226052567363e-01 
 -2.636474929750e-02  -6.515662651509e-03  -3.947231918573e-02   0.000000000000e+00   6.926717236638e-03  -4.402196109295e-01   9.560295939445e-01   0.000000000000e+00  -8.461515903473e-01 
  9.560295939445e-01   0.000000000000e+00  -8.383269309998e-01   0.000000000000e+00   0.000000000000e+00  -5.383623242378e-01   0.000000000000e+00   0.000000000000e+00  -3.851742744446e-01 
  0.000000000000e+00   0.000000000000e+00  -2.968475222588e-01   0.000000000000e+00   0.000000000000e+00  -2.968475222588e-01   0.000000000000e+00   0.000000000000e+00  -1.226052567363e-01 
  0.000000000000e+00   0.000000000000e+00  -1.226052567363e-01  -2.636474929750e-02  -6.515662651509e-03  -3.947231918573e-02   0.000000000000e+00   6.926717236638e-03  -4.402196109295e-01 
  9.560295939445e-01   0.000000000000e+00  -8.461515903473e-01   9.560295939445e-01   0.000000000000e+00  -8.383269309998e-01   0.000000000000e+00   0.000000000000e+00  -5.383623242378e-01 
  0.000000000000e+00   0.000000000000e+00  -3.851742744446e-01   0.000000000000e+00   0.000000000000e+00  -2.968475222588e-01   0.000000000000e+00   0.000000000000e+00  -2.968475222588e-01 
  0.000000000000e+00  -1.938546895981e-01  -7.588362097740e-01   0.000000000000e+00  -1.938546895981e-01  -7.588362097740e-01   2.802044898272e-02  -3.213980793953e-01  -6.679319739342e-01 
  1.097256392241e-01  -4.163935482502e-01  -5.917599797249e-01   1.435928344727e-01  -1.611313968897e-01  -1.878662407398e-01   0.000000000000e+00   0.000000000000e+00  -1.000000014901e-01 
  0.000000000000e+00  -1.417531013489e+00  -1.000000014901e-01   1.826662421227e+00  -1.415713191032e+00  -4.600501656532e-01   1.823026776314e+00   0.000000000000e+00  -4.618679881096e-01 
  1.823026776314e+00   0.000000000000e+00  -4.618679881096e-01   0.000000000000e+00  -1.938546895981e-01  -7.588362097740e-01   0.000000000000e+00  -1.938546895981e-01  -7.588362097740e-01 
  2.802044898272e-02  -3.213980793953e-01  -6.679319739342e-01   1.097256392241e-01  -4.163935482502e-01  -5.917599797249e-01   1.435928344727e-01  -1.611313968897e-01  -1.878662407398e-01 
  0.000000000000e+00   0.000000000000e+00  -1.000000014901e-01   0.000000000000e+00  -1.417531013489e+00  -1.000000014901e-01   1.826662421227e+00  -1.415713191032e+00  -4.600501656532e-01 
  1.823026776314e+00   0.000000000000e+00  -4.618679881096e-01   1.823026776314e+00   0.000000000000e+00  -4.618679881096e-01   0.000000000000e+00  -4.445173740387e-01  -2.806958258152e-01 
  0.000000000000e+00  -4.445173740387e-01  -2.806958258152e-01  -5.287658423185e-02  -5.131489038467e-01  -3.551090955734e-01   3.492250740528e-01  -5.741420388222e-01  -4.567978382111e-01 
  2.252281159163e-01  -3.805240690708e-01  -3.389701247215e-01   0.000000000000e+00   0.000000000000e+00  -9.813971817493e-02   0.000000000000e+00  -1.417531013489e+00  -9.907526522875e-02 
  0.000000000000e+00  -1.419348835945e+00  -1.000000014901e-01   0.000000000000e+00   0.000000000000e+00  -2.752536237240e-01   0.000000000000e+00   0.000000000000e+00  -2.752536237240e-01 
  0.000000000000e+00  -8.827506303787e-01  -2.824073135853e-01   0.000000000000e+00  -8.827506303787e-01  -2.824073135853e-01   3.050769269466e-01  -7.469739317894e-01  -4.295223355293e-01 
  8.874571323395e-01  -7.414820194244e-01  -6.131030321121e-01   0.000000000000e+00  -7.384599447250e-01  -1.000000014901e-01   0.000000000000e+00   0.000000000000e+00  -8.942684531212e-02 
  0.000000000000e+00   0.000000000000e+00  -9.033371508121e-02   0.000000000000e+00   0.000000000000e+00  -1.000000014901e-01   0.000000000000e+00   0.000000000000e+00  -2.004228532314e-01 
  0.000000000000e+00   0.000000000000e+00  -2.004228532314e-01   3.789242357016e-02  -6.809985637665e-01  -3.077366352081e-01   3.789242357016e-02  -6.809985637665e-01  -3.077366352081e-01 
  2.281572818756e-01  -7.244354486465e-01  -5.107172131538e-01   5.817590355873e-01  -7.322259545326e-01  -5.603870749474e-01   5.714228749275e-01  -7.319784760475e-01  -4.273914098740e-01 
  0.000000000000e+00   0.000000000000e+00  -3.670843839645e-01   0.000000000000e+00   0.000000000000e+00  -1.269369721413e-01   0.000000000000e+00   0.000000000000e+00  -1.000000014901e-01 
  0.000000000000e+00   0.000000000000e+00  -1.579844206572e-01   0.000000000000e+00   0.000000000000e+00  -1.579844206572e-01   0.000000000000e+00   1.059680104256e+00  -2.014639079571e-01 
  0.000000000000e+00   1.059680104256e+00  -2.014639079571e-01  -3.752716630697e-02  -1.149592101574e-01  -2.199757993221e-01  -4.418929666281e-02  -3.341430425644e-01  -2.225881963968e-01 
  0.000000000000e+00   0.000000000000e+00  -9.999739378691e-02   0.000000000000e+00   0.000000000000e+00  -2.956643998623e-01   0.000000000000e+00   0.000000000000e+00  -2.781104445457e-01 
  0.000000000000e+00   0.000000000000e+00  -2.223209440708e-01   0.000000000000e+00   0.000000000000e+00  -1.535589545965e-01   0.000000000000e+00   0.000000000000e+00  -1.535589545965e-01 
  0.000000000000e+00  -3.082042559981e-02   1.019907370210e-01   0.000000000000e+00  -3.082042559981e-02   1.019907370210e-01   2.838120236993e-02  -5.667117610574e-02   1.498807817698e-01 
  0.000000000000e+00   1.082633249462e-02  -9.997108578682e-02   0.000000000000e+00   0.000000000000e+00  -1.000000014901e-01   0.000000000000e+00   0.000000000000e+00  -4.625361859798e-01 
  0.000000000000e+00   0.000000000000e+00  -3.023798465729e-01   0.000000000000e+00   0.000000000000e+00  -2.196813076735e-01   0.000000000000e+00   0.000000000000e+00  -1.803954839706e-01 
  0.000000000000e+00   0.000000000000e+00  -1.803954839706e-01   0.000000000000e+00  -2.254023849964e-01   5.877354145050e-01   0.000000000000e+00  -2.254023849964e-01   5.877354145050e-01 
 -2.584628574550e-02  -1.965857297182e-01   6.520680189133e-01   0.000000000000e+00   6.926717236638e-03  -1.000000014901e-01   1.004650354385e+00   5.554748699069e-02  -7.975308299065e-01 
  9.074088335037e-01   0.000000000000e+00  -8.461515903473e-01   0.000000000000e+00   0.000000000000e+00  -1.000000014901e-01   0.000000000000e+00   0.000000000000e+00  -1.000000014901e-01 
  0.000000000000e+00   0.000000000000e+00  -1.000000014901e-01   0.000000000000e+00   0.000000000000e+00  -1.000000014901e-01   0.000000000000e+00   0.000000000000e+00  -1.226052567363e-01 
  0.000000000000e+00   0.000000000000e+00  -1.226052567363e-01  -2.636474929750e-02  -6.515662651509e-03  -3.947231918573e-02   0.000000000000e+00   6.926717236638e-03  -4.402196109295e-01 
  9.560295939445e-01   0.000000000000e+00  -8.461515903473e-01   9.560295939445e-01   0.000000000000e+00  -8.383269309998e-01   0.000000000000e+00   0.000000000000e+00  -5.383623242378e-01 
  0.000000000000e+00   0.000000000000e+00  -3.851742744446e-01   0.000000000000e+00   0.000000000000e+00  -2.968475222588e-01   0.000000000000e+00   0.000000000000e+00  -2.968475222588e-01 
  0.000000000000e+00   0.000000000000e+00  -1.226052567363e-01   0.000000000000e+00   0.000000000000e+00  -1.226052567363e-01  -2.636474929750e-02  -6.515662651509e-03  -3.947231918573e-02 
  0.000000000000e+00   6.926717236638e-03  -4.402196109295e-01   9.560295939445e-01   0.000000000000e+00  -8.461515903473e-01   9.560295939445e-01   0.000000000000e+00  -8.383269309998e-01 
  0.000000000000e+00   0.000000000000e+00  -5.383623242378e-01   0.000000000000e+00   0.000000000000e+00  -3.851742744446e-01   0.000000000000e+00   0.000000000000e+00  -2.968475222588e-01 
  0.000000000000e+00   0.000000000000e+00  -2.968475222588e-01 

