# vtk DataFile Version 2.0
Written using VisIt writer
ASCII
DATASET RECTILINEAR_GRID
DIMENSIONS 10 10 10
X_COORDINATES 10 float
  0.000000000000e+00   5.000000000000e-01   1.000000000000e+00   1.500000000000e+00   2.000000000000e+00   2.500000000000e+00   3.000000000000e+00   3.500000000000e+00   4.000000000000e+00 
  4.500000000000e+00 
Y_COORDINATES 10 float
  0.000000000000e+00   5.000000000000e-01   1.000000000000e+00   1.500000000000e+00   2.000000000000e+00   2.500000000000e+00   3.000000000000e+00   3.500000000000e+00   4.000000000000e+00 
  4.500000000000e+00 
Z_COORDINATES 10 float
  0.000000000000e+00   5.000000000000e-01   1.000000000000e+00   1.500000000000e+00   2.000000000000e+00   2.500000000000e+00   3.000000000000e+00   3.500000000000e+00   4.000000000000e+00 
  4.500000000000e+00 
CELL_DATA 729
POINT_DATA 1000
VECTORS velocity float
  0.000000000000e+00  -1.093373075128e-01  -2.069479227066e-01   3.251200000000e+04   0.000000000000e+00   0.000000000000e+00   0.000000000000e+00   0.000000000000e+00   0.000000000000e+00 
  1.376037895679e-01  -5.873882770538e-02  -1.496893614531e-01   0.000000000000e+00   0.000000000000e+00   0.000000000000e+00   0.000000000000e+00   1.431655808000e+09   1.070945600000e+09 
  1.135333850980e-01  -9.271967411041e-02  -1.675135642290e-01   1.071994176000e+09   0.000000000000e+00   0.000000000000e+00   0.000000000000e+00   0.000000000000e+00   0.000000000000e+00 
  6.843816488981e-02  -2.407251745462e-01  -1.940132230520e-01   0.000000000000e+00  -1.093373075128e-01  -2.069479227066e-01   1.070945600000e+09   0.000000000000e+00   0.000000000000e+00 
  6.632111966610e-02  -8.939965069294e-02  -1.925107389688e-01   1.376037895679e-01  -5.873882770538e-02  -1.496893614531e-01   1.431655808000e+09   1.070945600000e+09   0.000000000000e+00 
  1.331229805946e-01  -5.366700887680e-02  -1.365810185671e-01   1.135333850980e-01  -9.271967411041e-02  -1.675135642290e-01   0.000000000000e+00   0.000000000000e+00   1.071644672000e+09 
  6.843816488981e-02  -2.407251745462e-01  -1.940132230520e-01   6.843816488981e-02  -2.407251745462e-01  -1.940132230520e-01   0.000000000000e+00   5.074483528733e-02  -1.766996085644e-01 
  0.000000000000e+00   5.074483528733e-02  -1.766996085644e-01  -3.599308431149e-02  -2.551233768463e-01  -2.011142075062e-01   2.017848789692e-01  -2.695910036564e-01  -1.795435100794e-01 
  1.182846650481e-01  -1.175832152367e-01  -1.848825514317e-01   7.603238523006e-02  -5.711204931140e-02  -1.443414390087e-01   1.023357883096e-01   2.154332213104e-02  -1.384087651968e-01 
  6.931855529547e-02  -1.186250802130e-02  -1.382460445166e-01   1.054849922657e-01  -5.040993914008e-02  -1.458848118782e-01   1.054849922657e-01  -5.040993914008e-02  -1.458848118782e-01 
  0.000000000000e+00   4.239348322153e-02  -1.694804280996e-01   0.000000000000e+00   4.239348322153e-02  -1.694804280996e-01   8.043452352285e-02  -6.678912788630e-02  -1.649009287357e-01 
  1.405145972967e-01   2.547178789973e-02  -1.419607549906e-01   6.115838140249e-02   2.220176532865e-02  -1.519815772772e-01   1.486834138632e-01  -7.503688335419e-02  -1.515527367592e-01 
  1.996991932392e-01  -3.068542340770e-03  -1.787384897470e-01   8.867788314819e-02  -5.287009477615e-02  -1.425054222345e-01   2.016789019108e-01  -1.649690233171e-02  -1.288955956697e-01 
  2.016789019108e-01  -1.649690233171e-02  -1.288955956697e-01   0.000000000000e+00   2.649980597198e-02  -2.080538272858e-01   0.000000000000e+00   2.649980597198e-02  -2.080538272858e-01 
 -7.820478826761e-02  -8.852656185627e-02  -2.162340283394e-01   1.522416770458e-01  -2.486231504008e-03  -1.484529376030e-01   1.041025444865e-01  -1.429604180157e-02  -1.475083976984e-01 
  1.118839830160e-01  -2.412029355764e-02  -1.357153058052e-01   8.452352136374e-02   9.665017947555e-03  -1.522781997919e-01   1.116301119328e-01  -5.550101026893e-02  -1.531492173672e-01 
  2.215157002211e-01  -7.614359259605e-02  -1.761923134327e-01   2.215157002211e-01  -7.614359259605e-02  -1.761923134327e-01   0.000000000000e+00  -1.499423477799e-02  -1.710786968470e-01 
  0.000000000000e+00  -1.499423477799e-02  -1.710786968470e-01   2.479430520907e-03  -1.513398811221e-02  -1.758176386356e-01   1.266891807318e-01  -1.936357095838e-02  -1.676092743874e-01 
  1.043469086289e-01  -1.001107245684e-01  -1.940945684910e-01   9.222990274429e-02  -1.184854954481e-01  -1.528726965189e-01   6.685432046652e-02  -4.962081462145e-02  -1.416035443544e-01 
  4.828993976116e-02   1.443689502776e-02  -1.327805817127e-01   1.631402820349e-01   4.545556008816e-02  -1.396006047726e-01   1.631402820349e-01   4.545556008816e-02  -1.396006047726e-01 
  0.000000000000e+00  -6.310813594609e-03  -1.690797507763e-01   0.000000000000e+00  -6.310813594609e-03  -1.690797507763e-01   4.048934206367e-02  -1.470131147653e-02  -1.645608097315e-01 
  5.270730704069e-02   2.991360425949e-02  -1.432272195816e-01   8.728470653296e-02   1.233215928078e-01  -1.501439958811e-01   9.598708897829e-02  -2.606582827866e-02  -1.616337001324e-01 
  1.497389823198e-01  -8.359538018703e-02  -1.764006018639e-01   1.030155569315e-01  -7.275808602571e-02  -1.422463804483e-01   1.467696130276e-01  -2.460033074021e-02  -1.371547579765e-01 
  1.467696130276e-01  -2.460033074021e-02  -1.371547579765e-01   0.000000000000e+00  -1.009050607681e-01  -2.111740857363e-01   0.000000000000e+00  -1.009050607681e-01  -2.111740857363e-01 
 -7.952057570219e-02  -3.590901568532e-02  -2.215381860733e-01   9.299228340387e-02   2.932496182621e-02  -1.453096717596e-01   8.333689719439e-02   9.310085326433e-02  -1.404256671667e-01 
  8.321399986744e-02   4.777229577303e-02  -1.315321177244e-01   1.223883330822e-01   1.580258086324e-02  -1.426098495722e-01   1.513523310423e-01  -4.826111719012e-02  -1.563407629728e-01 
  2.197540402412e-01  -9.863504022360e-02  -1.916933506727e-01   2.197540402412e-01  -9.863504022360e-02  -1.916933506727e-01   0.000000000000e+00   0.000000000000e+00  -1.786298006773e-01 
  0.000000000000e+00   0.000000000000e+00  -1.786298006773e-01  -1.050447672606e-01   0.000000000000e+00  -1.915733367205e-01   1.138447001576e-01   0.000000000000e+00  -1.551861763000e-01 
  4.455531947315e-03   0.000000000000e+00  -1.892435401678e-01   1.439389884472e-01   0.000000000000e+00  -1.397889852524e-01   1.537516564131e-01   0.000000000000e+00  -1.216179206967e-01 
  1.828248947859e-01   0.000000000000e+00  -1.215073391795e-01   2.743199467659e-01   0.000000000000e+00  -1.263424456120e-01   2.743199467659e-01   0.000000000000e+00  -1.263424456120e-01 
  0.000000000000e+00   0.000000000000e+00  -1.786298006773e-01   0.000000000000e+00   0.000000000000e+00  -1.786298006773e-01  -1.050447672606e-01   0.000000000000e+00  -1.915733367205e-01 
  1.138447001576e-01   0.000000000000e+00  -1.551861763000e-01   4.455531947315e-03   0.000000000000e+00  -1.892435401678e-01   1.439389884472e-01   0.000000000000e+00  -1.397889852524e-01 
  1.537516564131e-01   0.000000000000e+00  -1.216179206967e-01   1.828248947859e-01   0.000000000000e+00  -1.215073391795e-01   2.743199467659e-01   0.000000000000e+00  -1.263424456120e-01 
  2.743199467659e-01   0.000000000000e+00  -1.263424456120e-01   0.000000000000e+00  -1.093373075128e-01  -2.069479227066e-01   0.000000000000e+00  -1.093373075128e-01  -2.069479227066e-01 
  6.632111966610e-02  -8.939965069294e-02  -1.925107389688e-01   1.376037895679e-01  -5.873882770538e-02  -1.496893614531e-01   1.756612658501e-01  -5.362043902278e-02  -1.444058269262e-01 
  1.331229805946e-01  -5.366700887680e-02  -1.365810185671e-01   1.135333850980e-01  -9.271967411041e-02  -1.675135642290e-01   1.317699700594e-01  -9.173128753901e-02  -1.717604845762e-01 
  6.843816488981e-02  -2.407251745462e-01  -1.940132230520e-01   6.843816488981e-02  -2.407251745462e-01  -1.940132230520e-01   0.000000000000e+00  -1.093373075128e-01  -2.069479227066e-01 
  0.000000000000e+00  -1.093373075128e-01  -2.069479227066e-01   6.632111966610e-02  -8.939965069294e-02  -1.925107389688e-01   1.376037895679e-01  -5.873882770538e-02  -1.496893614531e-01 
  1.756612658501e-01  -5.362043902278e-02  -1.444058269262e-01   1.331229805946e-01  -5.366700887680e-02  -1.365810185671e-01   1.135333850980e-01  -9.271967411041e-02  -1.675135642290e-01 
  1.317699700594e-01  -9.173128753901e-02  -1.717604845762e-01   6.843816488981e-02  -2.407251745462e-01  -1.940132230520e-01   6.843816488981e-02  -2.407251745462e-01  -1.940132230520e-01 
  0.000000000000e+00   5.074483528733e-02  -1.766996085644e-01   0.000000000000e+00   5.074483528733e-02  -1.766996085644e-01  -3.599308431149e-02  -2.551233768463e-01  -2.011142075062e-01 
  2.017848789692e-01  -2.695910036564e-01  -1.795435100794e-01   1.182846650481e-01  -1.175832152367e-01  -1.848825514317e-01   7.603238523006e-02  -5.711204931140e-02  -1.443414390087e-01 
  1.023357883096e-01   2.154332213104e-02  -1.384087651968e-01   6.931855529547e-02  -1.186250802130e-02  -1.382460445166e-01   1.054849922657e-01  -5.040993914008e-02  -1.458848118782e-01 
  1.054849922657e-01  -5.040993914008e-02  -1.458848118782e-01   0.000000000000e+00   4.239348322153e-02  -1.694804280996e-01   0.000000000000e+00   4.239348322153e-02  -1.694804280996e-01 
  8.043452352285e-02  -6.678912788630e-02  -1.649009287357e-01   1.405145972967e-01   2.547178789973e-02  -1.419607549906e-01   6.115838140249e-02   2.220176532865e-02  -1.519815772772e-01 
  1.486834138632e-01  -7.503688335419e-02  -1.515527367592e-01   1.996991932392e-01  -3.068542340770e-03  -1.787384897470e-01   8.867788314819e-02  -5.287009477615e-02  -1.425054222345e-01 
  2.016789019108e-01  -1.649690233171e-02  -1.288955956697e-01   2.016789019108e-01  -1.649690233171e-02  -1.288955956697e-01   0.000000000000e+00   2.649980597198e-02  -2.080538272858e-01 
  0.000000000000e+00   2.649980597198e-02  -2.080538272858e-01  -7.820478826761e-02  -8.852656185627e-02  -2.162340283394e-01   1.522416770458e-01  -2.486231504008e-03  -1.484529376030e-01 
  1.041025444865e-01  -1.429604180157e-02  -1.475083976984e-01   1.118839830160e-01  -2.412029355764e-02  -1.357153058052e-01   8.452352136374e-02   9.665017947555e-03  -1.522781997919e-01 
  1.116301119328e-01  -5.550101026893e-02  -1.531492173672e-01   2.215157002211e-01  -7.614359259605e-02  -1.761923134327e-01   2.215157002211e-01  -7.614359259605e-02  -1.761923134327e-01 
  0.000000000000e+00  -1.499423477799e-02  -1.710786968470e-01   0.000000000000e+00  -1.499423477799e-02  -1.710786968470e-01   2.479430520907e-03  -1.513398811221e-02  -1.758176386356e-01 
  1.266891807318e-01  -1.936357095838e-02  -1.676092743874e-01   1.043469086289e-01  -1.001107245684e-01  -1.940945684910e-01   9.222990274429e-02  -1.184854954481e-01  -1.528726965189e-01 
  6.685432046652e-02  -4.962081462145e-02  -1.416035443544e-01   4.828993976116e-02   1.443689502776e-02  -1.327805817127e-01   1.631402820349e-01   4.545556008816e-02  -1.396006047726e-01 
  1.631402820349e-01   4.545556008816e-02  -1.396006047726e-01   0.000000000000e+00  -6.310813594609e-03  -1.690797507763e-01   0.000000000000e+00  -6.310813594609e-03  -1.690797507763e-01 
  4.048934206367e-02  -1.470131147653e-02  -1.645608097315e-01   5.270730704069e-02   2.991360425949e-02  -1.432272195816e-01   8.728470653296e-02   1.233215928078e-01  -1.501439958811e-01 
  9.598708897829e-02  -2.606582827866e-02  -1.616337001324e-01   1.497389823198e-01  -8.359538018703e-02  -1.764006018639e-01   1.030155569315e-01  -7.275808602571e-02  -1.422463804483e-01 
  1.467696130276e-01  -2.460033074021e-02  -1.371547579765e-01   1.467696130276e-01  -2.460033074021e-02  -1.371547579765e-01   0.000000000000e+00  -1.009050607681e-01  -2.111740857363e-01 
  0.000000000000e+00  -1.009050607681e-01  -2.111740857363e-01  -7.952057570219e-02  -3.590901568532e-02  -2.215381860733e-01   9.299228340387e-02   2.932496182621e-02  -1.453096717596e-01 
  8.333689719439e-02   9.310085326433e-02  -1.404256671667e-01   8.321399986744e-02   4.777229577303e-02  -1.315321177244e-01   1.223883330822e-01   1.580258086324e-02  -1.426098495722e-01 
  1.513523310423e-01  -4.826111719012e-02  -1.563407629728e-01   2.197540402412e-01  -9.863504022360e-02  -1.916933506727e-01   2.197540402412e-01  -9.863504022360e-02  -1.916933506727e-01 
  0.000000000000e+00   0.000000000000e+00  -1.786298006773e-01   0.000000000000e+00   0.000000000000e+00  -1.786298006773e-01  -1.050447672606e-01   0.000000000000e+00  -1.915733367205e-01 
  1.138447001576e-01   0.000000000000e+00  -1.551861763000e-01   4.455531947315e-03   0.000000000000e+00  -1.892435401678e-01   1.439389884472e-01   0.000000000000e+00  -1.397889852524e-01 
  1.537516564131e-01   0.000000000000e+00  -1.216179206967e-01   1.828248947859e-01   0.000000000000e+00  -1.215073391795e-01   2.743199467659e-01   0.000000000000e+00  -1.263424456120e-01 
  2.743199467659e-01   0.000000000000e+00  -1.263424456120e-01   0.000000000000e+00   0.000000000000e+00  -1.786298006773e-01   0.000000000000e+00   0.000000000000e+00  -1.786298006773e-01 
 -1.050447672606e-01   0.000000000000e+00  -1.915733367205e-01   1.138447001576e-01   0.000000000000e+00  -1.551861763000e-01   4.455531947315e-03   0.000000000000e+00  -1.892435401678e-01 
  1.439389884472e-01   0.000000000000e+00  -1.397889852524e-01   1.537516564131e-01   0.000000000000e+00  -1.216179206967e-01   1.828248947859e-01   0.000000000000e+00  -1.215073391795e-01 
  2.743199467659e-01   0.000000000000e+00  -1.263424456120e-01   2.743199467659e-01   0.000000000000e+00  -1.263424456120e-01   0.000000000000e+00  -2.783062458038e-01  -1.140203714371e+00 
  0.000000000000e+00  -2.783062458038e-01  -1.140203714371e+00  -1.542491465807e-01  -9.091113507748e-02  -1.395679831505e+00   2.914909124374e-01  -2.352523058653e-01  -5.898203849792e-01 
  4.998732805252e-01   1.501689851284e-01  -9.671050906181e-01   3.056211769581e-01   8.728866465390e-03  -5.119199156761e-01   2.409910112619e-01   2.203907258809e-02  -6.960136294365e-01 
  3.130928874016e-01   9.584158658981e-03  -6.557157635689e-01   0.000000000000e+00  -1.015384346247e-01  -5.986780393869e-03   0.000000000000e+00  -1.015384346247e-01  -5.986780393869e-03 
  0.000000000000e+00  -2.783062458038e-01  -1.140203714371e+00   0.000000000000e+00  -2.783062458038e-01  -1.140203714371e+00  -1.542491465807e-01  -9.091113507748e-02  -1.395679831505e+00 
  2.914909124374e-01  -2.352523058653e-01  -5.898203849792e-01   4.998732805252e-01   1.501689851284e-01  -9.671050906181e-01   3.056211769581e-01   8.728866465390e-03  -5.119199156761e-01 
  2.409910112619e-01   2.203907258809e-02  -6.960136294365e-01   3.130928874016e-01   9.584158658981e-03  -6.557157635689e-01   0.000000000000e+00  -1.015384346247e-01  -5.986780393869e-03 
  0.000000000000e+00  -1.015384346247e-01  -5.986780393869e-03   0.000000000000e+00  -1.557871550322e-01  -6.582738161087e-01   0.000000000000e+00  -1.557871550322e-01  -6.582738161087e-01 
 -2.721406221390e-01  -1.567020714283e-01  -8.722993731499e-01   5.505415201187e-01  -2.120043188334e-01  -7.141489386559e-01   5.696755051613e-01   5.660203099251e-01  -5.757647752762e-01 
  2.302785217762e-01  -9.357442031614e-04  -5.261011123657e-01   1.530559509993e-01   9.414094686508e-02  -6.069691777229e-01   1.572087258101e-01   2.405342645943e-02  -6.892302036285e-01 
  9.576585143805e-02  -4.182583466172e-02  -5.411517992616e-02   9.576585143805e-02  -4.182583466172e-02  -5.411517992616e-02   0.000000000000e+00   1.240680925548e-02  -9.099322557449e-01 
  0.000000000000e+00   1.240680925548e-02  -9.099322557449e-01   2.167843729258e-01   1.888187676668e-01  -1.420926570892e+00   6.049321889877e-01  -7.816538959742e-02  -9.515673518181e-01 
  5.291926860809e-01  -2.080229483545e-02  -7.865368723869e-01   7.618540525436e-01  -6.895635277033e-02  -8.842046260834e-01   2.194086909294e-01   0.000000000000e+00  -5.408977866173e-01 
  1.014912128448e-01  -4.309064894915e-02  -5.749457702041e-02   1.985385417938e-01  -1.728578843176e-02  -7.110439985991e-02   1.985385417938e-01  -1.728578843176e-02  -7.110439985991e-02 
  0.000000000000e+00  -1.623455318622e-03  -9.939942359924e-01   0.000000000000e+00  -1.623455318622e-03  -9.939942359924e-01  -9.966618381441e-03   2.786117419600e-02  -1.391747951508e+00 
  2.432609796524e-01   5.622259341180e-03  -1.184840083122e+00   2.144362330437e-01  -1.225427538157e-01  -8.705752491951e-01   9.659820199013e-01  -5.590751394629e-02  -7.616354227066e-01 
  2.892316877842e-01   6.763103883713e-04  -8.159671425819e-01   1.171436011791e-01  -5.368955433369e-02  -6.524986028671e-01   2.209277004004e-01  -7.610807567835e-02  -2.380768209696e-02 
  2.209277004004e-01  -7.610807567835e-02  -2.380768209696e-02   0.000000000000e+00   3.321366012096e-02  -7.303433418274e-01   0.000000000000e+00   3.321366012096e-02  -7.303433418274e-01 
 -3.412668406963e-01   8.427209407091e-02  -3.526041805744e-01  -2.870544493198e-01   3.763657808304e-02  -6.704532504082e-01   4.016305506229e-01   1.626193821430e-01  -7.664259076118e-01 
  2.831087708473e-01  -1.272077299654e-02  -7.642738223076e-01   3.043650649488e-02  -4.033034294844e-02  -8.082194924355e-01   1.066794842482e-01   1.056871749461e-02  -6.738710403442e-01 
  1.940585374832e-01   4.473144933581e-02  -6.039939075708e-02   1.940585374832e-01   4.473144933581e-02  -6.039939075708e-02   0.000000000000e+00   1.487688627094e-02  -5.979212522507e-01 
  0.000000000000e+00   1.487688627094e-02  -5.979212522507e-01  -8.002393692732e-02   5.717674493790e-01  -7.635226249695e-01   3.096105158329e-01   1.515764445066e-01  -1.011234283447e+00 
  5.182155370712e-01   2.073377072811e-01  -1.112983107567e+00   6.549295186996e-01   2.815829813480e-01  -1.013187885284e+00  -1.631423532963e-01   4.261647537351e-02  -7.950453162193e-01 
  3.397975265980e-01  -6.017216295004e-02  -1.010007858276e+00   4.055449366570e-01  -3.049057535827e-02  -6.284524500370e-02   4.055449366570e-01  -3.049057535827e-02  -6.284524500370e-02 
  0.000000000000e+00   1.907653808594e-01  -5.492683053017e-01   0.000000000000e+00   1.907653808594e-01  -5.492683053017e-01   1.616215109825e-01   2.128963321447e-01  -8.202384710312e-01 
  6.108593344688e-01   1.572780907154e-01  -1.689347028732e+00   7.159858345985e-01   1.568485796452e-02  -3.522183418274e+00  -2.315058112144e-01  -2.046159654856e-02  -3.690851479769e-02 
 -1.573145687580e-01   2.470160834491e-03  -7.310583591461e-01   8.133614063263e-01  -2.419467829168e-02  -7.253170609474e-01   8.912755250931e-01  -6.202369928360e-02  -3.648630976677e-01 
  8.912755250931e-01  -6.202369928360e-02  -3.648630976677e-01   0.000000000000e+00   0.000000000000e+00  -5.930463671684e-01   0.000000000000e+00   0.000000000000e+00  -5.930463671684e-01 
  3.859440386295e-01   0.000000000000e+00  -6.351186633110e-01   1.955720037222e-01   8.112782379612e-04  -1.581935286522e+00   7.932525873184e-01   0.000000000000e+00  -3.827252864838e+00 
 -8.196047544479e-01   0.000000000000e+00   2.750617563725e-01  -7.167203426361e-01   0.000000000000e+00   3.083328902721e-01   9.211669564247e-01   0.000000000000e+00  -4.350491166115e-01 
  9.546796679497e-01  -9.542050771415e-03  -4.302140176296e-01   9.546796679497e-01  -9.542050771415e-03  -4.302140176296e-01   0.000000000000e+00   0.000000000000e+00  -5.930463671684e-01 
  0.000000000000e+00   0.000000000000e+00  -5.930463671684e-01   3.859440386295e-01   0.000000000000e+00  -6.351186633110e-01   1.955720037222e-01   8.112782379612e-04  -1.581935286522e+00 
  7.932525873184e-01   0.000000000000e+00  -3.827252864838e+00  -8.196047544479e-01   0.000000000000e+00   2.750617563725e-01  -7.167203426361e-01   0.000000000000e+00   3.083328902721e-01 
  9.211669564247e-01   0.000000000000e+00  -4.350491166115e-01   9.546796679497e-01  -9.542050771415e-03  -4.302140176296e-01   9.546796679497e-01  -9.542050771415e-03  -4.302140176296e-01 
  0.000000000000e+00  -8.779244124889e-02  -2.979983687401e-01   0.000000000000e+00  -8.779244124889e-02  -2.979983687401e-01   7.273589819670e-02  -2.930766902864e-02  -7.377252578735e-01 
  1.680570095778e-01  -1.792594641447e-01  -4.641930758953e-01   9.572983980179e-01  -1.379307955503e-01  -4.529834091663e-01   9.299542307854e-01  -7.194556295872e-02  -4.618623852730e-01 
  0.000000000000e+00   0.000000000000e+00  -6.914253234863e-01   0.000000000000e+00   3.246744396165e-03  -7.274762392044e-01   0.000000000000e+00  -7.122179120779e-02  -1.000000014901e-01 
  0.000000000000e+00  -7.122179120779e-02  -1.000000014901e-01   0.000000000000e+00  -8.779244124889e-02  -2.979983687401e-01   0.000000000000e+00  -8.779244124889e-02  -2.979983687401e-01 
  7.273589819670e-02  -2.930766902864e-02  -7.377252578735e-01   1.680570095778e-01  -1.792594641447e-01  -4.641930758953e-01   9.572983980179e-01  -1.379307955503e-01  -4.529834091663e-01 
  9.299542307854e-01  -7.194556295872e-02  -4.618623852730e-01   0.000000000000e+00   0.000000000000e+00  -6.914253234863e-01   0.000000000000e+00   3.246744396165e-03  -7.274762392044e-01 
  0.000000000000e+00  -7.122179120779e-02  -1.000000014901e-01   0.000000000000e+00  -7.122179120779e-02  -1.000000014901e-01   0.000000000000e+00  -6.551798433065e-02  -3.898917734623e-01 
  0.000000000000e+00  -6.551798433065e-02  -3.898917734623e-01  -9.973361343145e-02   2.258810028434e-02  -4.186592698097e-01   2.508091926575e-01  -1.650021821260e-01  -4.100518226624e-01 
  6.701895594597e-01  -1.455081850290e-01  -5.525748729706e-01   5.876085758209e-01  -5.872933939099e-02  -5.863185524940e-01   1.058238148689e+00   0.000000000000e+00  -7.274762392044e-01 
  1.067215442657e+00   1.373896002769e-02  -6.768699288368e-01   1.300739645958e-01  -3.313535824418e-02  -1.094819530845e-01   1.300739645958e-01  -3.313535824418e-02  -1.094819530845e-01 
  0.000000000000e+00  -1.563419820741e-03  -2.958727180958e-01   0.000000000000e+00  -1.563419820741e-03  -2.958727180958e-01   2.639762163162e-01   1.573377251625e-01   3.178386986256e-01 
  6.528189182281e-01   4.690434411168e-02  -1.839548200369e-01   7.850130200386e-01   2.787339091301e-01  -6.290482282639e-01   7.564681172371e-01   1.237753406167e-01  -6.741724610329e-01 
  1.071168303490e+00   9.808559715748e-02  -1.000000014901e-01   1.071168303490e+00   9.590639919043e-02  -1.000000014901e-01   0.000000000000e+00  -1.742922887206e-02  -1.000000014901e-01 
  0.000000000000e+00  -1.742922887206e-02  -1.000000014901e-01   0.000000000000e+00   4.547065123916e-02  -4.368489682674e-01   0.000000000000e+00   4.547065123916e-02  -4.368489682674e-01 
  4.274546727538e-02   1.731998659670e-02   9.050709754229e-02   3.542395532131e-01   1.405810862780e-01   5.238350629807e-01   3.302641808987e-01   2.308314852417e-02  -7.298506498337e-01 
  4.966563880444e-01   1.215035840869e-02  -7.861267328262e-01   5.457876920700e-01   4.963360354304e-02  -6.520984768867e-01   5.390961766243e-01   6.000652164221e-02  -6.543521881104e-01 
  2.428665161133e-01  -6.326338648796e-02  -5.096732079983e-02   2.428665161133e-01  -6.326338648796e-02  -5.096732079983e-02   0.000000000000e+00   9.571494162083e-02  -3.057999908924e-01 
  0.000000000000e+00   9.571494162083e-02  -3.057999908924e-01   4.291580989957e-02   1.854442209005e-01  -2.313107997179e-01   2.617274820805e-01   1.304171830416e-01  -2.597576975822e-01 
  4.276934564114e-01   8.472167700529e-02  -1.418501287699e-01   4.803947210312e-01   3.794756904244e-02  -1.787341833115e-01   1.371905654669e-01   3.343448787928e-02  -5.444107055664e-01 
  2.410153150558e-01   6.340014748275e-03  -7.038411498070e-01   2.975691854954e-01   3.959666937590e-02  -1.276291757822e-01   2.975691854954e-01   3.959666937590e-02  -1.276291757822e-01 
  0.000000000000e+00  -1.515828520060e-01  -3.940161764622e-01   0.000000000000e+00  -1.515828520060e-01  -3.940161764622e-01   9.043895453215e-02  -5.248004198074e-02  -4.841505289078e-01 
  5.482396483421e-01   1.388624906540e-01  -2.887428104877e-01   7.497000694275e-01   1.196480020881e-01   5.103576779366e-01   6.340233683586e-01   1.441674232483e-01   3.680005967617e-01 
  0.000000000000e+00   6.961393356323e-02  -2.182914167643e-01   5.517074465752e-01  -4.385061562061e-02  -8.049650192261e-01   6.206975579262e-01  -3.371412307024e-02  -3.139301240444e-01 
  6.206975579262e-01  -3.371412307024e-02  -3.139301240444e-01   0.000000000000e+00   6.662935018539e-02  -5.071721673012e-01   0.000000000000e+00   6.662935018539e-02  -5.071721673012e-01 
  2.652375996113e-01   8.577192574739e-02  -6.391380429268e-01   7.606213092804e-01   3.652429953218e-02  -7.768100500107e-01   7.466604709625e-01  -3.869513794780e-02  -1.325565814972e+00 
  4.130066931248e-01   2.039700560272e-02  -1.505390852690e-01  -3.390907496214e-02  -6.267645396292e-03  -5.421926975250e-01   9.459977746010e-01  -2.558817900717e-02  -6.003732085228e-01 
  9.617566466331e-01  -3.625221550465e-02  -5.067195892334e-01   9.617566466331e-01  -3.625221550465e-02  -5.067195892334e-01   0.000000000000e+00   0.000000000000e+00  -1.683512777090e-01 
  0.000000000000e+00   0.000000000000e+00  -1.683512777090e-01   2.148101180792e-01   0.000000000000e+00  -1.404893398285e-01   3.615434169769e-01   0.000000000000e+00  -1.569578409195e+00 
  9.684942364693e-01   0.000000000000e+00  -2.368492126465e+00   1.128680035472e-01   0.000000000000e+00   1.570571810007e-01   0.000000000000e+00   0.000000000000e+00   2.867149412632e-01 
  1.091214060783e+00   0.000000000000e+00  -7.968574762344e-01   1.070688962936e+00  -2.849146956578e-03  -9.562219977379e-01   1.070688962936e+00  -2.849146956578e-03  -9.562219977379e-01 
  0.000000000000e+00   0.000000000000e+00  -1.683512777090e-01   0.000000000000e+00   0.000000000000e+00  -1.683512777090e-01   2.148101180792e-01   0.000000000000e+00  -1.404893398285e-01 
  3.615434169769e-01   0.000000000000e+00  -1.569578409195e+00   9.684942364693e-01   0.000000000000e+00  -2.368492126465e+00   1.128680035472e-01   0.000000000000e+00   1.570571810007e-01 
  0.000000000000e+00   0.000000000000e+00   2.867149412632e-01   1.091214060783e+00   0.000000000000e+00  -7.968574762344e-01   1.070688962936e+00  -2.849146956578e-03  -9.562219977379e-01 
  1.070688962936e+00  -2.849146956578e-03  -9.562219977379e-01   0.000000000000e+00   8.931227773428e-02  -9.141327142715e-01   0.000000000000e+00   8.931227773428e-02  -9.141327142715e-01 
  7.515724748373e-02   2.822428941727e-02  -6.845139861107e-01   1.166862025857e-01  -1.593586653471e-01  -6.734427064657e-02   1.015631556511e+00  -1.164666414261e-01  -6.139530241489e-02 
  9.290945529938e-01  -1.597351431847e-01  -1.046638116241e-01   0.000000000000e+00  -5.003898218274e-02  -6.699401736259e-01   3.242346048355e-01  -3.057532012463e-03  -6.853229999542e-01 
  2.300048917532e-01  -3.297154232860e-02  -3.028643131256e-01   2.300048917532e-01  -3.297154232860e-02  -3.028643131256e-01   0.000000000000e+00   8.931227773428e-02  -9.141327142715e-01 
  0.000000000000e+00   8.931227773428e-02  -9.141327142715e-01   7.515724748373e-02   2.822428941727e-02  -6.845139861107e-01   1.166862025857e-01  -1.593586653471e-01  -6.734427064657e-02 
  1.015631556511e+00  -1.164666414261e-01  -6.139530241489e-02   9.290945529938e-01  -1.597351431847e-01  -1.046638116241e-01   0.000000000000e+00  -5.003898218274e-02  -6.699401736259e-01 
  3.242346048355e-01  -3.057532012463e-03  -6.853229999542e-01   2.300048917532e-01  -3.297154232860e-02  -3.028643131256e-01   2.300048917532e-01  -3.297154232860e-02  -3.028643131256e-01 
  0.000000000000e+00   2.398968935013e-01  -4.244501292706e-01   0.000000000000e+00   2.398968935013e-01  -4.244501292706e-01   3.012068755925e-02   7.211904972792e-02  -3.844238352031e-03 
 -3.747903928161e-02  -1.978109925985e-01  -5.272909626365e-02   9.611524939537e-01  -2.030036449432e-01  -1.093345999718e+00   6.365408897400e-01  -1.597351431847e-01  -8.966405391693e-01 
  1.071168303490e+00   0.000000000000e+00  -4.782636761665e-01   1.071168303490e+00   3.875255957246e-02  -4.782636761665e-01   5.505689978600e-01   1.472534053028e-02  -2.491755336523e-01 
  5.505689978600e-01   1.472534053028e-02  -2.491755336523e-01   0.000000000000e+00   2.493180185556e-01  -1.523521542549e-01   0.000000000000e+00   2.493180185556e-01  -1.523521542549e-01 
  8.300808817148e-02  -1.067822333425e-02   9.854832291603e-02   3.494003713131e-01  -4.274228215218e-02  -2.739430963993e-01   5.873675346375e-01   0.000000000000e+00  -1.215558767319e+00 
  0.000000000000e+00   1.078228801489e-01  -1.213899970055e+00   1.097774386406e+00   1.318854242563e-01  -4.516575336456e-01   1.044562101364e+00   1.052792966366e-01  -4.782636761665e-01 
  0.000000000000e+00   7.551588863134e-02  -1.000000014901e-01   0.000000000000e+00   7.551588863134e-02  -1.000000014901e-01   0.000000000000e+00  -1.027037724853e-01  -3.905114233494e-01 
  0.000000000000e+00  -1.027037724853e-01  -3.905114233494e-01   3.577525168657e-02  -5.858393758535e-02   8.310641348362e-02   2.241075485945e-01   1.344500631094e-01   4.898795485497e-01 
  4.745461046696e-01  -4.428145289421e-02  -7.042917013168e-01   4.039312303066e-01   7.650315016508e-02  -8.178246617317e-01   6.357954144478e-01   7.867316901684e-02  -4.699611961842e-01 
  0.000000000000e+00   1.052792966366e-01  -4.750500917435e-01   1.933462172747e-02   7.012989372015e-02  -2.180551141500e-01   1.933462172747e-02   7.012989372015e-02  -2.180551141500e-01 
  0.000000000000e+00   3.319263756275e-01  -3.445556461811e-01   0.000000000000e+00   3.319263756275e-01  -3.445556461811e-01   4.894994571805e-02   2.404712587595e-01  -1.717375963926e-01 
  1.832235157490e-01   1.854181885719e-01  -2.143083214760e-01   4.199538826942e-01   6.350339204073e-02  -2.041212767363e-01   4.914738535881e-01   2.792622521520e-02   4.452147707343e-02 
  1.994683742523e-01   0.000000000000e+00  -1.651730686426e-01   2.441726773977e-01   5.192895978689e-02  -6.440221071243e-01   3.463824093342e-01   5.090754479170e-02  -3.217853009701e-01 
  3.463824093342e-01   5.090754479170e-02  -3.217853009701e-01   0.000000000000e+00   5.258874967694e-02  -5.993725061417e-01   0.000000000000e+00   5.258874967694e-02  -5.993725061417e-01 
  9.646592289209e-02   1.975555159152e-02  -6.813775300980e-01   7.998026162386e-02   4.767649993300e-02  -5.753580927849e-01   7.062724828720e-01   7.585909217596e-02  -2.388835102320e-01 
  5.582835674286e-01   8.438207209110e-02   4.602666497231e-01   2.764985263348e-01   6.796653568745e-02   7.504814118147e-02   5.509208440781e-01  -9.175512939692e-03  -9.147523641586e-01 
  1.964103579521e-01  -2.647788496688e-03  -6.235794425011e-01   1.964103579521e-01  -2.647788496688e-03  -6.235794425011e-01   0.000000000000e+00  -2.244506776333e-01  -3.747819662094e-01 
  0.000000000000e+00  -2.244506776333e-01  -3.747819662094e-01   2.473754584789e-01   2.376279979944e-02  -2.747680246830e-01   1.953566074371e-01   3.299427032471e-02  -1.058911681175e+00 
  7.363694310188e-01   4.336193203926e-02  -7.784706354141e-01   2.803705930710e-01   2.863714843988e-02  -7.109785079956e-01   2.161369025707e-01  -4.000393208116e-03  -6.605294942856e-01 
  6.150144338608e-01   0.000000000000e+00  -1.116563200951e+00   2.012910693884e-01   0.000000000000e+00  -8.688603639603e-01   2.012910693884e-01   0.000000000000e+00  -8.688603639603e-01 
  0.000000000000e+00   0.000000000000e+00  -2.783811688423e-01   0.000000000000e+00   0.000000000000e+00  -2.783811688423e-01   7.911616563797e-02   0.000000000000e+00  -4.395362138748e-01 
 -1.869442015886e-01   5.075846798718e-03  -4.784698784351e-01   1.105093955994e+00   0.000000000000e+00   1.649564802647e-01   4.915341734886e-02   0.000000000000e+00  -9.135479331017e-01 
  0.000000000000e+00   0.000000000000e+00  -1.000000014901e-01   0.000000000000e+00   0.000000000000e+00  -1.145221352577e+00   0.000000000000e+00   0.000000000000e+00  -1.116563200951e+00 
  0.000000000000e+00   0.000000000000e+00  -1.116563200951e+00   0.000000000000e+00   0.000000000000e+00  -2.783811688423e-01   0.000000000000e+00   0.000000000000e+00  -2.783811688423e-01 
  7.911616563797e-02   0.000000000000e+00  -4.395362138748e-01  -1.869442015886e-01   5.075846798718e-03  -4.784698784351e-01   1.105093955994e+00   0.000000000000e+00   1.649564802647e-01 
  4.915341734886e-02   0.000000000000e+00  -9.135479331017e-01   0.000000000000e+00   0.000000000000e+00  -1.000000014901e-01   0.000000000000e+00   0.000000000000e+00  -1.145221352577e+00 
  0.000000000000e+00   0.000000000000e+00  -1.116563200951e+00   0.000000000000e+00   0.000000000000e+00  -1.116563200951e+00   0.000000000000e+00   9.374532848597e-02  -6.417772173882e-01 
  0.000000000000e+00   9.374532848597e-02  -6.417772173882e-01  -6.293307244778e-02  -9.771408885717e-02  -1.111861228943e+00   3.330128192902e-01  -8.556047827005e-02  -1.273752570152e+00 
  9.723630547523e-01  -1.562946885824e-01  -1.479323208332e-01   9.723630547523e-01  -1.575074195862e-01  -1.046638116241e-01   4.254117608070e-01  -6.124787405133e-02  -4.328154325485e-01 
  3.869794905186e-01  -1.169292256236e-02  -5.383387207985e-01   3.220170140266e-01   5.890726111829e-03  -3.870723247528e-01   3.220170140266e-01   5.890726111829e-03  -3.870723247528e-01 
  0.000000000000e+00   9.374532848597e-02  -6.417772173882e-01   0.000000000000e+00   9.374532848597e-02  -6.417772173882e-01  -6.293307244778e-02  -9.771408885717e-02  -1.111861228943e+00 
  3.330128192902e-01  -8.556047827005e-02  -1.273752570152e+00   9.723630547523e-01  -1.562946885824e-01  -1.479323208332e-01   9.723630547523e-01  -1.575074195862e-01  -1.046638116241e-01 
  4.254117608070e-01  -6.124787405133e-02  -4.328154325485e-01   3.869794905186e-01  -1.169292256236e-02  -5.383387207985e-01   3.220170140266e-01   5.890726111829e-03  -3.870723247528e-01 
  3.220170140266e-01   5.890726111829e-03  -3.870723247528e-01   0.000000000000e+00   1.665956974030e-01  -4.941183924675e-01   0.000000000000e+00   1.665956974030e-01  -4.941183924675e-01 
  2.551038376987e-02  -5.768783017993e-02  -3.609082996845e-01   9.171088784933e-02  -8.379432559013e-02  -3.975684940815e-01   7.876054048538e-01  -1.738816946745e-01  -1.537725031376e-01 
  6.266740560532e-01  -1.641107648611e-01  -7.208855152130e-01   5.164137482643e-01  -8.448291919194e-04  -4.782636761665e-01   5.296393632889e-01   3.126643970609e-02  -4.782636761665e-01 
  3.834757208824e-01   3.364946693182e-02  -3.069885373116e-01   3.834757208824e-01   3.364946693182e-02  -3.069885373116e-01   0.000000000000e+00   3.915749192238e-01  -3.088095486164e-01 
  0.000000000000e+00   3.915749192238e-01  -3.088095486164e-01   1.975249685347e-02   1.767564266920e-01  -2.382980138063e-01   1.255781203508e-01   6.747616082430e-02  -1.726253777742e-01 
  4.576753675938e-01  -1.962669752538e-02  -1.059686303139e+00   1.719580143690e-01   0.000000000000e+00  -8.015239834785e-01   0.000000000000e+00   0.000000000000e+00  -5.048698186874e-01 
  0.000000000000e+00   5.777639895678e-02  -4.782636761665e-01   0.000000000000e+00   6.599897146225e-02  -1.000000014901e-01   0.000000000000e+00   6.599897146225e-02  -1.000000014901e-01 
  0.000000000000e+00  -1.578783243895e-01  -5.912809446454e-02   0.000000000000e+00  -1.578783243895e-01  -5.912809446454e-02   3.700226172805e-02  -1.229379251599e-01  -5.300686880946e-02 
  1.087458282709e-01  -2.239793352783e-02   2.481602132320e-01   0.000000000000e+00  -6.464129686356e-02  -1.000000014901e-01   0.000000000000e+00   0.000000000000e+00  -1.000000014901e-01 
  2.828032374382e-01   7.276348025063e-18  -4.884618818760e-01   1.151541993022e-01   6.920436024666e-02  -4.811477065086e-01   5.772337317467e-02   6.869417428970e-02  -3.661277592182e-01 
  5.772337317467e-02   6.869417428970e-02  -3.661277592182e-01   0.000000000000e+00   1.705965399742e-01  -2.455796450377e-01   0.000000000000e+00   1.705965399742e-01  -2.455796450377e-01 
  4.534598067403e-02   1.796922385693e-01   8.914787322283e-02   9.733069688082e-02   1.722475141287e-01  -5.306106805801e-02   2.857571244240e-01  -5.945539101958e-02  -1.241879910231e-01 
  1.751502156258e-01   0.000000000000e+00  -7.280502319336e-01   1.801549643278e-01  -3.635015338659e-02  -5.544849038124e-01   1.021452546120e-01   1.242632698268e-02  -5.499787926674e-01 
 -7.602080702782e-02   2.470035571605e-03  -1.198234260082e-01  -7.602080702782e-02   2.470035571605e-03  -1.198234260082e-01   0.000000000000e+00   1.835855841637e-01  -2.886538505554e-01 
  0.000000000000e+00   1.835855841637e-01  -2.886538505554e-01   2.845148928463e-02   9.235891699791e-02  -2.785243093967e-02   1.219622045755e-02   6.829655170441e-02  -8.626384139061e-01 
  3.546218276024e-01   5.774343013763e-02  -1.000000014901e-01   3.908053636551e-01   6.378063466400e-03   1.083909720182e-01   2.625671029091e-01  -9.317832998931e-03  -1.376913487911e-01 
 -4.414617642760e-02   0.000000000000e+00  -4.397462904453e-01  -1.308465152979e-01   0.000000000000e+00  -1.000000014901e-01  -1.308465152979e-01   0.000000000000e+00  -1.000000014901e-01 
  0.000000000000e+00  -4.503572359681e-02  -3.993880748749e-01   0.000000000000e+00  -4.503572359681e-02  -3.993880748749e-01   4.125370085239e-02  -3.471989883110e-03  -3.710527122021e-01 
 -8.354097604752e-02   3.582329256460e-03  -1.340124964714e+00   0.000000000000e+00   2.586168423295e-02   1.774581670761e-01   1.525391489267e-01   2.122522890568e-02  -2.364586442709e-01 
  1.754841059446e-01   0.000000000000e+00  -5.100657343864e-01   0.000000000000e+00   0.000000000000e+00  -4.368349611759e-01   0.000000000000e+00   0.000000000000e+00  -1.000000014901e-01 
  0.000000000000e+00   0.000000000000e+00  -1.000000014901e-01   0.000000000000e+00   0.000000000000e+00  -4.928103685379e-01   0.000000000000e+00   0.000000000000e+00  -4.928103685379e-01 
  6.130661070347e-02   0.000000000000e+00  -4.036971926689e-01   5.102332234383e-01   7.784953340888e-04  -1.442783176899e-01   1.069883823395e+00   2.780349132081e-05   2.352392077446e-01 
  0.000000000000e+00   1.373403301841e-05  -9.415861964226e-01   0.000000000000e+00   0.000000000000e+00  -1.000000014901e-01   0.000000000000e+00   0.000000000000e+00  -1.000000014901e-01 
  0.000000000000e+00   0.000000000000e+00  -1.016136705875e-01   0.000000000000e+00   0.000000000000e+00  -1.016136705875e-01   0.000000000000e+00   0.000000000000e+00  -4.928103685379e-01 
  0.000000000000e+00   0.000000000000e+00  -4.928103685379e-01   6.130661070347e-02   0.000000000000e+00  -4.036971926689e-01   5.102332234383e-01   7.784953340888e-04  -1.442783176899e-01 
  1.069883823395e+00   2.780349132081e-05   2.352392077446e-01   0.000000000000e+00   1.373403301841e-05  -9.415861964226e-01   0.000000000000e+00   0.000000000000e+00  -1.000000014901e-01 
  0.000000000000e+00   0.000000000000e+00  -1.000000014901e-01   0.000000000000e+00   0.000000000000e+00  -1.016136705875e-01   0.000000000000e+00   0.000000000000e+00  -1.016136705875e-01 
  0.000000000000e+00  -1.145747601986e-01  -4.144741892815e-01   0.000000000000e+00  -1.145747601986e-01  -4.144741892815e-01  -9.517096914351e-03   1.721586138010e-01  -6.506794691086e-01 
 -1.128682792187e-01   5.850472673774e-02  -1.479130268097e+00   0.000000000000e+00  -6.084201857448e-02  -1.000000014901e-01   0.000000000000e+00   4.047480970621e-02  -1.000000014901e-01 
  9.699996560812e-03   0.000000000000e+00  -1.000000014901e-01   0.000000000000e+00   0.000000000000e+00  -1.135067269206e-01   0.000000000000e+00   0.000000000000e+00  -1.176267042756e-01 
  0.000000000000e+00   0.000000000000e+00  -1.176267042756e-01   0.000000000000e+00  -1.145747601986e-01  -4.144741892815e-01   0.000000000000e+00  -1.145747601986e-01  -4.144741892815e-01 
 -9.517096914351e-03   1.721586138010e-01  -6.506794691086e-01  -1.128682792187e-01   5.850472673774e-02  -1.479130268097e+00   0.000000000000e+00  -6.084201857448e-02  -1.000000014901e-01 
  0.000000000000e+00   4.047480970621e-02  -1.000000014901e-01   9.699996560812e-03   0.000000000000e+00  -1.000000014901e-01   0.000000000000e+00   0.000000000000e+00  -1.135067269206e-01 
  0.000000000000e+00   0.000000000000e+00  -1.176267042756e-01   0.000000000000e+00   0.000000000000e+00  -1.176267042756e-01   0.000000000000e+00  -1.352641731501e-01  -4.707314670086e-01 
  0.000000000000e+00  -1.352641731501e-01  -4.707314670086e-01   1.461638137698e-02  -1.332339048386e-01  -5.430110096931e-01  -2.888849750161e-02  -6.349965929985e-02  -8.350433707237e-01 
  1.593964546919e-01  -1.004429161549e-01  -4.895080924034e-01   5.121346712112e-01   2.461894974113e-02  -9.050524830818e-01   4.370025098324e-01   0.000000000000e+00  -1.000000014901e-01 
  2.102704048157e-01   0.000000000000e+00  -2.292952835560e-01   1.085759624839e-01   0.000000000000e+00  -2.195178717375e-01   1.085759624839e-01   0.000000000000e+00  -2.195178717375e-01 
  0.000000000000e+00  -1.157324668020e-02  -4.204239547253e-01   0.000000000000e+00  -1.157324668020e-02  -4.204239547253e-01   9.901839308441e-03  -2.664660289884e-02  -3.527047634125e-01 
  4.642881825566e-02  -2.455042861402e-02  -2.110842317343e-01   2.534425258636e-01  -6.585774570704e-02  -5.953170657158e-01   4.912412464619e-01   0.000000000000e+00  -1.036468267441e+00 
  4.904260635376e-01  -5.676315352321e-02  -5.048707723618e-01   2.034609317780e-01  -6.520548462868e-02  -1.000000014901e-01   9.304944425821e-02  -5.358270928264e-02  -1.000000014901e-01 
  9.304944425821e-02  -5.358270928264e-02  -1.000000014901e-01   0.000000000000e+00   1.579466760159e-01  -3.692573308945e-01   0.000000000000e+00   1.579466760159e-01  -3.692573308945e-01 
  1.100511755794e-02   1.321677118540e-01  -3.468997776508e-01   2.647770568728e-02  -9.076474606991e-02   5.381797440350e-03   0.000000000000e+00  -1.408159583807e-01  -1.000000014901e-01 
  1.493838131428e-01  -1.520390063524e-01  -1.251110434532e+00   4.898299574852e-01  -1.368229687214e-01  -1.178870439529e+00   0.000000000000e+00  -7.784160226583e-02  -8.603485226631e-01 
  0.000000000000e+00  -3.919457271695e-02  -4.682460725307e-01   0.000000000000e+00  -3.919457271695e-02  -4.682460725307e-01   0.000000000000e+00   2.718469202518e-01  -4.411512911320e-01 
  0.000000000000e+00   2.718469202518e-01  -4.411512911320e-01   1.023487839848e-02   2.579055130482e-01  -3.087211847305e-01   3.172710537910e-02  -1.273624692112e-02  -2.440005987883e-01 
  5.144275724888e-02  -1.408159583807e-01  -1.077985763550e+00   1.423765122890e-01  -9.891058504581e-02  -1.264052391052e+00   1.423765122890e-01  -1.160374730825e-01  -1.208978891373e+00 
  0.000000000000e+00   0.000000000000e+00  -3.444956243038e-01   0.000000000000e+00   0.000000000000e+00  -1.000000014901e-01   0.000000000000e+00   0.000000000000e+00  -1.000000014901e-01 
  0.000000000000e+00   2.725998461246e-01  -3.796747028828e-01   0.000000000000e+00   2.725998461246e-01  -3.796747028828e-01   3.320591896772e-02   2.217018157244e-01  -2.392876595259e-01 
  2.208403684199e-02   1.626854985952e-01  -3.497113585472e-01   1.507424116135e-01  -5.543335899711e-02  -1.113240644336e-01   1.738095432520e-01   0.000000000000e+00  -9.528915286064e-01 
  0.000000000000e+00   0.000000000000e+00  -3.282419741154e-01   0.000000000000e+00   0.000000000000e+00  -3.812793493271e-01  -2.641355693340e-01   0.000000000000e+00  -6.625586748123e-01 
 -2.641355693340e-01   0.000000000000e+00  -6.625586748123e-01   0.000000000000e+00   6.166793033481e-02  -3.247182071209e-01   0.000000000000e+00   6.166793033481e-02  -3.247182071209e-01 
  6.769725680351e-02   3.123224712908e-02  -1.551994681358e-01   1.271916180849e-01   1.799098961055e-02  -4.350627362728e-01   3.166947364807e-01   9.921249002218e-03   3.696591407061e-02 
  2.525425255299e-01   8.890847675502e-03  -1.090360060334e-01   3.821572661400e-02   0.000000000000e+00  -1.000000014901e-01   0.000000000000e+00   0.000000000000e+00  -1.000000014901e-01 
 -2.973882257938e-01  -3.787481039762e-02  -6.958113312721e-01  -2.973882257938e-01  -3.787481039762e-02  -6.958113312721e-01   0.000000000000e+00   0.000000000000e+00  -3.203558921814e-01 
  0.000000000000e+00   0.000000000000e+00  -3.203558921814e-01   3.972906619310e-03   0.000000000000e+00  -4.964708685875e-01   0.000000000000e+00   0.000000000000e+00   4.366009831429e-01 
  0.000000000000e+00   0.000000000000e+00  -1.000000014901e-01   0.000000000000e+00   0.000000000000e+00  -1.000000014901e-01   2.303070574999e-02   0.000000000000e+00  -1.000000014901e-01 
  0.000000000000e+00   0.000000000000e+00  -1.000000014901e-01   0.000000000000e+00   0.000000000000e+00  -1.000000014901e-01   0.000000000000e+00   0.000000000000e+00  -1.000000014901e-01 
  0.000000000000e+00   0.000000000000e+00  -3.203558921814e-01   0.000000000000e+00   0.000000000000e+00  -3.203558921814e-01   3.972906619310e-03   0.000000000000e+00  -4.964708685875e-01 
  0.000000000000e+00   0.000000000000e+00   4.366009831429e-01   0.000000000000e+00   0.000000000000e+00  -1.000000014901e-01   0.000000000000e+00   0.000000000000e+00  -1.000000014901e-01 
  2.303070574999e-02   0.000000000000e+00  -1.000000014901e-01   0.000000000000e+00   0.000000000000e+00  -1.000000014901e-01   0.000000000000e+00   0.000000000000e+00  -1.000000014901e-01 
  0.000000000000e+00   0.000000000000e+00  -1.000000014901e-01   0.000000000000e+00   2.211705036461e-02  -9.840668737888e-02   0.000000000000e+00   2.211705036461e-02  -9.840668737888e-02 
  6.165580078959e-02   2.462339028716e-02  -1.386132389307e-01  -8.800022304058e-02   1.263607479632e-02  -1.672442078590e+00   0.000000000000e+00   4.483412578702e-02  -1.000000014901e-01 
  0.000000000000e+00   7.631290704012e-02  -1.000000014901e-01   0.000000000000e+00   0.000000000000e+00  -1.000000014901e-01   0.000000000000e+00   0.000000000000e+00  -1.000000014901e-01 
  0.000000000000e+00   0.000000000000e+00  -1.000000014901e-01   0.000000000000e+00   0.000000000000e+00  -1.000000014901e-01   0.000000000000e+00   2.211705036461e-02  -9.840668737888e-02 
  0.000000000000e+00   2.211705036461e-02  -9.840668737888e-02   6.165580078959e-02   2.462339028716e-02  -1.386132389307e-01  -8.800022304058e-02   1.263607479632e-02  -1.672442078590e+00 
  0.000000000000e+00   4.483412578702e-02  -1.000000014901e-01   0.000000000000e+00   7.631290704012e-02  -1.000000014901e-01   0.000000000000e+00   0.000000000000e+00  -1.000000014901e-01 
  0.000000000000e+00   0.000000000000e+00  -1.000000014901e-01   0.000000000000e+00   0.000000000000e+00  -1.000000014901e-01   0.000000000000e+00   0.000000000000e+00  -1.000000014901e-01 
  0.000000000000e+00  -5.329132452607e-02  -6.974787265062e-02   0.000000000000e+00  -5.329132452607e-02  -6.974787265062e-02   2.454433962703e-02  -6.606051325798e-02  -1.651263833046e-01 
 -6.423514336348e-03  -5.062940344214e-02  -6.894465684891e-01   3.648886457086e-02   5.034086853266e-02  -5.979179143906e-01   1.403800845146e-01   7.631741464138e-02  -7.945876121521e-01 
  8.765574544668e-03   0.000000000000e+00  -1.000000014901e-01   2.717930357903e-03   0.000000000000e+00   3.583095371723e-01   1.119031803682e-03   0.000000000000e+00   3.432790338993e-01 
  1.119031803682e-03   0.000000000000e+00   3.432790338993e-01   0.000000000000e+00  -9.510678052902e-02  -6.129259467125e-01   0.000000000000e+00  -9.510678052902e-02  -6.129259467125e-01 
 -3.987856209278e-02  -4.795615002513e-02  -4.857273399830e-01  -3.614211082458e-02  -4.620447382331e-02  -2.856597602367e-01   1.219045296311e-01  -8.359589427710e-02  -5.766326189041e-01 
  3.456805944443e-01  -6.376697868109e-02  -1.036468267441e+00   4.010583758354e-01   0.000000000000e+00  -8.516255617142e-01   1.887371838093e-01   0.000000000000e+00  -4.319783449173e-01 
  9.381200373173e-02   0.000000000000e+00  -2.757276296616e-01   9.381200373173e-02   0.000000000000e+00  -2.757276296616e-01   0.000000000000e+00   2.810331285000e-01  -3.026293516159e-01 
  0.000000000000e+00   2.810331285000e-01  -3.026293516159e-01  -6.689053028822e-02   2.811807096004e-01  -3.007710874081e-01  -6.366398930550e-02   1.037587597966e-01  -9.460394084454e-02 
  0.000000000000e+00  -1.331059187651e-01  -1.000000014901e-01   1.503364592791e-01  -1.210929229856e-01  -1.214810371399e+00   3.498182296753e-01  -1.289771497250e-01  -1.080188870430e+00 
  0.000000000000e+00  -1.019750237465e-01  -1.000000014901e-01  -1.542518287897e-02  -5.893046036363e-02  -1.951335966587e-01  -1.542518287897e-02  -5.893046036363e-02  -1.951335966587e-01 
  0.000000000000e+00   2.807749211788e-01  -1.836520135403e-01   0.000000000000e+00   2.807749211788e-01  -1.836520135403e-01  -5.447060614824e-02   2.803530991077e-01  -1.878408044577e-01 
 -9.092387743294e-03   2.754532992840e-01  -1.226276382804e-01   7.754163444042e-02  -1.378923952579e-01  -8.048139214516e-01   1.699652224779e-01  -1.392717659473e-01  -1.264052391052e+00 
  2.224886417389e-01  -1.280630528927e-01  -1.183548808098e+00   1.194563210011e-01  -8.093296736479e-02  -4.906921684742e-01  -1.512262076139e-01  -8.622064255178e-03  -1.000000014901e-01 
 -1.512262076139e-01  -8.622064255178e-03  -1.000000014901e-01   0.000000000000e+00   2.855845987797e-01  -1.723556518555e-01   0.000000000000e+00   2.855845987797e-01  -1.723556518555e-01 
 -9.682241827250e-03   2.817076444626e-01  -1.806332916021e-01   3.089706897736e-01   2.151819616556e-01   2.581157386303e-01   6.033250093460e-01  -5.202642083168e-02   7.677948474884e-01 
  1.710840761662e-01   0.000000000000e+00  -1.000000014901e-01   6.375104933977e-02  -6.875830143690e-02  -4.745531082153e-01  -9.992748498917e-02  -8.824845426716e-04  -3.812793493271e-01 
 -2.616930305958e-01   0.000000000000e+00  -6.625586748123e-01  -2.616930305958e-01   0.000000000000e+00  -6.625586748123e-01   0.000000000000e+00   1.652085185051e-01  -2.240077108145e-01 
  0.000000000000e+00   1.652085185051e-01  -2.240077108145e-01   1.531156711280e-02   1.417557448149e-01  -2.077488750219e-01   9.267325997353e-01   0.000000000000e+00   9.081897139549e-01 
  9.267325997353e-01   0.000000000000e+00   1.123987674713e+00   0.000000000000e+00   3.668877296150e-03  -1.016871705651e-01   2.880485728383e-02  -1.365494681522e-03  -1.000000014901e-01 
  0.000000000000e+00  -2.311076270416e-03  -1.000000014901e-01  -2.641355693340e-01  -4.622152540833e-03  -6.293060183525e-01  -2.641355693340e-01  -4.622152540833e-03  -6.293060183525e-01 
  0.000000000000e+00   0.000000000000e+00  -1.099122613668e-01   0.000000000000e+00   0.000000000000e+00  -1.099122613668e-01  -1.032769121230e-02   0.000000000000e+00   6.359192132950e-01 
  1.002018213272e+00   0.000000000000e+00   1.464886307716e+00   8.514468669891e-01   0.000000000000e+00   1.389600634575e+00   0.000000000000e+00   0.000000000000e+00  -1.000000014901e-01 
  0.000000000000e+00  -1.413308200426e-03  -1.000000014901e-01  -5.155463516712e-02  -2.311076270416e-03  -1.000000014901e-01  -1.308465152979e-01  -4.622152540833e-03  -1.000000014901e-01 
 -1.308465152979e-01  -4.622152540833e-03  -1.000000014901e-01   0.000000000000e+00   0.000000000000e+00  -1.099122613668e-01   0.000000000000e+00   0.000000000000e+00  -1.099122613668e-01 
 -1.032769121230e-02   0.000000000000e+00   6.359192132950e-01   1.002018213272e+00   0.000000000000e+00   1.464886307716e+00   8.514468669891e-01   0.000000000000e+00   1.389600634575e+00 
  0.000000000000e+00   0.000000000000e+00  -1.000000014901e-01   0.000000000000e+00  -1.413308200426e-03  -1.000000014901e-01  -5.155463516712e-02  -2.311076270416e-03  -1.000000014901e-01 
 -1.308465152979e-01  -4.622152540833e-03  -1.000000014901e-01  -1.308465152979e-01  -4.622152540833e-03  -1.000000014901e-01   0.000000000000e+00   2.561146765947e-02  -6.586114764214e-01 
  0.000000000000e+00   2.561146765947e-02  -6.586114764214e-01   1.686005592346e-01   4.503977671266e-02  -1.760748773813e-02   0.000000000000e+00   3.255015239120e-02  -1.000000014901e-01 
  0.000000000000e+00   0.000000000000e+00  -1.000000014901e-01   0.000000000000e+00   1.526388674974e-01  -1.000000014901e-01   8.224278688431e-01   2.871683835983e-01   2.557230234146e+00 
  5.533688068390e-01   0.000000000000e+00   2.422700643539e+00   0.000000000000e+00   0.000000000000e+00  -1.000000014901e-01   0.000000000000e+00   0.000000000000e+00  -1.000000014901e-01 
  0.000000000000e+00   2.561146765947e-02  -6.586114764214e-01   0.000000000000e+00   2.561146765947e-02  -6.586114764214e-01   1.686005592346e-01   4.503977671266e-02  -1.760748773813e-02 
  0.000000000000e+00   3.255015239120e-02  -1.000000014901e-01   0.000000000000e+00   0.000000000000e+00  -1.000000014901e-01   0.000000000000e+00   1.526388674974e-01  -1.000000014901e-01 
  8.224278688431e-01   2.871683835983e-01   2.557230234146e+00   5.533688068390e-01   0.000000000000e+00   2.422700643539e+00   0.000000000000e+00   0.000000000000e+00  -1.000000014901e-01 
  0.000000000000e+00   0.000000000000e+00  -1.000000014901e-01   0.000000000000e+00   3.847996518016e-02  -1.104832649231e+00   0.000000000000e+00   3.847996518016e-02  -1.104832649231e+00 
  9.330325573683e-02   2.460919320583e-02  -9.343261122704e-01   8.001971989870e-02   1.070500724018e-02  -7.822403907776e-01   5.103764310479e-02   0.000000000000e+00  -1.123916059732e-01 
  0.000000000000e+00   1.526388674974e-01  -9.907526522875e-02   0.000000000000e+00   1.810935512185e-02  -1.000000014901e-01   0.000000000000e+00   0.000000000000e+00   1.150610923767e+00 
  0.000000000000e+00   0.000000000000e+00   6.477801203728e-01   0.000000000000e+00   0.000000000000e+00   6.477801203728e-01   0.000000000000e+00  -5.493360385299e-02  -8.176751136780e-01 
  0.000000000000e+00  -5.493360385299e-02  -8.176751136780e-01  -6.398090720177e-02   2.019440531731e-01  -6.456597447395e-01   0.000000000000e+00   0.000000000000e+00  -5.515047311783e-01 
  4.904959723353e-02   3.024480491877e-02  -2.717836201191e-01   1.711885631084e-01   7.927238196135e-02  -1.000000014901e-01   6.000050902367e-02   0.000000000000e+00   2.242555022240e-01 
  0.000000000000e+00   0.000000000000e+00   6.334682703018e-01   0.000000000000e+00   0.000000000000e+00   6.345561146736e-01   0.000000000000e+00   0.000000000000e+00   6.345561146736e-01 
  0.000000000000e+00   3.290062248707e-01   2.200422110036e-03   0.000000000000e+00   3.290062248707e-01   2.200422110036e-03  -2.047010958195e-01   2.834110856056e-01   2.159468596801e-03 
 -2.045084834099e-01   0.000000000000e+00  -1.706174807623e-04   0.000000000000e+00  -7.856595516205e-02  -1.000000014901e-01   0.000000000000e+00   0.000000000000e+00  -1.000000014901e-01 
  2.230997532606e-01  -4.333205521107e-02  -1.000000014901e-01   7.868572324514e-02  -3.000174649060e-02  -3.726472333074e-02   3.238437324762e-02  -2.171391434968e-02  -1.082148328424e-01 
  3.238437324762e-02  -2.171391434968e-02  -1.082148328424e-01   0.000000000000e+00   2.927589416504e-01  -1.608194857836e-01   0.000000000000e+00   2.927589416504e-01  -1.608194857836e-01 
 -2.713435515761e-02   2.927550077438e-01  -1.249099224806e-01   0.000000000000e+00   2.924577295780e-01  -1.007090955973e-01   3.464076435193e-03  -8.497232943773e-02  -3.707254230976e-01 
  1.244147047400e-01   0.000000000000e+00  -1.000000014901e-01   1.975777149200e-01  -6.788491457701e-02  -5.331925153732e-01   1.191101521254e-01  -6.214288249612e-02  -3.064435124397e-01 
 -1.510420888662e-01  -1.263106707484e-02  -1.000000014901e-01  -1.510420888662e-01  -1.263106707484e-02  -1.000000014901e-01   0.000000000000e+00   4.500667750835e-01  -1.456110328436e-01 
  0.000000000000e+00   4.500667750835e-01  -1.456110328436e-01   3.823300451040e-02   3.789039552212e-01  -1.194220557809e-01   2.385991513729e-01   3.364396691322e-01   3.583244979382e-01 
  5.061714649200e-01   2.315832227468e-01   6.991291046143e-01   3.119789958000e-01   8.331897668540e-03   1.744394302368e-01   1.400937885046e-01  -4.121628776193e-02  -2.996857166290e-01 
 -9.418763220310e-02  -8.401661762036e-04  -2.158088982105e-01  -1.558375805616e-01   0.000000000000e+00  -1.000000014901e-01  -1.558375805616e-01   0.000000000000e+00  -1.000000014901e-01 
  0.000000000000e+00   1.544505655766e-01  -2.323663681746e-01   0.000000000000e+00   1.544505655766e-01  -2.323663681746e-01   1.356199532747e-01   1.172713637352e-01   8.925339579582e-02 
  4.430736303329e-01   4.402377828956e-02   9.500087499619e-01   7.460542917252e-01   1.735874451697e-02   1.148698806763e+00   3.249613642693e-01   9.067920036614e-03   6.705797314644e-01 
  9.943179786205e-02  -1.387048396282e-03  -1.000000014901e-01   0.000000000000e+00  -1.401774352416e-03  -1.000000014901e-01   0.000000000000e+00   0.000000000000e+00  -1.000000014901e-01 
  0.000000000000e+00   0.000000000000e+00  -1.000000014901e-01   0.000000000000e+00   0.000000000000e+00  -1.925457566977e-01   0.000000000000e+00   0.000000000000e+00  -1.925457566977e-01 
  3.771386295557e-02   3.353568539023e-02   8.869066238403e-01   9.267325997353e-01   2.406394574791e-03   1.314314961433e+00   9.267325997353e-01   1.234061084688e-03   1.389600634575e+00 
  0.000000000000e+00   7.344006444328e-04  -1.000000014901e-01   0.000000000000e+00  -1.405630959198e-03  -1.000000014901e-01  -4.683471471071e-02  -1.401774236001e-03  -1.000000014901e-01 
 -7.791879028082e-02   0.000000000000e+00  -1.000000014901e-01  -7.791879028082e-02   0.000000000000e+00  -1.000000014901e-01   0.000000000000e+00   0.000000000000e+00  -1.925457566977e-01 
  0.000000000000e+00   0.000000000000e+00  -1.925457566977e-01   3.771386295557e-02   3.353568539023e-02   8.869066238403e-01   9.267325997353e-01   2.406394574791e-03   1.314314961433e+00 
  9.267325997353e-01   1.234061084688e-03   1.389600634575e+00   0.000000000000e+00   7.344006444328e-04  -1.000000014901e-01   0.000000000000e+00  -1.405630959198e-03  -1.000000014901e-01 
 -4.683471471071e-02  -1.401774236001e-03  -1.000000014901e-01  -7.791879028082e-02   0.000000000000e+00  -1.000000014901e-01  -7.791879028082e-02   0.000000000000e+00  -1.000000014901e-01 
  0.000000000000e+00   2.561146765947e-02  -6.586114764214e-01   0.000000000000e+00   2.561146765947e-02  -6.586114764214e-01   1.686005592346e-01   4.503977671266e-02  -1.760748773813e-02 
  0.000000000000e+00   3.255015239120e-02  -1.000000014901e-01   0.000000000000e+00   0.000000000000e+00  -1.000000014901e-01   0.000000000000e+00   1.526388674974e-01  -1.000000014901e-01 
  8.224278688431e-01   2.871683835983e-01   2.557230234146e+00   5.533688068390e-01   0.000000000000e+00   2.422700643539e+00   0.000000000000e+00   0.000000000000e+00  -1.000000014901e-01 
  0.000000000000e+00   0.000000000000e+00  -1.000000014901e-01   0.000000000000e+00   2.561146765947e-02  -6.586114764214e-01   0.000000000000e+00   2.561146765947e-02  -6.586114764214e-01 
  1.686005592346e-01   4.503977671266e-02  -1.760748773813e-02   0.000000000000e+00   3.255015239120e-02  -1.000000014901e-01   0.000000000000e+00   0.000000000000e+00  -1.000000014901e-01 
  0.000000000000e+00   1.526388674974e-01  -1.000000014901e-01   8.224278688431e-01   2.871683835983e-01   2.557230234146e+00   5.533688068390e-01   0.000000000000e+00   2.422700643539e+00 
  0.000000000000e+00   0.000000000000e+00  -1.000000014901e-01   0.000000000000e+00   0.000000000000e+00  -1.000000014901e-01   0.000000000000e+00   3.847996518016e-02  -1.104832649231e+00 
  0.000000000000e+00   3.847996518016e-02  -1.104832649231e+00   9.330325573683e-02   2.460919320583e-02  -9.343261122704e-01   8.001971989870e-02   1.070500724018e-02  -7.822403907776e-01 
  5.103764310479e-02   0.000000000000e+00  -1.123916059732e-01   0.000000000000e+00   1.526388674974e-01  -9.907526522875e-02   0.000000000000e+00   1.810935512185e-02  -1.000000014901e-01 
  0.000000000000e+00   0.000000000000e+00   1.150610923767e+00   0.000000000000e+00   0.000000000000e+00   6.477801203728e-01   0.000000000000e+00   0.000000000000e+00   6.477801203728e-01 
  0.000000000000e+00  -5.493360385299e-02  -8.176751136780e-01   0.000000000000e+00  -5.493360385299e-02  -8.176751136780e-01  -6.398090720177e-02   2.019440531731e-01  -6.456597447395e-01 
  0.000000000000e+00   0.000000000000e+00  -5.515047311783e-01   4.904959723353e-02   3.024480491877e-02  -2.717836201191e-01   1.711885631084e-01   7.927238196135e-02  -1.000000014901e-01 
  6.000050902367e-02   0.000000000000e+00   2.242555022240e-01   0.000000000000e+00   0.000000000000e+00   6.334682703018e-01   0.000000000000e+00   0.000000000000e+00   6.345561146736e-01 
  0.000000000000e+00   0.000000000000e+00   6.345561146736e-01   0.000000000000e+00   3.290062248707e-01   2.200422110036e-03   0.000000000000e+00   3.290062248707e-01   2.200422110036e-03 
 -2.047010958195e-01   2.834110856056e-01   2.159468596801e-03  -2.045084834099e-01   0.000000000000e+00  -1.706174807623e-04   0.000000000000e+00  -7.856595516205e-02  -1.000000014901e-01 
  0.000000000000e+00   0.000000000000e+00  -1.000000014901e-01   2.230997532606e-01  -4.333205521107e-02  -1.000000014901e-01   7.868572324514e-02  -3.000174649060e-02  -3.726472333074e-02 
  3.238437324762e-02  -2.171391434968e-02  -1.082148328424e-01   3.238437324762e-02  -2.171391434968e-02  -1.082148328424e-01   0.000000000000e+00   2.927589416504e-01  -1.608194857836e-01 
  0.000000000000e+00   2.927589416504e-01  -1.608194857836e-01  -2.713435515761e-02   2.927550077438e-01  -1.249099224806e-01   0.000000000000e+00   2.924577295780e-01  -1.007090955973e-01 
  3.464076435193e-03  -8.497232943773e-02  -3.707254230976e-01   1.244147047400e-01   0.000000000000e+00  -1.000000014901e-01   1.975777149200e-01  -6.788491457701e-02  -5.331925153732e-01 
  1.191101521254e-01  -6.214288249612e-02  -3.064435124397e-01  -1.510420888662e-01  -1.263106707484e-02  -1.000000014901e-01  -1.510420888662e-01  -1.263106707484e-02  -1.000000014901e-01 
  0.000000000000e+00   4.500667750835e-01  -1.456110328436e-01   0.000000000000e+00   4.500667750835e-01  -1.456110328436e-01   3.823300451040e-02   3.789039552212e-01  -1.194220557809e-01 
  2.385991513729e-01   3.364396691322e-01   3.583244979382e-01   5.061714649200e-01   2.315832227468e-01   6.991291046143e-01   3.119789958000e-01   8.331897668540e-03   1.744394302368e-01 
  1.400937885046e-01  -4.121628776193e-02  -2.996857166290e-01  -9.418763220310e-02  -8.401661762036e-04  -2.158088982105e-01  -1.558375805616e-01   0.000000000000e+00  -1.000000014901e-01 
 -1.558375805616e-01   0.000000000000e+00  -1.000000014901e-01   0.000000000000e+00   1.544505655766e-01  -2.323663681746e-01   0.000000000000e+00   1.544505655766e-01  -2.323663681746e-01 
  1.356199532747e-01   1.172713637352e-01   8.925339579582e-02   4.430736303329e-01   4.402377828956e-02   9.500087499619e-01   7.460542917252e-01   1.735874451697e-02   1.148698806763e+00 
  3.249613642693e-01   9.067920036614e-03   6.705797314644e-01   9.943179786205e-02  -1.387048396282e-03  -1.000000014901e-01   0.000000000000e+00  -1.401774352416e-03  -1.000000014901e-01 
  0.000000000000e+00   0.000000000000e+00  -1.000000014901e-01   0.000000000000e+00   0.000000000000e+00  -1.000000014901e-01   0.000000000000e+00   0.000000000000e+00  -1.925457566977e-01 
  0.000000000000e+00   0.000000000000e+00  -1.925457566977e-01   3.771386295557e-02   3.353568539023e-02   8.869066238403e-01   9.267325997353e-01   2.406394574791e-03   1.314314961433e+00 
  9.267325997353e-01   1.234061084688e-03   1.389600634575e+00   0.000000000000e+00   7.344006444328e-04  -1.000000014901e-01   0.000000000000e+00  -1.405630959198e-03  -1.000000014901e-01 
 -4.683471471071e-02  -1.401774236001e-03  -1.000000014901e-01  -7.791879028082e-02   0.000000000000e+00  -1.000000014901e-01  -7.791879028082e-02   0.000000000000e+00  -1.000000014901e-01 
  0.000000000000e+00   0.000000000000e+00  -1.925457566977e-01   0.000000000000e+00   0.000000000000e+00  -1.925457566977e-01   3.771386295557e-02   3.353568539023e-02   8.869066238403e-01 
  9.267325997353e-01   2.406394574791e-03   1.314314961433e+00   9.267325997353e-01   1.234061084688e-03   1.389600634575e+00   0.000000000000e+00   7.344006444328e-04  -1.000000014901e-01 
  0.000000000000e+00  -1.405630959198e-03  -1.000000014901e-01  -4.683471471071e-02  -1.401774236001e-03  -1.000000014901e-01  -7.791879028082e-02   0.000000000000e+00  -1.000000014901e-01 
 -7.791879028082e-02   0.000000000000e+00  -1.000000014901e-01 

