# vtk DataFile Version 2.0
Written using VisIt writer
ASCII
DATASET RECTILINEAR_GRID
DIMENSIONS 10 10 10
X_COORDINATES 10 float
  0.000000000000e+00   5.000000000000e-01   1.000000000000e+00   1.500000000000e+00   2.000000000000e+00   2.500000000000e+00   3.000000000000e+00   3.500000000000e+00   4.000000000000e+00 
  4.500000000000e+00 
Y_COORDINATES 10 float
  0.000000000000e+00   5.000000000000e-01   1.000000000000e+00   1.500000000000e+00   2.000000000000e+00   2.500000000000e+00   3.000000000000e+00   3.500000000000e+00   4.000000000000e+00 
  4.500000000000e+00 
Z_COORDINATES 10 float
  0.000000000000e+00   5.000000000000e-01   1.000000000000e+00   1.500000000000e+00   2.000000000000e+00   2.500000000000e+00   3.000000000000e+00   3.500000000000e+00   4.000000000000e+00 
  4.500000000000e+00 
CELL_DATA 729
POINT_DATA 1000
VECTORS velocity float
  0.000000000000e+00  -9.636806696653e-02  -2.171561419964e-01   3.251200000000e+04   0.000000000000e+00   0.000000000000e+00   0.000000000000e+00   0.000000000000e+00   0.000000000000e+00 
  1.463374942541e-01  -4.588635638356e-02  -1.405718773603e-01   0.000000000000e+00   0.000000000000e+00   0.000000000000e+00   0.000000000000e+00   1.431655808000e+09   1.070945600000e+09 
  1.038432419300e-01  -7.520891726017e-02  -1.576447784901e-01   1.071994176000e+09   0.000000000000e+00   0.000000000000e+00   0.000000000000e+00   0.000000000000e+00   0.000000000000e+00 
  2.152817398310e-01  -1.071182191372e-01  -1.807559430599e-01   0.000000000000e+00  -9.636806696653e-02  -2.171561419964e-01   1.070945600000e+09   0.000000000000e+00   0.000000000000e+00 
  1.043027490377e-01  -8.035770058632e-02  -1.824861168861e-01   1.463374942541e-01  -4.588635638356e-02  -1.405718773603e-01   1.431655808000e+09   1.070945600000e+09   0.000000000000e+00 
  8.930720388889e-02  -4.771778732538e-02  -1.362311989069e-01   1.038432419300e-01  -7.520891726017e-02  -1.576447784901e-01   0.000000000000e+00   0.000000000000e+00   1.071644672000e+09 
  2.152817398310e-01  -1.071182191372e-01  -1.807559430599e-01   2.152817398310e-01  -1.071182191372e-01  -1.807559430599e-01   0.000000000000e+00   8.129804581404e-02  -1.744603812695e-01 
  0.000000000000e+00   8.129804581404e-02  -1.744603812695e-01  -2.334932237864e-02  -8.132982999086e-02  -1.879529207945e-01   2.277613990009e-02  -2.972669601440e-01  -1.788342595100e-01 
  6.504777353257e-03  -2.504322826862e-01  -1.824673861265e-01   4.497456178069e-02  -1.426897794008e-01  -1.468422412872e-01   1.021451577544e-01  -1.156519749202e-03  -1.363459229469e-01 
  1.046663299203e-01   5.010167509317e-02  -1.312870383263e-01   1.900740712881e-01   4.935567453504e-02  -1.404500901699e-01   1.900740712881e-01   4.935567453504e-02  -1.404500901699e-01 
  0.000000000000e+00   2.284547314048e-02  -1.531100124121e-01   0.000000000000e+00   2.284547314048e-02  -1.531100124121e-01   4.208909347653e-02   3.000995703042e-02  -1.484295129776e-01 
 -1.037341263145e-02   1.315393485129e-02  -1.323916167021e-01   3.862392157316e-02   3.853705711663e-03  -1.379804760218e-01   8.818476647139e-02  -1.317252665758e-01  -1.445657759905e-01 
  7.128921896219e-02  -3.864956274629e-02  -1.785954535007e-01   1.516489684582e-01   9.080757200718e-02  -1.331720650196e-01   2.120377868414e-01   1.333817932755e-02  -1.305491328239e-01 
  2.120377868414e-01   1.333817932755e-02  -1.305491328239e-01   0.000000000000e+00  -9.328177571297e-02  -1.815483868122e-01   0.000000000000e+00  -9.328177571297e-02  -1.815483868122e-01 
 -1.755995559506e-03  -3.134594857693e-02  -1.986878216267e-01   1.048700734973e-01   1.164226979017e-02  -1.388814151287e-01   7.995707541704e-02   3.138015046716e-02  -1.344120651484e-01 
  8.195424824953e-02   1.873471774161e-02  -1.263359338045e-01   8.319574594498e-02   5.331023409963e-02  -1.446936875582e-01   9.633362293243e-02  -2.165773510933e-02  -1.539693772793e-01 
  2.252630442381e-01  -8.917193114758e-02  -1.786388158798e-01   2.252630442381e-01  -8.917193114758e-02  -1.786388158798e-01   0.000000000000e+00  -2.940466813743e-02  -1.567765623331e-01 
  0.000000000000e+00  -2.940466813743e-02  -1.567765623331e-01   4.717476665974e-02   1.259289775044e-02  -1.592547893524e-01   6.099448353052e-02  -3.774857521057e-02  -1.643819510937e-01 
  1.303972117603e-02  -7.864023000002e-02  -2.104096710682e-01   9.351032227278e-02  -2.434420026839e-02  -1.437155008316e-01   1.475392878056e-01   4.888562485576e-02  -1.314632296562e-01 
  1.232708767056e-01   4.904719814658e-02  -1.294122934341e-01   2.340772747993e-01  -1.497325394303e-02  -1.419696062803e-01   2.340772747993e-01  -1.497325394303e-02  -1.419696062803e-01 
  0.000000000000e+00  -1.431487798691e-01  -1.721075922251e-01   0.000000000000e+00  -1.431487798691e-01  -1.721075922251e-01   1.162149757147e-01  -3.125466778874e-02  -1.548795253038e-01 
  2.204784750938e-02   2.257622964680e-02  -1.468334794044e-01   1.954724825919e-02   4.431960359216e-02  -1.749298572540e-01   3.741724416614e-02  -1.088375449181e-01  -1.692790985107e-01 
  8.849798887968e-02  -1.362737384625e-03  -1.759932339191e-01   2.300402075052e-01  -6.920313928276e-03  -1.313611268997e-01   2.595980763435e-01  -2.061636559665e-02  -1.380355507135e-01 
  2.595980763435e-01  -2.061636559665e-02  -1.380355507135e-01   0.000000000000e+00  -2.271978557110e-01  -2.235575765371e-01   0.000000000000e+00  -2.271978557110e-01  -2.235575765371e-01 
 -1.930804178119e-02  -4.589372873306e-02  -2.218186259270e-01   8.107565343380e-02   6.802280433476e-03  -1.538345366716e-01   8.947150409222e-02   6.538091599941e-02  -1.566697061062e-01 
  1.506245322526e-02   3.127603605390e-02  -1.386831551790e-01   7.861047983170e-02  -1.670527830720e-02  -1.471811830997e-01   1.467799842358e-01  -1.004186198115e-01  -1.618759930134e-01 
  2.092211991549e-01  -7.406579703093e-02  -2.181591093540e-01   2.092211991549e-01  -7.406579703093e-02  -2.181591093540e-01   0.000000000000e+00   0.000000000000e+00  -1.810936778784e-01 
  0.000000000000e+00   0.000000000000e+00  -1.810936778784e-01  -5.623492598534e-02   0.000000000000e+00  -1.990642547607e-01  -7.118922472000e-02   0.000000000000e+00  -1.665095984936e-01 
  8.749721199274e-02   0.000000000000e+00  -1.846619248390e-01   2.115282267332e-01   0.000000000000e+00  -1.284354180098e-01   2.088382542133e-01   0.000000000000e+00  -1.192803606391e-01 
  2.174419015646e-01   0.000000000000e+00  -1.238631904125e-01   2.770463228226e-01   0.000000000000e+00  -1.375767141581e-01   2.770463228226e-01   0.000000000000e+00  -1.375767141581e-01 
  0.000000000000e+00   0.000000000000e+00  -1.810936778784e-01   0.000000000000e+00   0.000000000000e+00  -1.810936778784e-01  -5.623492598534e-02   0.000000000000e+00  -1.990642547607e-01 
 -7.118922472000e-02   0.000000000000e+00  -1.665095984936e-01   8.749721199274e-02   0.000000000000e+00  -1.846619248390e-01   2.115282267332e-01   0.000000000000e+00  -1.284354180098e-01 
  2.088382542133e-01   0.000000000000e+00  -1.192803606391e-01   2.174419015646e-01   0.000000000000e+00  -1.238631904125e-01   2.770463228226e-01   0.000000000000e+00  -1.375767141581e-01 
  2.770463228226e-01   0.000000000000e+00  -1.375767141581e-01   0.000000000000e+00  -9.636806696653e-02  -2.171561419964e-01   0.000000000000e+00  -9.636806696653e-02  -2.171561419964e-01 
  1.043027490377e-01  -8.035770058632e-02  -1.824861168861e-01   1.463374942541e-01  -4.588635638356e-02  -1.405718773603e-01   1.247822046280e-01  -5.163331329823e-02  -1.440885961056e-01 
  8.930720388889e-02  -4.771778732538e-02  -1.362311989069e-01   1.038432419300e-01  -7.520891726017e-02  -1.576447784901e-01   1.871826350689e-01  -7.430773228407e-02  -1.646322458982e-01 
  2.152817398310e-01  -1.071182191372e-01  -1.807559430599e-01   2.152817398310e-01  -1.071182191372e-01  -1.807559430599e-01   0.000000000000e+00  -9.636806696653e-02  -2.171561419964e-01 
  0.000000000000e+00  -9.636806696653e-02  -2.171561419964e-01   1.043027490377e-01  -8.035770058632e-02  -1.824861168861e-01   1.463374942541e-01  -4.588635638356e-02  -1.405718773603e-01 
  1.247822046280e-01  -5.163331329823e-02  -1.440885961056e-01   8.930720388889e-02  -4.771778732538e-02  -1.362311989069e-01   1.038432419300e-01  -7.520891726017e-02  -1.576447784901e-01 
  1.871826350689e-01  -7.430773228407e-02  -1.646322458982e-01   2.152817398310e-01  -1.071182191372e-01  -1.807559430599e-01   2.152817398310e-01  -1.071182191372e-01  -1.807559430599e-01 
  0.000000000000e+00   8.129804581404e-02  -1.744603812695e-01   0.000000000000e+00   8.129804581404e-02  -1.744603812695e-01  -2.334932237864e-02  -8.132982999086e-02  -1.879529207945e-01 
  2.277613990009e-02  -2.972669601440e-01  -1.788342595100e-01   6.504777353257e-03  -2.504322826862e-01  -1.824673861265e-01   4.497456178069e-02  -1.426897794008e-01  -1.468422412872e-01 
  1.021451577544e-01  -1.156519749202e-03  -1.363459229469e-01   1.046663299203e-01   5.010167509317e-02  -1.312870383263e-01   1.900740712881e-01   4.935567453504e-02  -1.404500901699e-01 
  1.900740712881e-01   4.935567453504e-02  -1.404500901699e-01   0.000000000000e+00   2.284547314048e-02  -1.531100124121e-01   0.000000000000e+00   2.284547314048e-02  -1.531100124121e-01 
  4.208909347653e-02   3.000995703042e-02  -1.484295129776e-01  -1.037341263145e-02   1.315393485129e-02  -1.323916167021e-01   3.862392157316e-02   3.853705711663e-03  -1.379804760218e-01 
  8.818476647139e-02  -1.317252665758e-01  -1.445657759905e-01   7.128921896219e-02  -3.864956274629e-02  -1.785954535007e-01   1.516489684582e-01   9.080757200718e-02  -1.331720650196e-01 
  2.120377868414e-01   1.333817932755e-02  -1.305491328239e-01   2.120377868414e-01   1.333817932755e-02  -1.305491328239e-01   0.000000000000e+00  -9.328177571297e-02  -1.815483868122e-01 
  0.000000000000e+00  -9.328177571297e-02  -1.815483868122e-01  -1.755995559506e-03  -3.134594857693e-02  -1.986878216267e-01   1.048700734973e-01   1.164226979017e-02  -1.388814151287e-01 
  7.995707541704e-02   3.138015046716e-02  -1.344120651484e-01   8.195424824953e-02   1.873471774161e-02  -1.263359338045e-01   8.319574594498e-02   5.331023409963e-02  -1.446936875582e-01 
  9.633362293243e-02  -2.165773510933e-02  -1.539693772793e-01   2.252630442381e-01  -8.917193114758e-02  -1.786388158798e-01   2.252630442381e-01  -8.917193114758e-02  -1.786388158798e-01 
  0.000000000000e+00  -2.940466813743e-02  -1.567765623331e-01   0.000000000000e+00  -2.940466813743e-02  -1.567765623331e-01   4.717476665974e-02   1.259289775044e-02  -1.592547893524e-01 
  6.099448353052e-02  -3.774857521057e-02  -1.643819510937e-01   1.303972117603e-02  -7.864023000002e-02  -2.104096710682e-01   9.351032227278e-02  -2.434420026839e-02  -1.437155008316e-01 
  1.475392878056e-01   4.888562485576e-02  -1.314632296562e-01   1.232708767056e-01   4.904719814658e-02  -1.294122934341e-01   2.340772747993e-01  -1.497325394303e-02  -1.419696062803e-01 
  2.340772747993e-01  -1.497325394303e-02  -1.419696062803e-01   0.000000000000e+00  -1.431487798691e-01  -1.721075922251e-01   0.000000000000e+00  -1.431487798691e-01  -1.721075922251e-01 
  1.162149757147e-01  -3.125466778874e-02  -1.548795253038e-01   2.204784750938e-02   2.257622964680e-02  -1.468334794044e-01   1.954724825919e-02   4.431960359216e-02  -1.749298572540e-01 
  3.741724416614e-02  -1.088375449181e-01  -1.692790985107e-01   8.849798887968e-02  -1.362737384625e-03  -1.759932339191e-01   2.300402075052e-01  -6.920313928276e-03  -1.313611268997e-01 
  2.595980763435e-01  -2.061636559665e-02  -1.380355507135e-01   2.595980763435e-01  -2.061636559665e-02  -1.380355507135e-01   0.000000000000e+00  -2.271978557110e-01  -2.235575765371e-01 
  0.000000000000e+00  -2.271978557110e-01  -2.235575765371e-01  -1.930804178119e-02  -4.589372873306e-02  -2.218186259270e-01   8.107565343380e-02   6.802280433476e-03  -1.538345366716e-01 
  8.947150409222e-02   6.538091599941e-02  -1.566697061062e-01   1.506245322526e-02   3.127603605390e-02  -1.386831551790e-01   7.861047983170e-02  -1.670527830720e-02  -1.471811830997e-01 
  1.467799842358e-01  -1.004186198115e-01  -1.618759930134e-01   2.092211991549e-01  -7.406579703093e-02  -2.181591093540e-01   2.092211991549e-01  -7.406579703093e-02  -2.181591093540e-01 
  0.000000000000e+00   0.000000000000e+00  -1.810936778784e-01   0.000000000000e+00   0.000000000000e+00  -1.810936778784e-01  -5.623492598534e-02   0.000000000000e+00  -1.990642547607e-01 
 -7.118922472000e-02   0.000000000000e+00  -1.665095984936e-01   8.749721199274e-02   0.000000000000e+00  -1.846619248390e-01   2.115282267332e-01   0.000000000000e+00  -1.284354180098e-01 
  2.088382542133e-01   0.000000000000e+00  -1.192803606391e-01   2.174419015646e-01   0.000000000000e+00  -1.238631904125e-01   2.770463228226e-01   0.000000000000e+00  -1.375767141581e-01 
  2.770463228226e-01   0.000000000000e+00  -1.375767141581e-01   0.000000000000e+00   0.000000000000e+00  -1.810936778784e-01   0.000000000000e+00   0.000000000000e+00  -1.810936778784e-01 
 -5.623492598534e-02   0.000000000000e+00  -1.990642547607e-01  -7.118922472000e-02   0.000000000000e+00  -1.665095984936e-01   8.749721199274e-02   0.000000000000e+00  -1.846619248390e-01 
  2.115282267332e-01   0.000000000000e+00  -1.284354180098e-01   2.088382542133e-01   0.000000000000e+00  -1.192803606391e-01   2.174419015646e-01   0.000000000000e+00  -1.238631904125e-01 
  2.770463228226e-01   0.000000000000e+00  -1.375767141581e-01   2.770463228226e-01   0.000000000000e+00  -1.375767141581e-01   0.000000000000e+00  -1.440597921610e-01  -9.120658040047e-01 
  0.000000000000e+00  -1.440597921610e-01  -9.120658040047e-01   6.508804112673e-02  -5.574180558324e-02  -8.713605999947e-01   1.589022159576e+00   1.340184211731e-01  -9.664448499680e-01 
  8.521010279655e-01   4.399085789919e-02  -5.136723518372e-01   4.205780029297e-01  -2.783655226231e-01  -7.009222507477e-01   2.141643464565e-01  -1.123515143991e-02  -6.867288947105e-01 
  9.716920256615e-01  -1.275227870792e-02  -8.166646957397e-01   9.971966147423e-01  -6.486679892987e-03  -7.877887487411e-01   9.971966147423e-01  -6.486679892987e-03  -7.877887487411e-01 
  0.000000000000e+00  -1.440597921610e-01  -9.120658040047e-01   0.000000000000e+00  -1.440597921610e-01  -9.120658040047e-01   6.508804112673e-02  -5.574180558324e-02  -8.713605999947e-01 
  1.589022159576e+00   1.340184211731e-01  -9.664448499680e-01   8.521010279655e-01   4.399085789919e-02  -5.136723518372e-01   4.205780029297e-01  -2.783655226231e-01  -7.009222507477e-01 
  2.141643464565e-01  -1.123515143991e-02  -6.867288947105e-01   9.716920256615e-01  -1.275227870792e-02  -8.166646957397e-01   9.971966147423e-01  -6.486679892987e-03  -7.877887487411e-01 
  9.971966147423e-01  -6.486679892987e-03  -7.877887487411e-01   0.000000000000e+00   1.022690460086e-01  -1.032424926758e+00   0.000000000000e+00   1.022690460086e-01  -1.032424926758e+00 
  5.919111147523e-02  -1.129308715463e-01  -9.930217266083e-01   5.252125263214e-01   2.463193237782e-01  -7.185810208321e-01   4.293029010296e-01   4.548534452915e-01  -5.440965294838e-01 
  2.808148860931e-01  -6.912066340446e-01  -3.069550395012e-01   3.668198287487e-01   3.479746403173e-03  -2.812598347664e-01   3.936749100685e-01   1.275227870792e-02  -6.871296465397e-02 
  4.697426557541e-01   2.950195968151e-02  -5.954991653562e-02   4.697426557541e-01   2.950195968151e-02  -5.954991653562e-02   0.000000000000e+00   1.655555963516e-01  -4.876345396042e-01 
  0.000000000000e+00   1.655555963516e-01  -4.876345396042e-01   1.794144064188e-01   1.592943817377e-01  -6.858180165291e-01   2.689726948738e-01   1.059727892280e-01  -8.099657297134e-01 
  4.944604262710e-02   5.112553387880e-02  -6.201951950788e-02   1.654472202063e-01  -2.074464857578e-01  -2.730399966240e-01   1.767075806856e-01  -1.242856755853e-01  -2.390103191137e-01 
  2.009756565094e-01   7.033826410770e-02  -6.682793051004e-02   2.117692977190e-01   2.069298177958e-02  -6.945087015629e-02   2.117692977190e-01   2.069298177958e-02  -6.945087015629e-02 
  0.000000000000e+00  -3.530326187611e-01  -6.788845658302e-01   0.000000000000e+00  -3.530326187611e-01  -6.788845658302e-01   1.910364031792e-01  -1.598605960608e-01  -8.434497714043e-01 
  1.511047482491e-01   1.469916757196e-02  -1.061027169228e+00   1.310099959373e-01   0.000000000000e+00  -5.678564906120e-01   1.642398983240e-01  -3.114728629589e-02  -2.143641561270e-01 
  1.004398688674e-01   4.372850060463e-02  -5.530630797148e-02   2.231454402208e-01   0.000000000000e+00  -4.603061452508e-02   3.348943889141e-01  -8.633258193731e-02  -2.136119082570e-02 
  3.348943889141e-01  -8.633258193731e-02  -2.136119082570e-02   0.000000000000e+00   3.011638671160e-02  -8.476670980453e-01   0.000000000000e+00   3.011638671160e-02  -8.476670980453e-01 
  3.862425982952e-01   1.591089218855e-01  -7.059705853462e-01   6.001195311546e-01   3.530863299966e-02  -1.482199549675e+00   2.038238942623e-01   1.411875784397e-01  -6.195872426033e-01 
  3.248546719551e-01   3.245406597853e-02  -3.898236155510e-01   1.919383555651e-01   4.664486274123e-02  -4.528283774853e-01   9.960628747940e-01   0.000000000000e+00  -7.058770954609e-02 
  1.011977791786e+00  -7.415164262056e-03  -5.803039297462e-02   1.011977791786e+00  -7.415164262056e-03  -5.803039297462e-02   0.000000000000e+00   7.653362303972e-02  -9.126730561256e-01 
  0.000000000000e+00   7.653362303972e-02  -9.126730561256e-01   3.718879222870e-01   9.712719917297e-01  -6.175129413605e-01   8.271133303642e-01   7.948784530163e-02  -1.128194928169e+00 
  2.206377238035e-01   1.363994628191e-01  -1.587834477425e+00   5.638969540596e-01   1.378096081316e-02  -1.512062191963e+00   2.368991672993e-01   1.213023290038e-01  -1.423848986626e+00 
  2.515491485596e+00   3.485855460167e-01  -1.760122299194e+00   2.225360870361e+00   7.235264033079e-02  -1.791752457619e+00   2.225360870361e+00   7.235264033079e-02  -1.791752457619e+00 
  0.000000000000e+00  -1.170971021056e-01  -8.298264741898e-01   0.000000000000e+00  -1.170971021056e-01  -8.298264741898e-01   1.060671582818e-01  -1.160841882229e-01  -4.640664160252e-01 
  3.385028541088e-01   1.688478328288e-02  -1.106490492821e+00   7.015179842710e-02   2.696728520095e-02  -1.998632550240e+00   5.105355381966e-01   2.912165969610e-02  -1.677473306656e+00 
  1.737716943026e-01   9.606362134218e-02  -1.596839427948e+00   7.248562574387e-01   2.609200477600e-01  -1.753210067749e+00  -7.870489358902e-02  -4.326542466879e-02  -1.968781113625e+00 
 -7.870489358902e-02  -4.326542466879e-02  -1.968781113625e+00   0.000000000000e+00   0.000000000000e+00  -8.253862261772e-01   0.000000000000e+00   0.000000000000e+00  -8.253862261772e-01 
 -1.589909344912e-01   0.000000000000e+00  -8.226652741432e-01   2.714200913906e-01   0.000000000000e+00  -1.315476179123e+00  -1.568589545786e-02   0.000000000000e+00  -2.484172344208e+00 
  1.549561470747e-01   4.480255302042e-03  -2.535425186157e+00   3.573438525200e-01   2.677227929235e-02  -8.071963489056e-02   6.004223227501e-01   5.985131859779e-02  -7.613681256771e-02 
  1.375776529312e-01   0.000000000000e+00  -6.242328882217e-02   1.375776529312e-01   0.000000000000e+00  -6.242328882217e-02   0.000000000000e+00   0.000000000000e+00  -8.253862261772e-01 
  0.000000000000e+00   0.000000000000e+00  -8.253862261772e-01  -1.589909344912e-01   0.000000000000e+00  -8.226652741432e-01   2.714200913906e-01   0.000000000000e+00  -1.315476179123e+00 
 -1.568589545786e-02   0.000000000000e+00  -2.484172344208e+00   1.549561470747e-01   4.480255302042e-03  -2.535425186157e+00   3.573438525200e-01   2.677227929235e-02  -8.071963489056e-02 
  6.004223227501e-01   5.985131859779e-02  -7.613681256771e-02   1.375776529312e-01   0.000000000000e+00  -6.242328882217e-02   1.375776529312e-01   0.000000000000e+00  -6.242328882217e-02 
  0.000000000000e+00  -2.370299212635e-02  -6.407855153084e-01   0.000000000000e+00  -2.370299212635e-02  -6.407855153084e-01   6.762499362230e-02  -2.327245622873e-01  -8.048031330109e-01 
  2.453726679087e-01   3.015472553670e-02  -5.216175913811e-01   0.000000000000e+00  -4.667843133211e-02  -3.809740245342e-01   3.799572288990e-01  -8.039293289185e-01  -5.412654876709e-01 
  3.251366913319e-01  -2.874013483524e-01  -7.294280529022e-01   6.425217986107e-01   0.000000000000e+00  -8.557924032211e-01   0.000000000000e+00  -3.547390690073e-03  -8.685446977615e-01 
  0.000000000000e+00  -3.547390690073e-03  -8.685446977615e-01   0.000000000000e+00  -2.370299212635e-02  -6.407855153084e-01   0.000000000000e+00  -2.370299212635e-02  -6.407855153084e-01 
  6.762499362230e-02  -2.327245622873e-01  -8.048031330109e-01   2.453726679087e-01   3.015472553670e-02  -5.216175913811e-01   0.000000000000e+00  -4.667843133211e-02  -3.809740245342e-01 
  3.799572288990e-01  -8.039293289185e-01  -5.412654876709e-01   3.251366913319e-01  -2.874013483524e-01  -7.294280529022e-01   6.425217986107e-01   0.000000000000e+00  -8.557924032211e-01 
  0.000000000000e+00  -3.547390690073e-03  -8.685446977615e-01   0.000000000000e+00  -3.547390690073e-03  -8.685446977615e-01   0.000000000000e+00   4.044515639544e-02  -4.293125569820e-01 
  0.000000000000e+00   4.044515639544e-02  -4.293125569820e-01   8.326117694378e-02  -1.943667531013e-01  -4.742555618286e-01   2.052662372589e-01   1.543154716492e-01  -6.144971847534e-01 
  3.018549978733e-01  -2.122654318810e-01  -5.008789896965e-01   3.278847038746e-01  -1.107688546181e+00  -5.237869620323e-01   3.717937171459e-01  -7.582061886787e-01  -5.542151331902e-01 
  0.000000000000e+00  -6.518278270960e-03  -4.349173903465e-01   2.460876405239e-01   1.336621306837e-02  -2.831038534641e-01   2.460876405239e-01   1.336621306837e-02  -2.831038534641e-01 
  0.000000000000e+00   3.505515679717e-02  -3.001129627228e-01   0.000000000000e+00   3.505515679717e-02  -3.001129627228e-01   9.046068787575e-02   5.821559950709e-02  -4.520488381386e-01 
 -9.274643659592e-02   7.516840100288e-02  -5.051431655884e-01   5.603293329477e-02  -4.930998980999e-01  -1.680598556995e-01   2.775802612305e-01  -1.063779473305e+00  -3.176057636738e-01 
  2.942529320717e-01  -7.381900548935e-01  -3.524321317673e-01   1.562203168869e-01  -1.492549031973e-01  -1.883421093225e-01   2.368307858706e-01  -1.267570070922e-02  -7.901047915220e-02 
  2.368307858706e-01  -1.267570070922e-02  -7.901047915220e-02   0.000000000000e+00  -6.734272837639e-02  -2.523552775383e-01   0.000000000000e+00  -6.734272837639e-02  -2.523552775383e-01 
  5.210643634200e-02   1.334467381239e-01  -1.694965660572e-01   1.845740228891e-01   8.820429444313e-02  -1.150681734085e+00   1.867615282536e-01  -1.285654585809e-02  -2.407000809908e-01 
  2.036423981190e-01   0.000000000000e+00  -2.348487824202e-01   1.337614357471e-01  -1.594983488321e-01  -9.380503743887e-02   3.624903261662e-01  -3.014790080488e-02  -1.000000014901e-01 
  5.675834417343e-01  -8.073430508375e-02  -7.824768126011e-02   5.675834417343e-01  -8.073430508375e-02  -7.824768126011e-02   0.000000000000e+00   1.150847598910e-01  -3.473732769489e-01 
  0.000000000000e+00   1.150847598910e-01  -3.473732769489e-01   2.048844099045e-01   9.461158514023e-02  -2.022594399750e-02   3.629337847233e-01   8.987810462713e-02  -1.445139646530e+00 
  2.603408098221e-01   1.613700240850e-01  -1.841831505299e-01   3.028582930565e-01   7.264848053455e-02  -3.130547404289e-01   2.451316267252e-01   4.741407558322e-02  -6.558868885040e-01 
  1.474753975868e+00   0.000000000000e+00  -1.000000014901e-01   1.461341023445e+00   8.333416655660e-03  -5.016882419586e-01   1.461341023445e+00   8.333416655660e-03  -5.016882419586e-01 
  0.000000000000e+00   6.013457104564e-02  -4.005834460258e-01   0.000000000000e+00   6.013457104564e-02  -4.005834460258e-01   6.302480399609e-02  -9.214577823877e-02  -6.703562736511e-01 
  4.044525325298e-01   1.040842086077e-01  -1.614889979362e+00   2.521490454674e-01   2.045176476240e-01  -2.170953035355e+00   4.121855199337e-01   8.903016149998e-02  -1.540994524956e+00 
  3.966316878796e-01   1.539849489927e-01  -1.732255220413e+00   2.388076782227e+00   3.249828517437e-01  -1.838688731194e+00   2.273738622665e+00   9.816673398018e-02  -1.815340280533e+00 
  2.273738622665e+00   9.816673398018e-02  -1.815340280533e+00   0.000000000000e+00  -1.719696521759e-01  -6.065686345100e-01   0.000000000000e+00  -1.719696521759e-01  -6.065686345100e-01 
  1.013530716300e-01  -1.141042113304e-01  -9.605926871300e-01   2.858754396439e-01   5.549004301429e-02  -1.613861441612e+00   2.386672981083e-02   2.004349976778e-02  -2.146171569824e+00 
  1.264521181583e-01   2.986895292997e-02  -1.766786217690e+00   4.119129478931e-01   5.327957123518e-02  -3.067862033844e+00   5.973278284073e-01   2.863561511040e-01  -1.812671184540e+00 
  7.785473018885e-02  -3.308276087046e-02  -1.831708073616e+00   7.785473018885e-02  -3.308276087046e-02  -1.831708073616e+00   0.000000000000e+00   0.000000000000e+00  -7.905678153038e-01 
  0.000000000000e+00   0.000000000000e+00  -7.905678153038e-01   7.315048575401e-02   0.000000000000e+00  -3.271702528000e-01   1.794674545527e-01   0.000000000000e+00  -1.353191137314e+00 
 -1.510820090771e-01   0.000000000000e+00  -1.047235965729e+00  -2.361654490232e-01   1.529709435999e-03  -1.089777708054e+00   4.406379163265e-01   0.000000000000e+00  -3.158450365067e+00 
  6.218144297600e-01   2.335138991475e-02  -3.067862033844e+00   3.824182152748e-01  -1.055790390819e-02  -1.028981924057e+00   3.824182152748e-01  -1.055790390819e-02  -1.028981924057e+00 
  0.000000000000e+00   0.000000000000e+00  -7.905678153038e-01   0.000000000000e+00   0.000000000000e+00  -7.905678153038e-01   7.315048575401e-02   0.000000000000e+00  -3.271702528000e-01 
  1.794674545527e-01   0.000000000000e+00  -1.353191137314e+00  -1.510820090771e-01   0.000000000000e+00  -1.047235965729e+00  -2.361654490232e-01   1.529709435999e-03  -1.089777708054e+00 
  4.406379163265e-01   0.000000000000e+00  -3.158450365067e+00   6.218144297600e-01   2.335138991475e-02  -3.067862033844e+00   3.824182152748e-01  -1.055790390819e-02  -1.028981924057e+00 
  3.824182152748e-01  -1.055790390819e-02  -1.028981924057e+00   0.000000000000e+00  -7.928068190813e-02  -5.682623386383e-01   0.000000000000e+00  -7.928068190813e-02  -5.682623386383e-01 
  3.965378925204e-02   1.558899506927e-02  -7.998651266098e-01   1.958500146866e-01   9.479880332947e-03  -4.626629352570e-01   0.000000000000e+00  -6.140681728721e-02  -3.788512051105e-01 
  2.591889202595e-01  -3.705403804779e-01  -5.600686669350e-01   1.475474238396e-02  -2.152871573344e-03  -3.606849908829e-01   0.000000000000e+00   0.000000000000e+00  -1.000000014901e-01 
  0.000000000000e+00   1.278419885784e-02  -1.000000014901e-01   0.000000000000e+00   1.278419885784e-02  -1.000000014901e-01   0.000000000000e+00  -7.928068190813e-02  -5.682623386383e-01 
  0.000000000000e+00  -7.928068190813e-02  -5.682623386383e-01   3.965378925204e-02   1.558899506927e-02  -7.998651266098e-01   1.958500146866e-01   9.479880332947e-03  -4.626629352570e-01 
  0.000000000000e+00  -6.140681728721e-02  -3.788512051105e-01   2.591889202595e-01  -3.705403804779e-01  -5.600686669350e-01   1.475474238396e-02  -2.152871573344e-03  -3.606849908829e-01 
  0.000000000000e+00   0.000000000000e+00  -1.000000014901e-01   0.000000000000e+00   1.278419885784e-02  -1.000000014901e-01   0.000000000000e+00   1.278419885784e-02  -1.000000014901e-01 
  0.000000000000e+00  -1.727071553469e-01  -2.835482358932e-01   0.000000000000e+00  -1.727071553469e-01  -2.835482358932e-01   3.941714391112e-02  -2.123231999576e-02  -3.216331899166e-01 
  1.308018416166e-01  -3.602767130360e-03  -6.328185796738e-01   1.871561557055e-01  -1.448319256306e-01  -1.000000014901e-01   0.000000000000e+00   0.000000000000e+00  -5.381141901016e-01 
  0.000000000000e+00  -6.903286557645e-03  -5.600686669350e-01   0.000000000000e+00   0.000000000000e+00  -2.850816249847e-01   0.000000000000e+00   1.361928600818e-02  -2.260892093182e-01 
  0.000000000000e+00   1.361928600818e-02  -2.260892093182e-01   0.000000000000e+00   5.380937829614e-02  -1.168738976121e-01   0.000000000000e+00   5.380937829614e-02  -1.168738976121e-01 
 -2.073137648404e-02   5.507194995880e-02  -3.404754102230e-01  -5.152059718966e-02   5.953755602241e-02  -9.925026893616e-01   3.611761704087e-02  -2.355845570564e-01  -1.645785123110e-01 
  1.510608643293e-01   0.000000000000e+00  -1.000000014901e-01   1.558469682932e-01  -2.847764790058e-01  -3.386013805866e-01   3.977217152715e-02  -2.546658366919e-02  -2.541297078133e-01 
  1.002310775220e-02  -3.497717902064e-03  -1.545229703188e-01   1.002310775220e-02  -3.497717902064e-03  -1.545229703188e-01   0.000000000000e+00   3.193988204002e-01  -2.246032208204e-01 
  0.000000000000e+00   3.193988204002e-01  -2.246032208204e-01  -4.929355904460e-02   2.574124634266e-01  -3.768907785416e-01   1.645547300577e-01   2.102272957563e-01  -4.593864977360e-01 
  1.147343814373e-01  -1.574270799756e-02  -2.469181716442e-01   1.422520279884e-01   0.000000000000e+00  -2.360521554947e-01   1.387597173452e-01  -1.553642004728e-01  -1.782937794924e-01 
  5.638089179993e-01  -5.420389398932e-02  -1.035118326545e-01   8.175520896912e-01  -7.023783773184e-02  -1.645638793707e-01   8.175520896912e-01  -7.023783773184e-02  -1.645638793707e-01 
  0.000000000000e+00   4.091900289059e-01  -4.739162027836e-01   0.000000000000e+00   4.091900289059e-01  -4.739162027836e-01   1.057143732905e-01   5.264140367508e-01  -5.291814208031e-01 
  4.485326707363e-01   4.943293631077e-01  -5.088644623756e-01   0.000000000000e+00   3.252550065517e-01  -1.000000014901e-01   0.000000000000e+00   1.628690063953e-01  -2.247290611267e-01 
  2.146886587143e-01   4.577848315239e-02  -8.572176098824e-01   1.660098195076e+00   0.000000000000e+00  -1.000000014901e-01   1.663229703903e+00   1.545985322446e-02  -5.796383619308e-01 
  1.663229703903e+00   1.545985322446e-02  -5.796383619308e-01   0.000000000000e+00   3.217928707600e-01  -5.289041996002e-01   0.000000000000e+00   3.217928707600e-01  -5.289041996002e-01 
  7.656952738762e-02   5.482878684998e-01  -5.369469523430e-01   3.496278524399e-01   4.914116561413e-01  -1.325816631317e+00   3.554307818413e-01   3.178903758526e-01  -1.000000014901e-01 
  2.738884985447e-01   1.832446455956e-01  -1.632049918175e+00   4.591411948204e-01   8.537612110376e-02  -1.787768840790e+00   2.034534215927e+00   0.000000000000e+00  -1.000000014901e-01 
  2.101394891739e+00   5.314907804132e-02  -1.063289642334e+00   2.101394891739e+00   5.314907804132e-02  -1.063289642334e+00   0.000000000000e+00   8.808868005872e-03  -4.818873107433e-01 
  0.000000000000e+00   8.808868005872e-03  -4.818873107433e-01   5.464217811823e-02   3.337072581053e-02  -5.043478012085e-01   7.006938457489e-01   4.469256997108e-01  -1.140789628029e+00 
  4.555159509182e-01   1.654427349567e-01  -1.089777708054e+00   1.929556876421e-01   3.306420112494e-04  -1.926524281502e+00   2.522954344749e-01   0.000000000000e+00  -3.067862033844e+00 
  3.127586543560e-01   2.205878794193e-01  -1.852223634720e+00   6.987125426531e-02  -1.377237681299e-02  -1.000000014901e-01   6.987125426531e-02  -1.377237681299e-02  -1.000000014901e-01 
  0.000000000000e+00   0.000000000000e+00  -2.624839246273e-01   0.000000000000e+00   0.000000000000e+00  -2.624839246273e-01  -4.248604178429e-02   0.000000000000e+00  -5.143578052521e-01 
  2.193315774202e-01   1.288541406393e-01  -1.215687274933e+00   0.000000000000e+00   4.918059799820e-03  -1.132319450378e+00   0.000000000000e+00   8.616129634902e-04  -1.089777708054e+00 
  0.000000000000e+00   0.000000000000e+00  -2.977273702621e+00   0.000000000000e+00   1.287391688675e-02  -3.067862033844e+00   0.000000000000e+00  -7.842520251870e-03  -1.451584339142e+00 
  0.000000000000e+00  -7.842520251870e-03  -1.451584339142e+00   0.000000000000e+00   0.000000000000e+00  -2.624839246273e-01   0.000000000000e+00   0.000000000000e+00  -2.624839246273e-01 
 -4.248604178429e-02   0.000000000000e+00  -5.143578052521e-01   2.193315774202e-01   1.288541406393e-01  -1.215687274933e+00   0.000000000000e+00   4.918059799820e-03  -1.132319450378e+00 
  0.000000000000e+00   8.616129634902e-04  -1.089777708054e+00   0.000000000000e+00   0.000000000000e+00  -2.977273702621e+00   0.000000000000e+00   1.287391688675e-02  -3.067862033844e+00 
  0.000000000000e+00  -7.842520251870e-03  -1.451584339142e+00   0.000000000000e+00  -7.842520251870e-03  -1.451584339142e+00   0.000000000000e+00  -1.430179364979e-02  -6.615372896194e-01 
  0.000000000000e+00  -1.430179364979e-02  -6.615372896194e-01   7.478491961956e-02   2.543314732611e-02  -1.008115649223e+00   2.097343057394e-01   2.205723896623e-02  -1.741067051888e+00 
  0.000000000000e+00  -2.562071382999e-02  -1.000000014901e-01   0.000000000000e+00  -4.196335375309e-02  -2.213765531778e-01   0.000000000000e+00   0.000000000000e+00  -1.000000014901e-01 
  6.373772621155e-01  -8.863641880453e-03  -1.760426163673e+00   7.110853195190e-01   2.799037657678e-02  -1.723572134972e+00   7.110853195190e-01   2.799037657678e-02  -1.723572134972e+00 
  0.000000000000e+00  -1.430179364979e-02  -6.615372896194e-01   0.000000000000e+00  -1.430179364979e-02  -6.615372896194e-01   7.478491961956e-02   2.543314732611e-02  -1.008115649223e+00 
  2.097343057394e-01   2.205723896623e-02  -1.741067051888e+00   0.000000000000e+00  -2.562071382999e-02  -1.000000014901e-01   0.000000000000e+00  -4.196335375309e-02  -2.213765531778e-01 
  0.000000000000e+00   0.000000000000e+00  -1.000000014901e-01   6.373772621155e-01  -8.863641880453e-03  -1.760426163673e+00   7.110853195190e-01   2.799037657678e-02  -1.723572134972e+00 
  7.110853195190e-01   2.799037657678e-02  -1.723572134972e+00   0.000000000000e+00  -1.195917055011e-01  -9.126487970352e-01   0.000000000000e+00  -1.195917055011e-01  -9.126487970352e-01 
  5.938822031021e-02   1.475491747260e-02  -9.587393999100e-01   1.238401234150e-01   1.689537800848e-02  -1.243113279343e+00   1.018146201968e-01  -7.905122637749e-02  -1.000000014901e-01 
  0.000000000000e+00  -2.493475039955e-04  -1.000000014901e-01   0.000000000000e+00   0.000000000000e+00  -1.111525595188e-01   0.000000000000e+00   6.484439224005e-02  -1.000000014901e-01 
  0.000000000000e+00   2.799037657678e-02  -9.117609858513e-01   0.000000000000e+00   2.799037657678e-02  -9.117609858513e-01   0.000000000000e+00  -1.810760349035e-01  -5.372044444084e-01 
  0.000000000000e+00  -1.810760349035e-01  -5.372044444084e-01   5.430734157562e-02  -1.178918853402e-01  -5.409818887711e-01   2.997769787908e-02  -6.449166685343e-02  -6.576772332191e-01 
  3.235620260239e-02  -1.405178010464e-01  -1.263428479433e-01   8.727985620499e-02  -2.517833607271e-03  -1.000000014901e-01   7.025247812271e-02  -2.876460552216e-02  -1.720920205116e-01 
  0.000000000000e+00   0.000000000000e+00  -1.000000014901e-01   0.000000000000e+00   0.000000000000e+00  -5.913180112839e-01   0.000000000000e+00   0.000000000000e+00  -5.913180112839e-01 
  0.000000000000e+00   2.082934081554e-01  -1.675603389740e-01   0.000000000000e+00   2.082934081554e-01  -1.675603389740e-01   3.955763299018e-03   2.181163430214e-01  -2.231024503708e-01 
  8.726290613413e-02   1.549409776926e-01  -2.684423029423e-01   1.113538071513e-01   1.252572536469e-01  -2.403765618801e-01   1.147948130965e-01   1.279687229544e-02  -2.345758378506e-01 
  1.408846527338e-01  -5.612396821380e-02  -1.793439090252e-01   5.314332619309e-02   0.000000000000e+00  -1.000000014901e-01   6.412714719772e-02  -4.882352426648e-03  -1.466417908669e-01 
  6.412714719772e-02  -4.882352426648e-03  -1.466417908669e-01   0.000000000000e+00   1.610085368156e-01  -3.317798078060e-01   0.000000000000e+00   1.610085368156e-01  -3.317798078060e-01 
  1.554182078689e-02   3.060885667801e-01  -2.434070110321e-01   4.548775553703e-01   3.749603033066e-01  -2.236811965704e-01   2.451254129410e-01   2.077468782663e-01  -1.877623051405e-01 
  1.500319391489e-01   1.354071497917e-01  -2.122425436974e-01   7.929705083370e-02   2.715103328228e-02  -1.049657821655e+00   1.568325400352e+00   0.000000000000e+00  -1.000000014901e-01 
  1.625084757805e+00   7.662769407034e-03  -5.354132056236e-01   1.625084757805e+00   7.662769407034e-03  -5.354132056236e-01   0.000000000000e+00   2.917528450489e-01  -4.673259258270e-01 
  0.000000000000e+00   2.917528450489e-01  -4.673259258270e-01  -6.334978342056e-02   3.732176125050e-01  -5.335840582848e-01   1.167071238160e-01   4.054817855358e-01  -7.003257870674e-01 
  1.349917799234e-01   8.756294101477e-02  -2.945862114429e-01   1.156656742096e-01   3.263198584318e-02  -2.436677515507e-01   4.306088015437e-02   1.419799681753e-02  -1.589926481247e+00 
  1.396429061890e+00   4.275055602193e-02  -1.000000014901e-01   1.734908223152e+00   4.095140844584e-02  -7.064842581749e-01   1.734908223152e+00   4.095140844584e-02  -7.064842581749e-01 
  0.000000000000e+00   4.435776546597e-02  -5.609270334244e-01   0.000000000000e+00   4.435776546597e-02  -5.609270334244e-01   2.828338183463e-02   8.927227556705e-02  -6.481499075890e-01 
  5.104719400406e-01   2.281419700012e-03  -1.032893180847e+00   0.000000000000e+00   0.000000000000e+00  -1.000000014901e-01   0.000000000000e+00   0.000000000000e+00  -1.000000014901e-01 
  0.000000000000e+00   5.931503437751e-06  -1.559437513351e+00   0.000000000000e+00   1.506224274635e-01  -1.193273186684e+00   6.598479300737e-02   8.011017926037e-03  -1.000000014901e-01 
  6.598479300737e-02   8.011017926037e-03  -1.000000014901e-01   0.000000000000e+00   0.000000000000e+00  -3.727597296238e-01   0.000000000000e+00   0.000000000000e+00  -3.727597296238e-01 
  4.465718567371e-02   5.105773918331e-03  -4.784617722034e-01   1.170847788453e-01   4.439877718687e-02  -8.768951892853e-01   0.000000000000e+00   0.000000000000e+00  -1.000000014901e-01 
  0.000000000000e+00   0.000000000000e+00  -5.849123597145e-01   0.000000000000e+00   1.719654937915e-05  -1.000000014901e-01   0.000000000000e+00   7.504119072109e-03  -1.000000014901e-01 
  0.000000000000e+00  -3.186732297763e-03  -8.237810730934e-01   0.000000000000e+00  -3.186732297763e-03  -8.237810730934e-01   0.000000000000e+00   0.000000000000e+00  -3.727597296238e-01 
  0.000000000000e+00   0.000000000000e+00  -3.727597296238e-01   4.465718567371e-02   5.105773918331e-03  -4.784617722034e-01   1.170847788453e-01   4.439877718687e-02  -8.768951892853e-01 
  0.000000000000e+00   0.000000000000e+00  -1.000000014901e-01   0.000000000000e+00   0.000000000000e+00  -5.849123597145e-01   0.000000000000e+00   1.719654937915e-05  -1.000000014901e-01 
  0.000000000000e+00   7.504119072109e-03  -1.000000014901e-01   0.000000000000e+00  -3.186732297763e-03  -8.237810730934e-01   0.000000000000e+00  -3.186732297763e-03  -8.237810730934e-01 
  0.000000000000e+00   1.435343325138e-01   1.911296136677e-02   0.000000000000e+00   1.435343325138e-01   1.911296136677e-02  -3.249869123101e-02   3.574680536985e-02  -1.112066283822e-01 
  1.864125877619e-01   2.186282910407e-02  -2.805540263653e-01   0.000000000000e+00  -2.344513311982e-02  -1.000000014901e-01   0.000000000000e+00  -9.206700921059e-01  -1.000000014901e-01 
  0.000000000000e+00  -5.980669260025e-01  -1.000000014901e-01   6.742312908173e-01   2.799037657678e-02  -1.686718106270e+00   6.742312908173e-01   2.799037657678e-02  -1.723572134972e+00 
  6.742312908173e-01   2.799037657678e-02  -1.723572134972e+00   0.000000000000e+00   1.435343325138e-01   1.911296136677e-02   0.000000000000e+00   1.435343325138e-01   1.911296136677e-02 
 -3.249869123101e-02   3.574680536985e-02  -1.112066283822e-01   1.864125877619e-01   2.186282910407e-02  -2.805540263653e-01   0.000000000000e+00  -2.344513311982e-02  -1.000000014901e-01 
  0.000000000000e+00  -9.206700921059e-01  -1.000000014901e-01   0.000000000000e+00  -5.980669260025e-01  -1.000000014901e-01   6.742312908173e-01   2.799037657678e-02  -1.686718106270e+00 
  6.742312908173e-01   2.799037657678e-02  -1.723572134972e+00   6.742312908173e-01   2.799037657678e-02  -1.723572134972e+00   0.000000000000e+00  -3.887258842587e-02   1.973007172346e-01 
  0.000000000000e+00  -3.887258842587e-02   1.973007172346e-01  -5.203393101692e-02  -1.089187338948e-02  -7.548298686743e-02   4.283498041332e-03   2.677976619452e-03  -3.511948883533e-01 
  3.505296772346e-03  -1.188271306455e-02  -1.001384556293e-01   2.580255866051e-01  -9.743292927742e-01  -1.009484902024e-01   7.697263956070e-01  -6.386724710464e-01  -1.034589707851e-01 
  3.371052443981e-01   2.799037657678e-02  -1.000000014901e-01   3.371124267578e-01   2.799037657678e-02  -9.117782711983e-01   3.371124267578e-01   2.799037657678e-02  -9.117782711983e-01 
  0.000000000000e+00  -4.324878752232e-01  -1.058121174574e-01   0.000000000000e+00  -4.324878752232e-01  -1.058121174574e-01   3.278245031834e-02  -4.115589857101e-01  -2.651841342449e-01 
  1.782350987196e-01  -4.524290561676e-01  -2.738723158836e-01   1.673077046871e-01  -4.254162013531e-01  -2.634709179401e-01   1.288541257381e-01  -6.294458508492e-01  -1.023714616895e-01 
  7.707715034485e-01  -2.623514235020e-01  -1.220630854368e-01   2.026032358408e-01   0.000000000000e+00  -1.000000014901e-01   2.039716839790e-01   1.152425352484e-02  -5.920954346657e-01 
  2.039716839790e-01   1.152425352484e-02  -5.920954346657e-01   0.000000000000e+00  -9.779927879572e-02  -6.577690839767e-01   0.000000000000e+00  -9.779927879572e-02  -6.577690839767e-01 
 -6.737184245139e-03  -3.625315129757e-01  -4.009220898151e-01   0.000000000000e+00  -4.492977559566e-01  -1.000000014901e-01   8.163750171661e-03  -2.498044818640e-01  -3.075090348721e-01 
  4.083015490323e-03  -2.012793123722e-01  -4.664646685123e-01   9.740351140499e-02  -1.250082999468e-01  -2.466804236174e-01   1.499426364899e-01   0.000000000000e+00  -1.000000014901e-01 
  1.539314687252e-01   4.087648820132e-03  -3.975127339363e-01   1.539314687252e-01   4.087648820132e-03  -3.975127339363e-01   0.000000000000e+00   5.481190606952e-02  -4.981536567211e-01 
  0.000000000000e+00   5.481190606952e-02  -4.981536567211e-01  -8.346720784903e-02  -1.732248067856e-01  -4.414016008377e-01   9.650283493102e-03  -1.794464141130e-01  -3.840789794922e-01 
  2.425833642483e-01  -9.530428797007e-02  -6.546996235847e-01   0.000000000000e+00   0.000000000000e+00  -7.412298321724e-01   0.000000000000e+00   3.433452686295e-03  -6.311450600624e-01 
  1.963517367840e-01   5.625211051665e-04  -3.032110333443e-01   9.394523501396e-01   4.551475867629e-03  -4.672924280167e-01   9.394523501396e-01   4.551475867629e-03  -4.672924280167e-01 
  0.000000000000e+00   4.718536734581e-01  -3.462257981300e-02   0.000000000000e+00   4.718536734581e-01  -3.462257981300e-02  -2.975196018815e-02   4.136340618134e-01  -1.152658537030e-01 
  3.325161933899e-01  -3.615874797106e-02   2.350148558617e-01   2.751832306385e-01   0.000000000000e+00  -8.213375806808e-01   2.751832306385e-01   0.000000000000e+00  -8.213375806808e-01 
  0.000000000000e+00   0.000000000000e+00  -5.185208320618e-01   3.087772615254e-02   1.887335628271e-02  -3.095266520977e-01   6.667181849480e-01   2.787625789642e-02  -4.771186709404e-01 
  6.667181849480e-01   2.787625789642e-02  -4.771186709404e-01   0.000000000000e+00   1.467719078064e-01  -1.806882172823e-01   0.000000000000e+00   1.467719078064e-01  -1.806882172823e-01 
  4.397632926702e-02   2.098653614521e-01  -1.969534903765e-01   3.204642236233e-01  -2.557159587741e-02   9.216629862785e-01   2.489005923271e-01  -3.609070926905e-02  -8.476201891899e-01 
  3.014658391476e-01   0.000000000000e+00  -8.213375806808e-01   0.000000000000e+00   0.000000000000e+00  -1.000000014901e-01   0.000000000000e+00   2.452214993536e-02  -2.347051948309e-01 
  0.000000000000e+00   1.349419914186e-02  -1.000000014901e-01   0.000000000000e+00   1.349419914186e-02  -1.000000014901e-01   0.000000000000e+00   0.000000000000e+00  -3.106469810009e-01 
  0.000000000000e+00   0.000000000000e+00  -3.106469810009e-01  -1.682470738888e-02   0.000000000000e+00  -2.606532573700e-01   0.000000000000e+00  -1.056706067175e-02   5.177807211876e-01 
  0.000000000000e+00   0.000000000000e+00  -1.000000014901e-01   0.000000000000e+00   0.000000000000e+00  -4.603951871395e-01   0.000000000000e+00   1.084507175619e-06  -2.136371582747e-01 
  0.000000000000e+00   5.203325767070e-03  -1.000000014901e-01   0.000000000000e+00   1.976045779884e-03  -4.720099568367e-01   0.000000000000e+00   1.976045779884e-03  -4.720099568367e-01 
  0.000000000000e+00   0.000000000000e+00  -3.106469810009e-01   0.000000000000e+00   0.000000000000e+00  -3.106469810009e-01  -1.682470738888e-02   0.000000000000e+00  -2.606532573700e-01 
  0.000000000000e+00  -1.056706067175e-02   5.177807211876e-01   0.000000000000e+00   0.000000000000e+00  -1.000000014901e-01   0.000000000000e+00   0.000000000000e+00  -4.603951871395e-01 
  0.000000000000e+00   1.084507175619e-06  -2.136371582747e-01   0.000000000000e+00   5.203325767070e-03  -1.000000014901e-01   0.000000000000e+00   1.976045779884e-03  -4.720099568367e-01 
  0.000000000000e+00   1.976045779884e-03  -4.720099568367e-01   0.000000000000e+00  -9.458868950605e-02  -3.637254536152e-01   0.000000000000e+00  -9.458868950605e-02  -3.637254536152e-01 
 -7.257133722305e-03  -4.593619331717e-02  -3.688786551356e-02   4.475863650441e-02  -4.018461704254e-02  -1.000000014901e-01   0.000000000000e+00  -8.224563598633e-01  -1.000000014901e-01 
  0.000000000000e+00  -1.341837644577e+00  -1.000000014901e-01   1.839322686195e+00  -1.341837644577e+00  -1.000000014901e-01   1.839322686195e+00  -6.696910262108e-01  -1.000000014901e-01 
  0.000000000000e+00  -4.127922654152e-01  -1.000000014901e-01   0.000000000000e+00  -4.127922654152e-01  -1.000000014901e-01   0.000000000000e+00  -9.458868950605e-02  -3.637254536152e-01 
  0.000000000000e+00  -9.458868950605e-02  -3.637254536152e-01  -7.257133722305e-03  -4.593619331717e-02  -3.688786551356e-02   4.475863650441e-02  -4.018461704254e-02  -1.000000014901e-01 
  0.000000000000e+00  -8.224563598633e-01  -1.000000014901e-01   0.000000000000e+00  -1.341837644577e+00  -1.000000014901e-01   1.839322686195e+00  -1.341837644577e+00  -1.000000014901e-01 
  1.839322686195e+00  -6.696910262108e-01  -1.000000014901e-01   0.000000000000e+00  -4.127922654152e-01  -1.000000014901e-01   0.000000000000e+00  -4.127922654152e-01  -1.000000014901e-01 
  0.000000000000e+00  -1.519862655550e-02  -2.130258232355e-01   0.000000000000e+00  -1.519862655550e-02  -2.130258232355e-01   5.834984127432e-03  -3.465805947781e-02  -2.187737077475e-01 
  1.468284726143e-01  -8.226314187050e-02  -2.438480705023e-01   1.671795397997e-01  -8.484230041504e-01  -2.176695317030e-01   6.711022853851e-01  -1.341837644577e+00  -1.374529600143e-01 
  1.839322686195e+00  -1.341837644577e+00  -1.000000014901e-01   1.839322686195e+00  -6.705380678177e-01  -1.000000014901e-01   7.023454308510e-01  -4.203605055809e-01  -3.868361115456e-01 
  7.023454308510e-01  -4.203605055809e-01  -3.868361115456e-01   0.000000000000e+00  -6.798688173294e-01  -4.967799484730e-01   0.000000000000e+00  -6.798688173294e-01  -4.967799484730e-01 
  9.400045126677e-02  -7.188782095909e-01  -3.736316859722e-01   4.884173274040e-01  -7.435986399651e-01  -3.785045146942e-01   2.742822170258e-01  -4.286615550518e-01  -3.110663592815e-01 
  1.573114693165e-01  -5.409269928932e-01  -1.455216854811e-01   1.125953435898e+00   0.000000000000e+00  -1.000000014901e-01   1.118405699730e+00  -2.760752737522e-01  -1.000000014901e-01 
  6.701960563660e-01  -2.781786024570e-01  -3.664578199387e-01   6.701960563660e-01  -2.781786024570e-01  -3.664578199387e-01   0.000000000000e+00  -7.265831828117e-01  -2.522532939911e-01 
  0.000000000000e+00  -7.265831828117e-01  -2.522532939911e-01   4.452840983868e-02  -7.490991353989e-01  -3.200396597385e-01   7.635042667389e-01  -7.740764021873e-01  -4.350261390209e-01 
  0.000000000000e+00   0.000000000000e+00  -4.255189001560e-01   0.000000000000e+00  -1.561522930861e-01  -4.954911172390e-01   5.262286663055e-01   0.000000000000e+00  -3.802555799484e-01 
  6.983078122139e-01  -1.310128569603e-01  -1.174275428057e-01   5.420139431953e-01  -1.788665205240e-01  -3.116345107555e-01   5.420139431953e-01  -1.788665205240e-01  -3.116345107555e-01 
  0.000000000000e+00   1.365341339260e-02  -2.664534747601e-01   0.000000000000e+00   1.365341339260e-02  -2.664534747601e-01  -1.150482818484e-01  -6.274538636208e-01  -2.336435765028e-01 
  0.000000000000e+00   0.000000000000e+00  -1.505544334650e-01   9.053329378366e-02   0.000000000000e+00  -5.939329266548e-01   1.475560516119e-01  -1.127857482061e-03  -7.248085737228e-01 
  1.037924364209e-01  -6.738874362782e-04  -6.317111849785e-01   1.133464574814e-01  -5.204873159528e-02  -4.610925018787e-01   1.626973152161e-01  -1.070341318846e-01  -4.389542043209e-01 
  1.626973152161e-01  -1.070341318846e-01  -4.389542043209e-01   0.000000000000e+00   1.625291816890e-02  -3.064048886299e-01   0.000000000000e+00   1.625291816890e-02  -3.064048886299e-01 
  3.998713567853e-02  -1.267930269241e-01  -2.346106916666e-01   1.699535995722e-01  -1.058821007609e-01   4.703814983368e-01   2.445870339870e-01  -4.049790278077e-02  -8.213375806808e-01 
  2.888693809509e-01  -1.826428622007e-02  -8.213375806808e-01   1.193560883403e-01  -9.588873945177e-03  -5.327036380768e-01   6.504262238741e-02   1.652118051425e-03  -3.714796602726e-01 
  2.442690581083e-01   1.241714879870e-02  -3.600309789181e-01   2.442690581083e-01   1.241714879870e-02  -3.600309789181e-01   0.000000000000e+00  -1.898355782032e-01  -1.564152836800e-01 
  0.000000000000e+00  -1.898355782032e-01  -1.564152836800e-01  -5.469552800059e-02  -3.855780884624e-02  -1.686431616545e-01   4.644845128059e-01  -2.954327128828e-02   9.216629862785e-01 
  3.651559054852e-01  -2.513019554317e-02  -7.950549721718e-01   2.751832306385e-01  -1.094340812415e-02  -8.213375806808e-01   0.000000000000e+00  -6.119991187006e-03  -1.000000014901e-01 
  0.000000000000e+00   3.371441969648e-03  -1.000000014901e-01   0.000000000000e+00   6.538961548358e-03  -1.000000014901e-01   0.000000000000e+00   6.538961548358e-03  -1.000000014901e-01 
  0.000000000000e+00   0.000000000000e+00  -2.123840898275e-01   0.000000000000e+00   0.000000000000e+00  -2.123840898275e-01  -5.866738408804e-02  -5.931942723691e-03  -2.063513845205e-01 
  2.364733368158e-01  -1.113750133663e-02   6.571410298347e-01   4.019120335579e-01  -1.123856473714e-02  -1.000000014901e-01   1.643696278334e-01  -7.215935271233e-03  -4.597863256931e-01 
  6.595299392939e-02  -4.688379354775e-03  -2.884086072445e-01   2.965285629034e-02  -9.683357347967e-05  -1.897265315056e-01   1.347845792770e-02   1.612177584320e-03  -2.997880280018e-01 
  1.347845792770e-02   1.612177584320e-03  -2.997880280018e-01   0.000000000000e+00   0.000000000000e+00  -2.123840898275e-01   0.000000000000e+00   0.000000000000e+00  -2.123840898275e-01 
 -5.866738408804e-02  -5.931942723691e-03  -2.063513845205e-01   2.364733368158e-01  -1.113750133663e-02   6.571410298347e-01   4.019120335579e-01  -1.123856473714e-02  -1.000000014901e-01 
  1.643696278334e-01  -7.215935271233e-03  -4.597863256931e-01   6.595299392939e-02  -4.688379354775e-03  -2.884086072445e-01   2.965285629034e-02  -9.683357347967e-05  -1.897265315056e-01 
  1.347845792770e-02   1.612177584320e-03  -2.997880280018e-01   1.347845792770e-02   1.612177584320e-03  -2.997880280018e-01   0.000000000000e+00  -9.308200329542e-02  -3.674181103706e-01 
  0.000000000000e+00  -9.308200329542e-02  -3.674181103706e-01  -2.059388160706e-02  -1.350616961718e-01  -3.545189499855e-01  -1.523131225258e-02  -8.061481267214e-02  -3.350545763969e-01 
  0.000000000000e+00   0.000000000000e+00  -1.000000014901e-01   0.000000000000e+00  -1.341837644577e+00  -1.000000014901e-01   1.849888920784e+00  -1.331271409988e+00  -3.227635622025e-01 
  1.828756451607e+00   0.000000000000e+00  -3.333297669888e-01   0.000000000000e+00   0.000000000000e+00  -1.000000014901e-01   0.000000000000e+00   0.000000000000e+00  -1.000000014901e-01 
  0.000000000000e+00  -9.308200329542e-02  -3.674181103706e-01   0.000000000000e+00  -9.308200329542e-02  -3.674181103706e-01  -2.059388160706e-02  -1.350616961718e-01  -3.545189499855e-01 
 -1.523131225258e-02  -8.061481267214e-02  -3.350545763969e-01   0.000000000000e+00   0.000000000000e+00  -1.000000014901e-01   0.000000000000e+00  -1.341837644577e+00  -1.000000014901e-01 
  1.849888920784e+00  -1.331271409988e+00  -3.227635622025e-01   1.828756451607e+00   0.000000000000e+00  -3.333297669888e-01   0.000000000000e+00   0.000000000000e+00  -1.000000014901e-01 
  0.000000000000e+00   0.000000000000e+00  -1.000000014901e-01   0.000000000000e+00  -1.707099825144e-01  -2.666930556297e-01   0.000000000000e+00  -1.707099825144e-01  -2.666930556297e-01 
  1.974889934063e-01  -1.939983367920e-01  -2.904577553272e-01   0.000000000000e+00   0.000000000000e+00  -3.122416436672e-01   0.000000000000e+00   0.000000000000e+00  -1.642822772264e-01 
  0.000000000000e+00  -1.341837644577e+00  -2.146613001823e-01   1.839322686195e+00  -1.352403879166e+00  -3.333297669888e-01   1.839322686195e+00   0.000000000000e+00  -3.302473425865e-01 
  0.000000000000e+00   0.000000000000e+00  -2.314281016588e-01   0.000000000000e+00   0.000000000000e+00  -2.314281016588e-01   0.000000000000e+00  -1.748726010323e+00  -3.072217404842e-01 
  0.000000000000e+00  -1.748726010323e+00  -3.072217404842e-01   3.431265056133e-01  -7.873702049255e-01  -3.152896761894e-01   8.774306774139e-01  -7.740764021873e-01  -3.439777791500e-01 
  0.000000000000e+00   0.000000000000e+00  -1.000000014901e-01   0.000000000000e+00   0.000000000000e+00  -1.670231819153e-01   0.000000000000e+00   0.000000000000e+00  -1.000000014901e-01 
  0.000000000000e+00   0.000000000000e+00  -2.358021438122e-01   0.000000000000e+00   0.000000000000e+00  -2.295044213533e-01   0.000000000000e+00   0.000000000000e+00  -2.295044213533e-01 
  0.000000000000e+00  -8.979095220566e-01   5.752850323915e-02   0.000000000000e+00  -8.979095220566e-01   5.752850323915e-02   1.938274651766e-01  -7.545958161354e-01  -3.359711170197e-01 
  5.745337009430e-01  -7.616098523140e-01  -3.695799112320e-01   2.999336123466e-01  -5.513631105423e-01  -3.804934322834e-01   1.591653376818e-01   0.000000000000e+00  -3.967485129833e-01 
  0.000000000000e+00   0.000000000000e+00  -1.331374347210e-01   0.000000000000e+00   0.000000000000e+00  -1.945672631264e-01   0.000000000000e+00   0.000000000000e+00  -2.094215899706e-01 
  0.000000000000e+00   0.000000000000e+00  -2.094215899706e-01   0.000000000000e+00   3.264215290546e-01  -2.787855453789e-02   0.000000000000e+00   3.264215290546e-01  -2.787855453789e-02 
 -5.177653953433e-02  -4.935542345047e-01  -1.188088953495e-01  -1.819605939090e-02  -4.294429421425e-01  -2.201757878065e-01   4.623185843229e-03  -3.460420370102e-01  -4.193622767925e-01 
  2.980472519994e-02  -2.681926190853e-01  -4.726885259151e-01   4.128866270185e-02   0.000000000000e+00  -4.457201063633e-01   4.206692799926e-02   0.000000000000e+00  -3.963146209717e-01 
  0.000000000000e+00   0.000000000000e+00  -3.803278803825e-01   0.000000000000e+00   0.000000000000e+00  -3.803278803825e-01   0.000000000000e+00  -3.443886712193e-02   2.114358395338e-01 
  0.000000000000e+00  -3.443886712193e-02   2.114358395338e-01  -3.015472367406e-02  -9.266274422407e-02   1.927296668291e-01   0.000000000000e+00   0.000000000000e+00  -4.495227932930e-01 
  0.000000000000e+00  -1.540386956185e-02  -5.838471651077e-01   2.226852066815e-02  -1.766655221581e-02  -4.381395578384e-01   3.217970952392e-02  -1.549322437495e-02  -3.586119413376e-01 
  3.108362667263e-02  -1.198269240558e-02  -2.993552386761e-01   7.971245795488e-02  -5.271112546325e-03  -2.773279249668e-01   7.971245795488e-02  -5.271112546325e-03  -2.773279249668e-01 
  0.000000000000e+00  -2.501947879791e-01   2.592083215714e-01   0.000000000000e+00  -2.501947879791e-01   2.592083215714e-01  -1.456727366894e-02  -3.684892505407e-02   2.331987917423e-01 
  5.494309067726e-01  -3.853262960911e-02  -7.034090757370e-01   6.164130568504e-01  -2.647369354963e-02  -6.699180006981e-01   0.000000000000e+00  -2.007171325386e-02  -1.000000014901e-01 
  0.000000000000e+00  -1.510747335851e-02  -1.000000014901e-01   0.000000000000e+00  -9.347240440547e-03  -1.000000014901e-01   0.000000000000e+00  -4.027952440083e-03  -1.000000014901e-01 
  0.000000000000e+00  -4.027952440083e-03  -1.000000014901e-01   0.000000000000e+00   0.000000000000e+00  -2.052696496248e-01   0.000000000000e+00   0.000000000000e+00  -2.052696496248e-01 
  1.301036477089e-01  -3.147375304252e-03  -1.546938568354e-01   5.829219818115e-01   0.000000000000e+00  -5.404731631279e-01   5.829219818115e-01  -1.192553248256e-02  -6.087293028831e-01 
  3.151831030846e-01  -1.378706935793e-02  -3.936048448086e-01   1.740559488535e-01  -1.211883313954e-02  -2.866027653217e-01   9.715376794338e-02  -8.476560935378e-03  -2.201782613993e-01 
  5.367412790656e-02  -4.647183232009e-03  -2.269266396761e-01   5.367412790656e-02  -4.647183232009e-03  -2.269266396761e-01   0.000000000000e+00   0.000000000000e+00  -2.052696496248e-01 
  0.000000000000e+00   0.000000000000e+00  -2.052696496248e-01   1.301036477089e-01  -3.147375304252e-03  -1.546938568354e-01   5.829219818115e-01   0.000000000000e+00  -5.404731631279e-01 
  5.829219818115e-01  -1.192553248256e-02  -6.087293028831e-01   3.151831030846e-01  -1.378706935793e-02  -3.936048448086e-01   1.740559488535e-01  -1.211883313954e-02  -2.866027653217e-01 
  9.715376794338e-02  -8.476560935378e-03  -2.201782613993e-01   5.367412790656e-02  -4.647183232009e-03  -2.269266396761e-01   5.367412790656e-02  -4.647183232009e-03  -2.269266396761e-01 
  0.000000000000e+00  -9.308200329542e-02  -3.674181103706e-01   0.000000000000e+00  -9.308200329542e-02  -3.674181103706e-01  -2.059388160706e-02  -1.350616961718e-01  -3.545189499855e-01 
 -1.523131225258e-02  -8.061481267214e-02  -3.350545763969e-01   0.000000000000e+00   0.000000000000e+00  -1.000000014901e-01   0.000000000000e+00  -1.341837644577e+00  -1.000000014901e-01 
  1.849888920784e+00  -1.331271409988e+00  -3.227635622025e-01   1.828756451607e+00   0.000000000000e+00  -3.333297669888e-01   0.000000000000e+00   0.000000000000e+00  -1.000000014901e-01 
  0.000000000000e+00   0.000000000000e+00  -1.000000014901e-01   0.000000000000e+00  -9.308200329542e-02  -3.674181103706e-01   0.000000000000e+00  -9.308200329542e-02  -3.674181103706e-01 
 -2.059388160706e-02  -1.350616961718e-01  -3.545189499855e-01  -1.523131225258e-02  -8.061481267214e-02  -3.350545763969e-01   0.000000000000e+00   0.000000000000e+00  -1.000000014901e-01 
  0.000000000000e+00  -1.341837644577e+00  -1.000000014901e-01   1.849888920784e+00  -1.331271409988e+00  -3.227635622025e-01   1.828756451607e+00   0.000000000000e+00  -3.333297669888e-01 
  0.000000000000e+00   0.000000000000e+00  -1.000000014901e-01   0.000000000000e+00   0.000000000000e+00  -1.000000014901e-01   0.000000000000e+00  -1.707099825144e-01  -2.666930556297e-01 
  0.000000000000e+00  -1.707099825144e-01  -2.666930556297e-01   1.974889934063e-01  -1.939983367920e-01  -2.904577553272e-01   0.000000000000e+00   0.000000000000e+00  -3.122416436672e-01 
  0.000000000000e+00   0.000000000000e+00  -1.642822772264e-01   0.000000000000e+00  -1.341837644577e+00  -2.146613001823e-01   1.839322686195e+00  -1.352403879166e+00  -3.333297669888e-01 
  1.839322686195e+00   0.000000000000e+00  -3.302473425865e-01   0.000000000000e+00   0.000000000000e+00  -2.314281016588e-01   0.000000000000e+00   0.000000000000e+00  -2.314281016588e-01 
  0.000000000000e+00  -1.748726010323e+00  -3.072217404842e-01   0.000000000000e+00  -1.748726010323e+00  -3.072217404842e-01   3.431265056133e-01  -7.873702049255e-01  -3.152896761894e-01 
  8.774306774139e-01  -7.740764021873e-01  -3.439777791500e-01   0.000000000000e+00   0.000000000000e+00  -1.000000014901e-01   0.000000000000e+00   0.000000000000e+00  -1.670231819153e-01 
  0.000000000000e+00   0.000000000000e+00  -1.000000014901e-01   0.000000000000e+00   0.000000000000e+00  -2.358021438122e-01   0.000000000000e+00   0.000000000000e+00  -2.295044213533e-01 
  0.000000000000e+00   0.000000000000e+00  -2.295044213533e-01   0.000000000000e+00  -8.979095220566e-01   5.752850323915e-02   0.000000000000e+00  -8.979095220566e-01   5.752850323915e-02 
  1.938274651766e-01  -7.545958161354e-01  -3.359711170197e-01   5.745337009430e-01  -7.616098523140e-01  -3.695799112320e-01   2.999336123466e-01  -5.513631105423e-01  -3.804934322834e-01 
  1.591653376818e-01   0.000000000000e+00  -3.967485129833e-01   0.000000000000e+00   0.000000000000e+00  -1.331374347210e-01   0.000000000000e+00   0.000000000000e+00  -1.945672631264e-01 
  0.000000000000e+00   0.000000000000e+00  -2.094215899706e-01   0.000000000000e+00   0.000000000000e+00  -2.094215899706e-01   0.000000000000e+00   3.264215290546e-01  -2.787855453789e-02 
  0.000000000000e+00   3.264215290546e-01  -2.787855453789e-02  -5.177653953433e-02  -4.935542345047e-01  -1.188088953495e-01  -1.819605939090e-02  -4.294429421425e-01  -2.201757878065e-01 
  4.623185843229e-03  -3.460420370102e-01  -4.193622767925e-01   2.980472519994e-02  -2.681926190853e-01  -4.726885259151e-01   4.128866270185e-02   0.000000000000e+00  -4.457201063633e-01 
  4.206692799926e-02   0.000000000000e+00  -3.963146209717e-01   0.000000000000e+00   0.000000000000e+00  -3.803278803825e-01   0.000000000000e+00   0.000000000000e+00  -3.803278803825e-01 
  0.000000000000e+00  -3.443886712193e-02   2.114358395338e-01   0.000000000000e+00  -3.443886712193e-02   2.114358395338e-01  -3.015472367406e-02  -9.266274422407e-02   1.927296668291e-01 
  0.000000000000e+00   0.000000000000e+00  -4.495227932930e-01   0.000000000000e+00  -1.540386956185e-02  -5.838471651077e-01   2.226852066815e-02  -1.766655221581e-02  -4.381395578384e-01 
  3.217970952392e-02  -1.549322437495e-02  -3.586119413376e-01   3.108362667263e-02  -1.198269240558e-02  -2.993552386761e-01   7.971245795488e-02  -5.271112546325e-03  -2.773279249668e-01 
  7.971245795488e-02  -5.271112546325e-03  -2.773279249668e-01   0.000000000000e+00  -2.501947879791e-01   2.592083215714e-01   0.000000000000e+00  -2.501947879791e-01   2.592083215714e-01 
 -1.456727366894e-02  -3.684892505407e-02   2.331987917423e-01   5.494309067726e-01  -3.853262960911e-02  -7.034090757370e-01   6.164130568504e-01  -2.647369354963e-02  -6.699180006981e-01 
  0.000000000000e+00  -2.007171325386e-02  -1.000000014901e-01   0.000000000000e+00  -1.510747335851e-02  -1.000000014901e-01   0.000000000000e+00  -9.347240440547e-03  -1.000000014901e-01 
  0.000000000000e+00  -4.027952440083e-03  -1.000000014901e-01   0.000000000000e+00  -4.027952440083e-03  -1.000000014901e-01   0.000000000000e+00   0.000000000000e+00  -2.052696496248e-01 
  0.000000000000e+00   0.000000000000e+00  -2.052696496248e-01   1.301036477089e-01  -3.147375304252e-03  -1.546938568354e-01   5.829219818115e-01   0.000000000000e+00  -5.404731631279e-01 
  5.829219818115e-01  -1.192553248256e-02  -6.087293028831e-01   3.151831030846e-01  -1.378706935793e-02  -3.936048448086e-01   1.740559488535e-01  -1.211883313954e-02  -2.866027653217e-01 
  9.715376794338e-02  -8.476560935378e-03  -2.201782613993e-01   5.367412790656e-02  -4.647183232009e-03  -2.269266396761e-01   5.367412790656e-02  -4.647183232009e-03  -2.269266396761e-01 
  0.000000000000e+00   0.000000000000e+00  -2.052696496248e-01   0.000000000000e+00   0.000000000000e+00  -2.052696496248e-01   1.301036477089e-01  -3.147375304252e-03  -1.546938568354e-01 
  5.829219818115e-01   0.000000000000e+00  -5.404731631279e-01   5.829219818115e-01  -1.192553248256e-02  -6.087293028831e-01   3.151831030846e-01  -1.378706935793e-02  -3.936048448086e-01 
  1.740559488535e-01  -1.211883313954e-02  -2.866027653217e-01   9.715376794338e-02  -8.476560935378e-03  -2.201782613993e-01   5.367412790656e-02  -4.647183232009e-03  -2.269266396761e-01 
  5.367412790656e-02  -4.647183232009e-03  -2.269266396761e-01 

