# vtk DataFile Version 2.0
Written using VisIt writer
ASCII
DATASET RECTILINEAR_GRID
DIMENSIONS 10 10 10
X_COORDINATES 10 float
  0.000000000000e+00   5.000000000000e-01   1.000000000000e+00   1.500000000000e+00   2.000000000000e+00   2.500000000000e+00   3.000000000000e+00   3.500000000000e+00   4.000000000000e+00 
  4.500000000000e+00 
Y_COORDINATES 10 float
  0.000000000000e+00   5.000000000000e-01   1.000000000000e+00   1.500000000000e+00   2.000000000000e+00   2.500000000000e+00   3.000000000000e+00   3.500000000000e+00   4.000000000000e+00 
  4.500000000000e+00 
Z_COORDINATES 10 float
  0.000000000000e+00   5.000000000000e-01   1.000000000000e+00   1.500000000000e+00   2.000000000000e+00   2.500000000000e+00   3.000000000000e+00   3.500000000000e+00   4.000000000000e+00 
  4.500000000000e+00 
CELL_DATA 729
POINT_DATA 1000
VECTORS velocity float
  0.000000000000e+00  -1.257681250572e-01  -2.289904206991e-01   3.251200000000e+04   0.000000000000e+00   0.000000000000e+00   0.000000000000e+00   0.000000000000e+00   0.000000000000e+00 
  1.662939190865e-01  -5.992565676570e-02  -1.595046520233e-01   0.000000000000e+00   0.000000000000e+00   0.000000000000e+00   0.000000000000e+00   1.431655808000e+09   1.070945600000e+09 
 -2.643948420882e-02  -9.394188225269e-02  -1.626781374216e-01   1.071994176000e+09   0.000000000000e+00   0.000000000000e+00   0.000000000000e+00   0.000000000000e+00   0.000000000000e+00 
  8.205275237560e-02  -1.180800199509e-01  -1.829886585474e-01   0.000000000000e+00  -1.257681250572e-01  -2.289904206991e-01   1.070945600000e+09   0.000000000000e+00   0.000000000000e+00 
  2.041491493583e-02  -1.165494099259e-01  -2.128777652979e-01   1.662939190865e-01  -5.992565676570e-02  -1.595046520233e-01   1.431655808000e+09   1.070945600000e+09   0.000000000000e+00 
  5.323316901922e-02  -5.111420899630e-02  -1.361518502235e-01  -2.643948420882e-02  -9.394188225269e-02  -1.626781374216e-01   0.000000000000e+00   0.000000000000e+00   1.071644672000e+09 
  8.205275237560e-02  -1.180800199509e-01  -1.829886585474e-01   8.205275237560e-02  -1.180800199509e-01  -1.829886585474e-01   0.000000000000e+00   3.932959213853e-02  -1.920696645975e-01 
  0.000000000000e+00   3.932959213853e-02  -1.920696645975e-01  -2.351730363443e-03  -1.320617496967e-01  -2.066160142422e-01   1.161600425839e-01  -2.791098654270e-01  -1.891443133354e-01 
  7.926742732525e-02  -2.136212885380e-01  -1.831872165203e-01   7.033756375313e-02  -5.046251788735e-02  -1.420988142490e-01   4.197219386697e-02  -1.495039649308e-02  -1.410588622093e-01 
  5.327785387635e-02  -2.129576541483e-02  -1.359694451094e-01   9.259967505932e-02  -1.333858445287e-02  -1.477662771940e-01   9.259967505932e-02  -1.333858445287e-02  -1.477662771940e-01 
  0.000000000000e+00   9.659330360591e-03  -1.875902712345e-01   0.000000000000e+00   9.659330360591e-03  -1.875902712345e-01   1.229660660028e-01  -6.460908055305e-02  -1.772432327271e-01 
  5.935943499207e-02   1.336081768386e-03  -1.567795574665e-01   3.778978064656e-02  -4.421600699425e-02  -1.537904590368e-01   1.107911765575e-01  -1.300449371338e-01  -1.560513824224e-01 
  7.851292192936e-02  -1.205604597926e-01  -1.872227340937e-01   1.887973397970e-01  -1.096041351557e-01  -1.415922641754e-01   1.112059429288e-01  -7.198596000671e-02  -1.424761712551e-01 
  1.112059429288e-01  -7.198596000671e-02  -1.424761712551e-01   0.000000000000e+00   4.584244452417e-03  -2.155458927155e-01   0.000000000000e+00   4.584244452417e-03  -2.155458927155e-01 
 -1.135057806969e-01  -8.434566855431e-02  -2.396685034037e-01   3.558608889580e-02  -1.272161211818e-02  -1.866930127144e-01   5.218999087811e-02  -7.772272080183e-02  -1.656728386879e-01 
  3.943754360080e-02  -6.475847959518e-02  -1.480621844530e-01   4.765083268285e-02   1.823854446411e-02  -1.572574228048e-01   1.377818286419e-01  -4.475584626198e-02  -1.528311967850e-01 
  8.069812506437e-02  -1.350018978119e-01  -1.895561069250e-01   8.069812506437e-02  -1.350018978119e-01  -1.895561069250e-01   0.000000000000e+00  -1.389727275819e-02  -1.916601657867e-01 
  0.000000000000e+00  -1.389727275819e-02  -1.916601657867e-01  -5.019113421440e-03   9.303681552410e-03  -1.942380517721e-01   1.050521656871e-01   6.541543453932e-02  -1.931163966656e-01 
  1.376220881939e-01  -2.172943018377e-02  -2.143240272999e-01   1.086208969355e-01   2.969577908516e-02  -1.463745236397e-01   3.717045066878e-03  -1.881947368383e-02  -1.434971541166e-01 
 -3.791884705424e-02  -2.544604986906e-02  -1.369827687740e-01  -2.515685744584e-02   1.059186761267e-03  -1.461051851511e-01  -2.515685744584e-02   1.059186761267e-03  -1.461051851511e-01 
  0.000000000000e+00  -2.682843245566e-02  -1.890130043030e-01   0.000000000000e+00  -2.682843245566e-02  -1.890130043030e-01   4.796357825398e-02  -6.328517943621e-02  -1.818357706070e-01 
  4.004818573594e-02   4.543137922883e-02  -1.674061715603e-01   1.186385452747e-01   8.715155720711e-02  -1.599002033472e-01   1.562199741602e-01   5.632494017482e-02  -1.607447117567e-01 
  1.107713058591e-01  -4.396669566631e-02  -1.852514147758e-01   9.199293702841e-02  -2.825646102428e-02  -1.413923949003e-01   7.911741733551e-02   4.849054664373e-02  -1.353950351477e-01 
  7.911741733551e-02   4.849054664373e-02  -1.353950351477e-01   0.000000000000e+00  -5.623931065202e-02  -2.200568467379e-01   0.000000000000e+00  -5.623931065202e-02  -2.200568467379e-01 
 -8.590919896960e-03  -1.361956149340e-01  -2.337846308947e-01   9.900667518377e-02  -2.179189026356e-02  -1.726281195879e-01   1.245397850871e-01   1.400186400861e-02  -1.550964713097e-01 
  1.494561880827e-01   1.777005381882e-02  -1.380659490824e-01   7.327631115913e-02   7.803715020418e-02  -1.495106816292e-01   1.185620650649e-01   1.682599261403e-02  -1.576371043921e-01 
  2.230372726917e-01  -1.457398571074e-02  -1.914194971323e-01   2.230372726917e-01  -1.457398571074e-02  -1.914194971323e-01   0.000000000000e+00   0.000000000000e+00  -1.884715110064e-01 
  0.000000000000e+00   0.000000000000e+00  -1.884715110064e-01  -1.827241852880e-02   0.000000000000e+00  -2.007455974817e-01   6.130418181419e-02   0.000000000000e+00  -1.828895956278e-01 
  4.460057988763e-02   0.000000000000e+00  -2.169414460659e-01   1.391535252333e-01   0.000000000000e+00  -1.323048323393e-01   1.245580241084e-01   0.000000000000e+00  -1.257949918509e-01 
  1.590064466000e-01   0.000000000000e+00  -1.256364434958e-01   3.164808750153e-01   0.000000000000e+00  -1.280500590801e-01   3.164808750153e-01   0.000000000000e+00  -1.280500590801e-01 
  0.000000000000e+00   0.000000000000e+00  -1.884715110064e-01   0.000000000000e+00   0.000000000000e+00  -1.884715110064e-01  -1.827241852880e-02   0.000000000000e+00  -2.007455974817e-01 
  6.130418181419e-02   0.000000000000e+00  -1.828895956278e-01   4.460057988763e-02   0.000000000000e+00  -2.169414460659e-01   1.391535252333e-01   0.000000000000e+00  -1.323048323393e-01 
  1.245580241084e-01   0.000000000000e+00  -1.257949918509e-01   1.590064466000e-01   0.000000000000e+00  -1.256364434958e-01   3.164808750153e-01   0.000000000000e+00  -1.280500590801e-01 
  3.164808750153e-01   0.000000000000e+00  -1.280500590801e-01   0.000000000000e+00  -1.257681250572e-01  -2.289904206991e-01   0.000000000000e+00  -1.257681250572e-01  -2.289904206991e-01 
  2.041491493583e-02  -1.165494099259e-01  -2.128777652979e-01   1.662939190865e-01  -5.992565676570e-02  -1.595046520233e-01   1.263627558947e-01  -4.671339318156e-02  -1.505049467087e-01 
  5.323316901922e-02  -5.111420899630e-02  -1.361518502235e-01  -2.643948420882e-02  -9.394188225269e-02  -1.626781374216e-01   4.606458917260e-02  -1.138223856688e-01  -1.668666005135e-01 
  8.205275237560e-02  -1.180800199509e-01  -1.829886585474e-01   8.205275237560e-02  -1.180800199509e-01  -1.829886585474e-01   0.000000000000e+00  -1.257681250572e-01  -2.289904206991e-01 
  0.000000000000e+00  -1.257681250572e-01  -2.289904206991e-01   2.041491493583e-02  -1.165494099259e-01  -2.128777652979e-01   1.662939190865e-01  -5.992565676570e-02  -1.595046520233e-01 
  1.263627558947e-01  -4.671339318156e-02  -1.505049467087e-01   5.323316901922e-02  -5.111420899630e-02  -1.361518502235e-01  -2.643948420882e-02  -9.394188225269e-02  -1.626781374216e-01 
  4.606458917260e-02  -1.138223856688e-01  -1.668666005135e-01   8.205275237560e-02  -1.180800199509e-01  -1.829886585474e-01   8.205275237560e-02  -1.180800199509e-01  -1.829886585474e-01 
  0.000000000000e+00   3.932959213853e-02  -1.920696645975e-01   0.000000000000e+00   3.932959213853e-02  -1.920696645975e-01  -2.351730363443e-03  -1.320617496967e-01  -2.066160142422e-01 
  1.161600425839e-01  -2.791098654270e-01  -1.891443133354e-01   7.926742732525e-02  -2.136212885380e-01  -1.831872165203e-01   7.033756375313e-02  -5.046251788735e-02  -1.420988142490e-01 
  4.197219386697e-02  -1.495039649308e-02  -1.410588622093e-01   5.327785387635e-02  -2.129576541483e-02  -1.359694451094e-01   9.259967505932e-02  -1.333858445287e-02  -1.477662771940e-01 
  9.259967505932e-02  -1.333858445287e-02  -1.477662771940e-01   0.000000000000e+00   9.659330360591e-03  -1.875902712345e-01   0.000000000000e+00   9.659330360591e-03  -1.875902712345e-01 
  1.229660660028e-01  -6.460908055305e-02  -1.772432327271e-01   5.935943499207e-02   1.336081768386e-03  -1.567795574665e-01   3.778978064656e-02  -4.421600699425e-02  -1.537904590368e-01 
  1.107911765575e-01  -1.300449371338e-01  -1.560513824224e-01   7.851292192936e-02  -1.205604597926e-01  -1.872227340937e-01   1.887973397970e-01  -1.096041351557e-01  -1.415922641754e-01 
  1.112059429288e-01  -7.198596000671e-02  -1.424761712551e-01   1.112059429288e-01  -7.198596000671e-02  -1.424761712551e-01   0.000000000000e+00   4.584244452417e-03  -2.155458927155e-01 
  0.000000000000e+00   4.584244452417e-03  -2.155458927155e-01  -1.135057806969e-01  -8.434566855431e-02  -2.396685034037e-01   3.558608889580e-02  -1.272161211818e-02  -1.866930127144e-01 
  5.218999087811e-02  -7.772272080183e-02  -1.656728386879e-01   3.943754360080e-02  -6.475847959518e-02  -1.480621844530e-01   4.765083268285e-02   1.823854446411e-02  -1.572574228048e-01 
  1.377818286419e-01  -4.475584626198e-02  -1.528311967850e-01   8.069812506437e-02  -1.350018978119e-01  -1.895561069250e-01   8.069812506437e-02  -1.350018978119e-01  -1.895561069250e-01 
  0.000000000000e+00  -1.389727275819e-02  -1.916601657867e-01   0.000000000000e+00  -1.389727275819e-02  -1.916601657867e-01  -5.019113421440e-03   9.303681552410e-03  -1.942380517721e-01 
  1.050521656871e-01   6.541543453932e-02  -1.931163966656e-01   1.376220881939e-01  -2.172943018377e-02  -2.143240272999e-01   1.086208969355e-01   2.969577908516e-02  -1.463745236397e-01 
  3.717045066878e-03  -1.881947368383e-02  -1.434971541166e-01  -3.791884705424e-02  -2.544604986906e-02  -1.369827687740e-01  -2.515685744584e-02   1.059186761267e-03  -1.461051851511e-01 
 -2.515685744584e-02   1.059186761267e-03  -1.461051851511e-01   0.000000000000e+00  -2.682843245566e-02  -1.890130043030e-01   0.000000000000e+00  -2.682843245566e-02  -1.890130043030e-01 
  4.796357825398e-02  -6.328517943621e-02  -1.818357706070e-01   4.004818573594e-02   4.543137922883e-02  -1.674061715603e-01   1.186385452747e-01   8.715155720711e-02  -1.599002033472e-01 
  1.562199741602e-01   5.632494017482e-02  -1.607447117567e-01   1.107713058591e-01  -4.396669566631e-02  -1.852514147758e-01   9.199293702841e-02  -2.825646102428e-02  -1.413923949003e-01 
  7.911741733551e-02   4.849054664373e-02  -1.353950351477e-01   7.911741733551e-02   4.849054664373e-02  -1.353950351477e-01   0.000000000000e+00  -5.623931065202e-02  -2.200568467379e-01 
  0.000000000000e+00  -5.623931065202e-02  -2.200568467379e-01  -8.590919896960e-03  -1.361956149340e-01  -2.337846308947e-01   9.900667518377e-02  -2.179189026356e-02  -1.726281195879e-01 
  1.245397850871e-01   1.400186400861e-02  -1.550964713097e-01   1.494561880827e-01   1.777005381882e-02  -1.380659490824e-01   7.327631115913e-02   7.803715020418e-02  -1.495106816292e-01 
  1.185620650649e-01   1.682599261403e-02  -1.576371043921e-01   2.230372726917e-01  -1.457398571074e-02  -1.914194971323e-01   2.230372726917e-01  -1.457398571074e-02  -1.914194971323e-01 
  0.000000000000e+00   0.000000000000e+00  -1.884715110064e-01   0.000000000000e+00   0.000000000000e+00  -1.884715110064e-01  -1.827241852880e-02   0.000000000000e+00  -2.007455974817e-01 
  6.130418181419e-02   0.000000000000e+00  -1.828895956278e-01   4.460057988763e-02   0.000000000000e+00  -2.169414460659e-01   1.391535252333e-01   0.000000000000e+00  -1.323048323393e-01 
  1.245580241084e-01   0.000000000000e+00  -1.257949918509e-01   1.590064466000e-01   0.000000000000e+00  -1.256364434958e-01   3.164808750153e-01   0.000000000000e+00  -1.280500590801e-01 
  3.164808750153e-01   0.000000000000e+00  -1.280500590801e-01   0.000000000000e+00   0.000000000000e+00  -1.884715110064e-01   0.000000000000e+00   0.000000000000e+00  -1.884715110064e-01 
 -1.827241852880e-02   0.000000000000e+00  -2.007455974817e-01   6.130418181419e-02   0.000000000000e+00  -1.828895956278e-01   4.460057988763e-02   0.000000000000e+00  -2.169414460659e-01 
  1.391535252333e-01   0.000000000000e+00  -1.323048323393e-01   1.245580241084e-01   0.000000000000e+00  -1.257949918509e-01   1.590064466000e-01   0.000000000000e+00  -1.256364434958e-01 
  3.164808750153e-01   0.000000000000e+00  -1.280500590801e-01   3.164808750153e-01   0.000000000000e+00  -1.280500590801e-01   0.000000000000e+00  -1.120160073042e-01  -7.924448251724e-01 
  0.000000000000e+00  -1.120160073042e-01  -7.924448251724e-01   4.992767050862e-02  -1.254443973303e-01  -1.003920793533e+00   4.926709830761e-01  -1.125195436180e-02  -9.629904031754e-01 
  1.347213625908e+00  -6.556407362223e-02  -6.660493612289e-01   1.252935081720e-01  -4.909272491932e-02  -3.694292604923e-01   3.238030895591e-02  -4.128192365170e-02  -3.732185810804e-02 
 -6.801035404205e-01  -9.457594901323e-02  -3.313339874148e-02  -6.760344505310e-01  -4.125308617949e-02  -1.701134815812e-02  -6.760344505310e-01  -4.125308617949e-02  -1.701134815812e-02 
  0.000000000000e+00  -1.120160073042e-01  -7.924448251724e-01   0.000000000000e+00  -1.120160073042e-01  -7.924448251724e-01   4.992767050862e-02  -1.254443973303e-01  -1.003920793533e+00 
  4.926709830761e-01  -1.125195436180e-02  -9.629904031754e-01   1.347213625908e+00  -6.556407362223e-02  -6.660493612289e-01   1.252935081720e-01  -4.909272491932e-02  -3.694292604923e-01 
  3.238030895591e-02  -4.128192365170e-02  -3.732185810804e-02  -6.801035404205e-01  -9.457594901323e-02  -3.313339874148e-02  -6.760344505310e-01  -4.125308617949e-02  -1.701134815812e-02 
 -6.760344505310e-01  -4.125308617949e-02  -1.701134815812e-02   0.000000000000e+00   1.431626379490e-01  -1.031934022903e+00   0.000000000000e+00   1.431626379490e-01  -1.031934022903e+00 
  1.506411731243e-01   9.874982386827e-02  -7.627214789391e-01   3.428042531013e-01   2.233757264912e-02  -7.643196582794e-01   2.516348659992e-01  -2.040369212627e-01  -7.699441164732e-02 
  5.478587746620e-01  -8.737291395664e-02  -3.578579425812e-01   3.568444848061e-01  -3.779919445515e-02  -5.894113332033e-02   1.125471815467e-01  -5.900793895125e-02  -6.638999581337e-01 
  9.481982141733e-02  -1.337787974626e-02  -6.521299481392e-01   9.481982141733e-02  -1.337787974626e-02  -6.521299481392e-01   0.000000000000e+00  -3.532938286662e-02  -8.616931438446e-01 
  0.000000000000e+00  -3.532938286662e-02  -8.616931438446e-01   1.946966052055e-01  -7.201803475618e-02  -7.695769071579e-01   3.016912937164e-01  -1.249561365694e-02  -8.695569038391e-01 
  4.707155227661e-01  -2.306139022112e-01  -7.127752900124e-01   1.364424347878e+00  -5.957105755806e-01  -6.064466834068e-01   7.688323855400e-01  -2.378995418549e-01  -6.415984630585e-01 
  2.868688404560e-01  -1.249988302588e-01  -5.743541121483e-01   1.340413689613e-01  -7.492544502020e-02  -6.778805255890e-01   1.340413689613e-01  -7.492544502020e-02  -6.778805255890e-01 
  0.000000000000e+00   4.160973057151e-02  -9.718551635742e-01   0.000000000000e+00   4.160973057151e-02  -9.718551635742e-01   1.935779601336e-01   9.693939983845e-02  -6.689043045044e-01 
  3.876203596592e-01   1.219325289130e-01  -7.047412991524e-01   6.076925247908e-02  -2.230685055256e-01  -9.817148447037e-01   1.697407662868e-01  -2.326405197382e-01  -1.178948402405e+00 
 -1.809614449739e-01  -8.134660124779e-02  -6.914277076721e-01   1.068002134562e-01  -4.746575653553e-02  -5.159402489662e-01   1.673272997141e-01  -1.112595349550e-01  -7.157908082008e-01 
  1.673272997141e-01  -1.112595349550e-01  -7.157908082008e-01   0.000000000000e+00  -4.339158907533e-02  -7.897957563400e-01   0.000000000000e+00  -4.339158907533e-02  -7.897957563400e-01 
  2.372020334005e-01   1.911276578903e-01  -4.241536855698e-01   2.550068199635e-01   1.053862050176e-01  -9.740979671478e-01  -3.334392905235e-01   9.963686019182e-02  -7.718891501427e-01 
  9.483064413071e-01   1.416514217854e-01  -4.183271229267e-01   5.332072451711e-02   4.352162405849e-02  -3.075013160706e-01   3.926805257797e-01  -5.939830560237e-03  -5.392633676529e-01 
  3.839963376522e-01   4.125234670937e-03  -6.533951759338e-01   3.839963376522e-01   4.125234670937e-03  -6.533951759338e-01   0.000000000000e+00  -2.087447047234e-02  -7.291793227196e-01 
  0.000000000000e+00  -2.087447047234e-02  -7.291793227196e-01   2.785307168961e-01   6.176475435495e-02  -5.993408560753e-01   5.048093795776e-01  -6.526273675263e-03  -5.553597211838e-01 
  7.482282519341e-01   2.509860396385e-01  -7.962142825127e-01   7.869747281075e-01   7.812378555536e-02  -4.173671007156e-01   1.797398477793e-01   9.535579383373e-02   2.758748643100e-02 
  2.192571908236e-01   4.445578902960e-02   1.649749726057e-01   1.923254877329e-01   4.110024869442e-02  -1.671693801880e+00   1.923254877329e-01   4.110024869442e-02  -1.671693801880e+00 
  0.000000000000e+00  -2.705750754103e-03  -6.061173081398e-01   0.000000000000e+00  -2.705750754103e-03  -6.061173081398e-01   6.148209795356e-02  -5.613600462675e-02  -7.384582757950e-01 
  6.179106831551e-01  -1.047509089112e-01  -9.351358413696e-01   7.474493980408e-01  -4.539227858186e-02  -9.605106711388e-01   1.197989106178e+00   6.509115546942e-02  -1.291905164719e+00 
  1.089577525854e-01   1.599005460739e-01  -1.609822154045e+00   1.513631641865e-01   6.120491027832e-02  -4.515649080276e-01   2.134258449078e-01   1.609182683751e-03  -7.464542984962e-01 
  2.134258449078e-01   1.609182683751e-03  -7.464542984962e-01   0.000000000000e+00   0.000000000000e+00  -7.471286654472e-01   0.000000000000e+00   0.000000000000e+00  -7.471286654472e-01 
  2.422863095999e-01   0.000000000000e+00  -9.320636391640e-01   7.960346341133e-01   0.000000000000e+00  -1.047134518623e+00   1.236895620823e-01   0.000000000000e+00  -6.847820281982e-01 
  4.171351492405e-01  -6.824531010352e-04   1.723434180021e-01   1.330800503492e-01   3.686855360866e-02  -7.420501112938e-02   1.572258770466e-01   8.047569543123e-03  -7.436355948448e-02 
  3.117146193981e-01   3.206586407032e-04  -7.194993644953e-02   3.117146193981e-01   3.206586407032e-04  -7.194993644953e-02   0.000000000000e+00   0.000000000000e+00  -7.471286654472e-01 
  0.000000000000e+00   0.000000000000e+00  -7.471286654472e-01   2.422863095999e-01   0.000000000000e+00  -9.320636391640e-01   7.960346341133e-01   0.000000000000e+00  -1.047134518623e+00 
  1.236895620823e-01   0.000000000000e+00  -6.847820281982e-01   4.171351492405e-01  -6.824531010352e-04   1.723434180021e-01   1.330800503492e-01   3.686855360866e-02  -7.420501112938e-02 
  1.572258770466e-01   8.047569543123e-03  -7.436355948448e-02   3.117146193981e-01   3.206586407032e-04  -7.194993644953e-02   3.117146193981e-01   3.206586407032e-04  -7.194993644953e-02 
  0.000000000000e+00   6.617224216461e-02  -3.350184261799e-01   0.000000000000e+00   6.617224216461e-02  -3.350184261799e-01   6.885708868504e-02  -1.915998943150e-02  -3.528939783573e-01 
  4.820632636547e-01  -1.318495068699e-02  -9.884275496006e-02   2.336360216141e+00  -6.775699555874e-02   1.318227648735e+00   0.000000000000e+00  -1.088349670172e-01  -2.479020804167e-01 
  0.000000000000e+00  -9.144160151482e-02  -1.000000014901e-01  -7.545645833015e-01  -1.322569549084e-01  -2.292916327715e-01  -6.819850802422e-01  -9.147506207228e-02  -1.930018812418e-01 
 -6.819850802422e-01  -9.147506207228e-02  -1.930018812418e-01   0.000000000000e+00   6.617224216461e-02  -3.350184261799e-01   0.000000000000e+00   6.617224216461e-02  -3.350184261799e-01 
  6.885708868504e-02  -1.915998943150e-02  -3.528939783573e-01   4.820632636547e-01  -1.318495068699e-02  -9.884275496006e-02   2.336360216141e+00  -6.775699555874e-02   1.318227648735e+00 
  0.000000000000e+00  -1.088349670172e-01  -2.479020804167e-01   0.000000000000e+00  -9.144160151482e-02  -1.000000014901e-01  -7.545645833015e-01  -1.322569549084e-01  -2.292916327715e-01 
 -6.819850802422e-01  -9.147506207228e-02  -1.930018812418e-01  -6.819850802422e-01  -9.147506207228e-02  -1.930018812418e-01   0.000000000000e+00   5.891484767199e-02  -8.638295531273e-01 
  0.000000000000e+00   5.891484767199e-02  -8.638295531273e-01   6.082673743367e-02  -1.509702205658e-02  -6.265271306038e-01   1.360468864441e-01  -1.046128496528e-01  -6.104950904846e-01 
  4.161026775837e-01  -8.483748883009e-02  -2.323670536280e-01   3.079978227615e-01  -1.858874708414e-01  -1.000000014901e-01   1.535699516535e-01  -6.606161594391e-02  -2.260159105062e-01 
 -4.939780831337e-01  -5.967743694782e-02  -1.930018812418e-01  -4.795302748680e-01  -6.269385665655e-02  -4.218235313892e-01  -4.795302748680e-01  -6.269385665655e-02  -4.218235313892e-01 
  0.000000000000e+00  -9.268395602703e-02  -1.364338099957e-01   0.000000000000e+00  -9.268395602703e-02  -1.364338099957e-01   1.457998603582e-01  -3.592301905155e-02  -4.315516352654e-01 
  3.242858946323e-01  -7.412786781788e-02  -5.696360468864e-01  -6.557828187943e-01  -4.723998904228e-01  -4.338479042053e-01  -5.947693586349e-01  -5.791599154472e-01  -6.079180836678e-01 
 -7.397975027561e-02  -1.216470450163e-02  -5.746852159500e-01  -1.196494027972e-01   0.000000000000e+00  -5.440102219582e-01   1.025555059314e-01  -5.050174891949e-02  -6.516907215118e-01 
  1.025555059314e-01  -5.050174891949e-02  -6.516907215118e-01   0.000000000000e+00   8.548113703728e-02  -4.840024709702e-01   0.000000000000e+00   8.548113703728e-02  -4.840024709702e-01 
  1.207468956709e-01   9.021761268377e-02  -2.870215773582e-01   3.406966626644e-01   9.809643775225e-02  -2.838728129864e-01  -5.186958611012e-02  -1.215896978974e-01  -1.257015392184e-02 
 -3.953881859779e-01   3.894446650520e-03  -4.525351226330e-01  -5.584850907326e-01  -1.969324797392e-02  -4.616775214672e-01  -1.797386705875e-01  -2.727628871799e-02  -4.390888810158e-01 
  3.255382180214e-02  -7.754568755627e-02  -6.247905492783e-01   3.255382180214e-02  -7.754568755627e-02  -6.247905492783e-01   0.000000000000e+00   1.345954742283e-02  -4.185424447060e-01 
  0.000000000000e+00   1.345954742283e-02  -4.185424447060e-01  -6.435966491699e-02   3.085927851498e-02  -4.794924855232e-01   1.633697897196e-01   1.598428748548e-02  -5.014526844025e-01 
 -3.962622582912e-01   2.889088727534e-02  -8.312885463238e-02  -2.554177045822e-01   4.763734340668e-02  -3.351787030697e-01   1.424026936293e-01   3.222692385316e-02  -6.429144144058e-01 
  3.250430226326e-01   9.903355501592e-03  -2.828134000301e-01   0.000000000000e+00   1.039194501936e-02  -6.092029213905e-01   0.000000000000e+00   1.039194501936e-02  -6.092029213905e-01 
  0.000000000000e+00   6.453100591898e-02  -3.023523986340e-01   0.000000000000e+00   6.453100591898e-02  -3.023523986340e-01   1.082659959793e-01   1.531790494919e-01  -3.050585687160e-01 
  3.865724205971e-01   1.967525482178e-02  -5.242342948914e-01   4.709986746311e-01   1.449098140001e-01  -4.760757088661e-01   7.394518703222e-02   3.542083129287e-02  -7.648651003838e-01 
  1.962675601244e-01   6.873034406453e-03  -9.237638115883e-01   2.561133205891e-01   2.984228543937e-02  -5.197163224220e-01   2.261600941420e-01   3.459485620260e-02  -1.125120759010e+00 
  2.261600941420e-01   3.459485620260e-02  -1.125120759010e+00   0.000000000000e+00  -1.509181316942e-02  -5.545206069946e-01   0.000000000000e+00  -1.509181316942e-02  -5.545206069946e-01 
  1.213800534606e-01  -2.317252755165e-02  -3.691662847996e-01   7.184042930603e-01  -1.227378565818e-02  -6.740342378616e-01   1.086767911911e+00   1.393156945705e-01  -9.865027666092e-01 
  6.258918642998e-01   5.884290114045e-02  -1.206104755402e+00   3.105186820030e-01   6.671878695488e-02  -1.305273771286e+00   2.966143488884e-01   5.504815280437e-02  -7.578961253166e-01 
  2.242284268141e-01   2.550953440368e-02  -7.943875789642e-01   2.242284268141e-01   2.550953440368e-02  -7.943875789642e-01   0.000000000000e+00   0.000000000000e+00  -4.048835337162e-01 
  0.000000000000e+00   0.000000000000e+00  -4.048835337162e-01   2.059197127819e-01   0.000000000000e+00   2.860731445253e-02   3.765643537045e-01  -3.210616065189e-03  -5.513452887535e-01 
  8.037964701653e-01   9.270249307156e-02  -7.470976710320e-01   6.562793254852e-01   1.667099073529e-02  -1.864722818136e-01   3.676311671734e-01   0.000000000000e+00  -1.000000014901e-01 
  3.073962628841e-01   1.919101737440e-02  -2.130852341652e-01   2.875550687313e-01   6.405686959624e-03  -1.220946609974e-01   2.875550687313e-01   6.405686959624e-03  -1.220946609974e-01 
  0.000000000000e+00   0.000000000000e+00  -4.048835337162e-01   0.000000000000e+00   0.000000000000e+00  -4.048835337162e-01   2.059197127819e-01   0.000000000000e+00   2.860731445253e-02 
  3.765643537045e-01  -3.210616065189e-03  -5.513452887535e-01   8.037964701653e-01   9.270249307156e-02  -7.470976710320e-01   6.562793254852e-01   1.667099073529e-02  -1.864722818136e-01 
  3.676311671734e-01   0.000000000000e+00  -1.000000014901e-01   3.073962628841e-01   1.919101737440e-02  -2.130852341652e-01   2.875550687313e-01   6.405686959624e-03  -1.220946609974e-01 
  2.875550687313e-01   6.405686959624e-03  -1.220946609974e-01   0.000000000000e+00   8.523268252611e-02  -1.821236908436e-01   0.000000000000e+00   8.523268252611e-02  -1.821236908436e-01 
  7.888048142195e-02   1.336884126067e-02   5.458178371191e-02   1.264194697142e-01  -1.123179942369e-01  -3.356709778309e-01   4.481092691422e-01  -4.466218128800e-02   5.797491967678e-02 
  2.178710550070e-01  -1.757371574640e-01  -1.829323470592e-01  -1.227049529552e-01  -4.602860659361e-02  -1.000000014901e-01   0.000000000000e+00   0.000000000000e+00  -1.567121297121e-01 
  0.000000000000e+00  -4.556761309505e-02  -1.930018812418e-01   0.000000000000e+00  -4.556761309505e-02  -1.930018812418e-01   0.000000000000e+00   8.523268252611e-02  -1.821236908436e-01 
  0.000000000000e+00   8.523268252611e-02  -1.821236908436e-01   7.888048142195e-02   1.336884126067e-02   5.458178371191e-02   1.264194697142e-01  -1.123179942369e-01  -3.356709778309e-01 
  4.481092691422e-01  -4.466218128800e-02   5.797491967678e-02   2.178710550070e-01  -1.757371574640e-01  -1.829323470592e-01  -1.227049529552e-01  -4.602860659361e-02  -1.000000014901e-01 
  0.000000000000e+00   0.000000000000e+00  -1.567121297121e-01   0.000000000000e+00  -4.556761309505e-02  -1.930018812418e-01   0.000000000000e+00  -4.556761309505e-02  -1.930018812418e-01 
  0.000000000000e+00   3.838972002268e-02  -2.335902601480e-01   0.000000000000e+00   3.838972002268e-02  -2.335902601480e-01   6.969849765301e-02  -4.078459367156e-02  -5.025490522385e-01 
  4.604050815105e-01  -3.952349722385e-02  -5.345468521118e-01   9.762819409370e-01   0.000000000000e+00  -2.819450497627e-01   0.000000000000e+00  -3.115727603436e-01  -2.251395136118e-01 
 -4.991323947906e-01   2.713127760217e-04  -3.514034152031e-01  -8.509726822376e-02   0.000000000000e+00  -1.930018812418e-01  -2.585381865501e-01  -3.657251596451e-02  -2.784620523453e-01 
 -2.585381865501e-01  -3.657251596451e-02  -2.784620523453e-01   0.000000000000e+00  -9.500723332167e-02  -2.910989820957e-01   0.000000000000e+00  -9.500723332167e-02  -2.910989820957e-01 
  7.405309379101e-02  -5.120625346899e-02  -5.108200907707e-01   2.610400617123e-01  -1.463214904070e-01  -2.763670980930e-01  -1.392016530037e+00  -6.277710199356e-01   1.893776506186e-01 
 -1.228489041328e+00  -3.990708589554e-01  -2.064683288336e-01  -8.178722262383e-01   1.492378022522e-02  -4.728681743145e-01   0.000000000000e+00   7.519436534494e-03  -3.862913250923e-01 
 -2.103549987078e-02  -4.322420805693e-03  -5.257267951965e-01  -2.103549987078e-02  -4.322420805693e-03  -5.257267951965e-01   0.000000000000e+00   1.121915206313e-01  -4.487505853176e-01 
  0.000000000000e+00   1.121915206313e-01  -4.487505853176e-01   3.741104155779e-02   1.039070263505e-01  -7.422032952309e-02   1.811581552029e-01  -1.805021762848e-01  -4.891763627529e-01 
 -4.032848477364e-01  -4.010417759418e-01  -3.208391070366e-01  -5.143430829048e-01  -1.329818218946e-01  -3.280687332153e-01  -5.855951905251e-01   9.798130020499e-03  -6.380164027214e-01 
 -2.371123135090e-01   5.475992336869e-03  -5.367012619972e-01  -9.603980183601e-02   2.914098557085e-03  -5.905001163483e-01  -9.603980183601e-02   2.914098557085e-03  -5.905001163483e-01 
  0.000000000000e+00   3.317354992032e-02  -2.404031157494e-01   0.000000000000e+00   3.317354992032e-02  -2.404031157494e-01   4.440401121974e-02   3.201641514897e-02  -3.156581819057e-01 
  1.540685296059e-01  -2.274110168219e-02  -7.421309947968e-01  -4.514739811420e-01  -8.584538847208e-02  -4.653766155243e-01  -4.197210371494e-01   1.826551393606e-03  -4.035998284817e-01 
 -1.080625876784e-01   1.954060047865e-03  -9.633071422577e-01   2.273190915585e-01   1.059290580451e-02  -5.810316801071e-01   1.133989170194e-01   1.478961575776e-02  -5.862972140312e-01 
  1.133989170194e-01   1.478961575776e-02  -5.862972140312e-01   0.000000000000e+00   2.025413699448e-02  -4.371571540833e-01   0.000000000000e+00   2.025413699448e-02  -4.371571540833e-01 
  1.141714826226e-01   1.253997385502e-01  -6.715495586395e-01   1.759620159864e-01  -1.493869256228e-02  -6.332656741142e-01   1.022547841072e+00  -7.030945271254e-02  -1.234397530556e+00 
  6.057946681976e-01   1.859084144235e-02  -1.061396598816e+00   3.279477357864e-01   3.679591044784e-02  -1.275350928307e+00   3.428064286709e-01   3.336085006595e-02  -1.305273771286e+00 
  2.348758727312e-01   3.343634307384e-02  -1.000000014901e-01   2.348758727312e-01   3.343634307384e-02  -1.000000014901e-01   0.000000000000e+00   5.779853463173e-02  -4.153638780117e-01 
  0.000000000000e+00   5.779853463173e-02  -4.153638780117e-01   7.879575341940e-02   5.026559159160e-02  -4.889985620975e-01   7.136415839195e-01  -6.443407386541e-02  -1.719827055931e+00 
  2.623998641968e+00  -7.524675875902e-02  -1.493115186691e+00   6.298509240150e-01   3.486279025674e-02  -1.000000014901e-01   4.415271580219e-01   5.104868859053e-02  -1.291383862495e+00 
  4.534545838833e-01   3.447709605098e-02  -1.288541078568e+00   0.000000000000e+00   2.837607823312e-02  -1.210132837296e+00   0.000000000000e+00   2.837607823312e-02  -1.210132837296e+00 
  0.000000000000e+00   0.000000000000e+00  -5.585994124413e-01   0.000000000000e+00   0.000000000000e+00  -5.585994124413e-01   1.488236039877e-01   0.000000000000e+00  -2.120287120342e-01 
  1.556257158518e-01   0.000000000000e+00  -7.194890975952e-01   1.023614048958e+00  -2.178421802819e-02  -1.139895558357e+00   5.258659720421e-01   9.883424500003e-04  -8.792560100555e-01 
  4.409270882607e-01   0.000000000000e+00  -1.281904816628e+00   4.501293599606e-01   0.000000000000e+00  -1.274938583374e+00   2.564584314823e-01   9.235391393304e-03  -8.083119392395e-01 
  2.564584314823e-01   9.235391393304e-03  -8.083119392395e-01   0.000000000000e+00   0.000000000000e+00  -5.585994124413e-01   0.000000000000e+00   0.000000000000e+00  -5.585994124413e-01 
  1.488236039877e-01   0.000000000000e+00  -2.120287120342e-01   1.556257158518e-01   0.000000000000e+00  -7.194890975952e-01   1.023614048958e+00  -2.178421802819e-02  -1.139895558357e+00 
  5.258659720421e-01   9.883424500003e-04  -8.792560100555e-01   4.409270882607e-01   0.000000000000e+00  -1.281904816628e+00   4.501293599606e-01   0.000000000000e+00  -1.274938583374e+00 
  2.564584314823e-01   9.235391393304e-03  -8.083119392395e-01   2.564584314823e-01   9.235391393304e-03  -8.083119392395e-01   0.000000000000e+00   3.351465985179e-02  -4.821133315563e-01 
  0.000000000000e+00   3.351465985179e-02  -4.821133315563e-01   2.495467849076e-02  -1.028126105666e-01  -1.522197425365e-01   2.563220560551e-01  -3.248945772648e-01  -7.691729664803e-01 
  2.771283984184e-01   0.000000000000e+00  -6.857265830040e-01   0.000000000000e+00   0.000000000000e+00  -5.582441091537e-01  -1.468273401260e-01  -1.317105907947e-02  -5.272229313850e-01 
 -7.894492149353e-02   0.000000000000e+00  -1.000000014901e-01  -3.694035112858e-02  -2.522643096745e-02  -1.000000014901e-01  -3.694035112858e-02  -2.522643096745e-02  -1.000000014901e-01 
  0.000000000000e+00   3.351465985179e-02  -4.821133315563e-01   0.000000000000e+00   3.351465985179e-02  -4.821133315563e-01   2.495467849076e-02  -1.028126105666e-01  -1.522197425365e-01 
  2.563220560551e-01  -3.248945772648e-01  -7.691729664803e-01   2.771283984184e-01   0.000000000000e+00  -6.857265830040e-01   0.000000000000e+00   0.000000000000e+00  -5.582441091537e-01 
 -1.468273401260e-01  -1.317105907947e-02  -5.272229313850e-01  -7.894492149353e-02   0.000000000000e+00  -1.000000014901e-01  -3.694035112858e-02  -2.522643096745e-02  -1.000000014901e-01 
 -3.694035112858e-02  -2.522643096745e-02  -1.000000014901e-01   0.000000000000e+00   1.210427656770e-01  -9.328569769859e-01   0.000000000000e+00   1.210427656770e-01  -9.328569769859e-01 
  8.771844953299e-02  -4.908043146133e-02  -9.802016019821e-01   5.824875831604e-01  -1.989472508430e-01  -1.001857757568e+00   6.375551819801e-01  -1.310309618711e-01  -4.011489748955e-01 
 -2.385130822659e-01   0.000000000000e+00  -5.693621635437e-01  -1.578183621168e-01   0.000000000000e+00  -1.062597870827e+00  -1.578183621168e-01   0.000000000000e+00  -1.062532544136e+00 
 -1.049445867538e-01  -1.608544960618e-02  -7.397735714912e-01  -1.049445867538e-01  -1.608544960618e-02  -7.397735714912e-01   0.000000000000e+00   2.035940438509e-01  -2.853970527649e-01 
  0.000000000000e+00   2.035940438509e-01  -2.853970527649e-01  -3.038622811437e-02   1.385240536183e-02   9.595578163862e-02   2.679682075977e-01  -1.101537868381e-01  -4.105058014393e-01 
 -9.935737252235e-01  -4.739983379841e-01   2.865997850895e-01  -7.219030857086e-01   5.815662816167e-02  -4.460788071156e-01  -1.662444472313e-01   6.876768171787e-02  -7.645686268806e-01 
 -1.684294193983e-01   0.000000000000e+00  -1.062597870827e+00   0.000000000000e+00   0.000000000000e+00  -1.000000014901e-01   0.000000000000e+00   0.000000000000e+00  -1.000000014901e-01 
  0.000000000000e+00   2.108117789030e-01  -4.273981750011e-01   0.000000000000e+00   2.108117789030e-01  -4.273981750011e-01  -3.900166228414e-02   1.373378187418e-01  -1.967714130878e-01 
  4.010825976729e-02  -1.417786031961e-01  -4.585730135441e-01  -5.372847318649e-01  -1.330997794867e-01  -2.577342987061e-01  -6.172090172768e-01   9.781291335821e-02  -6.234698742628e-02 
 -6.297951936722e-01   4.754557460546e-02  -4.621392786503e-01   0.000000000000e+00   0.000000000000e+00  -7.041292190552e-01   0.000000000000e+00   0.000000000000e+00  -5.358478426933e-01 
  0.000000000000e+00   0.000000000000e+00  -5.358478426933e-01   0.000000000000e+00   1.977649182081e-01  -6.860649585724e-01   0.000000000000e+00   1.977649182081e-01  -6.860649585724e-01 
  9.654300287366e-03   1.534145474434e-01  -5.738373994827e-01   1.086684018373e-01  -1.194827724248e-02  -6.821564435959e-01  -3.185324668884e-01   1.697917119600e-03  -4.487626552582e-01 
 -5.181525349617e-01   9.247229248285e-02  -2.562560141087e-01  -5.716516971588e-01   0.000000000000e+00  -2.690190374851e-01  -3.257032930851e-01   0.000000000000e+00  -4.915608763695e-01 
 -1.267892271280e-01   1.978023210540e-03  -5.256763696671e-01  -1.267892271280e-01   1.978023210540e-03  -5.256763696671e-01   0.000000000000e+00  -1.915922015905e-02  -5.762353539467e-01 
  0.000000000000e+00  -1.915922015905e-02  -5.762353539467e-01   4.549299553037e-02   1.376760192215e-02  -5.830709934235e-01   3.154342174530e-01  -1.796503923833e-02  -1.127721786499e+00 
  1.018134355545e+00   0.000000000000e+00  -5.633621692657e+00   7.696830630302e-01   5.628995969892e-02  -7.545333504677e-01   4.306256771088e-01   4.388977214694e-02  -1.000000014901e-01 
  4.000877439976e-01   3.746362030506e-02  -8.503515124321e-01   6.001431345940e-01   2.672630921006e-02  -4.340047836304e-01   6.001431345940e-01   2.672630921006e-02  -4.340047836304e-01 
  0.000000000000e+00   3.247126936913e-02  -3.809660971165e-01   0.000000000000e+00   3.247126936913e-02  -3.809660971165e-01   2.134099230170e-02   1.017225533724e-01  -4.600970447063e-01 
  6.719284653664e-01  -4.764656350017e-02  -1.244934558868e+00   1.087481141090e+00  -9.561648219824e-02  -3.752660989761e+00   6.450577378273e-01   6.208394467831e-02  -1.081812620163e+00 
  4.965589344501e-01   3.417137637734e-02  -1.193637609482e+00   4.501293599606e-01   1.494902092963e-02  -1.281904816628e+00   0.000000000000e+00   7.668722420931e-03  -1.000000014901e-01 
  0.000000000000e+00   7.668722420931e-03  -1.000000014901e-01   0.000000000000e+00   0.000000000000e+00  -3.728263974190e-01   0.000000000000e+00   0.000000000000e+00  -3.728263974190e-01 
  1.653184890747e-01   0.000000000000e+00   3.368228971958e-01   4.299509525299e-01   0.000000000000e+00  -2.382304519415e-02   4.580400884151e-01   0.000000000000e+00  -2.144267559052e+00 
  5.139938592911e-01   0.000000000000e+00  -1.042616009712e+00   4.402115345001e-01   9.998643072322e-04  -1.119325160980e+00   4.423439502716e-01   4.854392260313e-03  -1.193581819534e+00 
  2.461017966270e-01   6.666607223451e-03  -8.174377679825e-01   2.461017966270e-01   6.666607223451e-03  -8.174377679825e-01   0.000000000000e+00   0.000000000000e+00  -3.728263974190e-01 
  0.000000000000e+00   0.000000000000e+00  -3.728263974190e-01   1.653184890747e-01   0.000000000000e+00   3.368228971958e-01   4.299509525299e-01   0.000000000000e+00  -2.382304519415e-02 
  4.580400884151e-01   0.000000000000e+00  -2.144267559052e+00   5.139938592911e-01   0.000000000000e+00  -1.042616009712e+00   4.402115345001e-01   9.998643072322e-04  -1.119325160980e+00 
  4.423439502716e-01   4.854392260313e-03  -1.193581819534e+00   2.461017966270e-01   6.666607223451e-03  -8.174377679825e-01   2.461017966270e-01   6.666607223451e-03  -8.174377679825e-01 
  0.000000000000e+00   8.461006917059e-03  -6.323982477188e-01   0.000000000000e+00   8.461006917059e-03  -6.323982477188e-01  -5.773390457034e-02   3.118501510471e-03  -2.004899382591e-01 
  2.532975077629e-01  -2.335967421532e-01  -5.815188288689e-01   2.525782585144e-01  -1.282427459955e-01  -5.901448726654e-01   1.328237354755e-01  -6.440447270870e-02  -5.565579533577e-01 
 -1.398502290249e-01  -1.268594246358e-02  -8.456515669823e-01  -1.213810592890e-01   2.117776079103e-03  -4.478330612183e-01  -7.645814865828e-02  -1.107819844037e-02  -2.919064760208e-01 
 -7.645814865828e-02  -1.107819844037e-02  -2.919064760208e-01   0.000000000000e+00   8.461006917059e-03  -6.323982477188e-01   0.000000000000e+00   8.461006917059e-03  -6.323982477188e-01 
 -5.773390457034e-02   3.118501510471e-03  -2.004899382591e-01   2.532975077629e-01  -2.335967421532e-01  -5.815188288689e-01   2.525782585144e-01  -1.282427459955e-01  -5.901448726654e-01 
  1.328237354755e-01  -6.440447270870e-02  -5.565579533577e-01  -1.398502290249e-01  -1.268594246358e-02  -8.456515669823e-01  -1.213810592890e-01   2.117776079103e-03  -4.478330612183e-01 
 -7.645814865828e-02  -1.107819844037e-02  -2.919064760208e-01  -7.645814865828e-02  -1.107819844037e-02  -2.919064760208e-01   0.000000000000e+00   6.643708795309e-02  -3.381974995136e-01 
  0.000000000000e+00   6.643708795309e-02  -3.381974995136e-01  -4.692833870649e-02   1.380117423832e-02  -1.337704830803e-03   2.939414083958e-01  -1.582874804735e-01  -5.621009469032e-01 
  4.310945868492e-01  -1.418647766113e-01  -4.056172668934e-01  -2.177882790565e-01   1.839813776314e-02  -6.847377419472e-01  -1.601440757513e-01   0.000000000000e+00  -1.062597870827e+00 
 -1.585399359465e-01   8.830704726279e-03  -1.062577605247e+00  -9.612688422203e-02   2.596625126898e-04  -7.018096446991e-01  -9.612688422203e-02   2.596625126898e-04  -7.018096446991e-01 
  0.000000000000e+00  -7.541875541210e-02  -2.784163355827e-01   0.000000000000e+00  -7.541875541210e-02  -2.784163355827e-01  -4.922623280436e-03  -3.306901827455e-02  -1.188703328371e-01 
  1.311044692993e-01  -8.958987891674e-02  -4.715426862240e-01  -6.144860982895e-01  -3.591465950012e-01   5.847624316812e-02  -4.301039874554e-01   6.036981195211e-02  -5.313950777054e-01 
 -1.633352041245e-01   5.815662816167e-02  -1.071972250938e+00  -1.578183621168e-01   2.839630283415e-02  -1.062597870827e+00   0.000000000000e+00   1.692220196128e-02  -1.000000014901e-01 
  0.000000000000e+00   1.692220196128e-02  -1.000000014901e-01   0.000000000000e+00   1.186642423272e-01   1.164046972990e-01   0.000000000000e+00   1.186642423272e-01   1.164046972990e-01 
 -6.989583373070e-02   1.127755045891e-01   8.013084530830e-02  -4.817822575569e-02  -1.194409653544e-01  -3.062755465508e-01  -5.942488834262e-02  -4.769351333380e-02  -1.000000014901e-01 
  0.000000000000e+00   6.404139101505e-02  -1.010377928615e-01  -4.123480618000e-01   5.120921507478e-02  -5.377001166344e-01  -1.943546980619e-01   2.687899954617e-02  -7.308788299561e-01 
 -8.819160610437e-02   1.655625738204e-02  -5.270142555237e-01  -8.819160610437e-02   1.655625738204e-02  -5.270142555237e-01   0.000000000000e+00   3.337881863117e-01  -1.345041394234e-01 
  0.000000000000e+00   3.337881863117e-01  -1.345041394234e-01  -6.216769292951e-02   2.821207940578e-01  -1.826548874378e-01   9.654870629311e-02   5.085879564285e-02  -5.908849239349e-01 
  3.111177980900e-01  -9.214798919857e-03  -7.561327815056e-01  -7.490036636591e-02   0.000000000000e+00  -1.000000014901e-01  -3.887323439121e-01   1.923684589565e-02  -3.630184531212e-01 
  9.609581530094e-02   1.481566857547e-02  -1.286331415176e-01   6.458238363266e-01   1.401163917035e-02   6.243475526571e-02   6.458238363266e-01   1.401163917035e-02   6.243475526571e-02 
  0.000000000000e+00   7.744712382555e-02  -4.510732293129e-01   0.000000000000e+00   7.744712382555e-02  -4.510732293129e-01  -1.080353744328e-02   1.395975798368e-01  -3.408438861370e-01 
  4.969796240330e-01   1.140512228012e-01  -4.516271054745e-01   9.204401373863e-01   1.882373914123e-02  -2.930459022522e+00   8.652242422104e-01   3.289870172739e-02  -2.237854242325e+00 
  4.367201924324e-01   4.999179858714e-03  -5.440508127213e-01   1.674381375313e+00   0.000000000000e+00   3.931728303432e-01   1.426619887352e+00   0.000000000000e+00   4.927999079227e-01 
  1.426619887352e+00   0.000000000000e+00   4.927999079227e-01   0.000000000000e+00  -1.122148931026e-01  -4.435517191887e-01   0.000000000000e+00  -1.122148931026e-01  -4.435517191887e-01 
  1.499187499285e-01   2.639940977097e-01  -2.353143543005e-01   1.288628578186e+00   1.461511552334e-01  -6.522600054741e-01   1.333734631538e+00  -2.252206951380e-02  -8.627919554710e-01 
  8.284193277359e-01   1.682266034186e-02  -9.800630807877e-01   5.020716786385e-01   2.039932757616e-01  -9.340057373047e-01   0.000000000000e+00   0.000000000000e+00  -1.000000014901e-01 
  0.000000000000e+00   0.000000000000e+00  -1.000000014901e-01   0.000000000000e+00   0.000000000000e+00  -1.000000014901e-01   0.000000000000e+00   0.000000000000e+00   5.848478898406e-02 
  0.000000000000e+00   0.000000000000e+00   5.848478898406e-02   1.593439280987e-01   0.000000000000e+00  -5.839524045587e-02   1.787427663803e+00   0.000000000000e+00  -4.853595197201e-01 
  1.750484943390e+00  -2.140416836482e-05  -1.250046133995e+00   4.311885833740e-01  -4.774825356435e-06  -9.700628519058e-01   4.311885833740e-01   2.016569077969e-01  -1.036061763763e+00 
  3.968833188992e-04   0.000000000000e+00  -4.727719724178e-01   1.230743655469e-04   0.000000000000e+00  -7.756740599871e-02   1.230743655469e-04   0.000000000000e+00  -7.756740599871e-02 
  0.000000000000e+00   0.000000000000e+00   5.848478898406e-02   0.000000000000e+00   0.000000000000e+00   5.848478898406e-02   1.593439280987e-01   0.000000000000e+00  -5.839524045587e-02 
  1.787427663803e+00   0.000000000000e+00  -4.853595197201e-01   1.750484943390e+00  -2.140416836482e-05  -1.250046133995e+00   4.311885833740e-01  -4.774825356435e-06  -9.700628519058e-01 
  4.311885833740e-01   2.016569077969e-01  -1.036061763763e+00   3.968833188992e-04   0.000000000000e+00  -4.727719724178e-01   1.230743655469e-04   0.000000000000e+00  -7.756740599871e-02 
  1.230743655469e-04   0.000000000000e+00  -7.756740599871e-02   0.000000000000e+00  -4.708151519299e-02  -2.997486293316e-01   0.000000000000e+00  -4.708151519299e-02  -2.997486293316e-01 
 -6.690782308578e-02  -3.018987551332e-02  -5.832917690277e-01   0.000000000000e+00  -2.634112909436e-02  -1.000000014901e-01   0.000000000000e+00  -2.733252942562e-02  -1.000000014901e-01 
  0.000000000000e+00  -8.615648373961e-03  -3.176221549511e-01  -1.225516051054e-01  -1.724912412465e-02  -4.506447017193e-01  -1.164361536503e-01   2.043938729912e-03  -4.642954766750e-01 
 -8.803395181894e-02  -1.985244685784e-03  -3.867467641830e-01  -8.803395181894e-02  -1.985244685784e-03  -3.867467641830e-01   0.000000000000e+00  -4.708151519299e-02  -2.997486293316e-01 
  0.000000000000e+00  -4.708151519299e-02  -2.997486293316e-01  -6.690782308578e-02  -3.018987551332e-02  -5.832917690277e-01   0.000000000000e+00  -2.634112909436e-02  -1.000000014901e-01 
  0.000000000000e+00  -2.733252942562e-02  -1.000000014901e-01   0.000000000000e+00  -8.615648373961e-03  -3.176221549511e-01  -1.225516051054e-01  -1.724912412465e-02  -4.506447017193e-01 
 -1.164361536503e-01   2.043938729912e-03  -4.642954766750e-01  -8.803395181894e-02  -1.985244685784e-03  -3.867467641830e-01  -8.803395181894e-02  -1.985244685784e-03  -3.867467641830e-01 
  0.000000000000e+00   8.078276365995e-02  -1.537819355726e-01   0.000000000000e+00   8.078276365995e-02  -1.537819355726e-01  -1.856428384781e-02  -5.587454885244e-02  -1.254977136850e-01 
 -7.314052432775e-03  -3.614155575633e-02  -2.614409029484e-01  -4.730441141874e-03  -2.788014337420e-02  -3.001316487789e-01  -2.985220775008e-02   2.135751023889e-02  -4.274071156979e-01 
 -1.374591737986e-01   0.000000000000e+00  -1.000000014901e-01  -1.072544306517e-01   1.046133507043e-02  -4.963143765926e-01  -7.613641023636e-02   8.507718332112e-03  -4.732278287411e-01 
 -7.613641023636e-02   8.507718332112e-03  -4.732278287411e-01   0.000000000000e+00  -5.731750726700e-01  -2.022024691105e-01   0.000000000000e+00  -5.731750726700e-01  -2.022024691105e-01 
  2.549616061151e-02  -4.837074875832e-01  -1.879508197308e-01   2.402544952929e-02  -3.655259907246e-01  -2.325768023729e-01   7.413893193007e-02  -2.170762866735e-01  -7.360720634460e-02 
  1.299902647734e-01   4.211712256074e-02  -3.215290904045e-01  -1.237668097019e-01   0.000000000000e+00  -1.000000014901e-01   0.000000000000e+00   2.050570771098e-02  -1.000000014901e-01 
  0.000000000000e+00   1.981756836176e-02  -1.000000014901e-01   0.000000000000e+00   1.981756836176e-02  -1.000000014901e-01   0.000000000000e+00  -6.202540174127e-02  -4.514449238777e-01 
  0.000000000000e+00  -6.202540174127e-02  -4.514449238777e-01   2.253174223006e-02  -5.712138488889e-02  -3.857955336571e-01   1.566441729665e-02  -4.932487010956e-02  -2.808624505997e-01 
  1.766478121281e-01  -5.252833478153e-03  -1.000000014901e-01   1.939615458250e-01  -8.433741517365e-03  -1.000000014901e-01   1.483377367258e-01   3.666487336159e-02  -3.247282505035e-01 
 -1.663572639227e-01   2.944333851337e-02  -4.752433896065e-01  -7.687775790691e-02   2.346868440509e-02  -2.004819661379e-01  -7.687775790691e-02   2.346868440509e-02  -2.004819661379e-01 
  0.000000000000e+00   1.784039586782e-01   7.703051436692e-03   0.000000000000e+00   1.784039586782e-01   7.703051436692e-03  -4.043910279870e-02  -4.455086216331e-02  -5.480630323291e-02 
  0.000000000000e+00   0.000000000000e+00  -3.567021787167e-01   0.000000000000e+00   0.000000000000e+00  -1.000000014901e-01   0.000000000000e+00  -9.429764002562e-03  -1.000000014901e-01 
  0.000000000000e+00   1.155439997092e-03   1.370069384575e-01   0.000000000000e+00   8.642746834084e-04  -1.000000014901e-01   0.000000000000e+00   0.000000000000e+00   7.194795012474e-01 
  0.000000000000e+00   0.000000000000e+00   7.194795012474e-01   0.000000000000e+00   1.386618912220e-01  -8.391571789980e-02   0.000000000000e+00   1.386618912220e-01  -8.391571789980e-02 
 -4.400073550642e-03   1.502583920956e-01  -7.152783125639e-02   2.772867679596e-01   0.000000000000e+00  -3.507608175278e-01   2.316725850105e-01  -4.227077588439e-03  -5.547733902931e-01 
  1.143115833402e-01  -8.382495492697e-03  -5.026904940605e-01   0.000000000000e+00   0.000000000000e+00   5.282331705093e-01   3.579620838165e+00   0.000000000000e+00   1.163387537003e+00 
  3.579620838165e+00   0.000000000000e+00   1.163387537003e+00   3.579620838165e+00   0.000000000000e+00   1.163387537003e+00   0.000000000000e+00   6.253950297832e-02  -1.517382115126e-01 
  0.000000000000e+00   6.253950297832e-02  -1.517382115126e-01   1.296137422323e-01   1.771446168423e-01  -2.310869395733e-01   1.046331644058e+00   3.320065736771e-01  -4.584014713764e-01 
  1.141082644463e+00   2.341645658016e-01  -8.800030946732e-01   0.000000000000e+00   3.257312476635e-01  -5.024242997169e-01   0.000000000000e+00   4.100348353386e-01  -1.000000014901e-01 
  3.754722356796e+00   5.851362943649e-01   1.338488936424e+00   3.404519557953e+00   0.000000000000e+00   1.163387537003e+00   3.404519557953e+00   0.000000000000e+00   1.163387537003e+00 
  0.000000000000e+00   0.000000000000e+00  -2.058074921370e-01   0.000000000000e+00   0.000000000000e+00  -2.058074921370e-01   1.020800098777e-01   0.000000000000e+00  -3.344548344612e-01 
  1.180194020271e+00   0.000000000000e+00  -9.735676050186e-01   1.488703131676e+00   3.261993115302e-04  -9.278333783150e-01   6.812367439270e-01   1.908635795116e-01  -1.000000014901e-01 
  1.857127100229e-01   4.100348353386e-01  -1.008615866303e-01   0.000000000000e+00   0.000000000000e+00  -1.000000014901e-01   0.000000000000e+00   0.000000000000e+00   5.316937565804e-01 
  0.000000000000e+00   0.000000000000e+00   5.316937565804e-01   0.000000000000e+00   0.000000000000e+00  -2.058074921370e-01   0.000000000000e+00   0.000000000000e+00  -2.058074921370e-01 
  1.020800098777e-01   0.000000000000e+00  -3.344548344612e-01   1.180194020271e+00   0.000000000000e+00  -9.735676050186e-01   1.488703131676e+00   3.261993115302e-04  -9.278333783150e-01 
  6.812367439270e-01   1.908635795116e-01  -1.000000014901e-01   1.857127100229e-01   4.100348353386e-01  -1.008615866303e-01   0.000000000000e+00   0.000000000000e+00  -1.000000014901e-01 
  0.000000000000e+00   0.000000000000e+00   5.316937565804e-01   0.000000000000e+00   0.000000000000e+00   5.316937565804e-01   0.000000000000e+00  -3.814122825861e-02  -2.079648673534e-01 
  0.000000000000e+00  -3.814122825861e-02  -2.079648673534e-01  -8.971671573818e-03   6.052348390222e-02  -9.515899419785e-02   5.971465725452e-04   0.000000000000e+00  -9.047912433743e-03 
  0.000000000000e+00   0.000000000000e+00  -1.000000014901e-01   0.000000000000e+00   0.000000000000e+00  -1.060166954994e-01  -3.213297203183e-02  -3.774424083531e-03  -2.230255007744e-01 
 -7.145290076733e-02   2.665044041350e-03  -3.467628955841e-01  -6.290104985237e-02   3.305080346763e-03  -3.553964495659e-01  -6.290104985237e-02   3.305080346763e-03  -3.553964495659e-01 
  0.000000000000e+00  -3.814122825861e-02  -2.079648673534e-01   0.000000000000e+00  -3.814122825861e-02  -2.079648673534e-01  -8.971671573818e-03   6.052348390222e-02  -9.515899419785e-02 
  5.971465725452e-04   0.000000000000e+00  -9.047912433743e-03   0.000000000000e+00   0.000000000000e+00  -1.000000014901e-01   0.000000000000e+00   0.000000000000e+00  -1.060166954994e-01 
 -3.213297203183e-02  -3.774424083531e-03  -2.230255007744e-01  -7.145290076733e-02   2.665044041350e-03  -3.467628955841e-01  -6.290104985237e-02   3.305080346763e-03  -3.553964495659e-01 
 -6.290104985237e-02   3.305080346763e-03  -3.553964495659e-01   0.000000000000e+00   1.815179176629e-02   2.688648998737e-01   0.000000000000e+00   1.815179176629e-02   2.688648998737e-01 
 -1.915721409023e-02  -3.078671693802e-01   1.367895901203e-01   2.512785047293e-02   0.000000000000e+00   9.120975434780e-02   0.000000000000e+00   0.000000000000e+00  -3.408916294575e-02 
 -1.643267460167e-03   1.758961472660e-03  -4.112413227558e-01  -7.642953842878e-02   1.752031384967e-03  -1.000000014901e-01  -5.375878512859e-02   9.458154439926e-03  -2.836453616619e-01 
 -1.198737882078e-02   1.149412058294e-02  -3.111988902092e-01  -1.198737882078e-02   1.149412058294e-02  -3.111988902092e-01   0.000000000000e+00  -1.274096816778e-01  -4.715901985765e-02 
  0.000000000000e+00  -1.274096816778e-01  -4.715901985765e-02  -6.372120697051e-04   0.000000000000e+00  -2.194110862911e-02   0.000000000000e+00   0.000000000000e+00  -4.646487906575e-02 
  0.000000000000e+00   0.000000000000e+00  -3.866674005985e-01   0.000000000000e+00   4.218716640025e-03  -4.373735487461e-01  -4.546304047108e-02   4.866273142397e-03  -1.053474992514e-01 
  5.928175896406e-02   1.567283645272e-02  -9.860781580210e-02   1.623190939426e-01   1.922495849431e-02  -6.253343820572e-02   1.623190939426e-01   1.922495849431e-02  -6.253343820572e-02 
  0.000000000000e+00  -3.518748283386e-01  -3.452372923493e-02   0.000000000000e+00  -3.518748283386e-01  -3.452372923493e-02  -2.755120396614e-02  -3.399705290794e-01  -4.589429497719e-02 
  0.000000000000e+00   0.000000000000e+00  -4.932645857334e-01   3.965799808502e-01   0.000000000000e+00  -5.037349462509e-01   3.965799808502e-01   0.000000000000e+00  -5.029289722443e-01 
  0.000000000000e+00   1.343654189259e-02  -4.213842153549e-01   4.141727983952e-01   1.827236451209e-02   4.507976397872e-02   8.918402791023e-01   2.347132563591e-02   3.489513695240e-01 
  8.918402791023e-01   2.347132563591e-02   3.489513695240e-01   0.000000000000e+00   1.253539025784e-01  -1.696396619081e-01   0.000000000000e+00   1.253539025784e-01  -1.696396619081e-01 
 -4.033545032144e-02  -8.613979443908e-03  -2.550403177738e-01   3.177071213722e-01   0.000000000000e+00  -4.928046762943e-01   3.848257958889e-01  -3.113733045757e-02  -5.154891014099e-01 
  4.083341360092e-01  -1.938316226006e-02  -5.037349462509e-01   0.000000000000e+00   0.000000000000e+00  -3.119390010834e-01   1.128749489784e+00   2.309359115316e-04   6.908314824104e-01 
  1.871981024742e+00   3.429888188839e-02   9.054800868034e-01   1.871981024742e+00   3.429888188839e-02   9.054800868034e-01   0.000000000000e+00   4.048318862915e-01  -2.616654932499e-01 
  0.000000000000e+00   4.048318862915e-01  -2.616654932499e-01  -7.649253308773e-02   2.579711079597e-01  -5.204471945763e-01   3.020640313625e-01  -4.671229515225e-03  -1.019822359085e+00 
  0.000000000000e+00  -7.628994528204e-03  -5.258662104607e-01   0.000000000000e+00  -1.938316226006e-02  -4.964573085308e-01   0.000000000000e+00   0.000000000000e+00   5.306206345558e-01 
  3.579620838165e+00   0.000000000000e+00   1.163387537003e+00   3.579620838165e+00   8.196402341127e-02   1.163387537003e+00   3.579620838165e+00   8.196402341127e-02   1.163387537003e+00 
  0.000000000000e+00   2.517032027245e-01   8.015770465136e-02   0.000000000000e+00   2.517032027245e-01   8.015770465136e-02   5.726401135325e-02   2.144239097834e-01  -8.362979441881e-02 
  4.843070507050e-01   2.714305520058e-01  -2.375597655773e-01   5.058465003967e-01   0.000000000000e+00  -4.539609849453e-01   1.442765146494e-01   0.000000000000e+00  -2.696444094181e-01 
  1.832804441452e+00   4.100348353386e-01  -1.000000014901e-01   3.579620838165e+00   4.100348353386e-01   9.882860779762e-01   3.579620838165e+00   2.050174176693e-01   1.163387537003e+00 
  3.579620838165e+00   2.050174176693e-01   1.163387537003e+00   0.000000000000e+00   0.000000000000e+00  -2.163186222315e-01   0.000000000000e+00   0.000000000000e+00  -2.163186222315e-01 
  5.506475642323e-02   6.631514430046e-02  -1.669521033764e-01   6.515395045280e-01   6.751978397369e-02  -6.706132292747e-01   9.962327480316e-01   2.301845513284e-02  -7.519783377647e-01 
  6.113334298134e-01   2.180356830359e-01  -1.287223696709e-01   1.132652163506e+00   4.100348353386e-01  -1.002671793103e-01   1.789810419083e+00   4.100348353386e-01  -1.000000014901e-01 
  1.789810419083e+00   2.050174176693e-01   5.316937565804e-01   1.789810419083e+00   2.050174176693e-01   5.316937565804e-01   0.000000000000e+00   0.000000000000e+00  -2.163186222315e-01 
  0.000000000000e+00   0.000000000000e+00  -2.163186222315e-01   5.506475642323e-02   6.631514430046e-02  -1.669521033764e-01   6.515395045280e-01   6.751978397369e-02  -6.706132292747e-01 
  9.962327480316e-01   2.301845513284e-02  -7.519783377647e-01   6.113334298134e-01   2.180356830359e-01  -1.287223696709e-01   1.132652163506e+00   4.100348353386e-01  -1.002671793103e-01 
  1.789810419083e+00   4.100348353386e-01  -1.000000014901e-01   1.789810419083e+00   2.050174176693e-01   5.316937565804e-01   1.789810419083e+00   2.050174176693e-01   5.316937565804e-01 
  0.000000000000e+00  -3.814122825861e-02  -2.079648673534e-01   0.000000000000e+00  -3.814122825861e-02  -2.079648673534e-01  -8.971671573818e-03   6.052348390222e-02  -9.515899419785e-02 
  5.971465725452e-04   0.000000000000e+00  -9.047912433743e-03   0.000000000000e+00   0.000000000000e+00  -1.000000014901e-01   0.000000000000e+00   0.000000000000e+00  -1.060166954994e-01 
 -3.213297203183e-02  -3.774424083531e-03  -2.230255007744e-01  -7.145290076733e-02   2.665044041350e-03  -3.467628955841e-01  -6.290104985237e-02   3.305080346763e-03  -3.553964495659e-01 
 -6.290104985237e-02   3.305080346763e-03  -3.553964495659e-01   0.000000000000e+00  -3.814122825861e-02  -2.079648673534e-01   0.000000000000e+00  -3.814122825861e-02  -2.079648673534e-01 
 -8.971671573818e-03   6.052348390222e-02  -9.515899419785e-02   5.971465725452e-04   0.000000000000e+00  -9.047912433743e-03   0.000000000000e+00   0.000000000000e+00  -1.000000014901e-01 
  0.000000000000e+00   0.000000000000e+00  -1.060166954994e-01  -3.213297203183e-02  -3.774424083531e-03  -2.230255007744e-01  -7.145290076733e-02   2.665044041350e-03  -3.467628955841e-01 
 -6.290104985237e-02   3.305080346763e-03  -3.553964495659e-01  -6.290104985237e-02   3.305080346763e-03  -3.553964495659e-01   0.000000000000e+00   1.815179176629e-02   2.688648998737e-01 
  0.000000000000e+00   1.815179176629e-02   2.688648998737e-01  -1.915721409023e-02  -3.078671693802e-01   1.367895901203e-01   2.512785047293e-02   0.000000000000e+00   9.120975434780e-02 
  0.000000000000e+00   0.000000000000e+00  -3.408916294575e-02  -1.643267460167e-03   1.758961472660e-03  -4.112413227558e-01  -7.642953842878e-02   1.752031384967e-03  -1.000000014901e-01 
 -5.375878512859e-02   9.458154439926e-03  -2.836453616619e-01  -1.198737882078e-02   1.149412058294e-02  -3.111988902092e-01  -1.198737882078e-02   1.149412058294e-02  -3.111988902092e-01 
  0.000000000000e+00  -1.274096816778e-01  -4.715901985765e-02   0.000000000000e+00  -1.274096816778e-01  -4.715901985765e-02  -6.372120697051e-04   0.000000000000e+00  -2.194110862911e-02 
  0.000000000000e+00   0.000000000000e+00  -4.646487906575e-02   0.000000000000e+00   0.000000000000e+00  -3.866674005985e-01   0.000000000000e+00   4.218716640025e-03  -4.373735487461e-01 
 -4.546304047108e-02   4.866273142397e-03  -1.053474992514e-01   5.928175896406e-02   1.567283645272e-02  -9.860781580210e-02   1.623190939426e-01   1.922495849431e-02  -6.253343820572e-02 
  1.623190939426e-01   1.922495849431e-02  -6.253343820572e-02   0.000000000000e+00  -3.518748283386e-01  -3.452372923493e-02   0.000000000000e+00  -3.518748283386e-01  -3.452372923493e-02 
 -2.755120396614e-02  -3.399705290794e-01  -4.589429497719e-02   0.000000000000e+00   0.000000000000e+00  -4.932645857334e-01   3.965799808502e-01   0.000000000000e+00  -5.037349462509e-01 
  3.965799808502e-01   0.000000000000e+00  -5.029289722443e-01   0.000000000000e+00   1.343654189259e-02  -4.213842153549e-01   4.141727983952e-01   1.827236451209e-02   4.507976397872e-02 
  8.918402791023e-01   2.347132563591e-02   3.489513695240e-01   8.918402791023e-01   2.347132563591e-02   3.489513695240e-01   0.000000000000e+00   1.253539025784e-01  -1.696396619081e-01 
  0.000000000000e+00   1.253539025784e-01  -1.696396619081e-01  -4.033545032144e-02  -8.613979443908e-03  -2.550403177738e-01   3.177071213722e-01   0.000000000000e+00  -4.928046762943e-01 
  3.848257958889e-01  -3.113733045757e-02  -5.154891014099e-01   4.083341360092e-01  -1.938316226006e-02  -5.037349462509e-01   0.000000000000e+00   0.000000000000e+00  -3.119390010834e-01 
  1.128749489784e+00   2.309359115316e-04   6.908314824104e-01   1.871981024742e+00   3.429888188839e-02   9.054800868034e-01   1.871981024742e+00   3.429888188839e-02   9.054800868034e-01 
  0.000000000000e+00   4.048318862915e-01  -2.616654932499e-01   0.000000000000e+00   4.048318862915e-01  -2.616654932499e-01  -7.649253308773e-02   2.579711079597e-01  -5.204471945763e-01 
  3.020640313625e-01  -4.671229515225e-03  -1.019822359085e+00   0.000000000000e+00  -7.628994528204e-03  -5.258662104607e-01   0.000000000000e+00  -1.938316226006e-02  -4.964573085308e-01 
  0.000000000000e+00   0.000000000000e+00   5.306206345558e-01   3.579620838165e+00   0.000000000000e+00   1.163387537003e+00   3.579620838165e+00   8.196402341127e-02   1.163387537003e+00 
  3.579620838165e+00   8.196402341127e-02   1.163387537003e+00   0.000000000000e+00   2.517032027245e-01   8.015770465136e-02   0.000000000000e+00   2.517032027245e-01   8.015770465136e-02 
  5.726401135325e-02   2.144239097834e-01  -8.362979441881e-02   4.843070507050e-01   2.714305520058e-01  -2.375597655773e-01   5.058465003967e-01   0.000000000000e+00  -4.539609849453e-01 
  1.442765146494e-01   0.000000000000e+00  -2.696444094181e-01   1.832804441452e+00   4.100348353386e-01  -1.000000014901e-01   3.579620838165e+00   4.100348353386e-01   9.882860779762e-01 
  3.579620838165e+00   2.050174176693e-01   1.163387537003e+00   3.579620838165e+00   2.050174176693e-01   1.163387537003e+00   0.000000000000e+00   0.000000000000e+00  -2.163186222315e-01 
  0.000000000000e+00   0.000000000000e+00  -2.163186222315e-01   5.506475642323e-02   6.631514430046e-02  -1.669521033764e-01   6.515395045280e-01   6.751978397369e-02  -6.706132292747e-01 
  9.962327480316e-01   2.301845513284e-02  -7.519783377647e-01   6.113334298134e-01   2.180356830359e-01  -1.287223696709e-01   1.132652163506e+00   4.100348353386e-01  -1.002671793103e-01 
  1.789810419083e+00   4.100348353386e-01  -1.000000014901e-01   1.789810419083e+00   2.050174176693e-01   5.316937565804e-01   1.789810419083e+00   2.050174176693e-01   5.316937565804e-01 
  0.000000000000e+00   0.000000000000e+00  -2.163186222315e-01   0.000000000000e+00   0.000000000000e+00  -2.163186222315e-01   5.506475642323e-02   6.631514430046e-02  -1.669521033764e-01 
  6.515395045280e-01   6.751978397369e-02  -6.706132292747e-01   9.962327480316e-01   2.301845513284e-02  -7.519783377647e-01   6.113334298134e-01   2.180356830359e-01  -1.287223696709e-01 
  1.132652163506e+00   4.100348353386e-01  -1.002671793103e-01   1.789810419083e+00   4.100348353386e-01  -1.000000014901e-01   1.789810419083e+00   2.050174176693e-01   5.316937565804e-01 
  1.789810419083e+00   2.050174176693e-01   5.316937565804e-01 

