# vtk DataFile Version 2.0
Written using VisIt writer
ASCII
DATASET RECTILINEAR_GRID
DIMENSIONS 10 10 10
X_COORDINATES 10 float
  0.000000000000e+00   5.000000000000e-01   1.000000000000e+00   1.500000000000e+00   2.000000000000e+00   2.500000000000e+00   3.000000000000e+00   3.500000000000e+00   4.000000000000e+00 
  4.500000000000e+00 
Y_COORDINATES 10 float
  0.000000000000e+00   5.000000000000e-01   1.000000000000e+00   1.500000000000e+00   2.000000000000e+00   2.500000000000e+00   3.000000000000e+00   3.500000000000e+00   4.000000000000e+00 
  4.500000000000e+00 
Z_COORDINATES 10 float
  0.000000000000e+00   5.000000000000e-01   1.000000000000e+00   1.500000000000e+00   2.000000000000e+00   2.500000000000e+00   3.000000000000e+00   3.500000000000e+00   4.000000000000e+00 
  4.500000000000e+00 
CELL_DATA 729
POINT_DATA 1000
VECTORS velocity float
  0.000000000000e+00  -2.293635904789e-01  -3.290983438492e-01   6.409009434272e-10   2.330132531370e-09   2.665739184948e-09   2.685248091439e-06   6.409978658972e-10   6.235323368742e-10 
  1.036634519696e-01  -2.451711446047e-01  -3.647108674049e-01   6.700733301557e-10   8.142401683453e-13   1.357144891258e-19   6.337064206718e-10   1.724700808836e-07   6.410545982938e-10 
 -1.230420619249e-01  -2.432576864958e-01  -3.912610411644e-01   2.640485945449e-06   6.701442178958e-10   6.409694996989e-10   1.680083369138e-04   2.330132531370e-09   6.664347962371e-10 
 -1.289980262518e-01  -2.818962931633e-01  -3.582628369331e-01   0.000000000000e+00  -2.293635904789e-01  -3.290983438492e-01   6.409690556097e-10   8.142401683453e-13   1.356847106238e-19 
 -3.244468942285e-02  -2.598974704742e-01  -3.260216414928e-01   1.036634519696e-01  -2.451711446047e-01  -3.647108674049e-01   6.409689445874e-10   6.409690556097e-10   6.409690556097e-10 
 -7.891404442489e-03  -2.051609903574e-01  -3.961514830589e-01  -1.230420619249e-01  -2.432576864958e-01  -3.912610411644e-01   1.356847106238e-19   6.336922098171e-10   6.409690556097e-10 
 -1.289980262518e-01  -2.818962931633e-01  -3.582628369331e-01  -1.289980262518e-01  -2.818962931633e-01  -3.582628369331e-01   0.000000000000e+00   2.487674951553e-01  -3.434745371342e-01 
  0.000000000000e+00   2.487674951553e-01  -3.434745371342e-01  -1.227658465505e-01   1.406393796206e-01  -3.419284820557e-01  -1.056575030088e-02   3.325937315822e-02  -3.468019664288e-01 
 -6.975702196360e-02   9.675939567387e-03  -3.520485758781e-01   7.660173624754e-02   4.469900950789e-02  -3.630884289742e-01  -5.463723093271e-02   1.216488555074e-01  -3.733942508698e-01 
  4.162311181426e-02   2.505773901939e-01  -3.847291171551e-01  -1.249967664480e-01   2.670906782150e-01  -3.899259865284e-01  -1.249967664480e-01   2.670906782150e-01  -3.899259865284e-01 
  0.000000000000e+00  -4.375212267041e-02  -3.415439128876e-01   0.000000000000e+00  -4.375212267041e-02  -3.415439128876e-01  -6.518135219812e-02  -2.364170737565e-02  -3.504910171032e-01 
  6.617136299610e-02   8.582030981779e-02  -3.936300873756e-01  -8.764174580574e-02   3.447153046727e-02  -4.017447829247e-01  -6.952479481697e-02  -1.218437924981e-01  -3.759637773037e-01 
 -1.375524997711e-01  -1.471147537231e-01  -3.920430541039e-01   8.436974883080e-02  -1.004491820931e-01  -3.788134753704e-01  -9.872569888830e-02  -9.102136641741e-02  -3.780946433544e-01 
 -9.872569888830e-02  -9.102136641741e-02  -3.780946433544e-01   0.000000000000e+00  -7.783181220293e-02  -3.303913474083e-01   0.000000000000e+00  -7.783181220293e-02  -3.303913474083e-01 
 -1.435044705868e-01  -1.345793753862e-01  -3.619827032089e-01   1.215335577726e-01  -8.433902263641e-02  -3.700587749481e-01  -8.595353923738e-03  -1.842433772981e-02  -3.737059533596e-01 
  6.419216841459e-02   1.237805113196e-01  -3.910339176655e-01  -1.073218360543e-01   1.298640668392e-01  -4.038111567497e-01  -8.276456594467e-02  -8.259923011065e-02  -3.745443522930e-01 
 -1.682462841272e-01  -1.382938772440e-01  -3.798771500587e-01  -1.682462841272e-01  -1.382938772440e-01  -3.798771500587e-01   0.000000000000e+00   1.181777119637e-01  -3.589267432690e-01 
  0.000000000000e+00   1.181777119637e-01  -3.589267432690e-01  -1.129647120833e-01   1.320081055164e-01  -3.719794154167e-01  -7.730176299810e-02  -9.855902194977e-02  -3.650988936424e-01 
 -1.194807216525e-01  -1.474353373051e-01  -3.722302317619e-01   1.191442608833e-01  -9.621262550354e-02  -3.660547435284e-01  -8.857653476298e-03  -2.544304355979e-03  -3.767663836479e-01 
  4.557318240404e-02   1.332684457302e-01  -3.931168317795e-01  -1.190153136849e-01   1.823601722717e-01  -3.982895612717e-01  -1.190153136849e-01   1.823601722717e-01  -3.982895612717e-01 
  0.000000000000e+00  -9.992165118456e-02  -3.228835165501e-01   0.000000000000e+00  -9.992165118456e-02  -3.228835165501e-01  -3.549987077713e-02  -1.052531879395e-02  -3.376937806606e-01 
  6.588187068701e-02   1.412373632193e-01  -3.852946162224e-01  -1.190846711397e-01   1.203719303012e-01  -3.972613811493e-01  -6.975334137678e-02  -1.035512387753e-01  -3.720689415932e-01 
 -1.029249504209e-01  -1.458842903376e-01  -3.683116137981e-01   5.256525799632e-02  -1.321503818035e-01  -3.558779358864e-01  -1.142571344972e-01  -1.190433278680e-01  -3.573298454285e-01 
 -1.142571344972e-01  -1.190433278680e-01  -3.573298454285e-01   0.000000000000e+00  -1.499641090631e-01  -3.267955183983e-01   0.000000000000e+00  -1.499641090631e-01  -3.267955183983e-01 
 -1.191245540977e-01  -1.479194760323e-01  -3.383077085018e-01   1.352716088295e-01  -6.553654093295e-03  -3.678151071072e-01  -2.511810977012e-03   8.517476916313e-02  -3.825551867485e-01 
  6.400302052498e-02   1.554929763079e-01  -4.021294116974e-01  -1.266862750053e-01   7.464792579412e-02  -4.072621762753e-01  -9.959418326616e-02  -1.353248059750e-01  -3.785226345062e-01 
 -1.402867585421e-01  -1.674830913544e-01  -4.054825007915e-01  -1.402867585421e-01  -1.674830913544e-01  -4.054825007915e-01   0.000000000000e+00   0.000000000000e+00  -3.721640110016e-01 
  0.000000000000e+00   0.000000000000e+00  -3.721640110016e-01  -1.578182280064e-01   0.000000000000e+00  -3.601459860802e-01  -7.126317173243e-02   0.000000000000e+00  -3.246006071568e-01 
 -1.167275682092e-01   0.000000000000e+00  -3.269563913345e-01   2.640859484673e-01   0.000000000000e+00  -3.798231184483e-01   4.843084514141e-02   0.000000000000e+00  -4.345709085464e-01 
  2.453343197703e-02   0.000000000000e+00  -4.620831906796e-01   2.974628238007e-03   0.000000000000e+00  -4.718941748142e-01   2.974628238007e-03   0.000000000000e+00  -4.718941748142e-01 
  0.000000000000e+00   0.000000000000e+00  -3.721640110016e-01   0.000000000000e+00   0.000000000000e+00  -3.721640110016e-01  -1.578182280064e-01   0.000000000000e+00  -3.601459860802e-01 
 -7.126317173243e-02   0.000000000000e+00  -3.246006071568e-01  -1.167275682092e-01   0.000000000000e+00  -3.269563913345e-01   2.640859484673e-01   0.000000000000e+00  -3.798231184483e-01 
  4.843084514141e-02   0.000000000000e+00  -4.345709085464e-01   2.453343197703e-02   0.000000000000e+00  -4.620831906796e-01   2.974628238007e-03   0.000000000000e+00  -4.718941748142e-01 
  2.974628238007e-03   0.000000000000e+00  -4.718941748142e-01   0.000000000000e+00  -2.293635904789e-01  -3.290983438492e-01   0.000000000000e+00  -2.293635904789e-01  -3.290983438492e-01 
 -3.244468942285e-02  -2.598974704742e-01  -3.260216414928e-01   1.036634519696e-01  -2.451711446047e-01  -3.647108674049e-01  -1.299569010735e-02  -2.472675144672e-01  -3.894020318985e-01 
 -7.891404442489e-03  -2.051609903574e-01  -3.961514830589e-01  -1.230420619249e-01  -2.432576864958e-01  -3.912610411644e-01  -3.359325230122e-02  -2.452317625284e-01  -3.630872964859e-01 
 -1.289980262518e-01  -2.818962931633e-01  -3.582628369331e-01  -1.289980262518e-01  -2.818962931633e-01  -3.582628369331e-01   0.000000000000e+00  -2.293635904789e-01  -3.290983438492e-01 
  0.000000000000e+00  -2.293635904789e-01  -3.290983438492e-01  -3.244468942285e-02  -2.598974704742e-01  -3.260216414928e-01   1.036634519696e-01  -2.451711446047e-01  -3.647108674049e-01 
 -1.299569010735e-02  -2.472675144672e-01  -3.894020318985e-01  -7.891404442489e-03  -2.051609903574e-01  -3.961514830589e-01  -1.230420619249e-01  -2.432576864958e-01  -3.912610411644e-01 
 -3.359325230122e-02  -2.452317625284e-01  -3.630872964859e-01  -1.289980262518e-01  -2.818962931633e-01  -3.582628369331e-01  -1.289980262518e-01  -2.818962931633e-01  -3.582628369331e-01 
  0.000000000000e+00   2.487674951553e-01  -3.434745371342e-01   0.000000000000e+00   2.487674951553e-01  -3.434745371342e-01  -1.227658465505e-01   1.406393796206e-01  -3.419284820557e-01 
 -1.056575030088e-02   3.325937315822e-02  -3.468019664288e-01  -6.975702196360e-02   9.675939567387e-03  -3.520485758781e-01   7.660173624754e-02   4.469900950789e-02  -3.630884289742e-01 
 -5.463723093271e-02   1.216488555074e-01  -3.733942508698e-01   4.162311181426e-02   2.505773901939e-01  -3.847291171551e-01  -1.249967664480e-01   2.670906782150e-01  -3.899259865284e-01 
 -1.249967664480e-01   2.670906782150e-01  -3.899259865284e-01   0.000000000000e+00  -4.375212267041e-02  -3.415439128876e-01   0.000000000000e+00  -4.375212267041e-02  -3.415439128876e-01 
 -6.518135219812e-02  -2.364170737565e-02  -3.504910171032e-01   6.617136299610e-02   8.582030981779e-02  -3.936300873756e-01  -8.764174580574e-02   3.447153046727e-02  -4.017447829247e-01 
 -6.952479481697e-02  -1.218437924981e-01  -3.759637773037e-01  -1.375524997711e-01  -1.471147537231e-01  -3.920430541039e-01   8.436974883080e-02  -1.004491820931e-01  -3.788134753704e-01 
 -9.872569888830e-02  -9.102136641741e-02  -3.780946433544e-01  -9.872569888830e-02  -9.102136641741e-02  -3.780946433544e-01   0.000000000000e+00  -7.783181220293e-02  -3.303913474083e-01 
  0.000000000000e+00  -7.783181220293e-02  -3.303913474083e-01  -1.435044705868e-01  -1.345793753862e-01  -3.619827032089e-01   1.215335577726e-01  -8.433902263641e-02  -3.700587749481e-01 
 -8.595353923738e-03  -1.842433772981e-02  -3.737059533596e-01   6.419216841459e-02   1.237805113196e-01  -3.910339176655e-01  -1.073218360543e-01   1.298640668392e-01  -4.038111567497e-01 
 -8.276456594467e-02  -8.259923011065e-02  -3.745443522930e-01  -1.682462841272e-01  -1.382938772440e-01  -3.798771500587e-01  -1.682462841272e-01  -1.382938772440e-01  -3.798771500587e-01 
  0.000000000000e+00   1.181777119637e-01  -3.589267432690e-01   0.000000000000e+00   1.181777119637e-01  -3.589267432690e-01  -1.129647120833e-01   1.320081055164e-01  -3.719794154167e-01 
 -7.730176299810e-02  -9.855902194977e-02  -3.650988936424e-01  -1.194807216525e-01  -1.474353373051e-01  -3.722302317619e-01   1.191442608833e-01  -9.621262550354e-02  -3.660547435284e-01 
 -8.857653476298e-03  -2.544304355979e-03  -3.767663836479e-01   4.557318240404e-02   1.332684457302e-01  -3.931168317795e-01  -1.190153136849e-01   1.823601722717e-01  -3.982895612717e-01 
 -1.190153136849e-01   1.823601722717e-01  -3.982895612717e-01   0.000000000000e+00  -9.992165118456e-02  -3.228835165501e-01   0.000000000000e+00  -9.992165118456e-02  -3.228835165501e-01 
 -3.549987077713e-02  -1.052531879395e-02  -3.376937806606e-01   6.588187068701e-02   1.412373632193e-01  -3.852946162224e-01  -1.190846711397e-01   1.203719303012e-01  -3.972613811493e-01 
 -6.975334137678e-02  -1.035512387753e-01  -3.720689415932e-01  -1.029249504209e-01  -1.458842903376e-01  -3.683116137981e-01   5.256525799632e-02  -1.321503818035e-01  -3.558779358864e-01 
 -1.142571344972e-01  -1.190433278680e-01  -3.573298454285e-01  -1.142571344972e-01  -1.190433278680e-01  -3.573298454285e-01   0.000000000000e+00  -1.499641090631e-01  -3.267955183983e-01 
  0.000000000000e+00  -1.499641090631e-01  -3.267955183983e-01  -1.191245540977e-01  -1.479194760323e-01  -3.383077085018e-01   1.352716088295e-01  -6.553654093295e-03  -3.678151071072e-01 
 -2.511810977012e-03   8.517476916313e-02  -3.825551867485e-01   6.400302052498e-02   1.554929763079e-01  -4.021294116974e-01  -1.266862750053e-01   7.464792579412e-02  -4.072621762753e-01 
 -9.959418326616e-02  -1.353248059750e-01  -3.785226345062e-01  -1.402867585421e-01  -1.674830913544e-01  -4.054825007915e-01  -1.402867585421e-01  -1.674830913544e-01  -4.054825007915e-01 
  0.000000000000e+00   0.000000000000e+00  -3.721640110016e-01   0.000000000000e+00   0.000000000000e+00  -3.721640110016e-01  -1.578182280064e-01   0.000000000000e+00  -3.601459860802e-01 
 -7.126317173243e-02   0.000000000000e+00  -3.246006071568e-01  -1.167275682092e-01   0.000000000000e+00  -3.269563913345e-01   2.640859484673e-01   0.000000000000e+00  -3.798231184483e-01 
  4.843084514141e-02   0.000000000000e+00  -4.345709085464e-01   2.453343197703e-02   0.000000000000e+00  -4.620831906796e-01   2.974628238007e-03   0.000000000000e+00  -4.718941748142e-01 
  2.974628238007e-03   0.000000000000e+00  -4.718941748142e-01   0.000000000000e+00   0.000000000000e+00  -3.721640110016e-01   0.000000000000e+00   0.000000000000e+00  -3.721640110016e-01 
 -1.578182280064e-01   0.000000000000e+00  -3.601459860802e-01  -7.126317173243e-02   0.000000000000e+00  -3.246006071568e-01  -1.167275682092e-01   0.000000000000e+00  -3.269563913345e-01 
  2.640859484673e-01   0.000000000000e+00  -3.798231184483e-01   4.843084514141e-02   0.000000000000e+00  -4.345709085464e-01   2.453343197703e-02   0.000000000000e+00  -4.620831906796e-01 
  2.974628238007e-03   0.000000000000e+00  -4.718941748142e-01   2.974628238007e-03   0.000000000000e+00  -4.718941748142e-01   0.000000000000e+00  -2.533279359341e-01  -4.049691557884e-01 
  0.000000000000e+00  -2.533279359341e-01  -4.049691557884e-01  -1.629584841430e-02  -2.582711577415e-01  -4.418416023254e-01   8.949399343692e-04  -2.521007657051e-01  -5.905034542084e-01 
 -4.974284674972e-03  -2.563344836235e-01  -6.272579431534e-01  -1.320791803300e-02  -2.656481564045e-01  -6.665325164795e-01  -2.714016847312e-02  -2.783927619457e-01  -5.601259469986e-01 
 -2.144552767277e-02  -2.849547564983e-01  -5.271651148796e-01  -2.209942601621e-02  -2.943656444550e-01  -4.775091409683e-01  -2.209942601621e-02  -2.943656444550e-01  -4.775091409683e-01 
  0.000000000000e+00  -2.533279359341e-01  -4.049691557884e-01   0.000000000000e+00  -2.533279359341e-01  -4.049691557884e-01  -1.629584841430e-02  -2.582711577415e-01  -4.418416023254e-01 
  8.949399343692e-04  -2.521007657051e-01  -5.905034542084e-01  -4.974284674972e-03  -2.563344836235e-01  -6.272579431534e-01  -1.320791803300e-02  -2.656481564045e-01  -6.665325164795e-01 
 -2.714016847312e-02  -2.783927619457e-01  -5.601259469986e-01  -2.144552767277e-02  -2.849547564983e-01  -5.271651148796e-01  -2.209942601621e-02  -2.943656444550e-01  -4.775091409683e-01 
 -2.209942601621e-02  -2.943656444550e-01  -4.775091409683e-01   0.000000000000e+00   1.180104538798e-01  -5.147382020950e-01   0.000000000000e+00   1.180104538798e-01  -5.147382020950e-01 
 -2.542688325047e-02   9.922312945127e-02  -4.916806221008e-01  -7.643117103726e-03   9.655588865280e-02  -5.459134578705e-01  -1.176260970533e-02   9.083267301321e-02  -5.075717568398e-01 
 -8.065259084105e-03   1.007828041911e-01  -5.981914997101e-01  -1.520042959601e-02   1.094187200069e-01  -5.884063243866e-01  -1.022011414170e-02   1.297727972269e-01  -6.454450488091e-01 
 -1.292847841978e-02   1.380384564400e-01  -6.008170247078e-01  -1.292847841978e-02   1.380384564400e-01  -6.008170247078e-01   0.000000000000e+00  -3.056152723730e-02  -4.976409673691e-01 
  0.000000000000e+00  -3.056152723730e-02  -4.976409673691e-01  -2.639270387590e-02  -3.291498497128e-02  -5.120285153389e-01  -1.083638519049e-02  -3.478982672095e-02  -6.549807190895e-01 
 -1.282596401870e-02  -3.875948861241e-02  -6.245726943016e-01  -1.116421818733e-02  -4.014490544796e-02  -5.832691788673e-01  -1.960062235594e-02  -4.601874947548e-02  -4.839820563793e-01 
 -1.036316156387e-02  -4.746858403087e-02  -5.585144162178e-01  -1.302681397647e-02  -4.445797577500e-02  -5.374527573586e-01  -1.302681397647e-02  -4.445797577500e-02  -5.374527573586e-01 
  0.000000000000e+00   8.905700407922e-03  -4.419011473656e-01   0.000000000000e+00   8.905700407922e-03  -4.419011473656e-01  -2.744668349624e-02   7.277541793883e-03  -4.122733175755e-01 
 -5.949716549367e-03   8.495425805449e-03  -5.617849230766e-01  -8.123299106956e-03   1.193069387227e-02  -5.814125537872e-01  -7.954789325595e-03   1.443194318563e-02  -6.633857488632e-01 
 -1.734133996069e-02   1.734177395701e-02  -6.245915889740e-01  -1.290011033416e-02   1.776350103319e-02  -5.552981495857e-01  -2.122980728745e-02   1.083392743021e-02  -4.537388980389e-01 
 -2.122980728745e-02   1.083392743021e-02  -4.537388980389e-01   0.000000000000e+00   7.477656006813e-03  -5.423851013184e-01   0.000000000000e+00   7.477656006813e-03  -5.423851013184e-01 
 -3.233151882887e-02   3.344716271386e-03  -5.512742400169e-01  -1.022927369922e-02  -2.073511015624e-03  -5.620598196983e-01  -1.697073318064e-02  -1.215152256191e-02  -4.768498837948e-01 
 -1.722998102196e-03  -6.772301625460e-03  -5.596691370010e-01  -1.005082577467e-02   1.883423072286e-03  -5.896943807602e-01  -1.104007381946e-02   4.484270233661e-03  -6.576730012894e-01 
 -1.479384955019e-02   9.056206792593e-03  -6.092696189880e-01  -1.479384955019e-02   9.056206792593e-03  -6.092696189880e-01   0.000000000000e+00  -1.284518931061e-02  -4.782629609108e-01 
  0.000000000000e+00  -1.284518931061e-02  -4.782629609108e-01  -2.205304615200e-02  -1.394249266014e-03  -5.161026120186e-01  -7.560045458376e-03   2.815486863256e-03  -6.632947325706e-01 
 -1.206560898572e-02   7.759541273117e-03  -6.212546825409e-01  -5.263888742775e-03   5.562559235841e-03  -5.517807006836e-01  -1.979106664658e-02  -4.721563775092e-03  -4.831861555576e-01 
 -1.123361010104e-02  -6.366864312440e-03  -5.391320586205e-01  -1.272340305150e-02  -4.455797374249e-03  -4.978532791138e-01  -1.272340305150e-02  -4.455797374249e-03  -4.978532791138e-01 
  0.000000000000e+00  -1.546642836183e-02  -4.040987193584e-01   0.000000000000e+00  -1.546642836183e-02  -4.040987193584e-01  -2.523480914533e-02  -1.364930719137e-02  -3.993408381939e-01 
  8.624007459730e-04  -6.825927644968e-03  -5.729929804802e-01   1.858175033703e-03   5.753259640187e-03  -6.021008491516e-01   3.006424056366e-03   9.829497896135e-03  -6.766428351402e-01 
 -1.536464784294e-02   1.101451646537e-02  -6.249276995659e-01  -1.684100553393e-02   6.702355109155e-03  -5.271103978157e-01  -1.510944776237e-02   3.963516559452e-03  -4.206367731094e-01 
 -1.510944776237e-02   3.963516559452e-03  -4.206367731094e-01   0.000000000000e+00   0.000000000000e+00  -5.254402756691e-01   0.000000000000e+00   0.000000000000e+00  -5.254402756691e-01 
 -3.751307725906e-02   0.000000000000e+00  -5.027141571045e-01  -5.688088946044e-03   0.000000000000e+00  -5.291777253151e-01  -1.004656427540e-03   0.000000000000e+00  -4.468899369240e-01 
  2.137886732817e-02   0.000000000000e+00  -6.100259423256e-01  -2.392918831902e-04   0.000000000000e+00  -7.110493183136e-01  -1.498606521636e-02   0.000000000000e+00  -7.135513424873e-01 
 -6.303235422820e-03   0.000000000000e+00  -6.998979449272e-01  -6.303235422820e-03   0.000000000000e+00  -6.998979449272e-01   0.000000000000e+00   0.000000000000e+00  -5.254402756691e-01 
  0.000000000000e+00   0.000000000000e+00  -5.254402756691e-01  -3.751307725906e-02   0.000000000000e+00  -5.027141571045e-01  -5.688088946044e-03   0.000000000000e+00  -5.291777253151e-01 
 -1.004656427540e-03   0.000000000000e+00  -4.468899369240e-01   2.137886732817e-02   0.000000000000e+00  -6.100259423256e-01  -2.392918831902e-04   0.000000000000e+00  -7.110493183136e-01 
 -1.498606521636e-02   0.000000000000e+00  -7.135513424873e-01  -6.303235422820e-03   0.000000000000e+00  -6.998979449272e-01  -6.303235422820e-03   0.000000000000e+00  -6.998979449272e-01 
  0.000000000000e+00  -2.101441621780e-01  -4.090826809406e-01   0.000000000000e+00  -2.101441621780e-01  -4.090826809406e-01  -1.107504963875e-02  -2.164915502071e-01  -4.899279773235e-01 
  4.304196685553e-03  -2.171332389116e-01  -5.682042241096e-01  -1.645133364946e-03  -2.185268253088e-01  -5.630749464035e-01  -8.228646591306e-03  -2.187875360250e-01  -5.591303110123e-01 
 -2.512327954173e-02  -2.264645248652e-01  -5.608919858932e-01  -1.386084407568e-02  -2.310174852610e-01  -5.565581321716e-01  -1.509148906916e-02  -2.372725605965e-01  -5.516669750214e-01 
 -1.509148906916e-02  -2.372725605965e-01  -5.516669750214e-01   0.000000000000e+00  -2.101441621780e-01  -4.090826809406e-01   0.000000000000e+00  -2.101441621780e-01  -4.090826809406e-01 
 -1.107504963875e-02  -2.164915502071e-01  -4.899279773235e-01   4.304196685553e-03  -2.171332389116e-01  -5.682042241096e-01  -1.645133364946e-03  -2.185268253088e-01  -5.630749464035e-01 
 -8.228646591306e-03  -2.187875360250e-01  -5.591303110123e-01  -2.512327954173e-02  -2.264645248652e-01  -5.608919858932e-01  -1.386084407568e-02  -2.310174852610e-01  -5.565581321716e-01 
 -1.509148906916e-02  -2.372725605965e-01  -5.516669750214e-01  -1.509148906916e-02  -2.372725605965e-01  -5.516669750214e-01   0.000000000000e+00   9.158495813608e-02  -4.173600971699e-01 
  0.000000000000e+00   9.158495813608e-02  -4.173600971699e-01  -2.054151333869e-02   7.799443602562e-02  -4.946774244308e-01  -5.042173899710e-03   7.702818512917e-02  -5.731878280640e-01 
 -9.695227257907e-03   7.098766416311e-02  -5.729581713676e-01  -5.270132794976e-03   7.598183304071e-02  -5.677442550659e-01  -1.404820755124e-02   8.034672588110e-02  -5.649458169937e-01 
 -2.668939298019e-03   9.379810094833e-02  -5.569323301315e-01  -1.187114231288e-02   9.905687719584e-02  -5.545647740364e-01  -1.187114231288e-02   9.905687719584e-02  -5.545647740364e-01 
  0.000000000000e+00  -3.161893039942e-02  -4.135830998421e-01   0.000000000000e+00  -3.161893039942e-02  -4.135830998421e-01  -1.724879257381e-02  -2.761822380126e-02  -4.892211854458e-01 
 -1.599170733243e-03  -2.181765250862e-02  -5.573344230652e-01  -1.089882105589e-02  -2.376296371222e-02  -5.553303360939e-01  -1.218496076763e-02  -3.236718103290e-02  -5.588911175728e-01 
 -1.792758889496e-02  -3.889765962958e-02  -5.536895394325e-01  -8.562417700887e-03  -4.488842561841e-02  -5.525881648064e-01  -1.238813716918e-02  -4.518793150783e-02  -5.522667765617e-01 
 -1.238813716918e-02  -4.518793150783e-02  -5.522667765617e-01   0.000000000000e+00   7.959662936628e-03  -4.143860042095e-01   0.000000000000e+00   7.959662936628e-03  -4.143860042095e-01 
 -2.023663558066e-02   4.186074249446e-03  -4.832827448845e-01  -5.154630169272e-03   3.313253910164e-05  -5.628520250320e-01  -6.112517323345e-03   4.786860197783e-03  -5.666235089302e-01 
  1.939874928212e-04   1.630278117955e-02  -5.577989220619e-01  -1.270364597440e-02   2.092968113720e-02  -5.523880720139e-01  -1.506337244064e-02   1.482266094536e-02  -5.575590133667e-01 
 -1.786411926150e-02   1.069882791489e-02  -5.486555695534e-01  -1.786411926150e-02   1.069882791489e-02  -5.486555695534e-01   0.000000000000e+00   7.539620157331e-03  -4.166398942471e-01 
  0.000000000000e+00   7.539620157331e-03  -4.166398942471e-01  -1.867987029254e-02   8.083512075245e-03  -4.872417151928e-01  -1.159295346588e-02   8.431540336460e-04  -5.659272074699e-01 
 -1.527066342533e-02  -9.711752645671e-03  -5.615059137344e-01  -3.581032855436e-03  -1.377701107413e-02  -5.630430579185e-01  -5.434980615973e-03  -3.529865527526e-03  -5.630767345428e-01 
 -2.243760041893e-03   8.297943510115e-03  -5.526128411293e-01  -1.195525936782e-02   1.332642510533e-02  -5.485358238220e-01  -1.195525936782e-02   1.332642510533e-02  -5.485358238220e-01 
  0.000000000000e+00  -1.647079735994e-02  -4.174623787403e-01   0.000000000000e+00  -1.647079735994e-02  -4.174623787403e-01  -1.227470673621e-02  -6.719103083014e-03  -4.934815168381e-01 
  2.730618230999e-03   8.525268174708e-03  -5.608289837837e-01  -8.773298002779e-03   1.410902384669e-02  -5.565910339355e-01  -9.862531907856e-03   7.903887890279e-03  -5.639613270760e-01 
 -1.597078889608e-02  -3.752586897463e-03  -5.636495947838e-01  -1.011205930263e-02  -1.229490060359e-02  -5.609452724457e-01  -1.174328848720e-02  -1.255828700960e-02  -5.554355978966e-01 
 -1.174328848720e-02  -1.255828700960e-02  -5.554355978966e-01   0.000000000000e+00  -9.392296895385e-03  -4.120754599571e-01   0.000000000000e+00  -9.392296895385e-03  -4.120754599571e-01 
 -1.971990056336e-02  -1.396271772683e-02  -4.853853881359e-01   7.889994885772e-04  -1.390066556633e-02  -5.659089684486e-01   3.486906411126e-03   1.018976909108e-03  -5.674393177032e-01 
  1.131919771433e-02   1.742504164577e-02  -5.577274560928e-01  -8.816498331726e-03   1.911856979132e-02  -5.524517297745e-01  -1.877863146365e-02   1.054048258811e-02  -5.575197935104e-01 
 -1.163524016738e-02   9.351413697004e-03  -5.383132100105e-01  -1.163524016738e-02   9.351413697004e-03  -5.383132100105e-01   0.000000000000e+00   0.000000000000e+00  -4.139612317085e-01 
  0.000000000000e+00   0.000000000000e+00  -4.139612317085e-01  -2.934563159943e-02   0.000000000000e+00  -4.882961213589e-01  -1.357468962669e-02   0.000000000000e+00  -5.722321271896e-01 
 -1.064033363946e-03   0.000000000000e+00  -5.642447471619e-01   2.583094127476e-02   0.000000000000e+00  -5.596557259560e-01   1.227510534227e-02   0.000000000000e+00  -5.528854131699e-01 
 -7.286866195500e-03   0.000000000000e+00  -5.438086986542e-01  -1.942257629707e-03   0.000000000000e+00  -5.313148498535e-01  -1.942257629707e-03   0.000000000000e+00  -5.313148498535e-01 
  0.000000000000e+00   0.000000000000e+00  -4.139612317085e-01   0.000000000000e+00   0.000000000000e+00  -4.139612317085e-01  -2.934563159943e-02   0.000000000000e+00  -4.882961213589e-01 
 -1.357468962669e-02   0.000000000000e+00  -5.722321271896e-01  -1.064033363946e-03   0.000000000000e+00  -5.642447471619e-01   2.583094127476e-02   0.000000000000e+00  -5.596557259560e-01 
  1.227510534227e-02   0.000000000000e+00  -5.528854131699e-01  -7.286866195500e-03   0.000000000000e+00  -5.438086986542e-01  -1.942257629707e-03   0.000000000000e+00  -5.313148498535e-01 
 -1.942257629707e-03   0.000000000000e+00  -5.313148498535e-01   0.000000000000e+00  -1.653244942427e-01  -3.942900896072e-01   0.000000000000e+00  -1.653244942427e-01  -3.942900896072e-01 
 -2.668431960046e-03  -1.658498346806e-01  -4.648242890835e-01  -2.582815475762e-03  -1.664700955153e-01  -5.467088818550e-01  -4.529306199402e-03  -1.681201457977e-01  -5.502739548683e-01 
 -7.997568696737e-03  -1.708367168903e-01  -5.529155135155e-01  -7.932470180094e-03  -1.741098016500e-01  -5.406959056854e-01  -7.692052517086e-03  -1.770087778568e-01  -5.323216319084e-01 
 -4.101666621864e-03  -1.788696497679e-01  -5.231403708458e-01  -4.101666621864e-03  -1.788696497679e-01  -5.231403708458e-01   0.000000000000e+00  -1.653244942427e-01  -3.942900896072e-01 
  0.000000000000e+00  -1.653244942427e-01  -3.942900896072e-01  -2.668431960046e-03  -1.658498346806e-01  -4.648242890835e-01  -2.582815475762e-03  -1.664700955153e-01  -5.467088818550e-01 
 -4.529306199402e-03  -1.681201457977e-01  -5.502739548683e-01  -7.997568696737e-03  -1.708367168903e-01  -5.529155135155e-01  -7.932470180094e-03  -1.741098016500e-01  -5.406959056854e-01 
 -7.692052517086e-03  -1.770087778568e-01  -5.323216319084e-01  -4.101666621864e-03  -1.788696497679e-01  -5.231403708458e-01  -4.101666621864e-03  -1.788696497679e-01  -5.231403708458e-01 
  0.000000000000e+00   5.496389046311e-02  -4.099744558334e-01   0.000000000000e+00   5.496389046311e-02  -4.099744558334e-01  -4.296047613025e-03   4.890957474709e-02  -4.762417376041e-01 
 -3.730248194188e-03   5.427518486977e-02  -5.511547327042e-01  -4.590413067490e-03   5.769715830684e-02  -5.469622612000e-01  -7.913296110928e-03   5.581048876047e-02  -5.495586991310e-01 
 -7.225255481899e-03   5.302073061466e-02  -5.444009900093e-01  -6.984631996602e-03   5.517140403390e-02  -5.470134615898e-01  -2.977079479024e-03   5.649771541357e-02  -5.425847172737e-01 
 -2.977079479024e-03   5.649771541357e-02  -5.425847172737e-01   0.000000000000e+00  -2.054401487112e-02  -4.007814824581e-01   0.000000000000e+00  -2.054401487112e-02  -4.007814824581e-01 
 -5.101292394102e-03  -2.201066911221e-02  -4.694684743881e-01  -7.639253046364e-03  -2.598124928772e-02  -5.505614876747e-01  -4.877151921391e-03  -2.612919174135e-02  -5.485439300537e-01 
 -5.164573434740e-03  -2.299624867737e-02  -5.434793233871e-01  -6.353733129799e-03  -2.176164276898e-02  -5.330959558487e-01  -6.677673198283e-03  -2.122682891786e-02  -5.304285883904e-01 
 -2.970527857542e-03  -2.121913805604e-02  -5.235985517502e-01  -2.970527857542e-03  -2.121913805604e-02  -5.235985517502e-01   0.000000000000e+00   5.948433652520e-03  -4.019007980824e-01 
  0.000000000000e+00   5.948433652520e-03  -4.019007980824e-01  -5.017244257033e-03   6.005068309605e-03  -4.692606925964e-01  -4.996546544135e-03   7.516003679484e-03  -5.448647737503e-01 
 -4.978113342077e-03   7.495437748730e-03  -5.427695512772e-01  -7.212867494673e-03   6.418470758945e-03  -5.494843721390e-01  -6.058184430003e-03   6.645266897976e-03  -5.475988984108e-01 
 -5.255256779492e-03   7.344431243837e-03  -5.403955578804e-01  -3.364681731910e-03   7.184299640357e-03  -5.284408926964e-01  -3.364681731910e-03   7.184299640357e-03  -5.284408926964e-01 
  0.000000000000e+00  -9.760185494088e-04  -4.095867574215e-01   0.000000000000e+00  -9.760185494088e-04  -4.095867574215e-01  -5.648287478834e-03  -1.825584447943e-03  -4.786444306374e-01 
 -4.286265000701e-03  -1.226408407092e-03  -5.495789051056e-01  -4.412424750626e-03  -5.080094560981e-04  -5.394241213799e-01  -5.188649985939e-03   1.560482312925e-03  -5.394184589386e-01 
 -5.440330598503e-03   2.301472472027e-03  -5.390378236771e-01  -6.672810297459e-03   1.199694816023e-03  -5.434437990189e-01  -3.178164362907e-03   1.096894615330e-03  -5.392479300499e-01 
 -3.178164362907e-03   1.096894615330e-03  -5.392479300499e-01   0.000000000000e+00  -8.430068264715e-04  -3.983198106289e-01   0.000000000000e+00  -8.430068264715e-04  -3.983198106289e-01 
 -4.505934193730e-03   5.363419768400e-04  -4.694162905216e-01  -5.030603613704e-03  -1.648240286158e-04  -5.530986785889e-01  -3.399428678676e-03   1.031866180710e-03  -5.521150827408e-01 
 -3.558557946235e-03   2.675798721611e-03  -5.477945804596e-01  -4.819966387004e-03   3.161220811307e-03  -5.384006500244e-01  -5.685803946108e-03   3.844720777124e-03  -5.338076949120e-01 
 -3.168049035594e-03   4.088364541531e-03  -5.266962051392e-01  -3.168049035594e-03   4.088364541531e-03  -5.266962051392e-01   0.000000000000e+00  -1.854465808719e-03  -3.956558406353e-01 
  0.000000000000e+00  -1.854465808719e-03  -3.956558406353e-01  -3.772473428398e-03  -8.138688863255e-04  -4.622664749622e-01  -2.756576519459e-03   6.936436402611e-04  -5.401943922043e-01 
 -1.973030390218e-03   1.635172870010e-03  -5.424985289574e-01  -3.969032783061e-03   1.249809516594e-03  -5.577146410942e-01  -3.967857453972e-03   2.239010995254e-03  -5.607889890671e-01 
 -4.713637288660e-03   3.397440072149e-03  -5.507627725601e-01  -4.362663254142e-03   2.849983749911e-03  -5.419294834137e-01  -4.362663254142e-03   2.849983749911e-03  -5.419294834137e-01 
  0.000000000000e+00   0.000000000000e+00  -4.105764925480e-01   0.000000000000e+00   0.000000000000e+00  -4.105764925480e-01  -4.203904885799e-03   0.000000000000e+00  -4.727261960506e-01 
 -1.029739156365e-03   0.000000000000e+00  -5.352148413658e-01  -1.226125634275e-03   0.000000000000e+00  -5.270500183105e-01  -3.019384574145e-03   0.000000000000e+00  -5.516770482063e-01 
 -3.235287265852e-03   0.000000000000e+00  -5.724684596062e-01  -6.001987494528e-03   0.000000000000e+00  -5.765772461891e-01  -4.956289194524e-03   0.000000000000e+00  -5.781917572021e-01 
 -4.956289194524e-03   0.000000000000e+00  -5.781917572021e-01   0.000000000000e+00   0.000000000000e+00  -4.105764925480e-01   0.000000000000e+00   0.000000000000e+00  -4.105764925480e-01 
 -4.203904885799e-03   0.000000000000e+00  -4.727261960506e-01  -1.029739156365e-03   0.000000000000e+00  -5.352148413658e-01  -1.226125634275e-03   0.000000000000e+00  -5.270500183105e-01 
 -3.019384574145e-03   0.000000000000e+00  -5.516770482063e-01  -3.235287265852e-03   0.000000000000e+00  -5.724684596062e-01  -6.001987494528e-03   0.000000000000e+00  -5.765772461891e-01 
 -4.956289194524e-03   0.000000000000e+00  -5.781917572021e-01  -4.956289194524e-03   0.000000000000e+00  -5.781917572021e-01   0.000000000000e+00  -1.232594475150e-01  -4.031010568142e-01 
  0.000000000000e+00  -1.232594475150e-01  -4.031010568142e-01  -2.435269765556e-03  -1.233037039638e-01  -4.801063239574e-01  -1.605232595466e-03  -1.237070113420e-01  -5.566887855530e-01 
 -3.110500052571e-03  -1.246512457728e-01  -5.556555986404e-01  -4.772228188813e-03  -1.260539740324e-01  -5.532171130180e-01  -5.392923951149e-03  -1.277784556150e-01  -5.503710508347e-01 
 -4.310066346079e-03  -1.292811781168e-01  -5.471664667130e-01  -2.719116164371e-03  -1.303764432669e-01  -5.450330376625e-01  -2.719116164371e-03  -1.303764432669e-01  -5.450330376625e-01 
  0.000000000000e+00  -1.232594475150e-01  -4.031010568142e-01   0.000000000000e+00  -1.232594475150e-01  -4.031010568142e-01  -2.435269765556e-03  -1.233037039638e-01  -4.801063239574e-01 
 -1.605232595466e-03  -1.237070113420e-01  -5.566887855530e-01  -3.110500052571e-03  -1.246512457728e-01  -5.556555986404e-01  -4.772228188813e-03  -1.260539740324e-01  -5.532171130180e-01 
 -5.392923951149e-03  -1.277784556150e-01  -5.503710508347e-01  -4.310066346079e-03  -1.292811781168e-01  -5.471664667130e-01  -2.719116164371e-03  -1.303764432669e-01  -5.450330376625e-01 
 -2.719116164371e-03  -1.303764432669e-01  -5.450330376625e-01   0.000000000000e+00   3.682992234826e-02  -4.067149460316e-01   0.000000000000e+00   3.682992234826e-02  -4.067149460316e-01 
 -3.367569530383e-03   3.210310265422e-02  -4.831157624722e-01  -2.271143952385e-03   3.411566838622e-02  -5.599062442780e-01  -3.446158254519e-03   3.608720377088e-02  -5.589248538017e-01 
 -4.766212310642e-03   3.182522952557e-02  -5.567614436150e-01  -4.640726838261e-03   3.366628289223e-02  -5.542089343071e-01  -3.307347884402e-03   3.690277785063e-02  -5.509632825851e-01 
 -2.210350008681e-03   3.769038245082e-02  -5.490098595619e-01  -2.210350008681e-03   3.769038245082e-02  -5.490098595619e-01   0.000000000000e+00  -1.525231823325e-02  -4.026013910770e-01 
  0.000000000000e+00  -1.525231823325e-02  -4.026013910770e-01  -2.723027952015e-03  -1.456028223038e-02  -4.785362482071e-01  -3.163903253153e-03  -1.537215150893e-02  -5.523715615273e-01 
 -3.494744189084e-03  -1.515623182058e-02  -5.499882102013e-01  -3.600003896281e-03  -1.430463045835e-02  -5.483852028847e-01  -5.294087342918e-03  -1.494472473860e-02  -5.472316741943e-01 
 -4.192239604890e-03  -1.560652907938e-02  -5.451990365982e-01  -2.461857860908e-03  -1.598632335663e-02  -5.438422560692e-01  -2.461857860908e-03  -1.598632335663e-02  -5.438422560692e-01 
  0.000000000000e+00   3.991018515080e-03  -4.045696556568e-01   0.000000000000e+00   3.991018515080e-03  -4.045696556568e-01  -3.390765050426e-03   3.526443382725e-03  -4.807132184505e-01 
 -2.997882664204e-03   3.556728130206e-03  -5.563549399376e-01  -3.466424299404e-03   3.589890897274e-03  -5.549336075783e-01  -3.407987300307e-03   3.836205229163e-03  -5.521960258484e-01 
 -3.851349931210e-03   4.920909181237e-03  -5.494538545609e-01  -3.636730834842e-03   5.337690003216e-03  -5.474869012833e-01  -2.604030305520e-03   5.267893429846e-03  -5.461598038673e-01 
 -2.604030305520e-03   5.267893429846e-03  -5.461598038673e-01   0.000000000000e+00  -5.713893333450e-04  -4.047049582005e-01   0.000000000000e+00  -5.713893333450e-04  -4.047049582005e-01 
 -3.084682393819e-03  -2.782856754493e-04  -4.799571633339e-01  -2.697371644899e-03  -6.653313903371e-06  -5.552836060524e-01  -3.374298801646e-03   9.632264118409e-05  -5.540589094162e-01 
 -3.335345070809e-03   3.893151588272e-04  -5.527385473251e-01  -3.514044685289e-03   8.289288380183e-04  -5.511524677277e-01  -2.949941903353e-03   1.487719011493e-03  -5.480995774269e-01 
 -2.080185571685e-03   1.952407299541e-03  -5.459958910942e-01  -2.080185571685e-03   1.952407299541e-03  -5.459958910942e-01   0.000000000000e+00  -1.242657192051e-03  -4.044728875160e-01 
  0.000000000000e+00  -1.242657192051e-03  -4.044728875160e-01  -2.833797829226e-03  -8.077886886895e-04  -4.808614850044e-01  -1.713286270387e-03   2.958106342703e-04  -5.557985901833e-01 
 -2.014437224716e-03   1.568577135913e-03  -5.538596510887e-01  -2.277497434989e-03   2.474269829690e-03  -5.527690052986e-01  -3.327177138999e-03   2.666702494025e-03  -5.514109134674e-01 
 -3.506045555696e-03   2.317502163351e-03  -5.493849515915e-01  -2.288325456902e-03   2.176977228373e-03  -5.478898882866e-01  -2.288325456902e-03   2.176977228373e-03  -5.478898882866e-01 
  0.000000000000e+00  -4.826703516301e-04  -4.034376442432e-01   0.000000000000e+00  -4.826703516301e-04  -4.034376442432e-01  -3.272736212239e-03  -7.848576642573e-04  -4.799229502678e-01 
 -2.142606535926e-03  -1.116154715419e-03  -5.566412806511e-01  -1.080582384020e-03  -5.216645149630e-05  -5.564374327660e-01   5.548933040700e-05   2.033733529970e-03  -5.537808537483e-01 
 -1.403373666108e-03   3.468199865893e-03  -5.507655143738e-01  -3.117418847978e-03   3.695856779814e-03  -5.488864183426e-01  -2.173102227971e-03   3.736611455679e-03  -5.469429492950e-01 
 -2.173102227971e-03   3.736611455679e-03  -5.469429492950e-01   0.000000000000e+00   0.000000000000e+00  -4.033860862255e-01   0.000000000000e+00   0.000000000000e+00  -4.033860862255e-01 
 -3.819203935564e-03   0.000000000000e+00  -4.790338575840e-01  -3.050257684663e-03   0.000000000000e+00  -5.565958619118e-01  -1.325531397015e-03   0.000000000000e+00  -5.578424930573e-01 
  1.367464428768e-03   0.000000000000e+00  -5.555928349495e-01   5.106151220389e-04   0.000000000000e+00  -5.521565675735e-01  -1.854410045780e-03   0.000000000000e+00  -5.485587716103e-01 
 -1.361462520435e-03   0.000000000000e+00  -5.453577637672e-01  -1.361462520435e-03   0.000000000000e+00  -5.453577637672e-01   0.000000000000e+00   0.000000000000e+00  -4.033860862255e-01 
  0.000000000000e+00   0.000000000000e+00  -4.033860862255e-01  -3.819203935564e-03   0.000000000000e+00  -4.790338575840e-01  -3.050257684663e-03   0.000000000000e+00  -5.565958619118e-01 
 -1.325531397015e-03   0.000000000000e+00  -5.578424930573e-01   1.367464428768e-03   0.000000000000e+00  -5.555928349495e-01   5.106151220389e-04   0.000000000000e+00  -5.521565675735e-01 
 -1.854410045780e-03   0.000000000000e+00  -5.485587716103e-01  -1.361462520435e-03   0.000000000000e+00  -5.453577637672e-01  -1.361462520435e-03   0.000000000000e+00  -5.453577637672e-01 
  0.000000000000e+00  -8.272575587034e-02  -4.011909663677e-01   0.000000000000e+00  -8.272575587034e-02  -4.011909663677e-01  -5.878329975531e-04  -8.150316774845e-02  -4.768354296684e-01 
 -1.072868471965e-03  -8.126287907362e-02  -5.530298352242e-01  -2.017915248871e-03  -8.160036802292e-02  -5.522440075874e-01  -2.878678729758e-03  -8.235725015402e-02  -5.507527589798e-01 
 -2.863282104954e-03  -8.325549215078e-02  -5.484338402748e-01  -2.344346139580e-03  -8.409243822098e-02  -5.462835431099e-01  -1.322707626969e-03  -8.463336527348e-02  -5.447194576263e-01 
 -1.322707626969e-03  -8.463336527348e-02  -5.447194576263e-01   0.000000000000e+00  -8.272575587034e-02  -4.011909663677e-01   0.000000000000e+00  -8.272575587034e-02  -4.011909663677e-01 
 -5.878329975531e-04  -8.150316774845e-02  -4.768354296684e-01  -1.072868471965e-03  -8.126287907362e-02  -5.530298352242e-01  -2.017915248871e-03  -8.160036802292e-02  -5.522440075874e-01 
 -2.878678729758e-03  -8.235725015402e-02  -5.507527589798e-01  -2.863282104954e-03  -8.325549215078e-02  -5.484338402748e-01  -2.344346139580e-03  -8.409243822098e-02  -5.462835431099e-01 
 -1.322707626969e-03  -8.463336527348e-02  -5.447194576263e-01  -1.322707626969e-03  -8.463336527348e-02  -5.447194576263e-01   0.000000000000e+00   2.191616035998e-02  -4.038535654545e-01 
  0.000000000000e+00   2.191616035998e-02  -4.038535654545e-01  -9.233157034032e-04   1.861952245235e-02  -4.793999195099e-01  -1.316054374911e-03   1.824320480227e-02  -5.559498071671e-01 
 -2.004273468629e-03   1.907497458160e-02  -5.547852516174e-01  -2.737956820056e-03   1.822459325194e-02  -5.530874133110e-01  -2.647357061505e-03   1.899189315736e-02  -5.510873198509e-01 
 -2.127482788637e-03   2.063585072756e-02  -5.496275424957e-01  -1.180737046525e-03   2.093572914600e-02  -5.484893918037e-01  -1.180737046525e-03   2.093572914600e-02  -5.484893918037e-01 
  0.000000000000e+00  -9.339560754597e-03  -3.999079465866e-01   0.000000000000e+00  -9.339560754597e-03  -3.999079465866e-01  -2.715426380746e-04  -8.495552465320e-03  -4.752971529961e-01 
 -1.544673577882e-03  -8.667323738337e-03  -5.506969690323e-01  -2.127829939127e-03  -8.735074661672e-03  -5.492022633553e-01  -2.417497802526e-03  -8.485901169479e-03  -5.480885505676e-01 
 -2.721395343542e-03  -8.522894233465e-03  -5.460029840469e-01  -2.283710055053e-03  -8.505304343998e-03  -5.439684391022e-01  -1.085438765585e-03  -8.439434692264e-03  -5.424568057060e-01 
 -1.085438765585e-03  -8.439434692264e-03  -5.424568057060e-01   0.000000000000e+00   2.321190666407e-03  -4.017190635204e-01   0.000000000000e+00   2.321190666407e-03  -4.017190635204e-01 
 -7.852512062527e-04   2.070657443255e-03  -4.770629405975e-01  -1.377257751301e-03   2.204066608101e-03  -5.526546835899e-01  -1.941129681654e-03   2.251148223877e-03  -5.511500239372e-01 
 -2.417045179754e-03   2.159071154892e-03  -5.500338673592e-01  -2.408591797575e-03   2.414255635813e-03  -5.486703515053e-01  -1.953293103725e-03   2.676762640476e-03  -5.470448136330e-01 
 -1.056497450918e-03   2.730379579589e-03  -5.455261468887e-01  -1.056497450918e-03   2.730379579589e-03  -5.455261468887e-01   0.000000000000e+00  -6.839449633844e-04  -4.017465412617e-01 
  0.000000000000e+00  -6.839449633844e-04  -4.017465412617e-01  -7.159699453041e-04  -5.531798233278e-04  -4.771722853184e-01  -1.180664054118e-03  -2.607400238048e-04  -5.527881979942e-01 
 -1.607517944649e-03   1.876488531707e-04  -5.511575341225e-01  -2.009771065786e-03   5.839217919856e-04  -5.498721599579e-01  -2.131093293428e-03   8.611363591626e-04  -5.485256910324e-01 
 -1.891457010061e-03   9.695429471321e-04  -5.473191142082e-01  -1.051342231221e-03   1.004414516501e-03  -5.462375283241e-01  -1.051342231221e-03   1.004414516501e-03  -5.462375283241e-01 
  0.000000000000e+00  -7.033093424980e-05  -4.010035693645e-01   0.000000000000e+00  -7.033093424980e-05  -4.010035693645e-01  -5.426267744042e-04   1.523762184661e-04  -4.764521718025e-01 
 -1.002247212455e-03   2.990893844981e-04  -5.526000261307e-01  -1.280594035052e-03   5.977331311442e-04  -5.517995953560e-01  -1.601875061169e-03   9.761335095391e-04  -5.511522889137e-01 
 -1.791532034986e-03   1.296271802858e-03  -5.499488115311e-01  -1.647808821872e-03   1.519032870419e-03  -5.482958555222e-01  -9.578295284882e-04   1.616883557290e-03  -5.468979477882e-01 
 -9.578295284882e-04   1.616883557290e-03  -5.468979477882e-01   0.000000000000e+00  -2.832465979736e-04  -4.009912312031e-01   0.000000000000e+00  -2.832465979736e-04  -4.009912312031e-01 
 -4.132119938731e-04  -1.408029056620e-04  -4.761142134666e-01  -6.433028029278e-04   1.377749285894e-04  -5.516817569733e-01  -8.471526671201e-04   4.661242710426e-04  -5.509902238846e-01 
 -1.318802824244e-03   7.496257894672e-04  -5.519056916237e-01  -1.515636220574e-03   1.030650688335e-03  -5.523310303688e-01  -1.433465164155e-03   1.239166595042e-03  -5.512005090714e-01 
 -9.537522564642e-04   1.296431757510e-03  -5.499818921089e-01  -9.537522564642e-04   1.296431757510e-03  -5.499818921089e-01   0.000000000000e+00   0.000000000000e+00  -4.018785059452e-01 
  0.000000000000e+00   0.000000000000e+00  -4.018785059452e-01  -4.314521502238e-04   0.000000000000e+00  -4.766946136951e-01  -4.612370103132e-04   0.000000000000e+00  -5.514149069786e-01 
 -5.944746662863e-04   0.000000000000e+00  -5.501062273979e-01  -1.054986729287e-03   0.000000000000e+00  -5.517658591270e-01  -1.305276993662e-03   0.000000000000e+00  -5.536402463913e-01 
 -1.387928612530e-03   0.000000000000e+00  -5.536991357803e-01  -1.012512366287e-03   0.000000000000e+00  -5.533499121666e-01  -1.012512366287e-03   0.000000000000e+00  -5.533499121666e-01 
  0.000000000000e+00   0.000000000000e+00  -4.018785059452e-01   0.000000000000e+00   0.000000000000e+00  -4.018785059452e-01  -4.314521502238e-04   0.000000000000e+00  -4.766946136951e-01 
 -4.612370103132e-04   0.000000000000e+00  -5.514149069786e-01  -5.944746662863e-04   0.000000000000e+00  -5.501062273979e-01  -1.054986729287e-03   0.000000000000e+00  -5.517658591270e-01 
 -1.305276993662e-03   0.000000000000e+00  -5.536402463913e-01  -1.387928612530e-03   0.000000000000e+00  -5.536991357803e-01  -1.012512366287e-03   0.000000000000e+00  -5.533499121666e-01 
 -1.012512366287e-03   0.000000000000e+00  -5.533499121666e-01   0.000000000000e+00  -4.553404077888e-02  -4.028026163578e-01   0.000000000000e+00  -4.553404077888e-02  -4.028026163578e-01 
  2.026557456702e-03  -4.193009808660e-02  -4.770519137383e-01  -1.881222560769e-04  -4.103185608983e-02  -5.529351830482e-01  -8.791845757514e-04  -4.094209149480e-02  -5.520198345184e-01 
 -1.420066109858e-03  -4.121766611934e-02  -5.506868362427e-01  -1.431649317965e-03  -4.160388931632e-02  -5.491776466370e-01  -1.115259015933e-03  -4.196557030082e-02  -5.477797985077e-01 
 -6.338687380776e-04  -4.220013320446e-02  -5.468843579292e-01  -6.338687380776e-04  -4.220013320446e-02  -5.468843579292e-01   0.000000000000e+00  -4.553404077888e-02  -4.028026163578e-01 
  0.000000000000e+00  -4.553404077888e-02  -4.028026163578e-01   2.026557456702e-03  -4.193009808660e-02  -4.770519137383e-01  -1.881222560769e-04  -4.103185608983e-02  -5.529351830482e-01 
 -8.791845757514e-04  -4.094209149480e-02  -5.520198345184e-01  -1.420066109858e-03  -4.121766611934e-02  -5.506868362427e-01  -1.431649317965e-03  -4.160388931632e-02  -5.491776466370e-01 
 -1.115259015933e-03  -4.196557030082e-02  -5.477797985077e-01  -6.338687380776e-04  -4.220013320446e-02  -5.468843579292e-01  -6.338687380776e-04  -4.220013320446e-02  -5.468843579292e-01 
  0.000000000000e+00   1.106266211718e-02  -4.040832519531e-01   0.000000000000e+00   1.106266211718e-02  -4.040832519531e-01   1.820001518354e-03   9.384772740304e-03  -4.785919487476e-01 
 -2.841118839569e-04   8.889654651284e-03  -5.550202131271e-01  -8.853118633851e-04   8.922449313104e-03  -5.540505647659e-01  -1.348594087176e-03   9.045280516148e-03  -5.527433753014e-01 
 -1.363225746900e-03   9.250608272851e-03  -5.513786077499e-01  -1.041952054948e-03   9.612637571990e-03  -5.501534342766e-01  -5.823839455843e-04   9.703965857625e-03  -5.493589043617e-01 
 -5.823839455843e-04   9.703965857625e-03  -5.493589043617e-01   0.000000000000e+00  -5.136909428984e-03  -4.012438058853e-01   0.000000000000e+00  -5.136909428984e-03  -4.012438058853e-01 
  2.320956438780e-03  -4.373451694846e-03  -4.756509363651e-01  -1.639064867049e-04  -4.198054783046e-03  -5.514221191406e-01  -9.123367490247e-04  -4.205215256661e-03  -5.502671003342e-01 
 -1.303462660871e-03  -4.179366864264e-03  -5.491431951523e-01  -1.374655519612e-03  -4.201659467071e-03  -5.477987527847e-01  -1.128811389208e-03  -4.225915297866e-03  -5.464774966240e-01 
 -5.730344564654e-04  -4.227348603308e-03  -5.456938743591e-01  -5.730344564654e-04  -4.227348603308e-03  -5.456938743591e-01   0.000000000000e+00   1.246542786248e-03  -4.024713039398e-01 
  0.000000000000e+00   1.246542786248e-03  -4.024713039398e-01   1.998131861910e-03   1.073734019883e-03  -4.767830669880e-01  -2.425805432722e-04   1.032070606016e-03  -5.527469515800e-01 
 -8.121794671752e-04   1.037284033373e-03  -5.517174601555e-01  -1.174867036752e-03   1.062009017915e-03  -5.505438446999e-01  -1.182003994472e-03   1.228713197634e-03  -5.492752194405e-01 
 -9.610551060177e-04   1.367784221657e-03  -5.481154918671e-01  -5.375029868446e-04   1.407554140314e-03  -5.473865866661e-01  -5.375029868446e-04   1.407554140314e-03  -5.473865866661e-01 
  0.000000000000e+00  -3.776944940910e-04  -4.023551642895e-01   0.000000000000e+00  -3.776944940910e-04  -4.023551642895e-01   2.082266844809e-03  -2.420954551781e-04  -4.766233563423e-01 
 -1.163171837106e-04  -7.300690049306e-05  -5.525876879692e-01  -6.537063163705e-04   1.412885612808e-04  -5.516778826714e-01  -1.017046393827e-03   2.962760918308e-04  -5.507182478905e-01 
 -1.055734348483e-03   4.249628109392e-04  -5.496453642845e-01  -8.776546455920e-04   5.156480474398e-04  -5.485528111458e-01  -4.990148590878e-04   5.590672953986e-04  -5.478315353394e-01 
 -4.990148590878e-04   5.590672953986e-04  -5.478315353394e-01   0.000000000000e+00  -1.991952558456e-05  -4.023095071316e-01   0.000000000000e+00  -1.991952558456e-05  -4.023095071316e-01 
  2.122843638062e-03   3.091813414358e-05  -4.766504168510e-01  -1.409483138559e-05   1.247201143997e-04  -5.527132153511e-01  -4.582488909364e-04   3.021369921044e-04  -5.519412755966e-01 
 -7.682658615522e-04   5.311574786901e-04  -5.511509180069e-01  -8.578471606597e-04   7.190395263024e-04  -5.502233505249e-01  -7.940501091070e-04   8.106557652354e-04  -5.492716431618e-01 
 -4.754566762131e-04   8.430455927737e-04  -5.486408472061e-01  -4.754566762131e-04   8.430455927737e-04  -5.486408472061e-01   0.000000000000e+00  -6.473854591604e-05  -4.021451473236e-01 
  0.000000000000e+00  -6.473854591604e-05  -4.021451473236e-01   2.151920460165e-03  -3.282026227680e-05  -4.764780700207e-01   4.265483948984e-05   1.340185190202e-05  -5.527057051659e-01 
 -2.986715117004e-04   1.553033653181e-04  -5.522350668907e-01  -5.119944689795e-04   3.760832478292e-04  -5.516300201416e-01  -6.145412335172e-04   5.860576056875e-04  -5.508099198341e-01 
 -6.551996921189e-04   7.061168435030e-04  -5.499561429024e-01  -4.201672854833e-04   7.562497630715e-04  -5.493476390839e-01  -4.201672854833e-04   7.562497630715e-04  -5.493476390839e-01 
  0.000000000000e+00   0.000000000000e+00  -4.021207392216e-01   0.000000000000e+00   0.000000000000e+00  -4.021207392216e-01   2.147966064513e-03   0.000000000000e+00  -4.763814508915e-01 
  4.394284405862e-05   0.000000000000e+00  -5.526582002640e-01  -2.398418000666e-04   0.000000000000e+00  -5.523667931557e-01  -3.795580414589e-04   0.000000000000e+00  -5.519497990608e-01 
 -4.521076916717e-04   0.000000000000e+00  -5.512750744820e-01  -5.403241375461e-04   0.000000000000e+00  -5.504510402679e-01  -3.642288793344e-04   0.000000000000e+00  -5.498046875000e-01 
 -3.642288793344e-04   0.000000000000e+00  -5.498046875000e-01   0.000000000000e+00   0.000000000000e+00  -4.021207392216e-01   0.000000000000e+00   0.000000000000e+00  -4.021207392216e-01 
  2.147966064513e-03   0.000000000000e+00  -4.763814508915e-01   4.394284405862e-05   0.000000000000e+00  -5.526582002640e-01  -2.398418000666e-04   0.000000000000e+00  -5.523667931557e-01 
 -3.795580414589e-04   0.000000000000e+00  -5.519497990608e-01  -4.521076916717e-04   0.000000000000e+00  -5.512750744820e-01  -5.403241375461e-04   0.000000000000e+00  -5.504510402679e-01 
 -3.642288793344e-04   0.000000000000e+00  -5.498046875000e-01  -3.642288793344e-04   0.000000000000e+00  -5.498046875000e-01   0.000000000000e+00  -1.493656542152e-02  -3.855934739113e-01 
  0.000000000000e+00  -1.493656542152e-02  -3.855934739113e-01   1.038835942745e-02  -4.141602257732e-04  -4.633462429047e-01   2.311016432941e-03  -1.641997951083e-04  -5.525832772255e-01 
 -7.739768479951e-04  -1.884618395707e-04  -5.508626103401e-01  -1.419703359716e-03  -1.631638442632e-04  -5.504748821259e-01  -1.431649317965e-03  -1.077066262951e-04  -5.491666793823e-01 
 -1.115259015933e-03   1.944977339008e-05  -5.479568243027e-01  -6.338687380776e-04   3.884655234287e-05  -5.472131371498e-01  -6.338687380776e-04   3.884655234287e-05  -5.472131371498e-01 
  0.000000000000e+00  -1.493656542152e-02  -3.855934739113e-01   0.000000000000e+00  -1.493656542152e-02  -3.855934739113e-01   1.038835942745e-02  -4.141602257732e-04  -4.633462429047e-01 
  2.311016432941e-03  -1.641997951083e-04  -5.525832772255e-01  -7.739768479951e-04  -1.884618395707e-04  -5.508626103401e-01  -1.419703359716e-03  -1.631638442632e-04  -5.504748821259e-01 
 -1.431649317965e-03  -1.077066262951e-04  -5.491666793823e-01  -1.115259015933e-03   1.944977339008e-05  -5.479568243027e-01  -6.338687380776e-04   3.884655234287e-05  -5.472131371498e-01 
 -6.338687380776e-04   3.884655234287e-05  -5.472131371498e-01   0.000000000000e+00   5.807028617710e-03  -3.861870765686e-01   0.000000000000e+00   5.807028617710e-03  -3.861870765686e-01 
  9.760919027030e-03   7.595900911838e-03  -4.647335708141e-01   2.089449204504e-03   8.616252802312e-03  -5.544584989548e-01  -7.872089627199e-04   8.912514895201e-03  -5.527094006538e-01 
 -1.348278950900e-03   9.045206010342e-03  -5.523554682732e-01  -1.363225746900e-03   9.250608272851e-03  -5.511376857758e-01  -1.041952054948e-03   9.612637571990e-03  -5.500363707542e-01 
 -5.823839455843e-04   9.703965857625e-03  -5.493589639664e-01  -5.823839455843e-04   9.703965857625e-03  -5.493589639664e-01   0.000000000000e+00  -2.811623038724e-03  -3.843219578266e-01 
  0.000000000000e+00  -2.811623038724e-03  -3.843219578266e-01   1.072337012738e-02  -3.592537483200e-03  -4.621171951294e-01   2.408670727164e-03  -4.070093855262e-03  -5.514188408852e-01 
 -8.028152515180e-04  -4.200831521302e-03  -5.496171116829e-01  -1.303181634285e-03  -4.179378971457e-03  -5.493100881577e-01  -1.374655519612e-03  -4.201659467071e-03  -5.481894016266e-01 
 -1.128811389208e-03  -4.225915297866e-03  -5.472432971001e-01  -5.730344564654e-04  -4.227348603308e-03  -5.466265678406e-01  -5.730344564654e-04  -4.227348603308e-03  -5.466265678406e-01 
  0.000000000000e+00   7.211480988190e-04  -3.850713968277e-01   0.000000000000e+00   7.211480988190e-04  -3.850713968277e-01   1.028231903911e-02   8.974411175586e-04  -4.630485475063e-01 
  2.244369825348e-03   1.003620098345e-03  -5.524195432663e-01  -7.113793399185e-04   1.036191824824e-03  -5.506660938263e-01  -1.174606732093e-03   1.061994582415e-03  -5.504283905029e-01 
 -1.182003994472e-03   1.228713081218e-03  -5.493736267090e-01  -9.610551060177e-04   1.367784221657e-03  -5.483983159065e-01  -5.375029868446e-04   1.407554140314e-03  -5.477867126465e-01 
 -5.375029868446e-04   1.407554140314e-03  -5.477867126465e-01   0.000000000000e+00  -2.532076323405e-04  -3.849872648716e-01   0.000000000000e+00  -2.532076323405e-04  -3.849872648716e-01 
  1.037589088082e-02  -2.476515655871e-04  -4.629227221012e-01   2.362908329815e-03  -1.099136570701e-04  -5.523432493210e-01  -5.542231956497e-04   1.331387029495e-04  -5.507119297981e-01 
 -1.016786671244e-03   2.961845311802e-04  -5.506154298782e-01  -1.055734348483e-03   4.249627818353e-04  -5.496943593025e-01  -8.776546455920e-04   5.156480474398e-04  -5.488275885582e-01 
 -4.990148590878e-04   5.590672953986e-04  -5.482686161995e-01  -4.990148590878e-04   5.590672953986e-04  -5.482686161995e-01   0.000000000000e+00   2.048346868833e-05  -3.849682807922e-01 
  0.000000000000e+00   2.048346868833e-05  -3.849682807922e-01   1.037869974971e-02   2.570080323494e-05  -4.629190862179e-01   2.441640011966e-03   1.037948750309e-04  -5.523973703384e-01 
 -3.626151883509e-04   2.957021060865e-04  -5.509090423584e-01  -7.680381531827e-04   5.310253472999e-04  -5.510208010674e-01  -8.578471606597e-04   7.190394680947e-04  -5.502924919128e-01 
 -7.940501091070e-04   8.106557652354e-04  -5.495311617851e-01  -4.754566762131e-04   8.430455927737e-04  -5.490147471428e-01  -4.754566762131e-04   8.430455927737e-04  -5.490147471428e-01 
  0.000000000000e+00  -3.219780410291e-05  -3.849571347237e-01   0.000000000000e+00  -3.219780410291e-05  -3.849571347237e-01   1.040905527771e-02  -3.250903318985e-05  -4.628832638264e-01 
  2.492152852938e-03   3.699740091179e-06  -5.523750185966e-01  -2.066345768981e-04   1.503848179709e-04  -5.510011911392e-01  -5.118230474181e-04   3.759565588553e-04  -5.513358116150e-01 
 -6.145412335172e-04   5.860576056875e-04  -5.508534312248e-01  -6.551996921189e-04   7.061168435030e-04  -5.502607822418e-01  -4.201672854833e-04   7.562497630715e-04  -5.498255491257e-01 
 -4.201672854833e-04   7.562497630715e-04  -5.498255491257e-01   0.000000000000e+00   0.000000000000e+00  -3.849900364876e-01   0.000000000000e+00   0.000000000000e+00  -3.849900364876e-01 
  1.041709817946e-02   0.000000000000e+00  -4.628945887089e-01   2.495037158951e-03   0.000000000000e+00  -5.523701906204e-01  -1.496498589404e-04   0.000000000000e+00  -5.510379076004e-01 
 -3.794289950747e-04   0.000000000000e+00  -5.514990091324e-01  -4.521076916717e-04   0.000000000000e+00  -5.511814951897e-01  -5.403241375461e-04   0.000000000000e+00  -5.507177114487e-01 
 -3.642288793344e-04   0.000000000000e+00  -5.503527522087e-01  -3.642288793344e-04   0.000000000000e+00  -5.503527522087e-01   0.000000000000e+00   0.000000000000e+00  -3.849900364876e-01 
  0.000000000000e+00   0.000000000000e+00  -3.849900364876e-01   1.041709817946e-02   0.000000000000e+00  -4.628945887089e-01   2.495037158951e-03   0.000000000000e+00  -5.523701906204e-01 
 -1.496498589404e-04   0.000000000000e+00  -5.510379076004e-01  -3.794289950747e-04   0.000000000000e+00  -5.514990091324e-01  -4.521076916717e-04   0.000000000000e+00  -5.511814951897e-01 
 -5.403241375461e-04   0.000000000000e+00  -5.507177114487e-01  -3.642288793344e-04   0.000000000000e+00  -5.503527522087e-01  -3.642288793344e-04   0.000000000000e+00  -5.503527522087e-01 
  0.000000000000e+00  -1.493656542152e-02  -3.855934739113e-01   0.000000000000e+00  -1.493656542152e-02  -3.855934739113e-01   1.038835942745e-02  -4.141602257732e-04  -4.633462429047e-01 
  2.311016432941e-03  -1.641997951083e-04  -5.525832772255e-01  -7.739768479951e-04  -1.884618395707e-04  -5.508626103401e-01  -1.419703359716e-03  -1.631638442632e-04  -5.504748821259e-01 
 -1.431649317965e-03  -1.077066262951e-04  -5.491666793823e-01  -1.115259015933e-03   1.944977339008e-05  -5.479568243027e-01  -6.338687380776e-04   3.884655234287e-05  -5.472131371498e-01 
 -6.338687380776e-04   3.884655234287e-05  -5.472131371498e-01   0.000000000000e+00  -1.493656542152e-02  -3.855934739113e-01   0.000000000000e+00  -1.493656542152e-02  -3.855934739113e-01 
  1.038835942745e-02  -4.141602257732e-04  -4.633462429047e-01   2.311016432941e-03  -1.641997951083e-04  -5.525832772255e-01  -7.739768479951e-04  -1.884618395707e-04  -5.508626103401e-01 
 -1.419703359716e-03  -1.631638442632e-04  -5.504748821259e-01  -1.431649317965e-03  -1.077066262951e-04  -5.491666793823e-01  -1.115259015933e-03   1.944977339008e-05  -5.479568243027e-01 
 -6.338687380776e-04   3.884655234287e-05  -5.472131371498e-01  -6.338687380776e-04   3.884655234287e-05  -5.472131371498e-01   0.000000000000e+00   5.807028617710e-03  -3.861870765686e-01 
  0.000000000000e+00   5.807028617710e-03  -3.861870765686e-01   9.760919027030e-03   7.595900911838e-03  -4.647335708141e-01   2.089449204504e-03   8.616252802312e-03  -5.544584989548e-01 
 -7.872089627199e-04   8.912514895201e-03  -5.527094006538e-01  -1.348278950900e-03   9.045206010342e-03  -5.523554682732e-01  -1.363225746900e-03   9.250608272851e-03  -5.511376857758e-01 
 -1.041952054948e-03   9.612637571990e-03  -5.500363707542e-01  -5.823839455843e-04   9.703965857625e-03  -5.493589639664e-01  -5.823839455843e-04   9.703965857625e-03  -5.493589639664e-01 
  0.000000000000e+00  -2.811623038724e-03  -3.843219578266e-01   0.000000000000e+00  -2.811623038724e-03  -3.843219578266e-01   1.072337012738e-02  -3.592537483200e-03  -4.621171951294e-01 
  2.408670727164e-03  -4.070093855262e-03  -5.514188408852e-01  -8.028152515180e-04  -4.200831521302e-03  -5.496171116829e-01  -1.303181634285e-03  -4.179378971457e-03  -5.493100881577e-01 
 -1.374655519612e-03  -4.201659467071e-03  -5.481894016266e-01  -1.128811389208e-03  -4.225915297866e-03  -5.472432971001e-01  -5.730344564654e-04  -4.227348603308e-03  -5.466265678406e-01 
 -5.730344564654e-04  -4.227348603308e-03  -5.466265678406e-01   0.000000000000e+00   7.211480988190e-04  -3.850713968277e-01   0.000000000000e+00   7.211480988190e-04  -3.850713968277e-01 
  1.028231903911e-02   8.974411175586e-04  -4.630485475063e-01   2.244369825348e-03   1.003620098345e-03  -5.524195432663e-01  -7.113793399185e-04   1.036191824824e-03  -5.506660938263e-01 
 -1.174606732093e-03   1.061994582415e-03  -5.504283905029e-01  -1.182003994472e-03   1.228713081218e-03  -5.493736267090e-01  -9.610551060177e-04   1.367784221657e-03  -5.483983159065e-01 
 -5.375029868446e-04   1.407554140314e-03  -5.477867126465e-01  -5.375029868446e-04   1.407554140314e-03  -5.477867126465e-01   0.000000000000e+00  -2.532076323405e-04  -3.849872648716e-01 
  0.000000000000e+00  -2.532076323405e-04  -3.849872648716e-01   1.037589088082e-02  -2.476515655871e-04  -4.629227221012e-01   2.362908329815e-03  -1.099136570701e-04  -5.523432493210e-01 
 -5.542231956497e-04   1.331387029495e-04  -5.507119297981e-01  -1.016786671244e-03   2.961845311802e-04  -5.506154298782e-01  -1.055734348483e-03   4.249627818353e-04  -5.496943593025e-01 
 -8.776546455920e-04   5.156480474398e-04  -5.488275885582e-01  -4.990148590878e-04   5.590672953986e-04  -5.482686161995e-01  -4.990148590878e-04   5.590672953986e-04  -5.482686161995e-01 
  0.000000000000e+00   2.048346868833e-05  -3.849682807922e-01   0.000000000000e+00   2.048346868833e-05  -3.849682807922e-01   1.037869974971e-02   2.570080323494e-05  -4.629190862179e-01 
  2.441640011966e-03   1.037948750309e-04  -5.523973703384e-01  -3.626151883509e-04   2.957021060865e-04  -5.509090423584e-01  -7.680381531827e-04   5.310253472999e-04  -5.510208010674e-01 
 -8.578471606597e-04   7.190394680947e-04  -5.502924919128e-01  -7.940501091070e-04   8.106557652354e-04  -5.495311617851e-01  -4.754566762131e-04   8.430455927737e-04  -5.490147471428e-01 
 -4.754566762131e-04   8.430455927737e-04  -5.490147471428e-01   0.000000000000e+00  -3.219780410291e-05  -3.849571347237e-01   0.000000000000e+00  -3.219780410291e-05  -3.849571347237e-01 
  1.040905527771e-02  -3.250903318985e-05  -4.628832638264e-01   2.492152852938e-03   3.699740091179e-06  -5.523750185966e-01  -2.066345768981e-04   1.503848179709e-04  -5.510011911392e-01 
 -5.118230474181e-04   3.759565588553e-04  -5.513358116150e-01  -6.145412335172e-04   5.860576056875e-04  -5.508534312248e-01  -6.551996921189e-04   7.061168435030e-04  -5.502607822418e-01 
 -4.201672854833e-04   7.562497630715e-04  -5.498255491257e-01  -4.201672854833e-04   7.562497630715e-04  -5.498255491257e-01   0.000000000000e+00   0.000000000000e+00  -3.849900364876e-01 
  0.000000000000e+00   0.000000000000e+00  -3.849900364876e-01   1.041709817946e-02   0.000000000000e+00  -4.628945887089e-01   2.495037158951e-03   0.000000000000e+00  -5.523701906204e-01 
 -1.496498589404e-04   0.000000000000e+00  -5.510379076004e-01  -3.794289950747e-04   0.000000000000e+00  -5.514990091324e-01  -4.521076916717e-04   0.000000000000e+00  -5.511814951897e-01 
 -5.403241375461e-04   0.000000000000e+00  -5.507177114487e-01  -3.642288793344e-04   0.000000000000e+00  -5.503527522087e-01  -3.642288793344e-04   0.000000000000e+00  -5.503527522087e-01 
  0.000000000000e+00   0.000000000000e+00  -3.849900364876e-01   0.000000000000e+00   0.000000000000e+00  -3.849900364876e-01   1.041709817946e-02   0.000000000000e+00  -4.628945887089e-01 
  2.495037158951e-03   0.000000000000e+00  -5.523701906204e-01  -1.496498589404e-04   0.000000000000e+00  -5.510379076004e-01  -3.794289950747e-04   0.000000000000e+00  -5.514990091324e-01 
 -4.521076916717e-04   0.000000000000e+00  -5.511814951897e-01  -5.403241375461e-04   0.000000000000e+00  -5.507177114487e-01  -3.642288793344e-04   0.000000000000e+00  -5.503527522087e-01 
 -3.642288793344e-04   0.000000000000e+00  -5.503527522087e-01 

