# vtk DataFile Version 2.0
Written using VisIt writer
ASCII
DATASET RECTILINEAR_GRID
DIMENSIONS 10 10 10
X_COORDINATES 10 float
  0.000000000000e+00   5.000000000000e-01   1.000000000000e+00   1.500000000000e+00   2.000000000000e+00   2.500000000000e+00   3.000000000000e+00   3.500000000000e+00   4.000000000000e+00 
  4.500000000000e+00 
Y_COORDINATES 10 float
  0.000000000000e+00   5.000000000000e-01   1.000000000000e+00   1.500000000000e+00   2.000000000000e+00   2.500000000000e+00   3.000000000000e+00   3.500000000000e+00   4.000000000000e+00 
  4.500000000000e+00 
Z_COORDINATES 10 float
  0.000000000000e+00   5.000000000000e-01   1.000000000000e+00   1.500000000000e+00   2.000000000000e+00   2.500000000000e+00   3.000000000000e+00   3.500000000000e+00   4.000000000000e+00 
  4.500000000000e+00 
CELL_DATA 729
POINT_DATA 1000
VECTORS velocity float
  0.000000000000e+00  -1.104423627257e-01  -2.014979422092e-01   3.251200000000e+04   0.000000000000e+00   0.000000000000e+00   0.000000000000e+00   0.000000000000e+00   0.000000000000e+00 
  1.426241844893e-01  -6.849512457848e-02  -1.549860239029e-01   0.000000000000e+00   0.000000000000e+00   0.000000000000e+00   0.000000000000e+00   1.431655808000e+09   1.070945600000e+09 
  1.427261233330e-01  -7.755338400602e-02  -1.578296422958e-01   1.071994176000e+09   0.000000000000e+00   0.000000000000e+00   0.000000000000e+00   0.000000000000e+00   0.000000000000e+00 
  1.171482577920e-01  -1.456291675568e-01  -1.871327757835e-01   0.000000000000e+00  -1.104423627257e-01  -2.014979422092e-01   1.070945600000e+09   0.000000000000e+00   0.000000000000e+00 
  7.575859874487e-02  -9.691634774208e-02  -1.879619956017e-01   1.426241844893e-01  -6.849512457848e-02  -1.549860239029e-01   1.431655808000e+09   1.070945600000e+09   0.000000000000e+00 
  1.641446053982e-01  -4.145860299468e-02  -1.293553411961e-01   1.427261233330e-01  -7.755338400602e-02  -1.578296422958e-01   0.000000000000e+00   0.000000000000e+00   1.071644672000e+09 
  1.171482577920e-01  -1.456291675568e-01  -1.871327757835e-01   1.171482577920e-01  -1.456291675568e-01  -1.871327757835e-01   0.000000000000e+00  -1.761794905178e-03  -1.711018681526e-01 
  0.000000000000e+00  -1.761794905178e-03  -1.711018681526e-01  -4.325479641557e-02  -2.445181012154e-01  -1.902406215668e-01   1.364701837301e-01  -2.817763984203e-01  -1.810557395220e-01 
  1.095509007573e-01  -1.353917866945e-01  -1.806921660900e-01   1.006612926722e-01  -9.011114388704e-02  -1.390701383352e-01   1.133890450001e-01   1.333867292851e-02  -1.369169205427e-01 
  8.587367832661e-02   3.166358545423e-02  -1.359082460403e-01   1.258909106255e-01  -2.427583187819e-02  -1.464607715607e-01   1.258909106255e-01  -2.427583187819e-02  -1.464607715607e-01 
  0.000000000000e+00   5.018701404333e-02  -1.579883098602e-01   0.000000000000e+00   5.018701404333e-02  -1.579883098602e-01   9.239140897989e-02   1.069590356201e-02  -1.459063887596e-01 
  6.002955138683e-02   6.383049488068e-02  -1.346699446440e-01   4.540412873030e-02   4.611465707421e-02  -1.450422108173e-01   1.780104488134e-01  -5.675043538213e-02  -1.446410417557e-01 
  1.173764318228e-01  -2.252439595759e-02  -1.817685663700e-01   1.307653188705e-01  -5.577680654824e-03  -1.393774598837e-01   1.962026804686e-01  -2.497448213398e-02  -1.319726854563e-01 
  1.962026804686e-01  -2.497448213398e-02  -1.319726854563e-01   0.000000000000e+00   2.793455310166e-02  -1.835178732872e-01   0.000000000000e+00   2.793455310166e-02  -1.835178732872e-01 
 -7.683687377721e-03  -3.350743651390e-02  -1.949157416821e-01   1.075192317367e-01   3.104235790670e-02  -1.397759467363e-01   8.544912189245e-02  -5.072794854641e-03  -1.393551975489e-01 
  1.345224678516e-01   1.022711163387e-03  -1.324125528336e-01   1.017355918884e-01   1.312955282629e-02  -1.543811857700e-01   1.322230249643e-01  -2.820333838463e-02  -1.534685343504e-01 
  1.433674097061e-01  -4.684589430690e-02  -1.791906952858e-01   1.433674097061e-01  -4.684589430690e-02  -1.791906952858e-01   0.000000000000e+00  -5.651757121086e-02  -1.651217341423e-01 
  0.000000000000e+00  -5.651757121086e-02  -1.651217341423e-01   3.130817413330e-02  -1.441811025143e-02  -1.606993228197e-01   1.059073433280e-01  -6.392706930637e-02  -1.633745878935e-01 
  2.105364389718e-02  -1.606115996838e-01  -2.039019763470e-01   1.361831128597e-01  -1.434952467680e-01  -1.454593092203e-01   9.567147493362e-02  -3.679355978966e-02  -1.409943699837e-01 
  8.498852699995e-02   1.071945484728e-02  -1.328978538513e-01   2.003283500671e-01   1.361920535564e-01  -1.384929120541e-01   2.003283500671e-01   1.361920535564e-01  -1.384929120541e-01 
  0.000000000000e+00  -5.595408007503e-02  -1.686708331108e-01   0.000000000000e+00  -5.595408007503e-02  -1.686708331108e-01   6.648758053780e-02  -3.195228800178e-02  -1.532888710499e-01 
  7.772172987461e-02   1.443535741419e-02  -1.413016617298e-01   1.844670809805e-02   1.025064662099e-01  -1.558114737272e-01   1.157463043928e-01  -5.443941056728e-02  -1.611771285534e-01 
  1.083730310202e-01  -9.913427382708e-02  -1.870588958263e-01   9.708562493324e-02  -8.270169794559e-02  -1.458139270544e-01   1.978928446770e-01  -1.865337044001e-02  -1.385444551706e-01 
  1.978928446770e-01  -1.865337044001e-02  -1.385444551706e-01   0.000000000000e+00  -1.428618282080e-01  -2.075518816710e-01   0.000000000000e+00  -1.428618282080e-01  -2.075518816710e-01 
 -7.534611225128e-02  -1.107000038028e-01  -2.303708195686e-01   1.244754418731e-01  -4.417269676924e-02  -1.650234311819e-01   4.301553219557e-02   3.001418709755e-02  -1.735372543335e-01 
  1.520134210587e-01   3.387998789549e-02  -1.358050704002e-01   1.197777166963e-01   3.651017788798e-03  -1.462858915329e-01   1.343985795975e-01  -1.115278676152e-01  -1.622365266085e-01 
  2.521711587906e-01  -1.252773553133e-01  -1.947273164988e-01   2.521711587906e-01  -1.252773553133e-01  -1.947273164988e-01   0.000000000000e+00   0.000000000000e+00  -1.679808348417e-01 
  0.000000000000e+00   0.000000000000e+00  -1.679808348417e-01  -1.068993732333e-01   0.000000000000e+00  -1.856863945723e-01   9.617523103952e-02   0.000000000000e+00  -1.677602082491e-01 
 -2.847487805411e-03   0.000000000000e+00  -2.391985803843e-01   2.834250330925e-01   0.000000000000e+00  -1.389831453562e-01   2.054180800915e-01   0.000000000000e+00  -1.232890486717e-01 
  1.628703474998e-01   0.000000000000e+00  -1.256831437349e-01   2.819168865681e-01   0.000000000000e+00  -1.362862735987e-01   2.819168865681e-01   0.000000000000e+00  -1.362862735987e-01 
  0.000000000000e+00   0.000000000000e+00  -1.679808348417e-01   0.000000000000e+00   0.000000000000e+00  -1.679808348417e-01  -1.068993732333e-01   0.000000000000e+00  -1.856863945723e-01 
  9.617523103952e-02   0.000000000000e+00  -1.677602082491e-01  -2.847487805411e-03   0.000000000000e+00  -2.391985803843e-01   2.834250330925e-01   0.000000000000e+00  -1.389831453562e-01 
  2.054180800915e-01   0.000000000000e+00  -1.232890486717e-01   1.628703474998e-01   0.000000000000e+00  -1.256831437349e-01   2.819168865681e-01   0.000000000000e+00  -1.362862735987e-01 
  2.819168865681e-01   0.000000000000e+00  -1.362862735987e-01   0.000000000000e+00  -1.104423627257e-01  -2.014979422092e-01   0.000000000000e+00  -1.104423627257e-01  -2.014979422092e-01 
  7.575859874487e-02  -9.691634774208e-02  -1.879619956017e-01   1.426241844893e-01  -6.849512457848e-02  -1.549860239029e-01   1.264427155256e-01  -4.466611519456e-02  -1.371452212334e-01 
  1.641446053982e-01  -4.145860299468e-02  -1.293553411961e-01   1.427261233330e-01  -7.755338400602e-02  -1.578296422958e-01   1.254691481590e-01  -7.881322503090e-02  -1.690414845943e-01 
  1.171482577920e-01  -1.456291675568e-01  -1.871327757835e-01   1.171482577920e-01  -1.456291675568e-01  -1.871327757835e-01   0.000000000000e+00  -1.104423627257e-01  -2.014979422092e-01 
  0.000000000000e+00  -1.104423627257e-01  -2.014979422092e-01   7.575859874487e-02  -9.691634774208e-02  -1.879619956017e-01   1.426241844893e-01  -6.849512457848e-02  -1.549860239029e-01 
  1.264427155256e-01  -4.466611519456e-02  -1.371452212334e-01   1.641446053982e-01  -4.145860299468e-02  -1.293553411961e-01   1.427261233330e-01  -7.755338400602e-02  -1.578296422958e-01 
  1.254691481590e-01  -7.881322503090e-02  -1.690414845943e-01   1.171482577920e-01  -1.456291675568e-01  -1.871327757835e-01   1.171482577920e-01  -1.456291675568e-01  -1.871327757835e-01 
  0.000000000000e+00  -1.761794905178e-03  -1.711018681526e-01   0.000000000000e+00  -1.761794905178e-03  -1.711018681526e-01  -4.325479641557e-02  -2.445181012154e-01  -1.902406215668e-01 
  1.364701837301e-01  -2.817763984203e-01  -1.810557395220e-01   1.095509007573e-01  -1.353917866945e-01  -1.806921660900e-01   1.006612926722e-01  -9.011114388704e-02  -1.390701383352e-01 
  1.133890450001e-01   1.333867292851e-02  -1.369169205427e-01   8.587367832661e-02   3.166358545423e-02  -1.359082460403e-01   1.258909106255e-01  -2.427583187819e-02  -1.464607715607e-01 
  1.258909106255e-01  -2.427583187819e-02  -1.464607715607e-01   0.000000000000e+00   5.018701404333e-02  -1.579883098602e-01   0.000000000000e+00   5.018701404333e-02  -1.579883098602e-01 
  9.239140897989e-02   1.069590356201e-02  -1.459063887596e-01   6.002955138683e-02   6.383049488068e-02  -1.346699446440e-01   4.540412873030e-02   4.611465707421e-02  -1.450422108173e-01 
  1.780104488134e-01  -5.675043538213e-02  -1.446410417557e-01   1.173764318228e-01  -2.252439595759e-02  -1.817685663700e-01   1.307653188705e-01  -5.577680654824e-03  -1.393774598837e-01 
  1.962026804686e-01  -2.497448213398e-02  -1.319726854563e-01   1.962026804686e-01  -2.497448213398e-02  -1.319726854563e-01   0.000000000000e+00   2.793455310166e-02  -1.835178732872e-01 
  0.000000000000e+00   2.793455310166e-02  -1.835178732872e-01  -7.683687377721e-03  -3.350743651390e-02  -1.949157416821e-01   1.075192317367e-01   3.104235790670e-02  -1.397759467363e-01 
  8.544912189245e-02  -5.072794854641e-03  -1.393551975489e-01   1.345224678516e-01   1.022711163387e-03  -1.324125528336e-01   1.017355918884e-01   1.312955282629e-02  -1.543811857700e-01 
  1.322230249643e-01  -2.820333838463e-02  -1.534685343504e-01   1.433674097061e-01  -4.684589430690e-02  -1.791906952858e-01   1.433674097061e-01  -4.684589430690e-02  -1.791906952858e-01 
  0.000000000000e+00  -5.651757121086e-02  -1.651217341423e-01   0.000000000000e+00  -5.651757121086e-02  -1.651217341423e-01   3.130817413330e-02  -1.441811025143e-02  -1.606993228197e-01 
  1.059073433280e-01  -6.392706930637e-02  -1.633745878935e-01   2.105364389718e-02  -1.606115996838e-01  -2.039019763470e-01   1.361831128597e-01  -1.434952467680e-01  -1.454593092203e-01 
  9.567147493362e-02  -3.679355978966e-02  -1.409943699837e-01   8.498852699995e-02   1.071945484728e-02  -1.328978538513e-01   2.003283500671e-01   1.361920535564e-01  -1.384929120541e-01 
  2.003283500671e-01   1.361920535564e-01  -1.384929120541e-01   0.000000000000e+00  -5.595408007503e-02  -1.686708331108e-01   0.000000000000e+00  -5.595408007503e-02  -1.686708331108e-01 
  6.648758053780e-02  -3.195228800178e-02  -1.532888710499e-01   7.772172987461e-02   1.443535741419e-02  -1.413016617298e-01   1.844670809805e-02   1.025064662099e-01  -1.558114737272e-01 
  1.157463043928e-01  -5.443941056728e-02  -1.611771285534e-01   1.083730310202e-01  -9.913427382708e-02  -1.870588958263e-01   9.708562493324e-02  -8.270169794559e-02  -1.458139270544e-01 
  1.978928446770e-01  -1.865337044001e-02  -1.385444551706e-01   1.978928446770e-01  -1.865337044001e-02  -1.385444551706e-01   0.000000000000e+00  -1.428618282080e-01  -2.075518816710e-01 
  0.000000000000e+00  -1.428618282080e-01  -2.075518816710e-01  -7.534611225128e-02  -1.107000038028e-01  -2.303708195686e-01   1.244754418731e-01  -4.417269676924e-02  -1.650234311819e-01 
  4.301553219557e-02   3.001418709755e-02  -1.735372543335e-01   1.520134210587e-01   3.387998789549e-02  -1.358050704002e-01   1.197777166963e-01   3.651017788798e-03  -1.462858915329e-01 
  1.343985795975e-01  -1.115278676152e-01  -1.622365266085e-01   2.521711587906e-01  -1.252773553133e-01  -1.947273164988e-01   2.521711587906e-01  -1.252773553133e-01  -1.947273164988e-01 
  0.000000000000e+00   0.000000000000e+00  -1.679808348417e-01   0.000000000000e+00   0.000000000000e+00  -1.679808348417e-01  -1.068993732333e-01   0.000000000000e+00  -1.856863945723e-01 
  9.617523103952e-02   0.000000000000e+00  -1.677602082491e-01  -2.847487805411e-03   0.000000000000e+00  -2.391985803843e-01   2.834250330925e-01   0.000000000000e+00  -1.389831453562e-01 
  2.054180800915e-01   0.000000000000e+00  -1.232890486717e-01   1.628703474998e-01   0.000000000000e+00  -1.256831437349e-01   2.819168865681e-01   0.000000000000e+00  -1.362862735987e-01 
  2.819168865681e-01   0.000000000000e+00  -1.362862735987e-01   0.000000000000e+00   0.000000000000e+00  -1.679808348417e-01   0.000000000000e+00   0.000000000000e+00  -1.679808348417e-01 
 -1.068993732333e-01   0.000000000000e+00  -1.856863945723e-01   9.617523103952e-02   0.000000000000e+00  -1.677602082491e-01  -2.847487805411e-03   0.000000000000e+00  -2.391985803843e-01 
  2.834250330925e-01   0.000000000000e+00  -1.389831453562e-01   2.054180800915e-01   0.000000000000e+00  -1.232890486717e-01   1.628703474998e-01   0.000000000000e+00  -1.256831437349e-01 
  2.819168865681e-01   0.000000000000e+00  -1.362862735987e-01   2.819168865681e-01   0.000000000000e+00  -1.362862735987e-01   0.000000000000e+00  -2.025217562914e-01  -1.016974806786e+00 
  0.000000000000e+00  -2.025217562914e-01  -1.016974806786e+00   6.938914060593e-01  -6.405615061522e-02  -1.068996906281e+00   2.038971334696e-01  -1.682383716106e-01  -5.737963914871e-01 
  3.843626081944e-01  -8.740242570639e-02  -5.554258227348e-01   2.375019937754e-01  -3.042781166732e-02  -2.322877645493e-01   1.922411620617e-01  -1.440310850739e-02  -4.217035323381e-02 
  1.248537376523e-01  -6.182783748955e-03  -9.283974766731e-01   1.171550750732e-01  -6.145314499736e-02  -9.102181792259e-01   1.171550750732e-01  -6.145314499736e-02  -9.102181792259e-01 
  0.000000000000e+00  -2.025217562914e-01  -1.016974806786e+00   0.000000000000e+00  -2.025217562914e-01  -1.016974806786e+00   6.938914060593e-01  -6.405615061522e-02  -1.068996906281e+00 
  2.038971334696e-01  -1.682383716106e-01  -5.737963914871e-01   3.843626081944e-01  -8.740242570639e-02  -5.554258227348e-01   2.375019937754e-01  -3.042781166732e-02  -2.322877645493e-01 
  1.922411620617e-01  -1.440310850739e-02  -4.217035323381e-02   1.248537376523e-01  -6.182783748955e-03  -9.283974766731e-01   1.171550750732e-01  -6.145314499736e-02  -9.102181792259e-01 
  1.171550750732e-01  -6.145314499736e-02  -9.102181792259e-01   0.000000000000e+00  -3.488925099373e-02  -6.179865002632e-01   0.000000000000e+00  -3.488925099373e-02  -6.179865002632e-01 
  1.433032900095e-01  -1.243400573730e-01  -5.472992062569e-01   2.167966961861e-01  -1.690335422754e-01  -7.041213512421e-01   6.587722897530e-01  -1.522126644850e-01  -5.832255482674e-01 
  4.572824835777e-01  -4.569390788674e-02  -3.210518062115e-01   5.065821409225e-01   7.692265789956e-03  -1.112888813019e+00   9.597200900316e-02   3.092835471034e-02  -9.611689448357e-01 
  1.238141506910e-01  -2.421956881881e-02  -9.505676627159e-01   1.238141506910e-01  -2.421956881881e-02  -9.505676627159e-01   0.000000000000e+00   1.876948177814e-01  -1.003812909126e+00 
  0.000000000000e+00   1.876948177814e-01  -1.003812909126e+00   2.243637144566e-01   2.887565195560e-01  -7.693758606911e-01   4.841277003288e-01   2.069812715054e-01  -7.500764727592e-01 
  7.074795365334e-01   8.508503437042e-02  -9.453376531601e-01   1.170524835587e+00   1.630257815123e-01  -1.083737611771e+00   1.219319939613e+00   4.940990358591e-02  -1.067437648773e+00 
  0.000000000000e+00   4.212887212634e-02  -6.062254309654e-02   0.000000000000e+00  -2.452218160033e-02  -6.802731752396e-02   0.000000000000e+00  -2.452218160033e-02  -6.802731752396e-02 
  0.000000000000e+00   1.142788096331e-03  -9.318708777428e-01   0.000000000000e+00   1.142788096331e-03  -9.318708777428e-01   1.008099988103e-01   2.050586938858e-01  -1.169731140137e+00 
  4.238265454769e-01   5.887134671211e-01  -5.709040164948e-01   3.792589008808e-01   3.883549943566e-02  -8.092002272606e-01   2.994971871376e-01   1.926497966051e-01  -6.745101809502e-01 
  1.289162486792e-01   7.394819706678e-02  -9.384607672691e-01   1.321305483580e-01   5.350826308131e-02  -4.653146490455e-02   1.449450999498e-01  -4.623529687524e-02  -2.080930769444e-02 
  1.449450999498e-01  -4.623529687524e-02  -2.080930769444e-02   0.000000000000e+00   4.357413575053e-02  -8.317412734032e-01   0.000000000000e+00   4.357413575053e-02  -8.317412734032e-01 
  7.444214820862e-02   2.564115449786e-03  -8.923100829124e-01   1.108239665627e-01   1.666965633631e-01  -1.414902657270e-01   8.632958680391e-02   3.055174946785e-01  -4.033878147602e-01 
  3.251173794270e-01   1.419023424387e-02  -3.756126165390e-01   1.854581534863e-01  -2.415830269456e-02  -1.005744934082e+00   1.351018399000e-01   6.791451014578e-03  -9.540388584137e-01 
  2.325070351362e-01   1.334877908230e-01  -6.150708720088e-02   2.325070351362e-01   1.334877908230e-01  -6.150708720088e-02   0.000000000000e+00  -2.012235224247e-01  -1.017433166504e+00 
  0.000000000000e+00  -2.012235224247e-01  -1.017433166504e+00   2.394905835390e-01   7.815623283386e-02  -9.583705663681e-01   3.429059684277e-01   5.336285829544e-01  -1.002854585648e+00 
  5.920906066895e-01   4.083558619022e-01  -7.731741070747e-01   3.415542840958e-01   1.465122103691e-01  -6.461558341980e-01   2.354138493538e-01   3.586790291592e-03  -7.703461050987e-01 
  3.264024257660e-01  -6.172714382410e-02  -9.395546317101e-01   4.377191066742e-01  -2.620236016810e-02  -6.145554780960e-02   4.377191066742e-01  -2.620236016810e-02  -6.145554780960e-02 
  0.000000000000e+00   1.317177861929e-01  -7.610934376717e-01   0.000000000000e+00   1.317177861929e-01  -7.610934376717e-01   2.625909447670e-01   5.739803984761e-02  -8.462458252907e-01 
  4.051824510098e-01  -7.348544895649e-02  -1.454439043999e+00   6.744054555893e-01  -7.192645221949e-02  -2.321679115295e+00   6.004634872079e-02   1.139139458537e-01  -1.251827359200e+00 
  1.439426094294e-01   2.495378023013e-03  -7.032581567764e-01   7.850360274315e-01   1.840983750299e-04  -7.625955939293e-01   8.544616103172e-01  -6.318250298500e-02  -9.262793660164e-01 
  8.544616103172e-01  -6.318250298500e-02  -9.262793660164e-01   0.000000000000e+00   0.000000000000e+00  -5.570088624954e-01   0.000000000000e+00   0.000000000000e+00  -5.570088624954e-01 
  3.662702441216e-01   0.000000000000e+00  -5.611885786057e-01   4.885645508766e-01   0.000000000000e+00  -1.420166850090e+00  -1.032563209534e+00   0.000000000000e+00  -1.251595973969e+00 
 -5.211945176125e-01   1.008846610785e-02  -7.124048471451e-01   6.552901864052e-02   3.388110781088e-04  -7.671095430851e-02   4.900973439217e-01   0.000000000000e+00  -7.892278432846e-01 
  8.682498335838e-01   0.000000000000e+00  -1.233887434006e+00   8.682498335838e-01   0.000000000000e+00  -1.233887434006e+00   0.000000000000e+00   0.000000000000e+00  -5.570088624954e-01 
  0.000000000000e+00   0.000000000000e+00  -5.570088624954e-01   3.662702441216e-01   0.000000000000e+00  -5.611885786057e-01   4.885645508766e-01   0.000000000000e+00  -1.420166850090e+00 
 -1.032563209534e+00   0.000000000000e+00  -1.251595973969e+00  -5.211945176125e-01   1.008846610785e-02  -7.124048471451e-01   6.552901864052e-02   3.388110781088e-04  -7.671095430851e-02 
  4.900973439217e-01   0.000000000000e+00  -7.892278432846e-01   8.682498335838e-01   0.000000000000e+00  -1.233887434006e+00   8.682498335838e-01   0.000000000000e+00  -1.233887434006e+00 
  0.000000000000e+00  -9.674452245235e-02  -4.776828587055e-01   0.000000000000e+00  -9.674452245235e-02  -4.776828587055e-01   3.455331549048e-02   5.767440423369e-02  -5.914507508278e-01 
 -6.385867297649e-02  -1.072024181485e-01  -4.992624819279e-01   1.470604166389e-02  -7.529020309448e-02  -4.802328944206e-01   0.000000000000e+00   0.000000000000e+00  -1.000000014901e-01 
  0.000000000000e+00   3.315706504509e-03  -1.507115215063e-01   1.662778258324e-01  -3.137457184494e-03  -8.267316222191e-01   1.760482490063e-01  -4.308662936091e-02  -8.861742615700e-01 
  1.760482490063e-01  -4.308662936091e-02  -8.861742615700e-01   0.000000000000e+00  -9.674452245235e-02  -4.776828587055e-01   0.000000000000e+00  -9.674452245235e-02  -4.776828587055e-01 
  3.455331549048e-02   5.767440423369e-02  -5.914507508278e-01  -6.385867297649e-02  -1.072024181485e-01  -4.992624819279e-01   1.470604166389e-02  -7.529020309448e-02  -4.802328944206e-01 
  0.000000000000e+00   0.000000000000e+00  -1.000000014901e-01   0.000000000000e+00   3.315706504509e-03  -1.507115215063e-01   1.662778258324e-01  -3.137457184494e-03  -8.267316222191e-01 
  1.760482490063e-01  -4.308662936091e-02  -8.861742615700e-01   1.760482490063e-01  -4.308662936091e-02  -8.861742615700e-01   0.000000000000e+00   6.676447391510e-02  -6.687619686127e-01 
  0.000000000000e+00   6.676447391510e-02  -6.687619686127e-01   9.534023702145e-02   1.194259449840e-01  -4.638195931911e-01   1.304942667484e-01  -1.268723905087e-01  -1.180599108338e-01 
  5.307505726814e-01  -5.604800954461e-02  -3.696956336498e-01   5.891610383987e-01   0.000000000000e+00  -6.565368771553e-01   6.629080511630e-03   1.020816061646e-02  -1.031683802605e+00 
  2.594587504864e-01   0.000000000000e+00  -6.358917355537e-01   2.681033015251e-01  -7.040065247566e-03  -7.930533289909e-01   2.681033015251e-01  -7.040065247566e-03  -7.930533289909e-01 
  0.000000000000e+00   3.168726563454e-01  -1.542513668537e-01   0.000000000000e+00   3.168726563454e-01  -1.542513668537e-01   1.716290861368e-01  -1.366071701050e-01  -3.802309334278e-01 
  4.362073540688e-01  -2.325740270317e-02  -2.898547649384e-01   6.272662281990e-01  -2.964653447270e-02  -6.751384139061e-01   7.567540407181e-01   1.109362989664e-01  -1.132573008537e+00 
  0.000000000000e+00   4.676616191864e-02  -1.149805665016e+00   3.161312937737e-01   3.900072351098e-02  -6.415404677391e-01   3.274287879467e-01   2.260079048574e-02  -6.358917355537e-01 
  3.274287879467e-01   2.260079048574e-02  -6.358917355537e-01   0.000000000000e+00  -9.013698250055e-02  -4.118958413601e-01   0.000000000000e+00  -9.013698250055e-02  -4.118958413601e-01 
  6.660532951355e-02  -1.885326057673e-01  -3.938244581223e-01   8.758880496025e-01  -3.980870246887e-01  -2.478240281343e-01   6.718420386314e-01  -1.798766106367e-01  -2.383767366409e-01 
  2.516651451588e-01   2.435160055757e-02  -6.229768991470e-01   2.828939557076e-01   5.491755157709e-02  -8.443394303322e-01   2.689619362354e-01   5.029820278287e-02  -1.000000014901e-01 
  2.744331657887e-01   2.378249540925e-02  -1.943978816271e-01   2.744331657887e-01   2.378249540925e-02  -1.943978816271e-01   0.000000000000e+00   4.280489683151e-02  -2.661883533001e-01 
  0.000000000000e+00   4.280489683151e-02  -2.661883533001e-01   1.175578460097e-01  -2.487424314022e-01  -2.057964056730e-01   3.691518306732e-01   6.017426401377e-02  -2.900608181953e-01 
  1.978479772806e-01   1.035668179393e-01  -1.751518100500e-01   3.226565718651e-01   6.137201935053e-02  -1.389435380697e-01   1.789866536856e-01   1.730323024094e-02  -7.186554670334e-01 
  1.593702584505e-01   0.000000000000e+00  -9.359652996063e-01   2.479455322027e-01   7.265183329582e-02  -1.884259134531e-01   2.479455322027e-01   7.265183329582e-02  -1.884259134531e-01 
  0.000000000000e+00  -1.199302002788e-01  -3.784494102001e-01   0.000000000000e+00  -1.199302002788e-01  -3.784494102001e-01   1.756567656994e-01  -1.234173327684e-01  -5.646464824677e-01 
  1.942413300276e-01   2.699683010578e-01  -6.069489121437e-01   4.735697805882e-01   1.858124583960e-01   6.849873811007e-02   4.283669888973e-01   1.434223651886e-01   1.793114244938e-01 
  0.000000000000e+00   5.428678169847e-02  -7.495440244675e-01   2.247329056263e-01  -4.706116020679e-02  -8.764712810516e-01   4.490513205528e-01  -3.092557750642e-02  -4.081588685513e-01 
  4.490513205528e-01  -3.092557750642e-02  -4.081588685513e-01   0.000000000000e+00   1.207112744451e-01  -3.918479681015e-01   0.000000000000e+00   1.207112744451e-01  -3.918479681015e-01 
  1.812680065632e-01   7.588793337345e-02  -4.516213238239e-01   2.430559694767e-01   1.038617081940e-02  -1.192147731781e+00   4.706417024136e-01   6.020830571651e-02  -6.649119257927e-01 
 -1.859525144100e-01   8.969663083553e-02  -5.750775933266e-01  -2.120718359947e-02   6.715642288327e-03  -7.472177743912e-01   0.000000000000e+00   0.000000000000e+00  -8.049898743629e-01 
  5.934679508209e-01  -3.411118313670e-02  -9.400830268860e-01   5.934679508209e-01  -3.411118313670e-02  -9.400830268860e-01   0.000000000000e+00   0.000000000000e+00  -3.628223538399e-01 
  0.000000000000e+00   0.000000000000e+00  -3.628223538399e-01   2.120033055544e-01   0.000000000000e+00  -2.970336079597e-01   6.839039921761e-02   1.828700304031e-03  -1.146778702736e+00 
  3.626271188259e-01   0.000000000000e+00  -8.655488491058e-01  -8.888630568981e-02   2.551916427910e-02  -7.531327605247e-01  -5.386441573501e-02   1.354151987471e-03  -3.834364116192e-01 
  4.741294384003e-01   0.000000000000e+00  -8.774401545525e-01   8.606920838356e-01   0.000000000000e+00  -1.098418116570e+00   8.606920838356e-01   0.000000000000e+00  -1.098418116570e+00 
  0.000000000000e+00   0.000000000000e+00  -3.628223538399e-01   0.000000000000e+00   0.000000000000e+00  -3.628223538399e-01   2.120033055544e-01   0.000000000000e+00  -2.970336079597e-01 
  6.839039921761e-02   1.828700304031e-03  -1.146778702736e+00   3.626271188259e-01   0.000000000000e+00  -8.655488491058e-01  -8.888630568981e-02   2.551916427910e-02  -7.531327605247e-01 
 -5.386441573501e-02   1.354151987471e-03  -3.834364116192e-01   4.741294384003e-01   0.000000000000e+00  -8.774401545525e-01   8.606920838356e-01   0.000000000000e+00  -1.098418116570e+00 
  8.606920838356e-01   0.000000000000e+00  -1.098418116570e+00   0.000000000000e+00   1.019488349557e-01  -4.251614511013e-01   0.000000000000e+00   1.019488349557e-01  -4.251614511013e-01 
  1.256208419800e-01   1.738917529583e-01   3.762781247497e-02  -1.975580006838e-01   1.589292287827e-01   1.103587914258e-02   0.000000000000e+00  -1.668714582920e-01  -1.000000014901e-01 
  8.687271475792e-01  -1.607539951801e-01  -6.366841197014e-01   8.564922213554e-01   0.000000000000e+00  -6.428015828133e-01   0.000000000000e+00   2.817043801770e-03  -6.766901016235e-01 
  1.193850487471e-01  -1.451932825148e-02  -7.783975005150e-01   1.193850487471e-01  -1.451932825148e-02  -7.783975005150e-01   0.000000000000e+00   1.019488349557e-01  -4.251614511013e-01 
  0.000000000000e+00   1.019488349557e-01  -4.251614511013e-01   1.256208419800e-01   1.738917529583e-01   3.762781247497e-02  -1.975580006838e-01   1.589292287827e-01   1.103587914258e-02 
  0.000000000000e+00  -1.668714582920e-01  -1.000000014901e-01   8.687271475792e-01  -1.607539951801e-01  -6.366841197014e-01   8.564922213554e-01   0.000000000000e+00  -6.428015828133e-01 
  0.000000000000e+00   2.817043801770e-03  -6.766901016235e-01   1.193850487471e-01  -1.451932825148e-02  -7.783975005150e-01   1.193850487471e-01  -1.451932825148e-02  -7.783975005150e-01 
  0.000000000000e+00   1.477041095495e-01  -4.698519706726e-01   0.000000000000e+00   1.477041095495e-01  -4.698519706726e-01  -6.337235681713e-03   2.218436300755e-01   9.945400804281e-02 
 -3.963698446751e-01   1.988710612059e-01   6.193476170301e-02  -1.432226002216e-01  -1.668714582920e-01  -2.083572596312e-01   0.000000000000e+00  -1.729889214039e-01  -1.000000014901e-01 
  0.000000000000e+00   0.000000000000e+00  -4.677201807499e-01   2.973758876324e-01   8.899276144803e-03  -6.358917355537e-01   2.946967780590e-01   7.733802776784e-03  -6.945872306824e-01 
  2.946967780590e-01   7.733802776784e-03  -6.945872306824e-01   0.000000000000e+00   2.241329997778e-01  -5.716676712036e-01   0.000000000000e+00   2.241329997778e-01  -5.716676712036e-01 
  1.134623028338e-02   8.465132117271e-02  -3.055081069469e-01   6.671075522900e-02   7.659662514925e-02  -1.848296523094e-01   5.208927989006e-01  -2.492365986109e-02  -1.588564217091e-01 
  5.988451838493e-01   0.000000000000e+00  -1.005362391472e+00   7.396489977837e-01   2.754159271717e-02  -1.000000014901e-01   3.419906795025e-01   4.464946314692e-02  -6.302430033684e-01 
  3.217800557613e-01   3.370143100619e-02  -6.358917355537e-01   3.217800557613e-01   3.370143100619e-02  -6.358917355537e-01   0.000000000000e+00  -2.012669593096e-01  -3.063741326332e-01 
  0.000000000000e+00  -2.012669593096e-01  -3.063741326332e-01   9.583723545074e-02  -1.324821412563e-01  -1.476085186005e-01   7.526889443398e-01  -2.498810887337e-01   1.666546911001e-01 
  7.234137058258e-01  -1.092258617282e-01   5.985859781504e-02   2.655081152916e-01   1.549299713224e-02  -2.324741929770e-01   8.331985473633e-01   2.514925785363e-02  -1.000000014901e-01 
  8.548449277878e-01   4.781468957663e-02  -4.015134572983e-01   4.551742076874e-01   3.523583710194e-02  -3.997596204281e-01   4.551742076874e-01   3.523583710194e-02  -3.997596204281e-01 
  0.000000000000e+00   7.517795264721e-02  -5.186564326286e-01   0.000000000000e+00   7.517795264721e-02  -5.186564326286e-01   3.121217153966e-02   2.474523335695e-01  -2.336703985929e-01 
  1.839939355850e-01   5.342089384794e-02  -1.587885022163e-01   2.700843214989e-01   2.923331595957e-02  -6.448267400265e-02   3.019932210445e-01   1.587531566620e-01  -3.430032730103e-02 
  5.341600179672e-01   9.073694236577e-03  -8.292314410210e-02   4.906591475010e-01   2.351171150804e-02  -4.551360905170e-01   3.329404294491e-01   2.327149361372e-02  -2.923270761967e-01 
  3.329404294491e-01   2.327149361372e-02  -2.923270761967e-01   0.000000000000e+00   2.140928059816e-01  -3.917000591755e-01   0.000000000000e+00   2.140928059816e-01  -3.917000591755e-01 
  9.883782267570e-02   1.207126021385e+00  -2.303091436625e-01   1.545385718346e-01   7.549802660942e-01  -1.913376003504e-01   4.564621448517e-01   1.606777459383e-01   1.070869341493e-01 
  4.109287261963e-01   2.248656749725e-01   1.491213440895e-01   1.772532314062e-01   6.584626436234e-02  -3.103382885456e-01   1.098263487220e-01   4.881990700960e-02  -5.630190968513e-01 
 -1.551354825497e-01   1.306611951441e-02  -4.946912825108e-01  -1.551354825497e-01   1.306611951441e-02  -4.946912825108e-01   0.000000000000e+00  -4.535369947553e-02  -3.223902881145e-01 
  0.000000000000e+00  -4.535369947553e-02  -3.223902881145e-01   1.753979176283e-01   1.843200810254e-02  -2.082195598632e-03   4.275774359703e-01   4.777965135872e-03  -1.017810463905e+00 
  4.076828062534e-01   0.000000000000e+00  -9.269173145294e-01   1.746743470430e-01   4.291291907430e-02  -7.878788709641e-01   7.028700411320e-02   5.474073439837e-02  -5.130759477615e-01 
  0.000000000000e+00   4.739478230476e-03  -1.000000014901e-01   0.000000000000e+00  -2.684799488634e-03  -6.032099723816e-01   0.000000000000e+00  -2.684799488634e-03  -6.032099723816e-01 
  0.000000000000e+00   0.000000000000e+00  -2.670456469059e-01   0.000000000000e+00   0.000000000000e+00  -2.670456469059e-01   8.232410252094e-02   0.000000000000e+00  -4.691968858242e-01 
  8.494123071432e-02   0.000000000000e+00  -1.153316140175e+00   4.612281322479e-01   0.000000000000e+00   8.161134719849e-01   2.639284431934e-01   2.355185104534e-03  -1.850582808256e-01 
  0.000000000000e+00   2.012401353568e-03  -4.186768531799e-01   2.791467010975e-01   7.371465908363e-04  -5.368446707726e-01  -8.962643891573e-02   0.000000000000e+00  -1.000000014901e-01 
 -8.962643891573e-02   0.000000000000e+00  -1.000000014901e-01   0.000000000000e+00   0.000000000000e+00  -2.670456469059e-01   0.000000000000e+00   0.000000000000e+00  -2.670456469059e-01 
  8.232410252094e-02   0.000000000000e+00  -4.691968858242e-01   8.494123071432e-02   0.000000000000e+00  -1.153316140175e+00   4.612281322479e-01   0.000000000000e+00   8.161134719849e-01 
  2.639284431934e-01   2.355185104534e-03  -1.850582808256e-01   0.000000000000e+00   2.012401353568e-03  -4.186768531799e-01   2.791467010975e-01   7.371465908363e-04  -5.368446707726e-01 
 -8.962643891573e-02   0.000000000000e+00  -1.000000014901e-01  -8.962643891573e-02   0.000000000000e+00  -1.000000014901e-01   0.000000000000e+00  -3.698392584920e-02  -5.103908777237e-01 
  0.000000000000e+00  -3.698392584920e-02  -5.103908777237e-01  -6.998338550329e-02  -9.175116568804e-02  -7.618987560272e-01  -1.061069965363e-01  -7.249099016190e-02  -1.180231213570e+00 
  0.000000000000e+00  -1.668714582920e-01  -1.000000014901e-01   8.626096844673e-01  -1.668714582920e-01  -6.489190459251e-01   8.626096844673e-01  -8.333802223206e-02  -6.428015828133e-01 
  0.000000000000e+00  -4.270660504699e-02  -6.595762372017e-01   1.250795274973e-01  -2.349116466939e-02  -6.706557273865e-01   1.250795274973e-01  -2.349116466939e-02  -6.706557273865e-01 
  0.000000000000e+00  -3.698392584920e-02  -5.103908777237e-01   0.000000000000e+00  -3.698392584920e-02  -5.103908777237e-01  -6.998338550329e-02  -9.175116568804e-02  -7.618987560272e-01 
 -1.061069965363e-01  -7.249099016190e-02  -1.180231213570e+00   0.000000000000e+00  -1.668714582920e-01  -1.000000014901e-01   8.626096844673e-01  -1.668714582920e-01  -6.489190459251e-01 
  8.626096844673e-01  -8.333802223206e-02  -6.428015828133e-01   0.000000000000e+00  -4.270660504699e-02  -6.595762372017e-01   1.250795274973e-01  -2.349116466939e-02  -6.706557273865e-01 
  1.250795274973e-01  -2.349116466939e-02  -6.706557273865e-01   0.000000000000e+00   2.127268724144e-02  -3.981642723083e-01   0.000000000000e+00   2.127268724144e-02  -3.981642723083e-01 
  2.243603952229e-02  -1.193634271622e-01   8.838205039501e-02  -1.265471428633e-01  -6.435851007700e-02  -8.463927358389e-02  -9.797407686710e-02  -1.668714582920e-01  -1.261936128139e-01 
  4.268155694008e-01  -1.668714582920e-01  -1.000000014901e-01   4.171740412712e-01  -8.312427997589e-02  -9.777318835258e-01   6.125747561455e-01  -3.017064929008e-02  -6.819884777069e-01 
  4.524934589863e-01  -5.987150594592e-03  -5.025544762611e-01   4.524934589863e-01  -5.987150594592e-03  -5.025544762611e-01   0.000000000000e+00   3.877701759338e-01  -8.948362618685e-02 
  0.000000000000e+00   3.877701759338e-01  -8.948362618685e-02   3.242294490337e-02   1.902828365564e-01  -8.208617568016e-02   8.083452470601e-03   1.072938814759e-01  -1.188998445868e-01 
  2.127808183432e-01  -2.617507055402e-02  -2.948944270611e-01   4.504208862782e-01   0.000000000000e+00  -1.155701637268e+00   8.331985473633e-01   0.000000000000e+00  -2.058397769928e+00 
  8.548448085785e-01   8.715323172510e-03  -6.444258689880e-01   4.621098935604e-01   1.331874169409e-02  -1.000000014901e-01   4.621098935604e-01   1.331874169409e-02  -1.000000014901e-01 
  0.000000000000e+00  -1.275899447501e-02  -3.568556010723e-01   0.000000000000e+00  -1.275899447501e-02  -3.568556010723e-01   2.766942791641e-02  -1.565461419523e-02  -3.338331580162e-01 
  2.817812263966e-01  -1.144559979439e-01  -1.000000014901e-01   0.000000000000e+00   1.246703136712e-02  -1.000000014901e-01   4.062503576279e-02   0.000000000000e+00  -1.000000014901e-01 
  7.109517455101e-01  -3.218428418040e-02  -2.099655628204e+00   8.744565248489e-01  -1.474659424275e-02  -2.058397769928e+00   0.000000000000e+00  -4.030370619148e-03  -1.881495356560e+00 
  0.000000000000e+00  -4.030370619148e-03  -1.881495356560e+00   0.000000000000e+00   2.510303556919e-01  -2.659077942371e-01   0.000000000000e+00   2.510303556919e-01  -2.659077942371e-01 
 -5.649023689330e-03   2.705692946911e-01  -2.397709786892e-01   6.948371976614e-02   4.565685614944e-02  -2.100220918655e-01   1.145744919777e-01   3.439699113369e-01  -1.792336851358e-01 
  1.930026859045e-01   2.709678709507e-01  -5.580917000771e-01   3.749747276306e-01   5.033167079091e-02  -1.000000014901e-01   0.000000000000e+00   9.073694236577e-03  -1.197131395340e+00 
 -2.019064128399e-02   0.000000000000e+00  -7.495132684708e-01  -2.019064128399e-02   0.000000000000e+00  -7.495132684708e-01   0.000000000000e+00   3.155741393566e-01  -4.350084364414e-01 
  0.000000000000e+00   3.155741393566e-01  -4.350084364414e-01   2.050726860762e-02   5.818411111832e-01  -1.954179555178e-01   1.291613876820e-01   5.297865271568e-01  -2.184380441904e-01 
  3.630899190903e-01   4.752878248692e-01   8.317019790411e-03   7.612019032240e-02   4.899767339230e-01  -1.235826984048e-01   2.502448260784e-01   8.926301449537e-02  -1.873569190502e-01 
  1.082786992192e-01   4.089909046888e-02  -1.379880607128e-01  -3.909593224525e-01  -1.225283369422e-03  -1.000000014901e-01  -3.909593224525e-01  -1.225283369422e-03  -1.000000014901e-01 
  0.000000000000e+00   8.686425536871e-02  -4.115320146084e-01   0.000000000000e+00   8.686425536871e-02  -4.115320146084e-01   1.460528969765e-01   5.264813080430e-02  -2.624410018325e-02 
  4.012960195541e-01   2.496753819287e-02  -1.883892118931e-01   4.072464406490e-01   5.939790047705e-03  -1.245809867978e-01   3.106069564819e-01   1.561094075441e-01   9.589754045010e-02 
  1.394794732332e-01   4.190079867840e-02  -2.371782064438e-01   0.000000000000e+00  -2.401798730716e-03  -1.000000014901e-01  -3.946084380150e-01  -4.803597461432e-03  -1.000000014901e-01 
 -3.946084380150e-01  -4.803597461432e-03  -1.000000014901e-01   0.000000000000e+00   0.000000000000e+00  -3.332057297230e-01   0.000000000000e+00   0.000000000000e+00  -3.332057297230e-01 
  1.492774635553e-01   0.000000000000e+00  -3.558415472507e-01   5.181306600571e-01   0.000000000000e+00  -3.471466600895e-01   4.099579751492e-01   0.000000000000e+00   6.516651511192e-01 
  3.456913530827e-01   9.914585389197e-04   1.556956291199e+00   0.000000000000e+00  -1.585809048265e-03  -1.000000014901e-01  -4.106193780899e-02  -2.401798730716e-03  -1.000000014901e-01 
 -1.954796612263e-01  -4.803597461432e-03  -1.000000014901e-01  -1.954796612263e-01  -4.803597461432e-03  -1.000000014901e-01   0.000000000000e+00   0.000000000000e+00  -3.332057297230e-01 
  0.000000000000e+00   0.000000000000e+00  -3.332057297230e-01   1.492774635553e-01   0.000000000000e+00  -3.558415472507e-01   5.181306600571e-01   0.000000000000e+00  -3.471466600895e-01 
  4.099579751492e-01   0.000000000000e+00   6.516651511192e-01   3.456913530827e-01   9.914585389197e-04   1.556956291199e+00   0.000000000000e+00  -1.585809048265e-03  -1.000000014901e-01 
 -4.106193780899e-02  -2.401798730716e-03  -1.000000014901e-01  -1.954796612263e-01  -4.803597461432e-03  -1.000000014901e-01  -1.954796612263e-01  -4.803597461432e-03  -1.000000014901e-01 
  0.000000000000e+00  -1.741190850735e-01  -8.151994347572e-01   0.000000000000e+00  -1.741190850735e-01  -8.151994347572e-01   9.859648346901e-02  -9.362706542015e-02  -7.793545126915e-01 
  0.000000000000e+00  -8.048559725285e-02  -2.344859123230e+00   0.000000000000e+00  -1.599913984537e-01  -1.000000014901e-01   0.000000000000e+00  -7.095973938704e-02  -1.000000014901e-01 
  0.000000000000e+00   0.000000000000e+00  -1.000000014901e-01   0.000000000000e+00  -1.110666198656e-03  -1.000000014901e-01   0.000000000000e+00  -1.356994966045e-03  -2.032424062490e-01 
  0.000000000000e+00  -1.356994966045e-03  -2.032424062490e-01   0.000000000000e+00  -1.741190850735e-01  -8.151994347572e-01   0.000000000000e+00  -1.741190850735e-01  -8.151994347572e-01 
  9.859648346901e-02  -9.362706542015e-02  -7.793545126915e-01   0.000000000000e+00  -8.048559725285e-02  -2.344859123230e+00   0.000000000000e+00  -1.599913984537e-01  -1.000000014901e-01 
  0.000000000000e+00  -7.095973938704e-02  -1.000000014901e-01   0.000000000000e+00   0.000000000000e+00  -1.000000014901e-01   0.000000000000e+00  -1.110666198656e-03  -1.000000014901e-01 
  0.000000000000e+00  -1.356994966045e-03  -2.032424062490e-01   0.000000000000e+00  -1.356994966045e-03  -2.032424062490e-01   0.000000000000e+00   2.423174493015e-02  -3.597480058670e-01 
  0.000000000000e+00   2.423174493015e-02  -3.597480058670e-01  -2.466392517090e-02  -4.040582850575e-02  -3.685194849968e-01  -4.618670046329e-02  -5.393852666020e-02  -7.058109045029e-01 
 -5.254682153463e-02  -1.568017899990e-01  -1.316887587309e-01   4.019116163254e-01  -4.887455701828e-02  -1.000000014901e-01   2.954387068748e-01   0.000000000000e+00  -1.589685440063e+00 
  1.796004921198e-01  -2.406246640021e-04  -1.250000715256e+00   1.813016086817e-01  -3.071706159972e-04  -9.461323022842e-01   1.813016086817e-01  -3.071706159972e-04  -9.461323022842e-01 
  0.000000000000e+00  -1.422508507967e-01  -1.020782664418e-01   0.000000000000e+00  -1.422508507967e-01  -1.020782664418e-01  -2.712350338697e-02  -7.782019674778e-02  -1.427061557770e-01 
 -2.420519664884e-02  -3.320523723960e-02  -1.376785337925e-01   5.421377718449e-02   1.251751631498e-01  -8.866858482361e-01   3.432905673981e-01   1.783748865128e-01  -1.361058115959e+00 
  5.309765338898e-01   0.000000000000e+00  -2.058397769928e+00   4.725242555141e-01   1.742298528552e-02  -1.530313730240e+00   3.397623300552e-01   2.101263217628e-02  -1.117103457451e+00 
  3.397623300552e-01   2.101263217628e-02  -1.117103457451e+00   0.000000000000e+00   8.456461131573e-02  -4.557469785213e-01   0.000000000000e+00   8.456461131573e-02  -4.557469785213e-01 
 -5.019864439964e-02   7.836823165417e-02  -4.462102651596e-01  -9.277178905904e-03   3.823561221361e-02  -1.000000014901e-01   6.689842790365e-02   4.124221503735e-01  -7.141736745834e-01 
  1.930026859045e-01   3.932803273201e-01  -1.021262168884e+00   3.749747276306e-01   0.000000000000e+00  -1.394894599915e+00   0.000000000000e+00   3.929847851396e-02  -2.058397769928e+00 
  0.000000000000e+00   3.336540982127e-02  -1.954172611237e+00   0.000000000000e+00   3.336540982127e-02  -1.954172611237e+00   0.000000000000e+00   2.899799942970e-01  -2.240042090416e-01 
  0.000000000000e+00   2.899799942970e-01  -2.240042090416e-01   1.628343574703e-02   2.889297604561e-01  -2.273877561092e-01   2.600463293493e-02   3.639139831066e-01  -1.614913344383e-01 
  0.000000000000e+00   4.899767339230e-01  -1.000000014901e-01   4.225233942270e-02   4.916040301323e-01  -6.476297974586e-01   3.899773210287e-02   2.709678709507e-01  -1.021262168884e+00 
  3.119818679988e-02   1.547436714172e-01  -1.367437601089e+00   0.000000000000e+00   6.838799268007e-02  -7.862640619278e-01   0.000000000000e+00   6.838799268007e-02  -7.862640619278e-01 
  0.000000000000e+00   1.606463044882e-01  -2.618354558945e-01   0.000000000000e+00   1.606463044882e-01  -2.618354558945e-01   2.143957838416e-02   1.604233682156e-01  -2.461415231228e-01 
  3.340634703636e-02   4.480343163013e-01  -2.582580447197e-01   1.854097843170e-01   4.899767339230e-01  -1.702633202076e-01   0.000000000000e+00   4.883494377136e-01  -1.000000014901e-01 
  0.000000000000e+00   0.000000000000e+00  -6.830250024796e-01   0.000000000000e+00   0.000000000000e+00  -3.612751662731e-01  -3.946084380150e-01   0.000000000000e+00  -5.884198546410e-01 
 -3.946084380150e-01   0.000000000000e+00  -5.884198546410e-01   0.000000000000e+00   1.129168421030e-01  -4.905962944031e-01   0.000000000000e+00   1.129168421030e-01  -4.905962944031e-01 
  8.729330450296e-02   1.153055354953e-01  -3.808735609055e-01   9.069798886776e-02   8.284130692482e-02  -3.237132728100e-01   3.736050128937e-01   2.711470870054e-06  -2.864702939987e-01 
  5.018978118896e-01   0.000000000000e+00  -2.145887166262e-01   0.000000000000e+00   0.000000000000e+00  -2.654385566711e-01   0.000000000000e+00   0.000000000000e+00  -1.000000014901e-01 
 -4.301216900349e-01  -4.031687229872e-02  -6.239331364632e-01  -4.301216900349e-01  -4.031687229872e-02  -6.239331364632e-01   0.000000000000e+00   0.000000000000e+00  -3.688567578793e-01 
  0.000000000000e+00   0.000000000000e+00  -3.688567578793e-01   4.707306623459e-02   2.778933849186e-03  -3.789026439190e-01   0.000000000000e+00   2.412756206468e-03  -3.966244459152e-01 
  0.000000000000e+00   1.702525623841e-04  -3.536510765553e-01   0.000000000000e+00   8.173772948794e-05  -1.000000014901e-01   0.000000000000e+00   0.000000000000e+00  -1.566129177809e-01 
  0.000000000000e+00   0.000000000000e+00  -1.000000014901e-01   0.000000000000e+00   0.000000000000e+00  -1.000000014901e-01   0.000000000000e+00   0.000000000000e+00  -1.000000014901e-01 
  0.000000000000e+00   0.000000000000e+00  -3.688567578793e-01   0.000000000000e+00   0.000000000000e+00  -3.688567578793e-01   4.707306623459e-02   2.778933849186e-03  -3.789026439190e-01 
  0.000000000000e+00   2.412756206468e-03  -3.966244459152e-01   0.000000000000e+00   1.702525623841e-04  -3.536510765553e-01   0.000000000000e+00   8.173772948794e-05  -1.000000014901e-01 
  0.000000000000e+00   0.000000000000e+00  -1.566129177809e-01   0.000000000000e+00   0.000000000000e+00  -1.000000014901e-01   0.000000000000e+00   0.000000000000e+00  -1.000000014901e-01 
  0.000000000000e+00   0.000000000000e+00  -1.000000014901e-01   0.000000000000e+00  -5.981990322471e-02  -5.846689939499e-01   0.000000000000e+00  -5.981990322471e-02  -5.846689939499e-01 
  1.132681816816e-01  -3.112618997693e-02  -4.517680406570e-01   0.000000000000e+00  -2.671677619219e-02  -1.000000014901e-01   0.000000000000e+00  -1.051801536232e-02  -1.000000014901e-01 
  0.000000000000e+00  -1.506712194532e-02  -1.000000014901e-01   0.000000000000e+00   0.000000000000e+00  -1.000000014901e-01   0.000000000000e+00   0.000000000000e+00  -1.000000014901e-01 
  0.000000000000e+00   0.000000000000e+00  -1.000000014901e-01   0.000000000000e+00   0.000000000000e+00  -1.000000014901e-01   0.000000000000e+00  -5.981990322471e-02  -5.846689939499e-01 
  0.000000000000e+00  -5.981990322471e-02  -5.846689939499e-01   1.132681816816e-01  -3.112618997693e-02  -4.517680406570e-01   0.000000000000e+00  -2.671677619219e-02  -1.000000014901e-01 
  0.000000000000e+00  -1.051801536232e-02  -1.000000014901e-01   0.000000000000e+00  -1.506712194532e-02  -1.000000014901e-01   0.000000000000e+00   0.000000000000e+00  -1.000000014901e-01 
  0.000000000000e+00   0.000000000000e+00  -1.000000014901e-01   0.000000000000e+00   0.000000000000e+00  -1.000000014901e-01   0.000000000000e+00   0.000000000000e+00  -1.000000014901e-01 
  0.000000000000e+00   5.161744728684e-02  -4.040589928627e-01   0.000000000000e+00   5.161744728684e-02  -4.040589928627e-01  -1.873354427516e-02   3.630105033517e-02  -4.065724611282e-01 
 -2.091952040792e-02   1.407303940505e-02  -4.089195430279e-01  -2.280568890274e-02  -9.611966088414e-03  -2.354073524475e-01   0.000000000000e+00  -1.506801135838e-02  -2.702779471874e-01 
  0.000000000000e+00   0.000000000000e+00  -1.000000014901e-01   0.000000000000e+00   0.000000000000e+00  -2.432429194450e-01   0.000000000000e+00   0.000000000000e+00  -2.630639076233e-01 
  0.000000000000e+00   0.000000000000e+00  -2.630639076233e-01   0.000000000000e+00  -2.652801573277e-01   4.887658059597e-01   0.000000000000e+00  -2.652801573277e-01   4.887658059597e-01 
  1.832876168191e-02  -1.467312425375e-01   2.438259869814e-01  -3.532420378178e-03  -9.051042050123e-02   1.287724971771e-01   4.092096933164e-04  -3.731577191502e-03  -6.958559751511e-01 
  2.547768950462e-01  -4.145906306803e-03  -8.442304730415e-01   1.556365787983e-01   0.000000000000e+00  -1.000000014901e-01   3.157996386290e-02   0.000000000000e+00  -6.802784800529e-01 
  1.894792728126e-02   0.000000000000e+00  -8.952868580818e-01   1.894792728126e-02   0.000000000000e+00  -8.952868580818e-01   0.000000000000e+00   2.278922945261e-01   9.907178580761e-02 
  0.000000000000e+00   2.278922945261e-01   9.907178580761e-02  -5.573099479079e-02   2.105142176151e-01   9.789009392262e-02  -5.522731691599e-02   1.998043954372e-01   8.790508657694e-02 
  5.519628059119e-03   2.226206511259e-01  -4.799221754074e-01   1.356607675552e-01   0.000000000000e+00  -6.492571234703e-01   2.227804660797e-01   5.302261188626e-02  -1.245767116547e+00 
  8.143128454685e-02   6.905964016914e-02  -1.000000014901e-01   1.324425172061e-02   5.334034934640e-02  -9.070268273354e-01   1.324425172061e-02   5.334034934640e-02  -9.070268273354e-01 
  0.000000000000e+00   2.874240875244e-01  -3.176800012589e-01   0.000000000000e+00   2.874240875244e-01  -3.176800012589e-01  -3.511573746800e-02   2.827798128128e-01  -3.128817379475e-01 
 -1.550184655935e-02   2.699574530125e-01  -1.115295514464e-01   0.000000000000e+00   2.449883669615e-01  -1.000000014901e-01   0.000000000000e+00   0.000000000000e+00  -6.508843898773e-01 
  0.000000000000e+00   1.532153040171e-01  -6.492571234703e-01   0.000000000000e+00   1.522482037544e-01  -8.338912129402e-01  -9.018845856190e-02   6.016089022160e-02  -6.676040291786e-01 
 -9.018845856190e-02   6.016089022160e-02  -6.676040291786e-01   0.000000000000e+00   2.702965736389e-01  -2.154333442450e-01   0.000000000000e+00   2.702965736389e-01  -2.154333442450e-01 
  1.898490265012e-02   2.677348852158e-01  -2.042800188065e-01   1.610583961010e-01   4.789393395185e-02  -1.565018296242e-01   8.288043141365e-01   2.449883669615e-01  -1.933279335499e-01 
  4.564117789268e-01   0.000000000000e+00  -1.000000014901e-01   1.415342390537e-01   4.751199111342e-02  -6.652449965477e-01   0.000000000000e+00   0.000000000000e+00  -3.992409408092e-01 
 -1.954796612263e-01   0.000000000000e+00  -5.884198546410e-01  -1.954796612263e-01   0.000000000000e+00  -5.884198546410e-01   0.000000000000e+00   1.988308876753e-01  -3.240077197552e-01 
  0.000000000000e+00   1.988308876753e-01  -3.240077197552e-01   4.629578813910e-02   1.316730827093e-01  -1.262617558241e-01   2.458860427141e-01   1.088987337425e-03  -1.553914397955e-01 
  1.070262312889e+00   0.000000000000e+00  -3.172447085381e-01   1.070262312889e+00   0.000000000000e+00  -3.187531530857e-01   5.496863722801e-01   7.468864321709e-03  -2.294012755156e-01 
  0.000000000000e+00   0.000000000000e+00  -1.000000014901e-01   0.000000000000e+00   0.000000000000e+00  -5.529065728188e-01   0.000000000000e+00   0.000000000000e+00  -5.529065728188e-01 
  0.000000000000e+00   0.000000000000e+00  -4.179048538208e-01   0.000000000000e+00   0.000000000000e+00  -4.179048538208e-01   3.835718706250e-02   2.352117747068e-02  -3.834483623505e-01 
  0.000000000000e+00   2.718935022131e-03  -1.000000014901e-01   1.114637851715e+00   0.000000000000e+00  -2.728692293167e-01   1.025886893272e+00   0.000000000000e+00  -3.172447085381e-01 
  0.000000000000e+00   0.000000000000e+00  -1.031436845660e-01   0.000000000000e+00   0.000000000000e+00  -1.000000014901e-01   0.000000000000e+00   0.000000000000e+00  -1.000000014901e-01 
  0.000000000000e+00   0.000000000000e+00  -1.000000014901e-01   0.000000000000e+00   0.000000000000e+00  -4.179048538208e-01   0.000000000000e+00   0.000000000000e+00  -4.179048538208e-01 
  3.835718706250e-02   2.352117747068e-02  -3.834483623505e-01   0.000000000000e+00   2.718935022131e-03  -1.000000014901e-01   1.114637851715e+00   0.000000000000e+00  -2.728692293167e-01 
  1.025886893272e+00   0.000000000000e+00  -3.172447085381e-01   0.000000000000e+00   0.000000000000e+00  -1.031436845660e-01   0.000000000000e+00   0.000000000000e+00  -1.000000014901e-01 
  0.000000000000e+00   0.000000000000e+00  -1.000000014901e-01   0.000000000000e+00   0.000000000000e+00  -1.000000014901e-01   0.000000000000e+00   9.668719023466e-02   2.181721329689e-01 
  0.000000000000e+00   9.668719023466e-02   2.181721329689e-01   5.397635698318e-02   6.160491332412e-02  -1.038645505905e-01   0.000000000000e+00   5.735780671239e-02  -1.000000014901e-01 
  0.000000000000e+00   0.000000000000e+00  -1.000000014901e-01   0.000000000000e+00  -3.013682179153e-02  -1.000000014901e-01   3.512504398823e-01  -3.737251460552e-02  -6.164773106575e-01 
  3.657218217850e-01   0.000000000000e+00  -6.092416644096e-01   0.000000000000e+00   0.000000000000e+00  -1.000000014901e-01   0.000000000000e+00   0.000000000000e+00  -1.000000014901e-01 
  0.000000000000e+00   9.668719023466e-02   2.181721329689e-01   0.000000000000e+00   9.668719023466e-02   2.181721329689e-01   5.397635698318e-02   6.160491332412e-02  -1.038645505905e-01 
  0.000000000000e+00   5.735780671239e-02  -1.000000014901e-01   0.000000000000e+00   0.000000000000e+00  -1.000000014901e-01   0.000000000000e+00  -3.013682179153e-02  -1.000000014901e-01 
  3.512504398823e-01  -3.737251460552e-02  -6.164773106575e-01   3.657218217850e-01   0.000000000000e+00  -6.092416644096e-01   0.000000000000e+00   0.000000000000e+00  -1.000000014901e-01 
  0.000000000000e+00   0.000000000000e+00  -1.000000014901e-01   0.000000000000e+00   5.424232780933e-02   1.704815179110e-01   0.000000000000e+00   5.424232780933e-02   1.704815179110e-01 
  2.951765991747e-02   5.356787145138e-02  -4.130366817117e-02   1.019897311926e-02   4.848451539874e-02  -1.373079717159e-01  -4.369399102870e-04   0.000000000000e+00  -9.590118378401e-02 
  0.000000000000e+00  -3.013682179153e-02  -9.907526522875e-02   0.000000000000e+00  -2.290112711489e-02  -1.000000014901e-01   0.000000000000e+00   0.000000000000e+00  -3.513415157795e-01 
  0.000000000000e+00   0.000000000000e+00  -2.466290146112e-01   0.000000000000e+00   0.000000000000e+00  -2.466290146112e-01   0.000000000000e+00  -1.037570368499e-02   4.503901898861e-01 
  0.000000000000e+00  -1.037570368499e-02   4.503901898861e-01   1.160343959928e-01  -7.089568767697e-03   2.841718494892e-01   0.000000000000e+00  -6.333948578686e-03   1.888844966888e-01 
  0.000000000000e+00   0.000000000000e+00  -1.835107952356e-01   1.738752424717e-02   0.000000000000e+00  -1.263450980186e-01   0.000000000000e+00   0.000000000000e+00  -1.000000014901e-01 
  0.000000000000e+00   0.000000000000e+00  -2.448792010546e-01   0.000000000000e+00   0.000000000000e+00  -2.420388758183e-01   0.000000000000e+00   0.000000000000e+00  -2.420388758183e-01 
  0.000000000000e+00   1.965569406748e-01  -3.393891751766e-01   0.000000000000e+00   1.965569406748e-01  -3.393891751766e-01   1.366152893752e-02   0.000000000000e+00  -3.384194672108e-01 
  0.000000000000e+00   0.000000000000e+00  -3.341269493103e-01   2.376482076943e-02   1.087020635605e-01  -2.418886125088e-01   9.526302665472e-02   0.000000000000e+00  -1.000000014901e-01 
  1.497475057840e-01   0.000000000000e+00  -8.653246164322e-01   1.068697720766e-01   7.955632172525e-03  -4.542388319969e-01   3.538606688380e-02   1.174609828740e-02  -5.997434258461e-01 
  3.538606688380e-02   1.174609828740e-02  -5.997434258461e-01   0.000000000000e+00   3.454713821411e-01  -3.066304922104e-01   0.000000000000e+00   3.454713821411e-01  -3.066304922104e-01 
  3.426439315081e-02   0.000000000000e+00  -2.838756740093e-01   0.000000000000e+00   0.000000000000e+00  -2.569136917591e-01   1.398715376854e-01   1.543426364660e-01  -1.005127057433e-01 
  0.000000000000e+00   0.000000000000e+00  -1.000000014901e-01   0.000000000000e+00   1.011799946427e-01  -1.000000014901e-01   0.000000000000e+00   1.227277666330e-01  -4.251975715160e-01 
 -9.534616768360e-02   5.343257263303e-02  -3.727588653564e-01  -9.534616768360e-02   5.343257263303e-02  -3.727588653564e-01   0.000000000000e+00   3.904356956482e-01  -1.293180733919e-01 
  0.000000000000e+00   3.904356956482e-01  -1.293180733919e-01   4.093188047409e-02   3.052234649658e-01  -1.415624618530e-01   5.475847721100e-01   0.000000000000e+00  -1.554645299911e-01 
  5.721616744995e-01   1.487071365118e-01  -2.437242269516e-01   4.576052129269e-01   0.000000000000e+00  -1.356820911169e-01   2.965896725655e-01   4.775561019778e-02  -2.516625821590e-01 
  2.328569535166e-03   0.000000000000e+00  -2.232040762901e-01  -1.164076775312e-01   0.000000000000e+00  -1.000000014901e-01  -1.164076775312e-01   0.000000000000e+00  -1.000000014901e-01 
  0.000000000000e+00   3.079138994217e-01  -2.613652944565e-01   0.000000000000e+00   3.079138994217e-01  -2.613652944565e-01   2.985727787018e-01   6.822285801172e-02  -1.632083207369e-01 
  5.466548204422e-01   0.000000000000e+00  -1.826799660921e-01   5.981565117836e-01   2.655053208400e-07  -3.364278972149e-01   8.939423561096e-01   1.576053136887e-07  -3.248355090618e-01 
  5.438020825386e-01   5.333942361176e-03  -1.435183733702e-01   0.000000000000e+00   0.000000000000e+00  -1.000000014901e-01   0.000000000000e+00   0.000000000000e+00  -1.000000014901e-01 
  0.000000000000e+00   0.000000000000e+00  -1.000000014901e-01   0.000000000000e+00   0.000000000000e+00  -5.295481905341e-02   0.000000000000e+00   0.000000000000e+00  -5.295481905341e-02 
  1.817408800125e-01   0.000000000000e+00  -1.080815717578e-01   3.200765550137e-01   9.862204024103e-05  -2.493286579847e-01   1.070262312889e+00   6.962948191358e-07  -3.616202175617e-01 
  1.070262312889e+00   3.537581960700e-07  -3.172447085381e-01   0.000000000000e+00   2.032527817164e-07  -1.000000014901e-01   0.000000000000e+00   0.000000000000e+00  -1.000000014901e-01 
  0.000000000000e+00   0.000000000000e+00  -1.000000014901e-01   0.000000000000e+00   0.000000000000e+00  -1.000000014901e-01   0.000000000000e+00   0.000000000000e+00  -5.295481905341e-02 
  0.000000000000e+00   0.000000000000e+00  -5.295481905341e-02   1.817408800125e-01   0.000000000000e+00  -1.080815717578e-01   3.200765550137e-01   9.862204024103e-05  -2.493286579847e-01 
  1.070262312889e+00   6.962948191358e-07  -3.616202175617e-01   1.070262312889e+00   3.537581960700e-07  -3.172447085381e-01   0.000000000000e+00   2.032527817164e-07  -1.000000014901e-01 
  0.000000000000e+00   0.000000000000e+00  -1.000000014901e-01   0.000000000000e+00   0.000000000000e+00  -1.000000014901e-01   0.000000000000e+00   0.000000000000e+00  -1.000000014901e-01 
  0.000000000000e+00   9.668719023466e-02   2.181721329689e-01   0.000000000000e+00   9.668719023466e-02   2.181721329689e-01   5.397635698318e-02   6.160491332412e-02  -1.038645505905e-01 
  0.000000000000e+00   5.735780671239e-02  -1.000000014901e-01   0.000000000000e+00   0.000000000000e+00  -1.000000014901e-01   0.000000000000e+00  -3.013682179153e-02  -1.000000014901e-01 
  3.512504398823e-01  -3.737251460552e-02  -6.164773106575e-01   3.657218217850e-01   0.000000000000e+00  -6.092416644096e-01   0.000000000000e+00   0.000000000000e+00  -1.000000014901e-01 
  0.000000000000e+00   0.000000000000e+00  -1.000000014901e-01   0.000000000000e+00   9.668719023466e-02   2.181721329689e-01   0.000000000000e+00   9.668719023466e-02   2.181721329689e-01 
  5.397635698318e-02   6.160491332412e-02  -1.038645505905e-01   0.000000000000e+00   5.735780671239e-02  -1.000000014901e-01   0.000000000000e+00   0.000000000000e+00  -1.000000014901e-01 
  0.000000000000e+00  -3.013682179153e-02  -1.000000014901e-01   3.512504398823e-01  -3.737251460552e-02  -6.164773106575e-01   3.657218217850e-01   0.000000000000e+00  -6.092416644096e-01 
  0.000000000000e+00   0.000000000000e+00  -1.000000014901e-01   0.000000000000e+00   0.000000000000e+00  -1.000000014901e-01   0.000000000000e+00   5.424232780933e-02   1.704815179110e-01 
  0.000000000000e+00   5.424232780933e-02   1.704815179110e-01   2.951765991747e-02   5.356787145138e-02  -4.130366817117e-02   1.019897311926e-02   4.848451539874e-02  -1.373079717159e-01 
 -4.369399102870e-04   0.000000000000e+00  -9.590118378401e-02   0.000000000000e+00  -3.013682179153e-02  -9.907526522875e-02   0.000000000000e+00  -2.290112711489e-02  -1.000000014901e-01 
  0.000000000000e+00   0.000000000000e+00  -3.513415157795e-01   0.000000000000e+00   0.000000000000e+00  -2.466290146112e-01   0.000000000000e+00   0.000000000000e+00  -2.466290146112e-01 
  0.000000000000e+00  -1.037570368499e-02   4.503901898861e-01   0.000000000000e+00  -1.037570368499e-02   4.503901898861e-01   1.160343959928e-01  -7.089568767697e-03   2.841718494892e-01 
  0.000000000000e+00  -6.333948578686e-03   1.888844966888e-01   0.000000000000e+00   0.000000000000e+00  -1.835107952356e-01   1.738752424717e-02   0.000000000000e+00  -1.263450980186e-01 
  0.000000000000e+00   0.000000000000e+00  -1.000000014901e-01   0.000000000000e+00   0.000000000000e+00  -2.448792010546e-01   0.000000000000e+00   0.000000000000e+00  -2.420388758183e-01 
  0.000000000000e+00   0.000000000000e+00  -2.420388758183e-01   0.000000000000e+00   1.965569406748e-01  -3.393891751766e-01   0.000000000000e+00   1.965569406748e-01  -3.393891751766e-01 
  1.366152893752e-02   0.000000000000e+00  -3.384194672108e-01   0.000000000000e+00   0.000000000000e+00  -3.341269493103e-01   2.376482076943e-02   1.087020635605e-01  -2.418886125088e-01 
  9.526302665472e-02   0.000000000000e+00  -1.000000014901e-01   1.497475057840e-01   0.000000000000e+00  -8.653246164322e-01   1.068697720766e-01   7.955632172525e-03  -4.542388319969e-01 
  3.538606688380e-02   1.174609828740e-02  -5.997434258461e-01   3.538606688380e-02   1.174609828740e-02  -5.997434258461e-01   0.000000000000e+00   3.454713821411e-01  -3.066304922104e-01 
  0.000000000000e+00   3.454713821411e-01  -3.066304922104e-01   3.426439315081e-02   0.000000000000e+00  -2.838756740093e-01   0.000000000000e+00   0.000000000000e+00  -2.569136917591e-01 
  1.398715376854e-01   1.543426364660e-01  -1.005127057433e-01   0.000000000000e+00   0.000000000000e+00  -1.000000014901e-01   0.000000000000e+00   1.011799946427e-01  -1.000000014901e-01 
  0.000000000000e+00   1.227277666330e-01  -4.251975715160e-01  -9.534616768360e-02   5.343257263303e-02  -3.727588653564e-01  -9.534616768360e-02   5.343257263303e-02  -3.727588653564e-01 
  0.000000000000e+00   3.904356956482e-01  -1.293180733919e-01   0.000000000000e+00   3.904356956482e-01  -1.293180733919e-01   4.093188047409e-02   3.052234649658e-01  -1.415624618530e-01 
  5.475847721100e-01   0.000000000000e+00  -1.554645299911e-01   5.721616744995e-01   1.487071365118e-01  -2.437242269516e-01   4.576052129269e-01   0.000000000000e+00  -1.356820911169e-01 
  2.965896725655e-01   4.775561019778e-02  -2.516625821590e-01   2.328569535166e-03   0.000000000000e+00  -2.232040762901e-01  -1.164076775312e-01   0.000000000000e+00  -1.000000014901e-01 
 -1.164076775312e-01   0.000000000000e+00  -1.000000014901e-01   0.000000000000e+00   3.079138994217e-01  -2.613652944565e-01   0.000000000000e+00   3.079138994217e-01  -2.613652944565e-01 
  2.985727787018e-01   6.822285801172e-02  -1.632083207369e-01   5.466548204422e-01   0.000000000000e+00  -1.826799660921e-01   5.981565117836e-01   2.655053208400e-07  -3.364278972149e-01 
  8.939423561096e-01   1.576053136887e-07  -3.248355090618e-01   5.438020825386e-01   5.333942361176e-03  -1.435183733702e-01   0.000000000000e+00   0.000000000000e+00  -1.000000014901e-01 
  0.000000000000e+00   0.000000000000e+00  -1.000000014901e-01   0.000000000000e+00   0.000000000000e+00  -1.000000014901e-01   0.000000000000e+00   0.000000000000e+00  -5.295481905341e-02 
  0.000000000000e+00   0.000000000000e+00  -5.295481905341e-02   1.817408800125e-01   0.000000000000e+00  -1.080815717578e-01   3.200765550137e-01   9.862204024103e-05  -2.493286579847e-01 
  1.070262312889e+00   6.962948191358e-07  -3.616202175617e-01   1.070262312889e+00   3.537581960700e-07  -3.172447085381e-01   0.000000000000e+00   2.032527817164e-07  -1.000000014901e-01 
  0.000000000000e+00   0.000000000000e+00  -1.000000014901e-01   0.000000000000e+00   0.000000000000e+00  -1.000000014901e-01   0.000000000000e+00   0.000000000000e+00  -1.000000014901e-01 
  0.000000000000e+00   0.000000000000e+00  -5.295481905341e-02   0.000000000000e+00   0.000000000000e+00  -5.295481905341e-02   1.817408800125e-01   0.000000000000e+00  -1.080815717578e-01 
  3.200765550137e-01   9.862204024103e-05  -2.493286579847e-01   1.070262312889e+00   6.962948191358e-07  -3.616202175617e-01   1.070262312889e+00   3.537581960700e-07  -3.172447085381e-01 
  0.000000000000e+00   2.032527817164e-07  -1.000000014901e-01   0.000000000000e+00   0.000000000000e+00  -1.000000014901e-01   0.000000000000e+00   0.000000000000e+00  -1.000000014901e-01 
  0.000000000000e+00   0.000000000000e+00  -1.000000014901e-01 

