# vtk DataFile Version 2.0
Written using VisIt writer
ASCII
DATASET RECTILINEAR_GRID
DIMENSIONS 10 10 10
X_COORDINATES 10 float
  0.000000000000e+00   5.000000000000e-01   1.000000000000e+00   1.500000000000e+00   2.000000000000e+00   2.500000000000e+00   3.000000000000e+00   3.500000000000e+00   4.000000000000e+00 
  4.500000000000e+00 
Y_COORDINATES 10 float
  0.000000000000e+00   5.000000000000e-01   1.000000000000e+00   1.500000000000e+00   2.000000000000e+00   2.500000000000e+00   3.000000000000e+00   3.500000000000e+00   4.000000000000e+00 
  4.500000000000e+00 
Z_COORDINATES 10 float
  0.000000000000e+00   5.000000000000e-01   1.000000000000e+00   1.500000000000e+00   2.000000000000e+00   2.500000000000e+00   3.000000000000e+00   3.500000000000e+00   4.000000000000e+00 
  4.500000000000e+00 
CELL_DATA 729
POINT_DATA 1000
VECTORS velocity float
  0.000000000000e+00  -1.310150623322e-01  -2.666933834553e-01   3.251200000000e+04   0.000000000000e+00   0.000000000000e+00   0.000000000000e+00   0.000000000000e+00   0.000000000000e+00 
 -5.927009508014e-02  -1.126629188657e-01  -2.573858201504e-01   0.000000000000e+00   0.000000000000e+00   0.000000000000e+00   0.000000000000e+00   1.431655808000e+09   1.070945600000e+09 
 -1.124029532075e-01  -1.157171577215e-01  -2.702431976795e-01   1.071994176000e+09   0.000000000000e+00   0.000000000000e+00   0.000000000000e+00   0.000000000000e+00   0.000000000000e+00 
 -9.981164336205e-02  -1.511346697807e-01  -4.070281088352e-01   0.000000000000e+00  -1.310150623322e-01  -2.666933834553e-01   1.070945600000e+09   0.000000000000e+00   0.000000000000e+00 
 -1.136951223016e-01  -1.444254219532e-01  -3.055591881275e-01  -5.927009508014e-02  -1.126629188657e-01  -2.573858201504e-01   1.431655808000e+09   1.070945600000e+09   0.000000000000e+00 
 -8.985811471939e-02  -9.084362536669e-02  -2.257013022900e-01  -1.124029532075e-01  -1.157171577215e-01  -2.702431976795e-01   0.000000000000e+00   0.000000000000e+00   1.071644672000e+09 
 -9.981164336205e-02  -1.511346697807e-01  -4.070281088352e-01  -9.981164336205e-02  -1.511346697807e-01  -4.070281088352e-01   0.000000000000e+00   4.715268686414e-02  -1.983021497726e-01 
  0.000000000000e+00   4.715268686414e-02  -1.983021497726e-01  -1.552202850580e-01   6.518425047398e-02  -2.651765644550e-01  -1.686268299818e-01  -4.715719819069e-02  -2.829633057117e-01 
 -1.118497252464e-01  -1.129304468632e-01  -3.449135124683e-01   5.116369947791e-02   6.637074984610e-03  -2.355822771788e-01   4.761888086796e-02   2.837112918496e-02  -2.339784204960e-01 
  7.395830471069e-03   3.798072785139e-02  -2.249055653811e-01  -1.270903181285e-02   1.152655407786e-01  -2.756180167198e-01  -1.270903181285e-02   1.152655407786e-01  -2.756180167198e-01 
  0.000000000000e+00   1.304788980633e-02  -2.250765264034e-01   0.000000000000e+00   1.304788980633e-02  -2.250765264034e-01  -1.467529237270e-01   1.058638170362e-01  -2.545948624611e-01 
 -7.860080897808e-02   3.291999176145e-02  -2.244903296232e-01  -7.689132541418e-02   7.966153207235e-04  -2.342217713594e-01  -7.672496140003e-02   1.044962462038e-02  -2.313475161791e-01 
 -1.595148295164e-01  -7.041866425425e-03  -3.687311708927e-01   3.838514536619e-02   4.433325305581e-02  -2.286132723093e-01   2.158040553331e-02   1.298062875867e-02  -2.498462796211e-01 
  2.158040553331e-02   1.298062875867e-02  -2.498462796211e-01   0.000000000000e+00  -4.149663448334e-02  -2.478665560484e-01   0.000000000000e+00  -4.149663448334e-02  -2.478665560484e-01 
 -1.676783114672e-01   1.421272195876e-02  -3.487483561039e-01   3.397428244352e-02  -5.856456235051e-03  -2.482221871614e-01  -1.147908065468e-02  -2.704023942351e-02  -2.533213794231e-01 
 -9.483399987221e-02   2.799283526838e-02  -2.177347093821e-01  -1.641911566257e-01   3.173370286822e-02  -2.717417180538e-01  -1.237806677818e-01  -7.773063331842e-02  -2.731008529663e-01 
 -7.713930308819e-02  -1.453515738249e-01  -3.482204079628e-01  -7.713930308819e-02  -1.453515738249e-01  -3.482204079628e-01   0.000000000000e+00   6.898645311594e-02  -1.951520591974e-01 
  0.000000000000e+00   6.898645311594e-02  -1.951520591974e-01  -1.218871250749e-01   5.076573044062e-02  -2.566613852978e-01  -1.316825151443e-01   8.413573354483e-02  -2.782593667507e-01 
 -1.630955785513e-01   4.252002760768e-02  -3.530996143818e-01  -1.702594570816e-02   6.250810623169e-02  -2.318858653307e-01  -2.190067432821e-02   1.367515232414e-02  -2.336788624525e-01 
 -3.264963254333e-02  -1.557201799005e-02  -2.055778801441e-01  -3.556299488991e-03  -4.679993540049e-02  -2.268257439137e-01  -3.556299488991e-03  -4.679993540049e-02  -2.268257439137e-01 
  0.000000000000e+00   6.815573200583e-03  -2.374686300755e-01   0.000000000000e+00   6.815573200583e-03  -2.374686300755e-01  -1.245463415980e-01  -4.317365959287e-02  -3.085468709469e-01 
 -6.904689222574e-02   6.926658749580e-02  -2.080752402544e-01  -1.757627874613e-01   1.173662990332e-01  -2.839439809322e-01  -1.763297021389e-01   5.918454751372e-02  -3.281884193420e-01 
 -1.024480164051e-01   9.873384609818e-03  -4.206051230431e-01   1.010167896748e-01  -2.631262876093e-02  -2.674406170845e-01   8.266513049603e-02  -1.263836622238e-01  -2.936635613441e-01 
  8.266513049603e-02  -1.263836622238e-01  -2.936635613441e-01   0.000000000000e+00   1.272280886769e-02  -2.732633948326e-01   0.000000000000e+00   1.272280886769e-02  -2.732633948326e-01 
 -1.570152789354e-01  -2.661859430373e-02  -3.155499994755e-01   4.071578010917e-02   2.672340534627e-02  -1.955624520779e-01  -6.859051436186e-02   5.450023710728e-02  -2.141767293215e-01 
 -1.115367114544e-01   8.757025748491e-02  -2.001818120480e-01  -5.895894393325e-02   5.132822692394e-02  -2.367842793465e-01  -5.334163084626e-02  -7.258624583483e-02  -2.555573582649e-01 
  1.999221742153e-02  -1.324901133776e-01  -3.193412423134e-01   1.999221742153e-02  -1.324901133776e-01  -3.193412423134e-01   0.000000000000e+00   0.000000000000e+00  -2.254652380943e-01 
  0.000000000000e+00   0.000000000000e+00  -2.254652380943e-01  -1.677961051464e-01   0.000000000000e+00  -2.646325230598e-01  -6.034725904465e-02   0.000000000000e+00  -2.115082889795e-01 
 -8.694601058960e-02   0.000000000000e+00  -3.254984319210e-01   7.350288331509e-02   0.000000000000e+00  -2.224943786860e-01   4.168560355902e-02   0.000000000000e+00  -2.351665794849e-01 
 -4.033475648612e-03   0.000000000000e+00  -1.929831653833e-01   1.637242883444e-01   0.000000000000e+00  -1.794525682926e-01   1.637242883444e-01   0.000000000000e+00  -1.794525682926e-01 
  0.000000000000e+00   0.000000000000e+00  -2.254652380943e-01   0.000000000000e+00   0.000000000000e+00  -2.254652380943e-01  -1.677961051464e-01   0.000000000000e+00  -2.646325230598e-01 
 -6.034725904465e-02   0.000000000000e+00  -2.115082889795e-01  -8.694601058960e-02   0.000000000000e+00  -3.254984319210e-01   7.350288331509e-02   0.000000000000e+00  -2.224943786860e-01 
  4.168560355902e-02   0.000000000000e+00  -2.351665794849e-01  -4.033475648612e-03   0.000000000000e+00  -1.929831653833e-01   1.637242883444e-01   0.000000000000e+00  -1.794525682926e-01 
  1.637242883444e-01   0.000000000000e+00  -1.794525682926e-01   0.000000000000e+00  -1.310150623322e-01  -2.666933834553e-01   0.000000000000e+00  -1.310150623322e-01  -2.666933834553e-01 
 -1.136951223016e-01  -1.444254219532e-01  -3.055591881275e-01  -5.927009508014e-02  -1.126629188657e-01  -2.573858201504e-01  -1.041435450315e-01  -1.020301505923e-01  -2.355834692717e-01 
 -8.985811471939e-02  -9.084362536669e-02  -2.257013022900e-01  -1.124029532075e-01  -1.157171577215e-01  -2.702431976795e-01  -8.642974495888e-02  -1.303227096796e-01  -2.974801957607e-01 
 -9.981164336205e-02  -1.511346697807e-01  -4.070281088352e-01  -9.981164336205e-02  -1.511346697807e-01  -4.070281088352e-01   0.000000000000e+00  -1.310150623322e-01  -2.666933834553e-01 
  0.000000000000e+00  -1.310150623322e-01  -2.666933834553e-01  -1.136951223016e-01  -1.444254219532e-01  -3.055591881275e-01  -5.927009508014e-02  -1.126629188657e-01  -2.573858201504e-01 
 -1.041435450315e-01  -1.020301505923e-01  -2.355834692717e-01  -8.985811471939e-02  -9.084362536669e-02  -2.257013022900e-01  -1.124029532075e-01  -1.157171577215e-01  -2.702431976795e-01 
 -8.642974495888e-02  -1.303227096796e-01  -2.974801957607e-01  -9.981164336205e-02  -1.511346697807e-01  -4.070281088352e-01  -9.981164336205e-02  -1.511346697807e-01  -4.070281088352e-01 
  0.000000000000e+00   4.715268686414e-02  -1.983021497726e-01   0.000000000000e+00   4.715268686414e-02  -1.983021497726e-01  -1.552202850580e-01   6.518425047398e-02  -2.651765644550e-01 
 -1.686268299818e-01  -4.715719819069e-02  -2.829633057117e-01  -1.118497252464e-01  -1.129304468632e-01  -3.449135124683e-01   5.116369947791e-02   6.637074984610e-03  -2.355822771788e-01 
  4.761888086796e-02   2.837112918496e-02  -2.339784204960e-01   7.395830471069e-03   3.798072785139e-02  -2.249055653811e-01  -1.270903181285e-02   1.152655407786e-01  -2.756180167198e-01 
 -1.270903181285e-02   1.152655407786e-01  -2.756180167198e-01   0.000000000000e+00   1.304788980633e-02  -2.250765264034e-01   0.000000000000e+00   1.304788980633e-02  -2.250765264034e-01 
 -1.467529237270e-01   1.058638170362e-01  -2.545948624611e-01  -7.860080897808e-02   3.291999176145e-02  -2.244903296232e-01  -7.689132541418e-02   7.966153207235e-04  -2.342217713594e-01 
 -7.672496140003e-02   1.044962462038e-02  -2.313475161791e-01  -1.595148295164e-01  -7.041866425425e-03  -3.687311708927e-01   3.838514536619e-02   4.433325305581e-02  -2.286132723093e-01 
  2.158040553331e-02   1.298062875867e-02  -2.498462796211e-01   2.158040553331e-02   1.298062875867e-02  -2.498462796211e-01   0.000000000000e+00  -4.149663448334e-02  -2.478665560484e-01 
  0.000000000000e+00  -4.149663448334e-02  -2.478665560484e-01  -1.676783114672e-01   1.421272195876e-02  -3.487483561039e-01   3.397428244352e-02  -5.856456235051e-03  -2.482221871614e-01 
 -1.147908065468e-02  -2.704023942351e-02  -2.533213794231e-01  -9.483399987221e-02   2.799283526838e-02  -2.177347093821e-01  -1.641911566257e-01   3.173370286822e-02  -2.717417180538e-01 
 -1.237806677818e-01  -7.773063331842e-02  -2.731008529663e-01  -7.713930308819e-02  -1.453515738249e-01  -3.482204079628e-01  -7.713930308819e-02  -1.453515738249e-01  -3.482204079628e-01 
  0.000000000000e+00   6.898645311594e-02  -1.951520591974e-01   0.000000000000e+00   6.898645311594e-02  -1.951520591974e-01  -1.218871250749e-01   5.076573044062e-02  -2.566613852978e-01 
 -1.316825151443e-01   8.413573354483e-02  -2.782593667507e-01  -1.630955785513e-01   4.252002760768e-02  -3.530996143818e-01  -1.702594570816e-02   6.250810623169e-02  -2.318858653307e-01 
 -2.190067432821e-02   1.367515232414e-02  -2.336788624525e-01  -3.264963254333e-02  -1.557201799005e-02  -2.055778801441e-01  -3.556299488991e-03  -4.679993540049e-02  -2.268257439137e-01 
 -3.556299488991e-03  -4.679993540049e-02  -2.268257439137e-01   0.000000000000e+00   6.815573200583e-03  -2.374686300755e-01   0.000000000000e+00   6.815573200583e-03  -2.374686300755e-01 
 -1.245463415980e-01  -4.317365959287e-02  -3.085468709469e-01  -6.904689222574e-02   6.926658749580e-02  -2.080752402544e-01  -1.757627874613e-01   1.173662990332e-01  -2.839439809322e-01 
 -1.763297021389e-01   5.918454751372e-02  -3.281884193420e-01  -1.024480164051e-01   9.873384609818e-03  -4.206051230431e-01   1.010167896748e-01  -2.631262876093e-02  -2.674406170845e-01 
  8.266513049603e-02  -1.263836622238e-01  -2.936635613441e-01   8.266513049603e-02  -1.263836622238e-01  -2.936635613441e-01   0.000000000000e+00   1.272280886769e-02  -2.732633948326e-01 
  0.000000000000e+00   1.272280886769e-02  -2.732633948326e-01  -1.570152789354e-01  -2.661859430373e-02  -3.155499994755e-01   4.071578010917e-02   2.672340534627e-02  -1.955624520779e-01 
 -6.859051436186e-02   5.450023710728e-02  -2.141767293215e-01  -1.115367114544e-01   8.757025748491e-02  -2.001818120480e-01  -5.895894393325e-02   5.132822692394e-02  -2.367842793465e-01 
 -5.334163084626e-02  -7.258624583483e-02  -2.555573582649e-01   1.999221742153e-02  -1.324901133776e-01  -3.193412423134e-01   1.999221742153e-02  -1.324901133776e-01  -3.193412423134e-01 
  0.000000000000e+00   0.000000000000e+00  -2.254652380943e-01   0.000000000000e+00   0.000000000000e+00  -2.254652380943e-01  -1.677961051464e-01   0.000000000000e+00  -2.646325230598e-01 
 -6.034725904465e-02   0.000000000000e+00  -2.115082889795e-01  -8.694601058960e-02   0.000000000000e+00  -3.254984319210e-01   7.350288331509e-02   0.000000000000e+00  -2.224943786860e-01 
  4.168560355902e-02   0.000000000000e+00  -2.351665794849e-01  -4.033475648612e-03   0.000000000000e+00  -1.929831653833e-01   1.637242883444e-01   0.000000000000e+00  -1.794525682926e-01 
  1.637242883444e-01   0.000000000000e+00  -1.794525682926e-01   0.000000000000e+00   0.000000000000e+00  -2.254652380943e-01   0.000000000000e+00   0.000000000000e+00  -2.254652380943e-01 
 -1.677961051464e-01   0.000000000000e+00  -2.646325230598e-01  -6.034725904465e-02   0.000000000000e+00  -2.115082889795e-01  -8.694601058960e-02   0.000000000000e+00  -3.254984319210e-01 
  7.350288331509e-02   0.000000000000e+00  -2.224943786860e-01   4.168560355902e-02   0.000000000000e+00  -2.351665794849e-01  -4.033475648612e-03   0.000000000000e+00  -1.929831653833e-01 
  1.637242883444e-01   0.000000000000e+00  -1.794525682926e-01   1.637242883444e-01   0.000000000000e+00  -1.794525682926e-01   0.000000000000e+00  -9.720226377249e-02  -3.488616943359e-01 
  0.000000000000e+00  -9.720226377249e-02  -3.488616943359e-01   9.000143408775e-02  -1.092602685094e-01  -6.082853674889e-01  -2.389335334301e-01  -1.390268206596e-01  -1.009834766388e+00 
 -3.077610954642e-02  -1.171083003283e-01  -9.459920525551e-01  -6.438082456589e-02  -1.168609336019e-01  -1.060262799263e+00  -7.415547966957e-02  -1.227807179093e-01  -1.057947635651e+00 
  5.569025501609e-02  -1.219364181161e-01  -9.589490890503e-01   7.911959290504e-02  -1.267616301775e-01  -9.043844938278e-01   7.911959290504e-02  -1.267616301775e-01  -9.043844938278e-01 
  0.000000000000e+00  -9.720226377249e-02  -3.488616943359e-01   0.000000000000e+00  -9.720226377249e-02  -3.488616943359e-01   9.000143408775e-02  -1.092602685094e-01  -6.082853674889e-01 
 -2.389335334301e-01  -1.390268206596e-01  -1.009834766388e+00  -3.077610954642e-02  -1.171083003283e-01  -9.459920525551e-01  -6.438082456589e-02  -1.168609336019e-01  -1.060262799263e+00 
 -7.415547966957e-02  -1.227807179093e-01  -1.057947635651e+00   5.569025501609e-02  -1.219364181161e-01  -9.589490890503e-01   7.911959290504e-02  -1.267616301775e-01  -9.043844938278e-01 
  7.911959290504e-02  -1.267616301775e-01  -9.043844938278e-01   0.000000000000e+00   5.170926079154e-02  -4.440512359142e-01   0.000000000000e+00   5.170926079154e-02  -4.440512359142e-01 
  2.771271392703e-02   4.186905920506e-02  -7.371938824654e-01  -1.462667882442e-01  -5.954292789102e-02  -1.048337817192e+00   8.414293639362e-03  -1.796933263540e-02  -8.273963928223e-01 
 -5.094856023788e-02   8.536247164011e-02  -9.951957464218e-01   1.884302869439e-02   9.788114577532e-02  -1.071774721146e+00  -6.327059864998e-02  -2.532315067947e-02  -1.142651557922e+00 
  9.196173399687e-02  -7.116303592920e-02  -1.128389477730e+00   9.196173399687e-02  -7.116303592920e-02  -1.128389477730e+00   0.000000000000e+00   6.404247134924e-02  -5.485352277756e-01 
  0.000000000000e+00   6.404247134924e-02  -5.485352277756e-01   1.228865310550e-01   1.082245036960e-01  -8.360099792480e-01  -1.635077446699e-01   1.268872469664e-01  -1.080595970154e+00 
  5.540349707007e-02   1.849649101496e-01  -8.926833868027e-01   7.130987197161e-02   1.961308866739e-01  -8.278778791428e-01  -5.806013569236e-02  -5.757583770901e-03  -7.190020084381e-01 
 -2.080930210650e-02  -5.117908120155e-02  -9.026746153831e-01   1.486204862595e-01  -1.464334968477e-02  -8.008531928062e-01   1.486204862595e-01  -1.464334968477e-02  -8.008531928062e-01 
  0.000000000000e+00   1.025583688170e-02  -3.837081789970e-01   0.000000000000e+00   1.025583688170e-02  -3.837081789970e-01   1.742310374975e-01   1.375052779913e-01  -4.454132020473e-01 
 -2.283976674080e-01  -5.162331089377e-02  -9.878863096237e-01  -7.386904954910e-02  -1.213317364454e-01  -9.401769042015e-01  -1.051902770996e-01  -2.208282798529e-01  -1.053360700607e+00 
  6.138471886516e-02  -1.208418831229e-01  -8.914725780487e-01   4.696483258158e-03  -1.015022173524e-01  -8.620228171349e-01   1.722864061594e-01  -1.647395640612e-01  -6.436236500740e-01 
  1.722864061594e-01  -1.647395640612e-01  -6.436236500740e-01   0.000000000000e+00   9.338288754225e-02  -7.175862789154e-01   0.000000000000e+00   9.338288754225e-02  -7.175862789154e-01 
  1.966874301434e-01   2.677665837109e-02  -8.788778185844e-01   1.828903518617e-02   3.839772567153e-02  -8.468395471573e-01  -2.921774387360e-01  -6.865146569908e-03  -7.259505987167e-01 
 -1.047283932567e-01  -4.679665341973e-02  -9.470403194427e-01  -2.560061402619e-04  -2.762383595109e-02  -9.090855121613e-01  -3.968350216746e-02  -2.537964656949e-02  -9.531136155128e-01 
  1.230493187904e-01  -6.047580391169e-02  -9.291387796402e-01   1.230493187904e-01  -6.047580391169e-02  -9.291387796402e-01   0.000000000000e+00  -1.007875427604e-01  -4.477647840977e-01 
  0.000000000000e+00  -1.007875427604e-01  -4.477647840977e-01   1.616882234812e-01  -1.793635785580e-01  -8.531491756439e-01   6.371431797743e-02   7.273449748755e-02  -1.073931217194e+00 
 -8.738265931606e-02   2.485448567313e-05  -1.088417887688e+00  -6.320541352034e-02   1.738853752613e-02  -9.882473349571e-01  -4.564505536109e-03   3.932198137045e-02  -7.721756100655e-01 
 -4.319306090474e-02   8.117362111807e-02  -8.803883194923e-01   1.396956443787e-01   2.040650695562e-02  -9.696723818779e-01   1.396956443787e-01   2.040650695562e-02  -9.696723818779e-01 
  0.000000000000e+00  -3.728965669870e-02  -3.218578994274e-01   0.000000000000e+00  -3.728965669870e-02  -3.218578994274e-01   1.249052584171e-01  -7.029023021460e-02  -5.412107110023e-01 
 -1.229381188750e-01  -1.129944175482e-01  -9.123012423515e-01   9.593728184700e-02   1.817294862121e-03  -9.033327698708e-01  -9.370175190270e-03  -2.354980446398e-02  -9.963849782944e-01 
 -2.882494777441e-02  -4.067339003086e-02  -9.094977378845e-01   7.623255252838e-02  -4.285740200430e-03  -8.511506319046e-01   1.331935822964e-01  -4.463214427233e-02  -7.562371492386e-01 
  1.331935822964e-01  -4.463214427233e-02  -7.562371492386e-01   0.000000000000e+00   0.000000000000e+00  -5.760067105293e-01   0.000000000000e+00   0.000000000000e+00  -5.760067105293e-01 
  2.013771235943e-01   0.000000000000e+00  -5.417897701263e-01   2.260164916515e-01   0.000000000000e+00  -8.327182531357e-01   1.686088591814e-01   0.000000000000e+00  -7.546855211258e-01 
  3.901026025414e-02   0.000000000000e+00  -9.743102788925e-01  -1.050902828574e-01   0.000000000000e+00  -9.592961072922e-01   1.234837099910e-01   0.000000000000e+00  -9.069751501083e-01 
  2.010039091110e-01   0.000000000000e+00  -9.226392507553e-01   2.010039091110e-01   0.000000000000e+00  -9.226392507553e-01   0.000000000000e+00   0.000000000000e+00  -5.760067105293e-01 
  0.000000000000e+00   0.000000000000e+00  -5.760067105293e-01   2.013771235943e-01   0.000000000000e+00  -5.417897701263e-01   2.260164916515e-01   0.000000000000e+00  -8.327182531357e-01 
  1.686088591814e-01   0.000000000000e+00  -7.546855211258e-01   3.901026025414e-02   0.000000000000e+00  -9.743102788925e-01  -1.050902828574e-01   0.000000000000e+00  -9.592961072922e-01 
  1.234837099910e-01   0.000000000000e+00  -9.069751501083e-01   2.010039091110e-01   0.000000000000e+00  -9.226392507553e-01   2.010039091110e-01   0.000000000000e+00  -9.226392507553e-01 
  0.000000000000e+00   1.689739525318e-03  -1.876140385866e-01   0.000000000000e+00   1.689739525318e-03  -1.876140385866e-01   1.454155147076e-01   2.251901477575e-02  -1.787862032652e-01 
 -2.845621407032e-01   6.265614181757e-02  -3.092168867588e-01  -2.024830430746e-01  -9.751596301794e-02  -2.060253173113e-01   0.000000000000e+00  -9.126705527306e-01  -6.094186902046e-01 
 -7.404399663210e-02  -2.231203317642e+00  -4.171825647354e-01   9.850496053696e-02  -7.304455041885e-01  -4.550233185291e-01   8.342745155096e-02  -1.193937063217e-01  -5.785046219826e-01 
  8.342745155096e-02  -1.193937063217e-01  -5.785046219826e-01   0.000000000000e+00   1.689739525318e-03  -1.876140385866e-01   0.000000000000e+00   1.689739525318e-03  -1.876140385866e-01 
  1.454155147076e-01   2.251901477575e-02  -1.787862032652e-01  -2.845621407032e-01   6.265614181757e-02  -3.092168867588e-01  -2.024830430746e-01  -9.751596301794e-02  -2.060253173113e-01 
  0.000000000000e+00  -9.126705527306e-01  -6.094186902046e-01  -7.404399663210e-02  -2.231203317642e+00  -4.171825647354e-01   9.850496053696e-02  -7.304455041885e-01  -4.550233185291e-01 
  8.342745155096e-02  -1.193937063217e-01  -5.785046219826e-01   8.342745155096e-02  -1.193937063217e-01  -5.785046219826e-01   0.000000000000e+00   4.937338083982e-02  -1.288011223078e-01 
  0.000000000000e+00   4.937338083982e-02  -1.288011223078e-01   1.353755891323e-01   6.603965163231e-02  -1.278328150511e-01  -3.751307427883e-01   1.140941381454e-01  -6.379202939570e-03 
 -4.619306623936e-01   4.713448137045e-02   2.625680863857e-01  -1.422779113054e-01  -6.213693618774e-01  -5.422576665878e-01  -2.489441260695e-02  -2.058654308319e+00  -4.146669209003e-01 
 -5.537039786577e-02  -1.820170134306e-01  -2.688033878803e-01   7.110144942999e-02  -4.889803007245e-02  -4.894807040691e-01   7.110144942999e-02  -4.889803007245e-02  -4.894807040691e-01 
  0.000000000000e+00   5.727175250649e-02  -9.605580568314e-02   0.000000000000e+00   5.727175250649e-02  -9.605580568314e-02   1.146491840482e-01   9.655550122261e-02  -1.094392836094e-01 
 -8.533314615488e-02   1.112525165081e-01  -4.608906805515e-01   3.102367930114e-02   1.410785019398e-01  -3.421462178230e-01   5.292677879333e-02  -7.391788810492e-02  -4.281425476074e-01 
 -2.595614641905e-02  -8.642625808716e-02   2.922704815865e-01  -7.702599745244e-03  -1.838725246489e-02  -1.687602698803e-01   3.470554947853e-02   2.902949042618e-02  -8.236755132675e-01 
  3.470554947853e-02   2.902949042618e-02  -8.236755132675e-01   0.000000000000e+00  -4.955601319671e-02  -1.037473455071e-01   0.000000000000e+00  -4.955601319671e-02  -1.037473455071e-01 
  7.952637225389e-02   2.370364032686e-03  -2.601335644722e-01   1.750626368448e-03  -3.161865845323e-02  -3.579865396023e-01   9.850289672613e-02  -9.547324478626e-02  -3.939567506313e-01 
  3.350636363029e-02  -1.529936790466e-01  -5.003299713135e-01   6.699787825346e-02  -9.498225152493e-02  -5.026432871819e-01   4.086931294296e-04   1.550667686388e-03  -6.054091453552e-01 
  4.914993420243e-02   1.046035513282e-01  -5.872188806534e-01   4.914993420243e-02   1.046035513282e-01  -5.872188806534e-01   0.000000000000e+00   1.624573022127e-01  -5.078165233135e-02 
  0.000000000000e+00   1.624573022127e-01  -5.078165233135e-02   1.540818214417e-01   4.642489831895e-03  -2.236555218697e-01  -1.831496357918e-01  -6.953131407499e-03  -7.881845235825e-01 
  3.918528854847e-01  -3.808337450027e-02   1.529238075018e-01   2.226542234421e-01  -4.670855030417e-02  -3.041315972805e-01   1.024829074740e-01  -2.077079564333e-02  -5.428652763367e-01 
 -5.448932945728e-02   2.784043923020e-02  -4.447530508041e-01   9.916199743748e-02   1.341204792261e-01  -2.414589226246e-01   9.916199743748e-02   1.341204792261e-01  -2.414589226246e-01 
  0.000000000000e+00  -1.322255432606e-01  -9.101549535990e-02   0.000000000000e+00  -1.322255432606e-01  -9.101549535990e-02   3.118203282356e-01  -9.299029409885e-02  -2.696670405567e-02 
 -1.038888841867e-01  -9.638326242566e-03  -3.604803383350e-01   2.866312265396e-01  -1.025830805302e-01  -2.221627980471e-01   1.689655482769e-01  -5.651236325502e-02  -1.917855143547e-01 
  1.934356838465e-01  -3.831094130874e-03  -5.215530991554e-01  -1.342474520206e-01   5.846742168069e-02  -1.131111025810e+00  -6.677161157131e-02   6.335900723934e-02  -7.246057987213e-01 
 -6.677161157131e-02   6.335900723934e-02  -7.246057987213e-01   0.000000000000e+00  -6.224334239960e-03  -9.451648592949e-02   0.000000000000e+00  -6.224334239960e-03  -9.451648592949e-02 
  1.871706098318e-01  -3.185525536537e-02  -2.803954482079e-02  -8.679311722517e-02  -1.376646477729e-02  -1.245680004358e-01   1.694658994675e-01  -2.549509331584e-02  -3.797083795071e-01 
  7.347717881203e-02  -5.136510729790e-02  -6.191462874413e-01   1.706894487143e-01  -3.116537071764e-02  -3.761176764965e-01  -2.928478419781e-01  -2.344629541039e-02  -7.009199857712e-01 
 -2.732378542423e-01  -3.942973911762e-02  -3.318036496639e-01  -2.732378542423e-01  -3.942973911762e-02  -3.318036496639e-01   0.000000000000e+00   0.000000000000e+00  -1.840671896935e-01 
  0.000000000000e+00   0.000000000000e+00  -1.840671896935e-01   7.610817253590e-02  -2.821170724928e-03  -1.367319524288e-01   1.318455338478e-01  -2.481216564775e-03  -3.367080092430e-01 
  3.854250013828e-01   0.000000000000e+00  -1.244504824281e-01   3.082334101200e-01  -8.779248222709e-03  -3.518363237381e-01   1.191396594048e+00   0.000000000000e+00   7.227700948715e-02 
  8.786126375198e-01   0.000000000000e+00  -6.362973451614e-01  -1.209435686469e-01   0.000000000000e+00  -3.741306960583e-01  -1.209435686469e-01   0.000000000000e+00  -3.741306960583e-01 
  0.000000000000e+00   0.000000000000e+00  -1.840671896935e-01   0.000000000000e+00   0.000000000000e+00  -1.840671896935e-01   7.610817253590e-02  -2.821170724928e-03  -1.367319524288e-01 
  1.318455338478e-01  -2.481216564775e-03  -3.367080092430e-01   3.854250013828e-01   0.000000000000e+00  -1.244504824281e-01   3.082334101200e-01  -8.779248222709e-03  -3.518363237381e-01 
  1.191396594048e+00   0.000000000000e+00   7.227700948715e-02   8.786126375198e-01   0.000000000000e+00  -6.362973451614e-01  -1.209435686469e-01   0.000000000000e+00  -3.741306960583e-01 
 -1.209435686469e-01   0.000000000000e+00  -3.741306960583e-01   0.000000000000e+00   1.554649416357e-02  -2.381302267313e-01   0.000000000000e+00   1.554649416357e-02  -2.381302267313e-01 
  9.153436124325e-02   3.095450252295e-02  -2.238426953554e-01  -3.181996941566e-01   1.322627067566e-01   1.654196381569e+00  -3.566066324711e-01  -2.246096730232e-02   5.167045593262e-01 
 -3.685166360810e-03  -1.289330840111e+00  -1.000000014901e-01   1.223048195243e-02  -2.144928932190e+00   3.736175969243e-02   1.223048195243e-02  -1.001534461975e+00  -4.891271889210e-02 
  6.510987877846e-02  -2.478409707546e-01  -3.905974328518e-01   6.510987877846e-02  -2.478409707546e-01  -3.905974328518e-01   0.000000000000e+00   1.554649416357e-02  -2.381302267313e-01 
  0.000000000000e+00   1.554649416357e-02  -2.381302267313e-01   9.153436124325e-02   3.095450252295e-02  -2.238426953554e-01  -3.181996941566e-01   1.322627067566e-01   1.654196381569e+00 
 -3.566066324711e-01  -2.246096730232e-02   5.167045593262e-01  -3.685166360810e-03  -1.289330840111e+00  -1.000000014901e-01   1.223048195243e-02  -2.144928932190e+00   3.736175969243e-02 
  1.223048195243e-02  -1.001534461975e+00  -4.891271889210e-02   6.510987877846e-02  -2.478409707546e-01  -3.905974328518e-01   6.510987877846e-02  -2.478409707546e-01  -3.905974328518e-01 
  0.000000000000e+00   2.575503848493e-02  -1.587265431881e-01   0.000000000000e+00   2.575503848493e-02  -1.587265431881e-01   8.067342638969e-02   1.887742578983e-01   1.560386180878e+00 
 -3.361912071705e-01   2.312210649252e-01   2.261694908142e+00  -4.705663919449e-01   1.543333381414e-01   1.753523707390e+00   0.000000000000e+00  -1.035771369934e+00   3.018879890442e-01 
 -1.170349400491e-02  -2.144928932190e+00  -2.712578177452e-01  -4.547939822078e-02  -3.928626477718e-01  -2.618160545826e-01   5.868950858712e-02  -3.631753474474e-02  -1.000000014901e-01 
  5.868950858712e-02  -3.631753474474e-02  -1.000000014901e-01   0.000000000000e+00  -5.677030980587e-02  -1.587759405375e-01   0.000000000000e+00  -5.677030980587e-02  -1.587759405375e-01 
  4.163453355432e-02   9.814786165953e-02  -8.992255479097e-02  -9.330432116985e-02   1.077606752515e-01  -3.619110584259e-01  -1.240897551179e-02   1.308221668005e-01  -2.221495211124e-01 
  2.389634959400e-02  -4.205472171307e-01  -2.394123375416e-01  -5.892314016819e-03  -4.663114249706e-01   1.187940537930e-01   3.872372675687e-03  -9.856100194156e-03  -4.001207351685e-01 
  3.403820842505e-02   0.000000000000e+00  -7.098076343536e-01   3.403820842505e-02   0.000000000000e+00  -7.098076343536e-01   0.000000000000e+00   2.084935270250e-02  -1.529341936111e-01 
  0.000000000000e+00   2.084935270250e-02  -1.529341936111e-01   1.100222617388e-01   1.451408304274e-02   5.762129276991e-02  -1.686905920506e-01  -1.170824933797e-02  -1.190368607640e-01 
  8.101513236761e-02   2.559699118137e-03   9.585757553577e-02   2.398040890694e-02  -5.171185359359e-02  -1.824465245008e-01   4.739321768284e-02  -6.885392218828e-02  -4.961635470390e-01 
  0.000000000000e+00   9.394694934599e-04  -5.643382072449e-01   4.820485040545e-02   0.000000000000e+00  -5.093628168106e-01   4.820485040545e-02   0.000000000000e+00  -5.093628168106e-01 
  0.000000000000e+00   1.763696968555e-01  -1.249133795500e-01   0.000000000000e+00   1.763696968555e-01  -1.249133795500e-01   1.190232709050e-01   2.028597146273e-02  -9.265759587288e-02 
 -5.680131912231e-01   4.784011840820e-02  -1.664991825819e-01   8.267400413752e-02   8.337199687958e-02   2.510590851307e-01  -2.185888960958e-02   1.038938947022e-02   1.341040828265e-03 
  3.166971728206e-02  -1.792027987540e-02  -3.188007175922e-01  -6.138831004500e-02   1.580484583974e-02  -2.908833026886e-01   4.404043778777e-02   0.000000000000e+00  -1.000000014901e-01 
  4.404043778777e-02   0.000000000000e+00  -1.000000014901e-01   0.000000000000e+00  -7.654178887606e-02  -1.163258478045e-01   0.000000000000e+00  -7.654178887606e-02  -1.163258478045e-01 
  1.563942432404e-01  -3.958645835519e-02   1.063726544380e-01  -2.246388345957e-01   1.138124521822e-02  -3.127457499504e-01   1.100281476974e-01  -1.373543776572e-02   2.650071308017e-02 
  8.965375274420e-02  -3.581511974335e-02  -3.074149787426e-01   0.000000000000e+00  -1.905299164355e-02  -3.588064908981e-01  -1.394897252321e-01   1.806744933128e-02  -4.357109963894e-02 
 -4.760693758726e-02   0.000000000000e+00   3.703171387315e-03  -4.760693758726e-02   0.000000000000e+00   3.703171387315e-03   0.000000000000e+00  -3.012712579221e-03  -1.708427220583e-01 
  0.000000000000e+00  -3.012712579221e-03  -1.708427220583e-01   8.175318688154e-02  -1.774741895497e-02  -6.437896192074e-02  -1.779067218304e-01  -3.823025384918e-03  -1.060648635030e-01 
 -4.774809777737e-01  -1.298815757036e-02  -2.919090092182e-01   4.290762543678e-02  -4.455409944057e-02  -4.048249721527e-01   8.672701567411e-02  -2.832949534059e-02   2.850440144539e-01 
 -1.837306767702e-01  -3.738731518388e-02   9.850741028786e-01  -3.705978766084e-02  -9.210187941790e-02   1.121475100517e-01  -3.705978766084e-02  -9.210187941790e-02   1.121475100517e-01 
  0.000000000000e+00   0.000000000000e+00  -8.756949007511e-02   0.000000000000e+00   0.000000000000e+00  -8.756949007511e-02   7.698015868664e-02  -1.305949292146e-03  -9.680765867233e-02 
 -5.725355744362e-01  -3.325994475745e-04  -1.000000014901e-01  -5.725355744362e-01  -1.120001543313e-04  -2.016420811415e-01   0.000000000000e+00  -9.984736330807e-03   1.175313908607e-02 
  0.000000000000e+00  -1.577416900545e-03   4.458687603474e-01  -4.400993585587e-01  -5.726046860218e-03   4.307630658150e-01   3.151923120022e-01   0.000000000000e+00   4.240232408047e-01 
  3.151923120022e-01   0.000000000000e+00   4.240232408047e-01   0.000000000000e+00   0.000000000000e+00  -8.756949007511e-02   0.000000000000e+00   0.000000000000e+00  -8.756949007511e-02 
  7.698015868664e-02  -1.305949292146e-03  -9.680765867233e-02  -5.725355744362e-01  -3.325994475745e-04  -1.000000014901e-01  -5.725355744362e-01  -1.120001543313e-04  -2.016420811415e-01 
  0.000000000000e+00  -9.984736330807e-03   1.175313908607e-02   0.000000000000e+00  -1.577416900545e-03   4.458687603474e-01  -4.400993585587e-01  -5.726046860218e-03   4.307630658150e-01 
  3.151923120022e-01   0.000000000000e+00   4.240232408047e-01   3.151923120022e-01   0.000000000000e+00   4.240232408047e-01   0.000000000000e+00  -7.298395037651e-03  -3.992924094200e-01 
  0.000000000000e+00  -7.298395037651e-03  -3.992924094200e-01   9.088179469109e-02   6.863341480494e-02  -6.723483651876e-02   2.168039232492e-01   9.012577682734e-02   1.577624320984e+00 
  1.036367267370e-01   9.649901837111e-02   1.598699212074e+00  -2.666025608778e-02  -8.616603016853e-01  -1.000000014901e-01   0.000000000000e+00   0.000000000000e+00  -1.000000014901e-01 
  0.000000000000e+00  -6.126332879066e-01  -1.000000014901e-01   4.856721311808e-02  -2.424978017807e-01  -2.735299468040e-01   4.856721311808e-02  -2.424978017807e-01  -2.735299468040e-01 
  0.000000000000e+00  -7.298395037651e-03  -3.992924094200e-01   0.000000000000e+00  -7.298395037651e-03  -3.992924094200e-01   9.088179469109e-02   6.863341480494e-02  -6.723483651876e-02 
  2.168039232492e-01   9.012577682734e-02   1.577624320984e+00   1.036367267370e-01   9.649901837111e-02   1.598699212074e+00  -2.666025608778e-02  -8.616603016853e-01  -1.000000014901e-01 
  0.000000000000e+00   0.000000000000e+00  -1.000000014901e-01   0.000000000000e+00  -6.126332879066e-01  -1.000000014901e-01   4.856721311808e-02  -2.424978017807e-01  -2.735299468040e-01 
  4.856721311808e-02  -2.424978017807e-01  -2.735299468040e-01   0.000000000000e+00  -2.054582582787e-03  -2.675321996212e-01   0.000000000000e+00  -2.054582582787e-03  -2.675321996212e-01 
  1.027078852057e-01   4.392300546169e-02   1.811969161034e+00   0.000000000000e+00   1.451549679041e-01   2.388803958893e+00   0.000000000000e+00   1.424915194511e-01   2.452770709991e+00 
  0.000000000000e+00  -8.263222575188e-01   1.327334880829e+00  -7.976508699358e-03   0.000000000000e+00  -1.228139549494e-01  -3.678464516997e-02  -4.487002491951e-01  -2.355695962906e-01 
  5.049631744623e-02   0.000000000000e+00  -1.000000014901e-01   5.049631744623e-02   0.000000000000e+00  -1.000000014901e-01   0.000000000000e+00  -4.350963979959e-02  -4.402438402176e-01 
  0.000000000000e+00  -4.350963979959e-02  -4.402438402176e-01   1.492767781019e-01  -3.768564015627e-02  -4.155887067318e-01   5.717083066702e-02   9.376358240843e-02  -3.766211867332e-01 
  2.887611277401e-02   1.206033155322e-01  -1.416421979666e-01   3.021022863686e-02  -9.914356470108e-02  -7.562448829412e-02  -7.800609339029e-03  -3.408605754375e-01  -8.276503533125e-03 
  1.146674994379e-02  -5.484388209879e-03  -2.933281958103e-01   3.293685987592e-02   0.000000000000e+00  -1.000000014901e-01   3.293685987592e-02   0.000000000000e+00  -1.000000014901e-01 
  0.000000000000e+00   2.088999003172e-02  -3.419584631920e-01   0.000000000000e+00   2.088999003172e-02  -3.419584631920e-01   1.303997784853e-01   2.342557720840e-02  -4.325248301029e-01 
  2.255220897496e-03   6.200702395290e-03  -2.143178582191e-01   6.215307861567e-02   1.957110688090e-02   2.173097133636e-01   3.988035023212e-02  -8.853844366968e-03   1.281234771013e-01 
  3.302251175046e-02  -4.822399094701e-02  -3.076406419277e-01   1.841344288550e-03   6.483615725301e-04  -1.000000014901e-01   4.751481115818e-02   0.000000000000e+00  -1.000000014901e-01 
  4.751481115818e-02   0.000000000000e+00  -1.000000014901e-01   0.000000000000e+00   1.731834113598e-01  -3.573913872242e-01   0.000000000000e+00   1.731834113598e-01  -3.573913872242e-01 
  1.396875828505e-01   1.582978814840e-01  -1.723825335503e-01   0.000000000000e+00   5.877597257495e-02  -1.721882969141e-01   5.522004142404e-02   5.352417752147e-02   3.650828003883e-01 
  3.935008123517e-02   1.811763644218e-02   4.248675107956e-01   0.000000000000e+00  -1.539451908320e-02   2.428315952420e-02  -4.469958692789e-02   8.487756364048e-03  -2.137878388166e-01 
  5.915979668498e-02   0.000000000000e+00  -1.000000014901e-01   5.915979668498e-02   0.000000000000e+00  -1.000000014901e-01   0.000000000000e+00  -1.113287988119e-03  -3.322905302048e-01 
  0.000000000000e+00  -1.113287988119e-03  -3.322905302048e-01   2.070830613375e-01  -1.043828669935e-02  -2.258712351322e-01  -1.107168123126e-01   2.164264209569e-02  -2.473215460777e-01 
 -5.055496469140e-02   1.547624450177e-02   1.338813304901e-01   7.230041921139e-02  -1.156553067267e-02  -1.554113328457e-01   2.041595056653e-02  -1.804569549859e-02  -2.286612987518e-01 
 -1.849599368870e-02  -1.144415326416e-02  -2.085300683975e-01   6.987055391073e-02   0.000000000000e+00  -4.414288699627e-01   6.987055391073e-02   0.000000000000e+00  -4.414288699627e-01 
  0.000000000000e+00   5.501683801413e-02  -3.680994510651e-01   0.000000000000e+00   5.501683801413e-02  -3.680994510651e-01   1.294527798891e-01   4.290518909693e-02  -3.324467837811e-01 
 -5.725355744362e-01   1.084872242063e-02   1.146133780479e+00  -5.725355744362e-01  -5.268693203107e-04   1.141760587692e+00  -2.003268897533e-01  -3.442119434476e-02  -2.539473474026e-01 
  4.528147727251e-02  -2.761247381568e-02   4.444781318307e-02   0.000000000000e+00  -3.843829780817e-02  -1.000000014901e-01   9.491611272097e-02  -6.134863197803e-02   1.077070459723e-01 
  9.491611272097e-02  -6.134863197803e-02   1.077070459723e-01   0.000000000000e+00   0.000000000000e+00  -3.409657478333e-01   0.000000000000e+00   0.000000000000e+00  -3.409657478333e-01 
  1.366260647774e-01   3.171990683768e-04   1.433831453323e+00  -5.326393246651e-01   0.000000000000e+00   1.638145565987e+00  -6.124317646027e-01  -1.057358167600e-05   1.598249316216e+00 
  0.000000000000e+00  -4.955209791660e-03  -1.000000014901e-01   0.000000000000e+00  -7.533032912761e-03  -1.000000014901e-01  -1.513798236847e-01  -1.195496227592e-02   2.079143822193e-01 
  2.018610984087e-01   0.000000000000e+00   2.059190124273e-01   2.018610984087e-01   0.000000000000e+00   2.059190124273e-01   0.000000000000e+00   0.000000000000e+00  -3.409657478333e-01 
  0.000000000000e+00   0.000000000000e+00  -3.409657478333e-01   1.366260647774e-01   3.171990683768e-04   1.433831453323e+00  -5.326393246651e-01   0.000000000000e+00   1.638145565987e+00 
 -6.124317646027e-01  -1.057358167600e-05   1.598249316216e+00   0.000000000000e+00  -4.955209791660e-03  -1.000000014901e-01   0.000000000000e+00  -7.533032912761e-03  -1.000000014901e-01 
 -1.513798236847e-01  -1.195496227592e-02   2.079143822193e-01   2.018610984087e-01   0.000000000000e+00   2.059190124273e-01   2.018610984087e-01   0.000000000000e+00   2.059190124273e-01 
  0.000000000000e+00   9.163753129542e-03  -1.210139021277e-01   0.000000000000e+00   9.163753129542e-03  -1.210139021277e-01   1.479017287493e-01   1.778271943331e-01   1.034892499447e-01 
  4.196120202541e-01   7.229470461607e-02  -1.779362708330e-01   0.000000000000e+00   0.000000000000e+00  -1.615928709507e-01   0.000000000000e+00  -2.863508760929e-01  -1.000000014901e-01 
  0.000000000000e+00  -3.444713726640e-02  -1.000000014901e-01   0.000000000000e+00  -4.726947546005e-01  -1.000000014901e-01   0.000000000000e+00  -2.212200313807e-01  -2.048783600330e-01 
  0.000000000000e+00  -2.212200313807e-01  -2.048783600330e-01   0.000000000000e+00   9.163753129542e-03  -1.210139021277e-01   0.000000000000e+00   9.163753129542e-03  -1.210139021277e-01 
  1.479017287493e-01   1.778271943331e-01   1.034892499447e-01   4.196120202541e-01   7.229470461607e-02  -1.779362708330e-01   0.000000000000e+00   0.000000000000e+00  -1.615928709507e-01 
  0.000000000000e+00  -2.863508760929e-01  -1.000000014901e-01   0.000000000000e+00  -3.444713726640e-02  -1.000000014901e-01   0.000000000000e+00  -4.726947546005e-01  -1.000000014901e-01 
  0.000000000000e+00  -2.212200313807e-01  -2.048783600330e-01   0.000000000000e+00  -2.212200313807e-01  -2.048783600330e-01   0.000000000000e+00  -7.176733762026e-02  -3.589596152306e-01 
  0.000000000000e+00  -7.176733762026e-02  -3.589596152306e-01   1.409216672182e-01   1.120285764337e-01  -2.029382884502e-01   2.419167906046e-01   9.850997477770e-02   1.173923492432e+00 
  1.150271296501e-01   8.735834062099e-02  -1.000000014901e-01   5.673260986805e-02  -2.754847109318e-01   5.504515171051e-01   1.062214095145e-02  -4.985216632485e-02  -8.583324961364e-03 
  4.668114706874e-03  -5.456775426865e-01  -2.078315466642e-01   4.479717463255e-02  -1.830462570069e-04  -1.000000014901e-01   4.479717463255e-02  -1.830462570069e-04  -1.000000014901e-01 
  0.000000000000e+00   3.735904814675e-03  -4.788645207882e-01   0.000000000000e+00   3.735904814675e-03  -4.788645207882e-01   1.537012010813e-01  -2.755736559629e-02  -4.362564682961e-01 
  1.601486057043e-01   3.189473226666e-02   4.585225582123e-01   1.139338165522e-01   7.161436229944e-02   1.659900993109e-01   6.850665807724e-02  -5.757050216198e-02   1.391119789332e-02 
  1.837706938386e-02  -2.643272280693e-01  -8.340332657099e-02   1.526963245124e-02  -3.168996423483e-03  -2.307824045420e-01   3.247655555606e-02   0.000000000000e+00  -1.000000014901e-01 
  3.247655555606e-02   0.000000000000e+00  -1.000000014901e-01   0.000000000000e+00  -2.698069624603e-02  -5.047814249992e-01   0.000000000000e+00  -2.698069624603e-02  -5.047814249992e-01 
  1.122504770756e-01  -2.691513858736e-02  -5.023235678673e-01   8.491831272840e-02  -1.566784083843e-02  -3.302960097790e-01   5.585087835789e-02   8.922461420298e-03  -2.323716413230e-03 
  3.447189927101e-02   5.481305997819e-03   2.671911381185e-02   2.585699595511e-02  -3.347389400005e-02  -2.041536122561e-01   2.689444925636e-03   5.255654104985e-04  -1.076989173889e-01 
  4.488633200526e-02   0.000000000000e+00  -1.000000014901e-01   4.488633200526e-02   0.000000000000e+00  -1.000000014901e-01   0.000000000000e+00   1.169943585992e-01  -3.931513726711e-01 
  0.000000000000e+00   1.169943585992e-01  -3.931513726711e-01   1.423253417015e-01   1.167965456843e-01  -3.935656249523e-01   0.000000000000e+00   8.344495296478e-02  -1.000000014901e-01 
  0.000000000000e+00   5.215770006180e-02  -1.000000014901e-01   0.000000000000e+00   2.518872357905e-02  -1.000000014901e-01  -2.467824197083e-05  -1.317806541920e-02  -2.217826806009e-02 
 -1.545486599207e-02   1.737749553286e-03  -1.532786339521e-01   4.387991502881e-02   0.000000000000e+00  -1.000000014901e-01   4.387991502881e-02   0.000000000000e+00  -1.000000014901e-01 
  0.000000000000e+00  -8.529515936971e-03  -4.413551390171e-01   0.000000000000e+00  -8.529515936971e-03  -4.413551390171e-01   1.836631298065e-01  -8.882488124073e-03  -4.343011677265e-01 
  1.696899533272e-01   1.200965233147e-02   1.468336582184e-02   3.803749103099e-03   2.297719940543e-02   3.897211849689e-01  -6.003293022513e-02   4.533144179732e-03   3.617773205042e-02 
 -3.509114962071e-03  -1.548927463591e-02  -1.631518751383e-01   5.593688227236e-03  -1.018586475402e-02  -1.356114149094e-01   3.431313112378e-02   0.000000000000e+00  -1.000000014901e-01 
  3.431313112378e-02   0.000000000000e+00  -1.000000014901e-01   0.000000000000e+00   7.550243288279e-02  -4.100283682346e-01   0.000000000000e+00   7.550243288279e-02  -4.100283682346e-01 
  1.594733744860e-01   6.485340744257e-02  -1.215442419052e-01   1.204624921083e-01   4.412953555584e-02   1.109907984734e+00  -1.179332286119e-01   9.150807745755e-03   1.414572119713e+00 
 -1.392736285925e-01   3.479403676465e-03  -1.018730774522e-01  -3.585801273584e-02  -1.678367704153e-02  -1.000000014901e-01   0.000000000000e+00  -1.644349656999e-02  -1.000000014901e-01 
  0.000000000000e+00   0.000000000000e+00   4.710320234299e-01   0.000000000000e+00   0.000000000000e+00   4.710320234299e-01   0.000000000000e+00   0.000000000000e+00  -3.243975043297e-01 
  0.000000000000e+00   0.000000000000e+00  -3.243975043297e-01   2.626873552799e-01   2.229152945802e-03   1.496154069901e+00   0.000000000000e+00   1.633467734791e-03   1.558353066444e+00 
 -1.490026712418e-01   1.063311938196e-04   1.598249316216e+00  -1.490026712418e-01   4.869270196650e-05  -1.000000014901e-01   0.000000000000e+00  -6.924055051059e-03   2.668226510286e-02 
 -4.283075779676e-02  -8.789705112576e-03   2.299400568008e-01   1.187040731311e-01   0.000000000000e+00   4.814389348030e-01   1.187040731311e-01   0.000000000000e+00   4.814389348030e-01 
  0.000000000000e+00   0.000000000000e+00  -3.243975043297e-01   0.000000000000e+00   0.000000000000e+00  -3.243975043297e-01   2.626873552799e-01   2.229152945802e-03   1.496154069901e+00 
  0.000000000000e+00   1.633467734791e-03   1.558353066444e+00  -1.490026712418e-01   1.063311938196e-04   1.598249316216e+00  -1.490026712418e-01   4.869270196650e-05  -1.000000014901e-01 
  0.000000000000e+00  -6.924055051059e-03   2.668226510286e-02  -4.283075779676e-02  -8.789705112576e-03   2.299400568008e-01   1.187040731311e-01   0.000000000000e+00   4.814389348030e-01 
  1.187040731311e-01   0.000000000000e+00   4.814389348030e-01   0.000000000000e+00   1.210567448288e-02  -3.566385805607e-01   0.000000000000e+00   1.210567448288e-02  -3.566385805607e-01 
  2.268758602440e-02   5.639840289950e-02  -2.336127758026e-01   7.461380958557e-02   5.735402181745e-02  -1.840849220753e-01   0.000000000000e+00   4.431389644742e-02  -1.000000014901e-01 
  0.000000000000e+00  -6.475703418255e-02  -1.000000014901e-01   0.000000000000e+00  -4.781972616911e-02  -1.000000014901e-01   0.000000000000e+00  -3.475939631462e-01  -1.000000014901e-01 
  8.348153642146e-05  -1.965520381927e-01  -1.645023673773e-01   8.348153642146e-05  -1.965520381927e-01  -1.645023673773e-01   0.000000000000e+00   1.210567448288e-02  -3.566385805607e-01 
  0.000000000000e+00   1.210567448288e-02  -3.566385805607e-01   2.268758602440e-02   5.639840289950e-02  -2.336127758026e-01   7.461380958557e-02   5.735402181745e-02  -1.840849220753e-01 
  0.000000000000e+00   4.431389644742e-02  -1.000000014901e-01   0.000000000000e+00  -6.475703418255e-02  -1.000000014901e-01   0.000000000000e+00  -4.781972616911e-02  -1.000000014901e-01 
  0.000000000000e+00  -3.475939631462e-01  -1.000000014901e-01   8.348153642146e-05  -1.965520381927e-01  -1.645023673773e-01   8.348153642146e-05  -1.965520381927e-01  -1.645023673773e-01 
  0.000000000000e+00  -7.555585354567e-02  -3.094308972359e-01   0.000000000000e+00  -7.555585354567e-02  -3.094308972359e-01   4.703190922737e-02   2.463089535013e-03  -2.697187662125e-01 
  9.253299981356e-02   3.952036798000e-02   8.978648483753e-02   8.236817270517e-02   5.372798070312e-02   3.332196967676e-03   6.258717179298e-02  -6.373584270477e-02   1.835811585188e-01 
  3.016344830394e-02  -5.423412844539e-02   3.127750381827e-02   1.083452533931e-02  -3.822696208954e-01  -1.841180771589e-01   4.080610722303e-02  -1.214640028775e-02  -1.000000014901e-01 
  4.080610722303e-02  -1.214640028775e-02  -1.000000014901e-01   0.000000000000e+00   6.428426504135e-02  -2.434185445309e-01   0.000000000000e+00   6.428426504135e-02  -2.434185445309e-01 
  9.620410948992e-02   5.073896795511e-02  -2.522205710411e-01   1.003989204764e-01   4.595373570919e-02  -1.128695756197e-01   1.020728945732e-01   5.332866683602e-02  -5.423024669290e-02 
  8.626192063093e-02   1.211785362102e-03  -8.740323595703e-03   4.834485054016e-02  -1.063807532191e-01  -1.153789684176e-01   1.411733496934e-02  -1.997654093429e-03  -1.873067617416e-01 
  3.208797425032e-02   0.000000000000e+00  -1.000000014901e-01   3.208797425032e-02   0.000000000000e+00  -1.000000014901e-01   0.000000000000e+00  -6.206004880369e-03  -3.741463422775e-01 
  0.000000000000e+00  -6.206004880369e-03  -3.741463422775e-01   8.849052339792e-02  -6.429258268327e-03  -3.742925226688e-01   8.721158653498e-02  -6.510351318866e-03  -3.426502346992e-01 
  6.719359010458e-02  -4.117576463614e-04  -1.227173805237e-01   3.966111689806e-02   4.973703064024e-03   7.073442637920e-02   2.389713749290e-02  -2.554028294981e-02  -1.512730270624e-01 
  1.558632007800e-03   1.391725963913e-04  -1.108136028051e-01   3.824812918901e-02   0.000000000000e+00  -1.000000014901e-01   3.824812918901e-02   0.000000000000e+00  -1.000000014901e-01 
  0.000000000000e+00   2.647585049272e-02  -3.907819390297e-01   0.000000000000e+00   2.647585049272e-02  -3.907819390297e-01   2.208730019629e-02   2.656487561762e-02  -3.890613913536e-01 
  2.591653354466e-02   2.416464127600e-02  -1.000000014901e-01  -1.601625606418e-02   3.213442116976e-02   1.377014368773e-01  -5.246530286968e-03   2.109584212303e-02   4.077261090279e-01 
 -1.889531966299e-03  -1.110698748380e-02  -6.756736338139e-02  -3.052555723116e-03  -1.378499204293e-03  -1.263872981071e-01   3.118929453194e-02   0.000000000000e+00  -1.000000014901e-01 
  3.118929453194e-02   0.000000000000e+00  -1.000000014901e-01   0.000000000000e+00  -1.391589641571e-02  -3.440062403679e-01   0.000000000000e+00  -1.391589641571e-02  -3.440062403679e-01 
  7.081218808889e-02  -2.644474804401e-02  -3.347048163414e-01   7.848738133907e-02  -1.936756446958e-02  -3.114323318005e-01  -1.042110398412e-01  -4.176958464086e-03   2.326090812683e+00 
  0.000000000000e+00  -1.035017077811e-03   2.925563335419e+00  -1.685941388132e-04  -9.402647614479e-03  -1.207633242011e-01   5.387303885072e-03  -7.308125495911e-03  -1.149571537971e-01 
  2.009445987642e-02   0.000000000000e+00  -1.000000014901e-01   2.009445987642e-02   0.000000000000e+00  -1.000000014901e-01   0.000000000000e+00   3.925707936287e-02  -3.731966018677e-01 
  0.000000000000e+00   3.925707936287e-02  -3.731966018677e-01   1.231871396303e-01   1.102465949953e-02  -2.650151252747e-01   1.688391268253e-01   0.000000000000e+00   5.632697343826e-01 
 -1.490026712418e-01   0.000000000000e+00   3.440932989120e+00  -1.490026712418e-01   0.000000000000e+00   3.415787458420e+00   0.000000000000e+00  -4.465299658477e-03  -1.000000014901e-01 
  0.000000000000e+00  -9.040663950145e-03  -1.000000014901e-01   0.000000000000e+00   0.000000000000e+00  -1.000000014901e-01   0.000000000000e+00   0.000000000000e+00  -1.000000014901e-01 
  0.000000000000e+00   0.000000000000e+00  -4.347815215588e-01   0.000000000000e+00   0.000000000000e+00  -4.347815215588e-01   8.559227734804e-02   1.696106628515e-03  -4.174204170704e-01 
  2.130629569292e-01   0.000000000000e+00  -1.000000014901e-01  -8.977794647217e-02   0.000000000000e+00   3.500157594681e+00  -2.082273811102e-01   0.000000000000e+00   3.440932989120e+00 
  0.000000000000e+00   0.000000000000e+00  -1.000000014901e-01   0.000000000000e+00  -6.134156137705e-03   4.785444959998e-02   8.046489208937e-02   0.000000000000e+00  -1.000000014901e-01 
  8.046489208937e-02   0.000000000000e+00  -1.000000014901e-01   0.000000000000e+00   0.000000000000e+00  -4.347815215588e-01   0.000000000000e+00   0.000000000000e+00  -4.347815215588e-01 
  8.559227734804e-02   1.696106628515e-03  -4.174204170704e-01   2.130629569292e-01   0.000000000000e+00  -1.000000014901e-01  -8.977794647217e-02   0.000000000000e+00   3.500157594681e+00 
 -2.082273811102e-01   0.000000000000e+00   3.440932989120e+00   0.000000000000e+00   0.000000000000e+00  -1.000000014901e-01   0.000000000000e+00  -6.134156137705e-03   4.785444959998e-02 
  8.046489208937e-02   0.000000000000e+00  -1.000000014901e-01   8.046489208937e-02   0.000000000000e+00  -1.000000014901e-01   0.000000000000e+00   6.138628348708e-02  -1.636465042830e-01 
  0.000000000000e+00   6.138628348708e-02  -1.636465042830e-01  -6.375477183610e-03   1.589221530594e-03  -3.717474341393e-01   0.000000000000e+00  -4.296324215829e-03  -1.000000014901e-01 
  0.000000000000e+00   1.779430429451e-03  -1.000000014901e-01   0.000000000000e+00  -2.166823670268e-02  -1.000000014901e-01   0.000000000000e+00  -3.517743572593e-02  -1.000000014901e-01 
  0.000000000000e+00  -2.197352796793e-01  -1.000000014901e-01   1.738161081448e-04  -1.697676926851e-01  -1.390179246664e-01   1.738161081448e-04  -1.697676926851e-01  -1.390179246664e-01 
  0.000000000000e+00   6.138628348708e-02  -1.636465042830e-01   0.000000000000e+00   6.138628348708e-02  -1.636465042830e-01  -6.375477183610e-03   1.589221530594e-03  -3.717474341393e-01 
  0.000000000000e+00  -4.296324215829e-03  -1.000000014901e-01   0.000000000000e+00   1.779430429451e-03  -1.000000014901e-01   0.000000000000e+00  -2.166823670268e-02  -1.000000014901e-01 
  0.000000000000e+00  -3.517743572593e-02  -1.000000014901e-01   0.000000000000e+00  -2.197352796793e-01  -1.000000014901e-01   1.738161081448e-04  -1.697676926851e-01  -1.390179246664e-01 
  1.738161081448e-04  -1.697676926851e-01  -1.390179246664e-01   0.000000000000e+00  -1.203633025289e-01  -7.239827513695e-01   0.000000000000e+00  -1.203633025289e-01  -7.239827513695e-01 
  1.163445934653e-01  -1.005598604679e-01  -6.617023944855e-01   1.083868145943e-01  -6.696490943432e-02  -4.901571869850e-01   9.561099112034e-02  -3.327623009682e-02  -3.446792066097e-01 
  7.946595549583e-02  -4.016462713480e-02  -1.851994395256e-01   5.498903617263e-02  -4.498972743750e-02  -9.115646034479e-02   2.783200144768e-02  -2.341834008694e-01  -1.691242009401e-01 
  3.846962004900e-02  -3.925997763872e-02  -1.000000014901e-01   3.846962004900e-02  -3.925997763872e-02  -1.000000014901e-01   0.000000000000e+00   5.017617717385e-02  -1.237404569983e-01 
  0.000000000000e+00   5.017617717385e-02  -1.237404569983e-01  -3.888958320022e-02   4.989429190755e-02  -1.389339119196e-01  -3.715924918652e-02   4.777383059263e-02  -1.650336682796e-01 
 -2.972835488617e-02   4.504065960646e-02  -1.482110619545e-01  -1.374913565814e-02   2.990166470408e-02  -5.116836726665e-02   3.798663383350e-03  -2.326226234436e-02   7.486739754677e-02 
  1.002459321171e-02  -1.552950823680e-03  -1.562950462103e-01   3.048520907760e-02   0.000000000000e+00  -1.000000014901e-01   3.048520907760e-02   0.000000000000e+00  -1.000000014901e-01 
  0.000000000000e+00   2.157663367689e-02  -9.849591553211e-02   0.000000000000e+00   2.157663367689e-02  -9.849591553211e-02  -5.569479241967e-02   2.156552858651e-02  -1.021527424455e-01 
  0.000000000000e+00   2.117312327027e-02  -1.169520840049e-01   3.182915737852e-03   1.876257359982e-02   2.748952619731e-02   8.355828933418e-03   1.492195483297e-02   3.874756693840e-01 
  1.057149842381e-02   5.338365212083e-03   5.913972854614e-01   2.207606332377e-03  -3.845954197459e-04  -1.096755489707e-01   3.070570901036e-02   0.000000000000e+00  -1.000000014901e-01 
  3.070570901036e-02   0.000000000000e+00  -1.000000014901e-01   0.000000000000e+00   7.164534647018e-03  -3.026786446571e-01   0.000000000000e+00   7.164534647018e-03  -3.026786446571e-01 
  6.022536661476e-03   3.863577544689e-02  -3.078460693359e-01   0.000000000000e+00   0.000000000000e+00  -3.397021591663e-01  -8.351322612725e-04   3.817434422672e-03   6.008035540581e-01 
  1.066861324944e-03   6.640892010182e-03   1.351564645767e+00   1.888733706437e-03   4.935838282108e-03   1.439930200577e+00  -4.679487392423e-05  -2.330085262656e-03  -1.141778826714e-01 
  2.247525937855e-02   0.000000000000e+00  -1.000000014901e-01   2.247525937855e-02   0.000000000000e+00  -1.000000014901e-01   0.000000000000e+00   7.350881583989e-03  -1.233076080680e-01 
  0.000000000000e+00   7.350881583989e-03  -1.233076080680e-01   6.450669467449e-02  -1.327003091574e-01  -3.402053415775e-01   0.000000000000e+00   0.000000000000e+00  -4.652124345303e-01 
  0.000000000000e+00  -6.327092414722e-04   2.040349483490e+00   6.959856022149e-03  -4.992491449229e-04   2.803149461746e+00   5.569275002927e-03  -1.456398516893e-03   2.280337810516e+00 
  3.901100018993e-03  -5.243893247098e-03  -1.072951778769e-01   1.290595903993e-02   0.000000000000e+00  -1.000000014901e-01   1.290595903993e-02   0.000000000000e+00  -1.000000014901e-01 
  0.000000000000e+00  -3.276637941599e-02  -4.403836131096e-01   0.000000000000e+00  -3.276637941599e-02  -4.403836131096e-01   1.725885421038e-01  -3.371779993176e-02  -7.203007936478e-01 
  2.192312479019e-01   0.000000000000e+00  -7.100647687912e-01   1.706602275372e-01   0.000000000000e+00   3.242086172104e+00   1.706052944064e-02   0.000000000000e+00   3.359588384628e+00 
  7.435605395585e-03  -5.491592455655e-04   2.026814222336e+00   2.324910834432e-03  -5.802686791867e-03  -1.000000014901e-01   0.000000000000e+00   0.000000000000e+00  -1.000000014901e-01 
  0.000000000000e+00   0.000000000000e+00  -1.000000014901e-01   0.000000000000e+00   0.000000000000e+00  -3.465126752853e-01   0.000000000000e+00   0.000000000000e+00  -3.465126752853e-01 
  1.203727126122e-01   0.000000000000e+00  -4.818852543831e-01   1.673765778542e-01   0.000000000000e+00  -6.246247291565e-01   0.000000000000e+00   0.000000000000e+00   3.381708145142e+00 
  0.000000000000e+00   0.000000000000e+00   3.440932989120e+00   0.000000000000e+00   0.000000000000e+00  -1.000000014901e-01   0.000000000000e+00  -4.824229050428e-03   9.697598405182e-03 
  5.905738100410e-02   0.000000000000e+00  -1.000000014901e-01   5.905738100410e-02   0.000000000000e+00  -1.000000014901e-01   0.000000000000e+00   0.000000000000e+00  -3.465126752853e-01 
  0.000000000000e+00   0.000000000000e+00  -3.465126752853e-01   1.203727126122e-01   0.000000000000e+00  -4.818852543831e-01   1.673765778542e-01   0.000000000000e+00  -6.246247291565e-01 
  0.000000000000e+00   0.000000000000e+00   3.381708145142e+00   0.000000000000e+00   0.000000000000e+00   3.440932989120e+00   0.000000000000e+00   0.000000000000e+00  -1.000000014901e-01 
  0.000000000000e+00  -4.824229050428e-03   9.697598405182e-03   5.905738100410e-02   0.000000000000e+00  -1.000000014901e-01   5.905738100410e-02   0.000000000000e+00  -1.000000014901e-01 
  0.000000000000e+00   6.138628348708e-02  -1.636465042830e-01   0.000000000000e+00   6.138628348708e-02  -1.636465042830e-01  -6.375477183610e-03   1.589221530594e-03  -3.717474341393e-01 
  0.000000000000e+00  -4.296324215829e-03  -1.000000014901e-01   0.000000000000e+00   1.779430429451e-03  -1.000000014901e-01   0.000000000000e+00  -2.166823670268e-02  -1.000000014901e-01 
  0.000000000000e+00  -3.517743572593e-02  -1.000000014901e-01   0.000000000000e+00  -2.197352796793e-01  -1.000000014901e-01   1.738161081448e-04  -1.697676926851e-01  -1.390179246664e-01 
  1.738161081448e-04  -1.697676926851e-01  -1.390179246664e-01   0.000000000000e+00   6.138628348708e-02  -1.636465042830e-01   0.000000000000e+00   6.138628348708e-02  -1.636465042830e-01 
 -6.375477183610e-03   1.589221530594e-03  -3.717474341393e-01   0.000000000000e+00  -4.296324215829e-03  -1.000000014901e-01   0.000000000000e+00   1.779430429451e-03  -1.000000014901e-01 
  0.000000000000e+00  -2.166823670268e-02  -1.000000014901e-01   0.000000000000e+00  -3.517743572593e-02  -1.000000014901e-01   0.000000000000e+00  -2.197352796793e-01  -1.000000014901e-01 
  1.738161081448e-04  -1.697676926851e-01  -1.390179246664e-01   1.738161081448e-04  -1.697676926851e-01  -1.390179246664e-01   0.000000000000e+00  -1.203633025289e-01  -7.239827513695e-01 
  0.000000000000e+00  -1.203633025289e-01  -7.239827513695e-01   1.163445934653e-01  -1.005598604679e-01  -6.617023944855e-01   1.083868145943e-01  -6.696490943432e-02  -4.901571869850e-01 
  9.561099112034e-02  -3.327623009682e-02  -3.446792066097e-01   7.946595549583e-02  -4.016462713480e-02  -1.851994395256e-01   5.498903617263e-02  -4.498972743750e-02  -9.115646034479e-02 
  2.783200144768e-02  -2.341834008694e-01  -1.691242009401e-01   3.846962004900e-02  -3.925997763872e-02  -1.000000014901e-01   3.846962004900e-02  -3.925997763872e-02  -1.000000014901e-01 
  0.000000000000e+00   5.017617717385e-02  -1.237404569983e-01   0.000000000000e+00   5.017617717385e-02  -1.237404569983e-01  -3.888958320022e-02   4.989429190755e-02  -1.389339119196e-01 
 -3.715924918652e-02   4.777383059263e-02  -1.650336682796e-01  -2.972835488617e-02   4.504065960646e-02  -1.482110619545e-01  -1.374913565814e-02   2.990166470408e-02  -5.116836726665e-02 
  3.798663383350e-03  -2.326226234436e-02   7.486739754677e-02   1.002459321171e-02  -1.552950823680e-03  -1.562950462103e-01   3.048520907760e-02   0.000000000000e+00  -1.000000014901e-01 
  3.048520907760e-02   0.000000000000e+00  -1.000000014901e-01   0.000000000000e+00   2.157663367689e-02  -9.849591553211e-02   0.000000000000e+00   2.157663367689e-02  -9.849591553211e-02 
 -5.569479241967e-02   2.156552858651e-02  -1.021527424455e-01   0.000000000000e+00   2.117312327027e-02  -1.169520840049e-01   3.182915737852e-03   1.876257359982e-02   2.748952619731e-02 
  8.355828933418e-03   1.492195483297e-02   3.874756693840e-01   1.057149842381e-02   5.338365212083e-03   5.913972854614e-01   2.207606332377e-03  -3.845954197459e-04  -1.096755489707e-01 
  3.070570901036e-02   0.000000000000e+00  -1.000000014901e-01   3.070570901036e-02   0.000000000000e+00  -1.000000014901e-01   0.000000000000e+00   7.164534647018e-03  -3.026786446571e-01 
  0.000000000000e+00   7.164534647018e-03  -3.026786446571e-01   6.022536661476e-03   3.863577544689e-02  -3.078460693359e-01   0.000000000000e+00   0.000000000000e+00  -3.397021591663e-01 
 -8.351322612725e-04   3.817434422672e-03   6.008035540581e-01   1.066861324944e-03   6.640892010182e-03   1.351564645767e+00   1.888733706437e-03   4.935838282108e-03   1.439930200577e+00 
 -4.679487392423e-05  -2.330085262656e-03  -1.141778826714e-01   2.247525937855e-02   0.000000000000e+00  -1.000000014901e-01   2.247525937855e-02   0.000000000000e+00  -1.000000014901e-01 
  0.000000000000e+00   7.350881583989e-03  -1.233076080680e-01   0.000000000000e+00   7.350881583989e-03  -1.233076080680e-01   6.450669467449e-02  -1.327003091574e-01  -3.402053415775e-01 
  0.000000000000e+00   0.000000000000e+00  -4.652124345303e-01   0.000000000000e+00  -6.327092414722e-04   2.040349483490e+00   6.959856022149e-03  -4.992491449229e-04   2.803149461746e+00 
  5.569275002927e-03  -1.456398516893e-03   2.280337810516e+00   3.901100018993e-03  -5.243893247098e-03  -1.072951778769e-01   1.290595903993e-02   0.000000000000e+00  -1.000000014901e-01 
  1.290595903993e-02   0.000000000000e+00  -1.000000014901e-01   0.000000000000e+00  -3.276637941599e-02  -4.403836131096e-01   0.000000000000e+00  -3.276637941599e-02  -4.403836131096e-01 
  1.725885421038e-01  -3.371779993176e-02  -7.203007936478e-01   2.192312479019e-01   0.000000000000e+00  -7.100647687912e-01   1.706602275372e-01   0.000000000000e+00   3.242086172104e+00 
  1.706052944064e-02   0.000000000000e+00   3.359588384628e+00   7.435605395585e-03  -5.491592455655e-04   2.026814222336e+00   2.324910834432e-03  -5.802686791867e-03  -1.000000014901e-01 
  0.000000000000e+00   0.000000000000e+00  -1.000000014901e-01   0.000000000000e+00   0.000000000000e+00  -1.000000014901e-01   0.000000000000e+00   0.000000000000e+00  -3.465126752853e-01 
  0.000000000000e+00   0.000000000000e+00  -3.465126752853e-01   1.203727126122e-01   0.000000000000e+00  -4.818852543831e-01   1.673765778542e-01   0.000000000000e+00  -6.246247291565e-01 
  0.000000000000e+00   0.000000000000e+00   3.381708145142e+00   0.000000000000e+00   0.000000000000e+00   3.440932989120e+00   0.000000000000e+00   0.000000000000e+00  -1.000000014901e-01 
  0.000000000000e+00  -4.824229050428e-03   9.697598405182e-03   5.905738100410e-02   0.000000000000e+00  -1.000000014901e-01   5.905738100410e-02   0.000000000000e+00  -1.000000014901e-01 
  0.000000000000e+00   0.000000000000e+00  -3.465126752853e-01   0.000000000000e+00   0.000000000000e+00  -3.465126752853e-01   1.203727126122e-01   0.000000000000e+00  -4.818852543831e-01 
  1.673765778542e-01   0.000000000000e+00  -6.246247291565e-01   0.000000000000e+00   0.000000000000e+00   3.381708145142e+00   0.000000000000e+00   0.000000000000e+00   3.440932989120e+00 
  0.000000000000e+00   0.000000000000e+00  -1.000000014901e-01   0.000000000000e+00  -4.824229050428e-03   9.697598405182e-03   5.905738100410e-02   0.000000000000e+00  -1.000000014901e-01 
  5.905738100410e-02   0.000000000000e+00  -1.000000014901e-01 

