# vtk DataFile Version 2.0
Written using VisIt writer
ASCII
DATASET RECTILINEAR_GRID
DIMENSIONS 10 10 10
X_COORDINATES 10 float
  0.000000000000e+00   5.000000000000e-01   1.000000000000e+00   1.500000000000e+00   2.000000000000e+00   2.500000000000e+00   3.000000000000e+00   3.500000000000e+00   4.000000000000e+00 
  4.500000000000e+00 
Y_COORDINATES 10 float
  0.000000000000e+00   5.000000000000e-01   1.000000000000e+00   1.500000000000e+00   2.000000000000e+00   2.500000000000e+00   3.000000000000e+00   3.500000000000e+00   4.000000000000e+00 
  4.500000000000e+00 
Z_COORDINATES 10 float
  0.000000000000e+00   5.000000000000e-01   1.000000000000e+00   1.500000000000e+00   2.000000000000e+00   2.500000000000e+00   3.000000000000e+00   3.500000000000e+00   4.000000000000e+00 
  4.500000000000e+00 
CELL_DATA 729
POINT_DATA 1000
VECTORS velocity float
  0.000000000000e+00  -1.530831307173e-01  -2.839658558369e-01   3.251200000000e+04   0.000000000000e+00   0.000000000000e+00   0.000000000000e+00   0.000000000000e+00   0.000000000000e+00 
  1.322738826275e-01  -9.860502183437e-02  -1.819702833891e-01   0.000000000000e+00   0.000000000000e+00   0.000000000000e+00   0.000000000000e+00   1.431655808000e+09   1.070945600000e+09 
  6.926677376032e-02  -9.692851454020e-02  -1.764551103115e-01   1.071994176000e+09   0.000000000000e+00   0.000000000000e+00   0.000000000000e+00   0.000000000000e+00   0.000000000000e+00 
  5.545423924923e-02  -2.743977904320e-01  -1.957987993956e-01   0.000000000000e+00  -1.530831307173e-01  -2.839658558369e-01   1.070945600000e+09   0.000000000000e+00   0.000000000000e+00 
  4.575993865728e-02  -1.476978808641e-01  -2.549804747105e-01   1.322738826275e-01  -9.860502183437e-02  -1.819702833891e-01   1.431655808000e+09   1.070945600000e+09   0.000000000000e+00 
  1.193973049521e-01  -6.519702076912e-02  -1.434475779533e-01   6.926677376032e-02  -9.692851454020e-02  -1.764551103115e-01   0.000000000000e+00   0.000000000000e+00   1.071644672000e+09 
  5.545423924923e-02  -2.743977904320e-01  -1.957987993956e-01   5.545423924923e-02  -2.743977904320e-01  -1.957987993956e-01   0.000000000000e+00   6.645153462887e-02  -2.131089866161e-01 
  0.000000000000e+00   6.645153462887e-02  -2.131089866161e-01  -2.952611632645e-02  -2.140233665705e-01  -2.333709597588e-01   1.951574087143e-01  -2.418723106384e-01  -2.088919132948e-01 
  8.713112771511e-02  -1.822285503149e-01  -1.961688399315e-01   9.050311148167e-02  -6.553604453802e-02  -1.429049819708e-01   7.495307177305e-02   6.347091402858e-03  -1.418302655220e-01 
  8.012594282627e-02  -3.000181354582e-02  -1.382274180651e-01   6.840270757675e-02  -5.427488684654e-02  -1.475716978312e-01   6.840270757675e-02  -5.427488684654e-02  -1.475716978312e-01 
  0.000000000000e+00   7.800020277500e-02  -1.879469901323e-01   0.000000000000e+00   7.800020277500e-02  -1.879469901323e-01   8.792755752802e-02  -7.041402906179e-02  -1.834442913532e-01 
  9.835930168629e-02   8.611042983830e-03  -1.688360273838e-01   6.157509610057e-02   2.471706829965e-02  -1.533700078726e-01   1.244058832526e-01  -8.495385199785e-02  -1.485900133848e-01 
  1.918569356203e-01  -2.906885370612e-02  -1.797736585140e-01   1.117857173085e-01  -7.547113299370e-02  -1.420022547245e-01   1.566734611988e-01  -3.364723175764e-02  -1.325882822275e-01 
  1.566734611988e-01  -3.364723175764e-02  -1.325882822275e-01   0.000000000000e+00   2.135764341801e-03  -2.302402108908e-01   0.000000000000e+00   2.135764341801e-03  -2.302402108908e-01 
 -9.355249255896e-02  -1.104376390576e-01  -2.511749267578e-01   4.295375943184e-02  -2.217463031411e-02  -1.950546056032e-01   8.941093832254e-02  -2.952704764903e-02  -1.448191255331e-01 
  7.072622328997e-02  -5.345873907208e-02  -1.420322805643e-01   6.830791383982e-02   2.680395171046e-02  -1.501208096743e-01   1.358301341534e-01  -6.688509881496e-02  -1.513882428408e-01 
  1.977691799402e-01  -9.861981868744e-02  -1.786525696516e-01   1.977691799402e-01  -9.861981868744e-02  -1.786525696516e-01   0.000000000000e+00  -2.065681107342e-02  -1.911679655313e-01 
  0.000000000000e+00  -2.065681107342e-02  -1.911679655313e-01  -4.186151083559e-03  -2.077485807240e-02  -1.981404125690e-01   1.196278780699e-01   5.070558935404e-02  -1.917058825493e-01 
  1.770308911800e-01  -4.787500202656e-02  -1.875261515379e-01   5.905829370022e-02  -6.122461333871e-02  -1.479554176331e-01   3.936856985092e-02  -3.461763262749e-02  -1.411147713661e-01 
 -1.518442411907e-03  -5.947812460363e-03  -1.331397742033e-01   1.293963193893e-01   4.176076129079e-02  -1.393555700779e-01   1.293963193893e-01   4.176076129079e-02  -1.393555700779e-01 
  0.000000000000e+00  -4.929448012263e-03  -1.809768825769e-01   0.000000000000e+00  -4.929448012263e-03  -1.809768825769e-01   2.348846010864e-02  -3.310741484165e-02  -1.680672168732e-01 
  1.768473722041e-02   3.692451864481e-02  -1.515556424856e-01   1.354331672192e-01   9.414014220238e-02  -1.517608761787e-01   1.259265840054e-01   1.530736591667e-02  -1.603739410639e-01 
  1.293764710426e-01  -6.936363875866e-02  -1.885827928782e-01   1.081978455186e-01  -5.178830027580e-02  -1.431494057178e-01   1.125924587250e-01  -4.228435084224e-02  -1.387808024883e-01 
  1.125924587250e-01  -4.228435084224e-02  -1.387808024883e-01   0.000000000000e+00  -6.920465081930e-02  -1.955928951502e-01   0.000000000000e+00  -6.920465081930e-02  -1.955928951502e-01 
 -6.644163280725e-02  -2.634859271348e-02  -1.965005695820e-01   2.157074399292e-02   4.364037886262e-02  -1.431618779898e-01   1.112739965320e-01   6.781339645386e-02  -1.372409015894e-01 
  1.006640121341e-01   2.244290523231e-02  -1.403642594814e-01   1.144636347890e-01   5.241053923965e-02  -1.461957842112e-01   1.692461371422e-01  -1.448606047779e-02  -1.562368124723e-01 
  1.794760674238e-01  -2.487808465958e-02  -1.914263218641e-01   1.794760674238e-01  -2.487808465958e-02  -1.914263218641e-01   0.000000000000e+00   0.000000000000e+00  -1.570146977901e-01 
  0.000000000000e+00   0.000000000000e+00  -1.570146977901e-01  -8.723626285791e-02   0.000000000000e+00  -1.677482426167e-01   5.053858831525e-02   0.000000000000e+00  -1.511015444994e-01 
  2.827574126422e-02   0.000000000000e+00  -1.809994131327e-01   1.260510236025e-01   0.000000000000e+00  -1.370100080967e-01   9.020169824362e-02   0.000000000000e+00  -1.239049583673e-01 
  1.898397505283e-01   0.000000000000e+00  -1.216914355755e-01   2.705605626106e-01   0.000000000000e+00  -1.299816519022e-01   2.705605626106e-01   0.000000000000e+00  -1.299816519022e-01 
  0.000000000000e+00   0.000000000000e+00  -1.570146977901e-01   0.000000000000e+00   0.000000000000e+00  -1.570146977901e-01  -8.723626285791e-02   0.000000000000e+00  -1.677482426167e-01 
  5.053858831525e-02   0.000000000000e+00  -1.511015444994e-01   2.827574126422e-02   0.000000000000e+00  -1.809994131327e-01   1.260510236025e-01   0.000000000000e+00  -1.370100080967e-01 
  9.020169824362e-02   0.000000000000e+00  -1.239049583673e-01   1.898397505283e-01   0.000000000000e+00  -1.216914355755e-01   2.705605626106e-01   0.000000000000e+00  -1.299816519022e-01 
  2.705605626106e-01   0.000000000000e+00  -1.299816519022e-01   0.000000000000e+00  -1.530831307173e-01  -2.839658558369e-01   0.000000000000e+00  -1.530831307173e-01  -2.839658558369e-01 
  4.575993865728e-02  -1.476978808641e-01  -2.549804747105e-01   1.322738826275e-01  -9.860502183437e-02  -1.819702833891e-01   1.842290610075e-01  -6.637652218342e-02  -1.523315906525e-01 
  1.193973049521e-01  -6.519702076912e-02  -1.434475779533e-01   6.926677376032e-02  -9.692851454020e-02  -1.764551103115e-01   1.073055416346e-01  -1.165043562651e-01  -1.743085831404e-01 
  5.545423924923e-02  -2.743977904320e-01  -1.957987993956e-01   5.545423924923e-02  -2.743977904320e-01  -1.957987993956e-01   0.000000000000e+00  -1.530831307173e-01  -2.839658558369e-01 
  0.000000000000e+00  -1.530831307173e-01  -2.839658558369e-01   4.575993865728e-02  -1.476978808641e-01  -2.549804747105e-01   1.322738826275e-01  -9.860502183437e-02  -1.819702833891e-01 
  1.842290610075e-01  -6.637652218342e-02  -1.523315906525e-01   1.193973049521e-01  -6.519702076912e-02  -1.434475779533e-01   6.926677376032e-02  -9.692851454020e-02  -1.764551103115e-01 
  1.073055416346e-01  -1.165043562651e-01  -1.743085831404e-01   5.545423924923e-02  -2.743977904320e-01  -1.957987993956e-01   5.545423924923e-02  -2.743977904320e-01  -1.957987993956e-01 
  0.000000000000e+00   6.645153462887e-02  -2.131089866161e-01   0.000000000000e+00   6.645153462887e-02  -2.131089866161e-01  -2.952611632645e-02  -2.140233665705e-01  -2.333709597588e-01 
  1.951574087143e-01  -2.418723106384e-01  -2.088919132948e-01   8.713112771511e-02  -1.822285503149e-01  -1.961688399315e-01   9.050311148167e-02  -6.553604453802e-02  -1.429049819708e-01 
  7.495307177305e-02   6.347091402858e-03  -1.418302655220e-01   8.012594282627e-02  -3.000181354582e-02  -1.382274180651e-01   6.840270757675e-02  -5.427488684654e-02  -1.475716978312e-01 
  6.840270757675e-02  -5.427488684654e-02  -1.475716978312e-01   0.000000000000e+00   7.800020277500e-02  -1.879469901323e-01   0.000000000000e+00   7.800020277500e-02  -1.879469901323e-01 
  8.792755752802e-02  -7.041402906179e-02  -1.834442913532e-01   9.835930168629e-02   8.611042983830e-03  -1.688360273838e-01   6.157509610057e-02   2.471706829965e-02  -1.533700078726e-01 
  1.244058832526e-01  -8.495385199785e-02  -1.485900133848e-01   1.918569356203e-01  -2.906885370612e-02  -1.797736585140e-01   1.117857173085e-01  -7.547113299370e-02  -1.420022547245e-01 
  1.566734611988e-01  -3.364723175764e-02  -1.325882822275e-01   1.566734611988e-01  -3.364723175764e-02  -1.325882822275e-01   0.000000000000e+00   2.135764341801e-03  -2.302402108908e-01 
  0.000000000000e+00   2.135764341801e-03  -2.302402108908e-01  -9.355249255896e-02  -1.104376390576e-01  -2.511749267578e-01   4.295375943184e-02  -2.217463031411e-02  -1.950546056032e-01 
  8.941093832254e-02  -2.952704764903e-02  -1.448191255331e-01   7.072622328997e-02  -5.345873907208e-02  -1.420322805643e-01   6.830791383982e-02   2.680395171046e-02  -1.501208096743e-01 
  1.358301341534e-01  -6.688509881496e-02  -1.513882428408e-01   1.977691799402e-01  -9.861981868744e-02  -1.786525696516e-01   1.977691799402e-01  -9.861981868744e-02  -1.786525696516e-01 
  0.000000000000e+00  -2.065681107342e-02  -1.911679655313e-01   0.000000000000e+00  -2.065681107342e-02  -1.911679655313e-01  -4.186151083559e-03  -2.077485807240e-02  -1.981404125690e-01 
  1.196278780699e-01   5.070558935404e-02  -1.917058825493e-01   1.770308911800e-01  -4.787500202656e-02  -1.875261515379e-01   5.905829370022e-02  -6.122461333871e-02  -1.479554176331e-01 
  3.936856985092e-02  -3.461763262749e-02  -1.411147713661e-01  -1.518442411907e-03  -5.947812460363e-03  -1.331397742033e-01   1.293963193893e-01   4.176076129079e-02  -1.393555700779e-01 
  1.293963193893e-01   4.176076129079e-02  -1.393555700779e-01   0.000000000000e+00  -4.929448012263e-03  -1.809768825769e-01   0.000000000000e+00  -4.929448012263e-03  -1.809768825769e-01 
  2.348846010864e-02  -3.310741484165e-02  -1.680672168732e-01   1.768473722041e-02   3.692451864481e-02  -1.515556424856e-01   1.354331672192e-01   9.414014220238e-02  -1.517608761787e-01 
  1.259265840054e-01   1.530736591667e-02  -1.603739410639e-01   1.293764710426e-01  -6.936363875866e-02  -1.885827928782e-01   1.081978455186e-01  -5.178830027580e-02  -1.431494057178e-01 
  1.125924587250e-01  -4.228435084224e-02  -1.387808024883e-01   1.125924587250e-01  -4.228435084224e-02  -1.387808024883e-01   0.000000000000e+00  -6.920465081930e-02  -1.955928951502e-01 
  0.000000000000e+00  -6.920465081930e-02  -1.955928951502e-01  -6.644163280725e-02  -2.634859271348e-02  -1.965005695820e-01   2.157074399292e-02   4.364037886262e-02  -1.431618779898e-01 
  1.112739965320e-01   6.781339645386e-02  -1.372409015894e-01   1.006640121341e-01   2.244290523231e-02  -1.403642594814e-01   1.144636347890e-01   5.241053923965e-02  -1.461957842112e-01 
  1.692461371422e-01  -1.448606047779e-02  -1.562368124723e-01   1.794760674238e-01  -2.487808465958e-02  -1.914263218641e-01   1.794760674238e-01  -2.487808465958e-02  -1.914263218641e-01 
  0.000000000000e+00   0.000000000000e+00  -1.570146977901e-01   0.000000000000e+00   0.000000000000e+00  -1.570146977901e-01  -8.723626285791e-02   0.000000000000e+00  -1.677482426167e-01 
  5.053858831525e-02   0.000000000000e+00  -1.511015444994e-01   2.827574126422e-02   0.000000000000e+00  -1.809994131327e-01   1.260510236025e-01   0.000000000000e+00  -1.370100080967e-01 
  9.020169824362e-02   0.000000000000e+00  -1.239049583673e-01   1.898397505283e-01   0.000000000000e+00  -1.216914355755e-01   2.705605626106e-01   0.000000000000e+00  -1.299816519022e-01 
  2.705605626106e-01   0.000000000000e+00  -1.299816519022e-01   0.000000000000e+00   0.000000000000e+00  -1.570146977901e-01   0.000000000000e+00   0.000000000000e+00  -1.570146977901e-01 
 -8.723626285791e-02   0.000000000000e+00  -1.677482426167e-01   5.053858831525e-02   0.000000000000e+00  -1.511015444994e-01   2.827574126422e-02   0.000000000000e+00  -1.809994131327e-01 
  1.260510236025e-01   0.000000000000e+00  -1.370100080967e-01   9.020169824362e-02   0.000000000000e+00  -1.239049583673e-01   1.898397505283e-01   0.000000000000e+00  -1.216914355755e-01 
  2.705605626106e-01   0.000000000000e+00  -1.299816519022e-01   2.705605626106e-01   0.000000000000e+00  -1.299816519022e-01   0.000000000000e+00  -1.851009726524e-01  -1.644073963165e+00 
  0.000000000000e+00  -1.851009726524e-01  -1.644073963165e+00  -5.110467597842e-02  -5.667535066605e-01  -1.149554252625e+00   3.669087886810e-01  -2.012982368469e-01  -8.909073472023e-01 
  6.167211532593e-01   1.041676774621e-01  -6.289669275284e-01   3.055042922497e-01   1.533484202810e-03  -6.027887463570e-01  -3.214472532272e-01  -6.341530941427e-03  -7.170993089676e-01 
 -2.026001960039e-01  -4.544694442302e-03  -4.942687451839e-01   0.000000000000e+00  -1.205898076296e-01  -4.201194271445e-03   0.000000000000e+00  -1.205898076296e-01  -4.201194271445e-03 
  0.000000000000e+00  -1.851009726524e-01  -1.644073963165e+00   0.000000000000e+00  -1.851009726524e-01  -1.644073963165e+00  -5.110467597842e-02  -5.667535066605e-01  -1.149554252625e+00 
  3.669087886810e-01  -2.012982368469e-01  -8.909073472023e-01   6.167211532593e-01   1.041676774621e-01  -6.289669275284e-01   3.055042922497e-01   1.533484202810e-03  -6.027887463570e-01 
 -3.214472532272e-01  -6.341530941427e-03  -7.170993089676e-01  -2.026001960039e-01  -4.544694442302e-03  -4.942687451839e-01   0.000000000000e+00  -1.205898076296e-01  -4.201194271445e-03 
  0.000000000000e+00  -1.205898076296e-01  -4.201194271445e-03   0.000000000000e+00   2.167456969619e-02  -7.751454114914e-01   0.000000000000e+00   2.167456969619e-02  -7.751454114914e-01 
  3.862265497446e-02  -1.886321604252e-01  -8.895239233971e-01   3.386084735394e-01  -1.067737266421e-01  -6.666200757027e-01   5.880061388016e-01   1.752450764179e-01  -5.848253965378e-01 
  6.334525346756e-01  -8.888864540495e-04  -2.763933539391e-01  -6.252329796553e-02   1.125055328012e-01  -4.081591665745e-01  -2.881272882223e-02   1.776308007538e-02  -5.078543424606e-01 
  5.588000640273e-02  -4.643145203590e-02  -5.242830514908e-02   5.588000640273e-02  -4.643145203590e-02  -5.242830514908e-02   0.000000000000e+00   6.881413608789e-02  -6.893151402473e-01 
  0.000000000000e+00   6.881413608789e-02  -6.893151402473e-01   2.236105054617e-01   1.168373450637e-01  -7.708774209023e-01   1.277221590281e-01  -2.645530924201e-02  -9.040656089783e-01 
  2.613920867443e-01  -1.816885620356e-01  -1.029494524002e+00  -1.334231197834e-01  -6.981122773141e-03  -3.973599672318e-01  -8.026673644781e-02   2.278802450746e-03  -3.667180240154e-01 
  8.741320669651e-02  -6.150445342064e-02  -5.799774453044e-02   1.569880098104e-01  -3.445800021291e-02  -6.741172075272e-02   1.569880098104e-01  -3.445800021291e-02  -6.741172075272e-02 
  0.000000000000e+00  -1.804947853088e-02  -9.558368921280e-01   0.000000000000e+00  -1.804947853088e-02  -9.558368921280e-01  -1.784415944712e-04   7.649864256382e-02  -1.121733307838e+00 
 -7.925409078598e-01   2.273585414514e-03  -1.243048429489e+00   2.311801761389e-01   7.210006564856e-02  -7.690407633781e-01  -6.531958580017e-01   2.769516706467e-01  -7.161559462547e-01 
 -5.299062728882e-01   1.194472163916e-01  -7.330898642540e-01  -2.151120081544e-02  -3.960562869906e-02  -5.077197551727e-01   1.895015686750e-01  -9.748079627752e-02  -2.134742587805e-02 
  1.895015686750e-01  -9.748079627752e-02  -2.134742587805e-02   0.000000000000e+00   9.058146737516e-03  -8.923724293709e-01   0.000000000000e+00   9.058146737516e-03  -8.923724293709e-01 
 -2.154977172613e-01   5.092206969857e-02  -9.207004904747e-01  -2.335862070322e-02   9.039793908596e-02  -9.450262188911e-01   7.947716712952e-01   8.596435934305e-02  -6.855273246765e-01 
  2.651305794716e-01   4.527898132801e-01  -7.747254371643e-01  -1.351967751980e-01   1.286865174770e-01  -6.553595662117e-01  -3.270944952965e-02   2.075191773474e-02  -5.263612866402e-01 
  1.067440062761e-01   4.075213521719e-02  -6.064442545176e-02   1.067440062761e-01   4.075213521719e-02  -6.064442545176e-02   0.000000000000e+00   1.177364774048e-02  -5.242312550545e-01 
  0.000000000000e+00   1.177364774048e-02  -5.242312550545e-01  -2.946255728602e-02   4.885890483856e-01  -1.151810169220e+00   1.434184610844e-01   1.783383488655e-01  -1.120376110077e+00 
  4.313982725143e-01  -7.742147147655e-02  -8.887497186661e-01   4.958072304726e-01  -1.102372654714e-03  -9.820312857628e-01  -4.919318854809e-01  -4.112839698792e-02  -5.977846980095e-01 
 -3.604777529836e-02  -3.157117590308e-02  -9.779620170593e-01   0.000000000000e+00  -4.007810354233e-02  -6.121920049191e-02   0.000000000000e+00  -4.007810354233e-02  -6.121920049191e-02 
  0.000000000000e+00   1.012449711561e-01  -6.082506775856e-01   0.000000000000e+00   1.012449711561e-01  -6.082506775856e-01   2.056392431259e-01   3.197340369225e-01  -1.422981142998e+00 
  3.365893065929e-01   4.361495748162e-02  -1.344015121460e+00   3.652193248272e-01  -7.982860505581e-02  -1.260552167892e+00   5.107344686985e-02   9.183531999588e-02  -1.123718023300e+00 
  2.845169901848e-01   2.306239604950e-01  -4.635953605175e-01   2.114181965590e-01   5.830397829413e-02  -1.068821787834e+00   1.533811837435e-01  -1.414209604263e-02  -8.573680184782e-03 
  1.533811837435e-01  -1.414209604263e-02  -8.573680184782e-03   0.000000000000e+00   0.000000000000e+00  -4.795948863029e-01   0.000000000000e+00   0.000000000000e+00  -4.795948863029e-01 
  2.063184231520e-01   2.831633947790e-02   4.668443650007e-02   2.026363909245e-01   2.460937481374e-03  -4.889845475554e-02   3.867947459221e-01   0.000000000000e+00  -1.340977668762e+00 
 -4.810768738389e-02   0.000000000000e+00   1.523058116436e-01   3.015281446278e-02   0.000000000000e+00   2.083334773779e-01   4.957124292850e-01   1.090660109185e-03  -7.830855995417e-02 
  2.652603983879e-01   2.654085437825e-05  -7.001835107803e-02   2.652603983879e-01   2.654085437825e-05  -7.001835107803e-02   0.000000000000e+00   0.000000000000e+00  -4.795948863029e-01 
  0.000000000000e+00   0.000000000000e+00  -4.795948863029e-01   2.063184231520e-01   2.831633947790e-02   4.668443650007e-02   2.026363909245e-01   2.460937481374e-03  -4.889845475554e-02 
  3.867947459221e-01   0.000000000000e+00  -1.340977668762e+00  -4.810768738389e-02   0.000000000000e+00   1.523058116436e-01   3.015281446278e-02   0.000000000000e+00   2.083334773779e-01 
  4.957124292850e-01   1.090660109185e-03  -7.830855995417e-02   2.652603983879e-01   2.654085437825e-05  -7.001835107803e-02   2.652603983879e-01   2.654085437825e-05  -7.001835107803e-02 
  0.000000000000e+00  -3.803504258394e-02  -1.977994889021e-01   0.000000000000e+00  -3.803504258394e-02  -1.977994889021e-01  -2.707262635231e-01  -2.901877164841e-01  -5.235916972160e-01 
 -3.586957454681e-01  -1.282404363155e-01  -6.325489282608e-01   9.099507927895e-01  -3.759332895279e-01  -6.167158484459e-01   8.777932524681e-01  -2.058071792126e-01  -5.262368321419e-01 
 -2.620237171650e-01   5.308200046420e-02  -4.866582155228e-01  -2.620237171650e-01   1.273561362177e-02  -5.460817217827e-01   0.000000000000e+00  -7.995458692312e-02  -1.000000014901e-01 
  0.000000000000e+00  -7.995458692312e-02  -1.000000014901e-01   0.000000000000e+00  -3.803504258394e-02  -1.977994889021e-01   0.000000000000e+00  -3.803504258394e-02  -1.977994889021e-01 
 -2.707262635231e-01  -2.901877164841e-01  -5.235916972160e-01  -3.586957454681e-01  -1.282404363155e-01  -6.325489282608e-01   9.099507927895e-01  -3.759332895279e-01  -6.167158484459e-01 
  8.777932524681e-01  -2.058071792126e-01  -5.262368321419e-01  -2.620237171650e-01   5.308200046420e-02  -4.866582155228e-01  -2.620237171650e-01   1.273561362177e-02  -5.460817217827e-01 
  0.000000000000e+00  -7.995458692312e-02  -1.000000014901e-01   0.000000000000e+00  -7.995458692312e-02  -1.000000014901e-01   0.000000000000e+00  -1.424871236086e-01  -2.549743652344e-01 
  0.000000000000e+00  -1.424871236086e-01  -2.549743652344e-01  -3.112719357014e-01   2.546982467175e-02  -4.882443547249e-01  -5.722901821136e-01  -3.107105195522e-01  -5.431472063065e-01 
  8.095430731773e-01  -5.921182632446e-01  -3.528819382191e-01   8.273395299911e-01  -4.224643409252e-01  -1.576586812735e-01   7.369015812874e-01   7.337998598814e-02  -3.410030603409e-01 
  4.601104557514e-01   3.270875290036e-02  -4.552018940449e-01   5.560777336359e-02  -3.301009163260e-02  -9.112473577261e-02   5.560777336359e-02  -3.301009163260e-02  -9.112473577261e-02 
  0.000000000000e+00  -6.318467785604e-04  -3.897494077682e-01   0.000000000000e+00  -6.318467785604e-04  -3.897494077682e-01   1.918334066868e-01   1.584738194942e-01   1.259726751596e-02 
  1.537805199623e-01  -3.814250603318e-02  -6.266320943832e-01   4.344543218613e-01  -6.839892268181e-01  -5.274866223335e-01   3.892934918404e-01  -4.635421037674e-01  -5.425807833672e-01 
  0.000000000000e+00   3.318040445447e-02  -1.000000014901e-01   0.000000000000e+00   2.101534791291e-02  -1.000000014901e-01   0.000000000000e+00  -3.409328684211e-02  -1.000000014901e-01 
  0.000000000000e+00  -3.409328684211e-02  -1.000000014901e-01   0.000000000000e+00   7.863588631153e-02  -3.439775109291e-01   0.000000000000e+00   7.863588631153e-02  -3.439775109291e-01 
  5.112948268652e-02   7.328834384680e-02   1.740614650771e-03  -1.068113073707e-01   5.352351814508e-02  -4.135948121548e-01   3.588572144508e-01  -6.787108629942e-02  -7.637901306152e-01 
  8.860128372908e-02   9.159885346889e-02  -7.636657357216e-01   5.931047350168e-02   8.755783736706e-02  -7.475118637085e-01   3.341879323125e-02   3.863263502717e-02  -5.745253562927e-01 
  1.512256860733e-01  -7.896017283201e-02  -6.356206536293e-02   1.512256860733e-01  -7.896017283201e-02  -6.356206536293e-02   0.000000000000e+00   7.226770394482e-04  -2.449463009834e-01 
  0.000000000000e+00   7.226770394482e-04  -2.449463009834e-01   5.112287122756e-03   1.032455116510e-01  -1.052001789212e-01  -1.530663073063e-01   1.349512338638e-01  -3.387823700905e-01 
  3.633833527565e-01  -1.085357069969e-01  -4.789735078812e-01   3.685547411442e-01   2.817305922508e-01  -7.641562223434e-01  -4.411413148046e-02   1.635680645704e-01  -8.044202923775e-01 
  2.648715116084e-02   6.456273794174e-02  -6.136539578438e-01   8.907868713140e-02   4.309780895710e-02  -1.308125555515e-01   8.907868713140e-02   4.309780895710e-02  -1.308125555515e-01 
  0.000000000000e+00   6.682732701302e-02  -4.235498309135e-01   0.000000000000e+00   6.682732701302e-02  -4.235498309135e-01  -1.776650249958e-01   2.988404929638e-01  -5.966089367867e-01 
 -5.084973573685e-01   2.385894209146e-01  -7.026472091675e-01   2.455232590437e-01   1.198238134384e-01  -3.455478250980e-01   4.030429720879e-01   6.732607632875e-02  -6.241796612740e-01 
  1.015590950847e-01   2.085957229137e-01  -3.439836204052e-01   2.350673526525e-01   6.044035777450e-02  -6.621455550194e-01   7.470656931400e-02  -1.123358961195e-02  -2.334233969450e-01 
  7.470656931400e-02  -1.123358961195e-02  -2.334233969450e-01   0.000000000000e+00   1.260601449758e-02  -3.985991775990e-01   0.000000000000e+00   1.260601449758e-02  -3.985991775990e-01 
  1.841734051704e-01   1.183526813984e-01  -5.731081962585e-01   5.103389024734e-01   5.531889200211e-02  -7.456388473511e-01   4.208239018917e-01   6.746157538146e-03  -7.456388473511e-01 
  5.485953092575e-01   5.182610079646e-02  -4.218464195728e-01   6.660632491112e-01   5.635759234428e-02  -6.923840641975e-01   7.433329820633e-01   4.351101815701e-02  -8.054027557373e-01 
  0.000000000000e+00   9.595659561455e-03  -1.000000014901e-01   0.000000000000e+00   9.595659561455e-03  -1.000000014901e-01   0.000000000000e+00   0.000000000000e+00  -2.899716198444e-01 
  0.000000000000e+00   0.000000000000e+00  -2.899716198444e-01   8.654070645571e-02   0.000000000000e+00  -4.122664034367e-01   1.859458982944e-01   0.000000000000e+00  -1.158388972282e+00 
  6.193524003029e-01   0.000000000000e+00   1.996270120144e-01   6.080240011215e-01   0.000000000000e+00   1.996270120144e-01   8.350476622581e-01   0.000000000000e+00  -2.714671194553e-01 
  8.629645705223e-01   8.747396350373e-05  -2.712636888027e-01   6.568236351013e-01   6.524323543999e-05  -1.391504108906e-01   6.568236351013e-01   6.524323543999e-05  -1.391504108906e-01 
  0.000000000000e+00   0.000000000000e+00  -2.899716198444e-01   0.000000000000e+00   0.000000000000e+00  -2.899716198444e-01   8.654070645571e-02   0.000000000000e+00  -4.122664034367e-01 
  1.859458982944e-01   0.000000000000e+00  -1.158388972282e+00   6.193524003029e-01   0.000000000000e+00   1.996270120144e-01   6.080240011215e-01   0.000000000000e+00   1.996270120144e-01 
  8.350476622581e-01   0.000000000000e+00  -2.714671194553e-01   8.629645705223e-01   8.747396350373e-05  -2.712636888027e-01   6.568236351013e-01   6.524323543999e-05  -1.391504108906e-01 
  6.568236351013e-01   6.524323543999e-05  -1.391504108906e-01   0.000000000000e+00   5.966534465551e-02  -3.727507293224e-01   0.000000000000e+00   5.966534465551e-02  -3.727507293224e-01 
 -1.536049693823e-02  -6.421933416277e-03  -8.645451664925e-01  -5.529497265816e-01  -9.437320381403e-02  -1.544207483530e-01   1.048710942268e+00   3.941360116005e-02   1.375019270927e-02 
  8.889384269714e-01   0.000000000000e+00  -5.988380685449e-02   6.942647099495e-01   3.661785274744e-02  -4.777137041092e-01   3.238233327866e-01   2.452879957855e-02  -5.606750845909e-01 
  1.715434938669e-01  -3.481631726027e-02  -2.780463099480e-01   1.715434938669e-01  -3.481631726027e-02  -2.780463099480e-01   0.000000000000e+00   5.966534465551e-02  -3.727507293224e-01 
  0.000000000000e+00   5.966534465551e-02  -3.727507293224e-01  -1.536049693823e-02  -6.421933416277e-03  -8.645451664925e-01  -5.529497265816e-01  -9.437320381403e-02  -1.544207483530e-01 
  1.048710942268e+00   3.941360116005e-02   1.375019270927e-02   8.889384269714e-01   0.000000000000e+00  -5.988380685449e-02   6.942647099495e-01   3.661785274744e-02  -4.777137041092e-01 
  3.238233327866e-01   2.452879957855e-02  -5.606750845909e-01   1.715434938669e-01  -3.481631726027e-02  -2.780463099480e-01   1.715434938669e-01  -3.481631726027e-02  -2.780463099480e-01 
  0.000000000000e+00   1.082308217883e-01  -4.596868157387e-01   0.000000000000e+00   1.082308217883e-01  -4.596868157387e-01  -1.734436452389e-01  -7.634212821722e-02  -4.351964890957e-01 
 -9.298119544983e-01  -1.477660685778e-01  -2.900536358356e-01   8.459259271622e-01  -2.235263437033e-01  -7.633256316185e-01   8.394333720207e-01  -1.592145562172e-01  -5.829226374626e-01 
  5.736142992973e-01   1.457375567406e-02  -1.159187197685e+00   5.736142992973e-01   1.294990722090e-02  -1.153753399849e+00   2.916556894779e-01  -1.006002165377e-02  -5.053619146347e-01 
  2.916556894779e-01  -1.006002165377e-02  -5.053619146347e-01   0.000000000000e+00   1.046989634633e-01  -6.031450629234e-01   0.000000000000e+00   1.046989634633e-01  -6.031450629234e-01 
  6.333114206791e-02  -9.248558431864e-02  -5.150791406631e-01  -5.247828364372e-01  -2.355939894915e-01  -9.230704903603e-01   1.127861291170e-01  -3.865261971951e-01  -5.713436603546e-01 
  8.732749819756e-01   4.090712964535e-02  -9.601870775223e-01   5.295585989952e-01   3.536422178149e-02  -1.191964149475e+00   6.176700592041e-01   0.000000000000e+00  -1.147908449173e+00 
  0.000000000000e+00  -9.902578778565e-03  -1.000000014901e-01   0.000000000000e+00  -9.902578778565e-03  -1.000000014901e-01   0.000000000000e+00  -8.628728240728e-02  -3.708904385567e-01 
  0.000000000000e+00  -8.628728240728e-02  -3.708904385567e-01   2.301129698753e-02  -3.093574754894e-02  -2.546553313732e-01  -1.060105934739e-01  -6.786605715752e-02  -3.438862860203e-01 
  1.099131107330e-01  -4.320299625397e-01  -2.415424585342e-01   6.728945672512e-02   7.941994071007e-02  -2.570985853672e-01   0.000000000000e+00   1.234756559134e-01  -9.382726550102e-01 
  0.000000000000e+00   0.000000000000e+00  -1.028451442719e+00   1.505987904966e-02  -1.537206768990e-02  -4.384860694408e-01   1.505987904966e-02  -1.537206768990e-02  -4.384860694408e-01 
  0.000000000000e+00   1.738969236612e-01  -3.832765817642e-01   0.000000000000e+00   1.738969236612e-01  -3.832765817642e-01   6.444144248962e-02   1.271858513355e-01  -3.626251220703e-01 
  8.089707791805e-02  -1.090715825558e-01  -4.674562215805e-01   2.856514155865e-01  -4.746536314487e-01  -8.620348572731e-01   8.860128372908e-02  -2.146925479174e-01  -9.374231100082e-01 
  4.850472882390e-02   9.448220580816e-02  -4.529790282249e-01   1.208206564188e-01   4.799408838153e-02  -5.648833513260e-01   1.121722832322e-01   3.241043537855e-02  -2.618057727814e-01 
  1.121722832322e-01   3.241043537855e-02  -2.618057727814e-01   0.000000000000e+00   5.228625983000e-02  -2.927793264389e-01   0.000000000000e+00   5.228625983000e-02  -2.927793264389e-01 
  1.190757900476e-01   2.553058415651e-02  -3.920003771782e-01   2.248928993940e-01   7.578797638416e-02  -8.557975888252e-01   4.238177835941e-01   0.000000000000e+00  -2.036443471909e+00 
  5.171673893929e-01   1.180281862617e-03  -7.163721323013e-01   3.968065381050e-01   1.341331899166e-01  -1.000000014901e-01   4.083468914032e-01   7.945631444454e-02  -6.222259402275e-01 
  1.720840483904e-01   2.165166847408e-02  -3.493735790253e-01   1.720840483904e-01   2.165166847408e-02  -3.493735790253e-01   0.000000000000e+00  -1.726874858141e-01  -3.825546205044e-01 
  0.000000000000e+00  -1.726874858141e-01  -3.825546205044e-01   1.415102928877e-01  -2.808062732220e-02  -4.146879017353e-01   5.280079841614e-01  -5.699104629457e-03  -1.320846319199e+00 
  4.884416759014e-01  -5.596193671227e-02  -2.594121694565e+00   6.194970607758e-01   1.042601093650e-02  -1.205094933510e+00   6.748759746552e-01   0.000000000000e+00  -1.360949873924e+00 
  7.123710513115e-01   1.799997873604e-02  -1.378348588943e+00   0.000000000000e+00   1.149064954370e-02  -1.000000014901e-01   0.000000000000e+00   1.149064954370e-02  -1.000000014901e-01 
  0.000000000000e+00   0.000000000000e+00  -2.005617469549e-01   0.000000000000e+00   0.000000000000e+00  -2.005617469549e-01   2.718192338943e-01   0.000000000000e+00  -1.304288953543e-01 
  4.216907918453e-01   0.000000000000e+00  -4.944165349007e-01   6.378054618835e-01   0.000000000000e+00  -3.773391246796e-01   7.373137474060e-01   0.000000000000e+00  -9.801571965218e-01 
  9.670492410660e-01   0.000000000000e+00  -1.515991687775e+00   9.670492410660e-01   4.643594365916e-05  -9.520855545998e-01   8.116697072983e-01   6.163575017126e-05  -5.453115701675e-01 
  8.116697072983e-01   6.163575017126e-05  -5.453115701675e-01   0.000000000000e+00   0.000000000000e+00  -2.005617469549e-01   0.000000000000e+00   0.000000000000e+00  -2.005617469549e-01 
  2.718192338943e-01   0.000000000000e+00  -1.304288953543e-01   4.216907918453e-01   0.000000000000e+00  -4.944165349007e-01   6.378054618835e-01   0.000000000000e+00  -3.773391246796e-01 
  7.373137474060e-01   0.000000000000e+00  -9.801571965218e-01   9.670492410660e-01   0.000000000000e+00  -1.515991687775e+00   9.670492410660e-01   4.643594365916e-05  -9.520855545998e-01 
  8.116697072983e-01   6.163575017126e-05  -5.453115701675e-01   8.116697072983e-01   6.163575017126e-05  -5.453115701675e-01   0.000000000000e+00   8.294173330069e-02  -3.887953460217e-01 
  0.000000000000e+00   8.294173330069e-02  -3.887953460217e-01   5.845786258578e-02   2.872526831925e-02  -1.030434370041e+00   5.274300575256e-01  -3.769882768393e-02  -2.431122809649e-01 
  9.688127636909e-01  -7.549807429314e-02  -1.431198865175e-01   9.711654186249e-01  -3.646160184871e-04  -5.988380685449e-02   1.255161523819e+00   3.472872078419e-02  -5.567312836647e-01 
  6.806443333626e-01   3.562363237143e-02  -7.311179041862e-01   4.706838130951e-01   2.458764053881e-02  -5.205159783363e-01   4.706838130951e-01   2.458764053881e-02  -5.205159783363e-01 
  0.000000000000e+00   8.294173330069e-02  -3.887953460217e-01   0.000000000000e+00   8.294173330069e-02  -3.887953460217e-01   5.845786258578e-02   2.872526831925e-02  -1.030434370041e+00 
  5.274300575256e-01  -3.769882768393e-02  -2.431122809649e-01   9.688127636909e-01  -7.549807429314e-02  -1.431198865175e-01   9.711654186249e-01  -3.646160184871e-04  -5.988380685449e-02 
  1.255161523819e+00   3.472872078419e-02  -5.567312836647e-01   6.806443333626e-01   3.562363237143e-02  -7.311179041862e-01   4.706838130951e-01   2.458764053881e-02  -5.205159783363e-01 
  4.706838130951e-01   2.458764053881e-02  -5.205159783363e-01   0.000000000000e+00   1.603311151266e-01  -4.219872057438e-01   0.000000000000e+00   1.603311151266e-01  -4.219872057438e-01 
  3.740368643776e-03  -5.025685951114e-02  -4.952838718891e-01  -4.022801220417e-01  -9.684024006128e-02  -3.963456749916e-01   4.854063391685e-01  -1.662898957729e-01  -4.930694699287e-01 
  6.515966653824e-01  -4.029862582684e-02  -8.242934942245e-01   5.635720491409e-01   2.879405394197e-02  -1.147908449173e+00   5.705009102821e-01   2.771006897092e-02  -1.149720788002e+00 
  3.188431560993e-01   1.248106174171e-02  -6.717086434364e-01   3.188431560993e-01   1.248106174171e-02  -6.717086434364e-01   0.000000000000e+00   2.956472337246e-01  -8.325562626123e-02 
  0.000000000000e+00   2.956472337246e-01  -8.325562626123e-02  -3.127634897828e-02   1.128171607852e-01  -2.761419713497e-01  -3.079173862934e-01  -1.106396317482e-01  -6.168654561043e-01 
  6.151556037366e-03  -2.739894390106e-01  -4.203431010246e-01   3.293858468533e-01   2.605337090790e-02  -9.058862328529e-01   5.481787323952e-01   7.941994071007e-02  -1.103852748871e+00 
  5.736142992973e-01   4.342017322779e-02  -1.147908449173e+00   0.000000000000e+00   2.213442325592e-02  -1.000000014901e-01   0.000000000000e+00   2.213442325592e-02  -1.000000014901e-01 
  0.000000000000e+00  -9.551269561052e-02  -1.487743407488e-01   0.000000000000e+00  -9.551269561052e-02  -1.487743407488e-01  -3.286334220320e-03  -7.759182900190e-02  -1.953608542681e-01 
 -7.292632013559e-02  -1.234605237842e-01  -3.275750279427e-01   0.000000000000e+00  -4.185318350792e-01  -2.784104347229e-01   0.000000000000e+00  -1.275891554542e-03  -2.570985853672e-01 
  5.584628582001e-01   1.048555225134e-01  -8.982402086258e-01   4.233116507530e-01   5.167442560196e-02  -1.020208001137e+00   2.355694919825e-01   2.406084537506e-02  -6.040140390396e-01 
  2.355694919825e-01   2.406084537506e-02  -6.040140390396e-01   0.000000000000e+00   1.612247526646e-01  -5.135105252266e-01   0.000000000000e+00   1.612247526646e-01  -5.135105252266e-01 
  3.037411533296e-02   1.505338549614e-01  -4.434751272202e-01   6.468947231770e-02  -1.926679909229e-01  -6.083871722221e-01   2.650128304958e-01  -3.412518203259e-01  -2.570985853672e-01 
  3.525032103062e-01   0.000000000000e+00  -2.346429377794e-01   4.654511809349e-01  -3.951033577323e-03  -3.258913159370e-01   4.239460825920e-01  -2.209284342825e-03  -4.538827538490e-01 
  3.156575858593e-01   7.760346401483e-03  -3.622958362103e-01   3.156575858593e-01   7.760346401483e-03  -3.622958362103e-01   0.000000000000e+00   1.083360463381e-01  -5.424730777740e-01 
  0.000000000000e+00   1.083360463381e-01  -5.424730777740e-01   4.801177978516e-02   6.122799962759e-02  -3.679092228413e-01   1.162469014525e-01   4.044146463275e-02  -8.042557239532e-01 
  2.630460560322e-01   5.768462084234e-03  -1.215046763420e+00   3.287218809128e-01   7.548884605058e-04  -1.423186540604e+00   4.597655534744e-01  -1.562418788671e-02  -6.015247106552e-01 
  5.134716033936e-01  -2.173066511750e-02  -7.799065113068e-01   2.937933206558e-01   4.578917846084e-02  -5.504561662674e-01   2.937933206558e-01   4.578917846084e-02  -5.504561662674e-01 
  0.000000000000e+00   5.190870910883e-02  -4.744735360146e-01   0.000000000000e+00   5.190870910883e-02  -4.744735360146e-01   1.199692115188e-01  -8.931354968809e-04  -4.528439342976e-01 
  8.991969376802e-02  -2.042241161689e-03  -1.202651143074e+00   2.144925892353e-01  -2.422219701111e-02  -7.530000209808e-01   3.814031779766e-01  -1.346691139042e-02  -1.346520543098e+00 
  5.557757019997e-01  -3.009297419339e-03  -1.339752197266e+00   6.405430436134e-01   7.592037320137e-03  -1.355566501617e+00   2.865130007267e-01   8.228760212660e-03  -6.899454593658e-01 
  2.865130007267e-01   8.228760212660e-03  -6.899454593658e-01   0.000000000000e+00   0.000000000000e+00  -5.376366972923e-01   0.000000000000e+00   0.000000000000e+00  -5.376366972923e-01 
  8.263348788023e-02   0.000000000000e+00  -1.997502446175e-01  -1.308849602938e-01   0.000000000000e+00  -5.002847909927e-01  -1.980786919594e-01   0.000000000000e+00  -9.631255269051e-01 
  0.000000000000e+00   0.000000000000e+00  -1.001879096031e+00   0.000000000000e+00   0.000000000000e+00  -1.000000014901e-01   0.000000000000e+00   2.706427221710e-05  -1.000000014901e-01 
  0.000000000000e+00   4.565200651996e-05  -1.000000014901e-01   0.000000000000e+00   4.565200651996e-05  -1.000000014901e-01   0.000000000000e+00   0.000000000000e+00  -5.376366972923e-01 
  0.000000000000e+00   0.000000000000e+00  -5.376366972923e-01   8.263348788023e-02   0.000000000000e+00  -1.997502446175e-01  -1.308849602938e-01   0.000000000000e+00  -5.002847909927e-01 
 -1.980786919594e-01   0.000000000000e+00  -9.631255269051e-01   0.000000000000e+00   0.000000000000e+00  -1.001879096031e+00   0.000000000000e+00   0.000000000000e+00  -1.000000014901e-01 
  0.000000000000e+00   2.706427221710e-05  -1.000000014901e-01   0.000000000000e+00   4.565200651996e-05  -1.000000014901e-01   0.000000000000e+00   4.565200651996e-05  -1.000000014901e-01 
  0.000000000000e+00   8.512453734875e-02  -7.287220358849e-01   0.000000000000e+00   8.512453734875e-02  -7.287220358849e-01   2.642130479217e-02   1.658278331161e-02  -6.187299489975e-01 
  7.585376501083e-01  -1.547645544633e-03   1.443036943674e-01   0.000000000000e+00   9.363860636950e-02  -1.000000014901e-01   1.618007898331e+00   1.007788851857e-01  -1.000000014901e-01 
  1.618007898331e+00   5.038566142321e-02  -1.000000014901e-01   0.000000000000e+00   3.082113713026e-02  -1.663535535336e-01   0.000000000000e+00   2.126492001116e-02  -2.427066713572e-01 
  0.000000000000e+00   2.126492001116e-02  -2.427066713572e-01   0.000000000000e+00   8.512453734875e-02  -7.287220358849e-01   0.000000000000e+00   8.512453734875e-02  -7.287220358849e-01 
  2.642130479217e-02   1.658278331161e-02  -6.187299489975e-01   7.585376501083e-01  -1.547645544633e-03   1.443036943674e-01   0.000000000000e+00   9.363860636950e-02  -1.000000014901e-01 
  1.618007898331e+00   1.007788851857e-01  -1.000000014901e-01   1.618007898331e+00   5.038566142321e-02  -1.000000014901e-01   0.000000000000e+00   3.082113713026e-02  -1.663535535336e-01 
  0.000000000000e+00   2.126492001116e-02  -2.427066713572e-01   0.000000000000e+00   2.126492001116e-02  -2.427066713572e-01   0.000000000000e+00   2.543183416128e-02  -2.606225013733e-01 
  0.000000000000e+00   2.543183416128e-02  -2.606225013733e-01   2.343907207251e-02  -4.689712077379e-02  -4.096650183201e-01   1.316187977791e-01  -3.082836605608e-02  -3.877805471420e-01 
  1.028996333480e-01   9.882517158985e-02  -4.332977533340e-01   5.435739755630e-01   1.007788851857e-01   3.395825922489e-01   6.161289215088e-01   5.038830637932e-02  -1.004927635193e+00 
  4.538285136223e-01   3.154884651303e-02  -7.591328620911e-01   3.326567113400e-01   2.319202385843e-02  -5.595541000366e-01   3.326567113400e-01   2.319202385843e-02  -5.595541000366e-01 
  0.000000000000e+00   3.150536715984e-01   5.566878989339e-02   0.000000000000e+00   3.150536715984e-01   5.566878989339e-02  -3.706088289618e-02   2.613952457905e-01  -4.312858358026e-02 
 -9.392987191677e-02   8.427415043116e-02  -2.966240048409e-01   2.233504056931e-01  -9.524074941874e-02   1.747528314590e-01   1.032178282738e+00   0.000000000000e+00   7.245929837227e-01 
  9.947126507759e-01  -2.400332130492e-02  -1.103852629662e+00   6.042407751083e-01   4.994425456971e-03  -1.000000014901e-01   3.028248250484e-01   3.729135962203e-03  -1.000000014901e-01 
  3.028248250484e-01   3.729135962203e-03  -1.000000014901e-01   0.000000000000e+00   8.323019742966e-02  -8.627536892891e-02   0.000000000000e+00   8.323019742966e-02  -8.627536892891e-02 
 -3.636422753334e-02   7.783780992031e-02  -9.943179786205e-02  -3.981670737267e-02  -7.418262213469e-02  -1.870573014021e-01   0.000000000000e+00  -5.448609218001e-02  -1.000000014901e-01 
  1.097070455551e+00  -2.209909027442e-03   7.894852757454e-01   9.672859907150e-01  -4.421509429812e-02   7.245929837227e-01   0.000000000000e+00  -4.071014001966e-02   5.708290338516e-01 
  0.000000000000e+00  -2.238066308200e-02   4.457240402699e-01   0.000000000000e+00  -2.238066308200e-02   4.457240402699e-01   0.000000000000e+00   2.508644163609e-01  -3.403175473213e-01 
  0.000000000000e+00   2.508644163609e-01  -3.403175473213e-01  -5.850350018591e-03   2.462580353022e-01  -3.213722109795e-01   3.217025846243e-02  -1.174748018384e-01  -4.297714531422e-01 
  3.756212592125e-01  -1.052333936095e-01  -2.610255181789e-01   7.285607457161e-01  -1.319944262505e-01  -1.000000014901e-01   7.129444479942e-01  -1.016871631145e-01  -3.429093360901e-01 
  3.721905052662e-01  -8.547492325306e-02  -2.954487800598e-01   2.249665260315e-01   0.000000000000e+00  -1.618151068687e-01   2.249665260315e-01   0.000000000000e+00  -1.618151068687e-01 
  0.000000000000e+00   2.401545047760e-01  -2.802665233612e-01   0.000000000000e+00   2.401545047760e-01  -2.802665233612e-01   1.180080324411e-02   1.886673569679e-01  -2.427123486996e-01 
  1.263083815575e-01   1.235847696662e-01  -4.315659403801e-01   1.630863547325e-01  -5.125593394041e-02  -7.537308335304e-01   4.432640075684e-01   0.000000000000e+00  -1.017799675465e-01 
  4.364618957043e-01  -3.824514895678e-02  -3.501272499561e-01   3.170658051968e-01  -4.584044590592e-02  -3.512509167194e-01   2.280852496624e-01  -2.488167211413e-02  -3.973976671696e-01 
  2.280852496624e-01  -2.488167211413e-02  -3.973976671696e-01   0.000000000000e+00   4.707491397858e-02  -3.301890194416e-01   0.000000000000e+00   4.707491397858e-02  -3.301890194416e-01 
  4.769826680422e-02   6.695056706667e-02  -1.808280348778e-01   2.704130709171e-01   3.258858621120e-02  -4.753921031952e-01   2.111289948225e-01   3.949604928493e-03  -6.372159719467e-01 
  2.757188975811e-01   5.923821663600e-05  -9.077170491219e-01   3.189010024071e-01  -1.491969916970e-02  -1.156074643135e+00   3.013977706432e-01  -2.191526070237e-02  -1.000000014901e-01 
  3.669762015343e-01  -2.075439132750e-02  -1.000000014901e-01   3.669762015343e-01  -2.075439132750e-02  -1.000000014901e-01   0.000000000000e+00   0.000000000000e+00  -2.756707668304e-01 
  0.000000000000e+00   0.000000000000e+00  -2.756707668304e-01   6.150623783469e-02   0.000000000000e+00  -1.410909444094e-01   5.002699494362e-01   0.000000000000e+00  -4.071402847767e-01 
  0.000000000000e+00   0.000000000000e+00  -6.534463763237e-01   0.000000000000e+00   0.000000000000e+00  -1.000000014901e-01   1.299018785357e-02  -9.525479399599e-04  -1.190033257008e-01 
  3.075338713825e-02  -1.259743003175e-03  -1.078143939376e-01   2.699715644121e-02  -8.011811878532e-04  -1.034820377827e-01   2.699715644121e-02  -8.011811878532e-04  -1.034820377827e-01 
  0.000000000000e+00   0.000000000000e+00  -2.756707668304e-01   0.000000000000e+00   0.000000000000e+00  -2.756707668304e-01   6.150623783469e-02   0.000000000000e+00  -1.410909444094e-01 
  5.002699494362e-01   0.000000000000e+00  -4.071402847767e-01   0.000000000000e+00   0.000000000000e+00  -6.534463763237e-01   0.000000000000e+00   0.000000000000e+00  -1.000000014901e-01 
  1.299018785357e-02  -9.525479399599e-04  -1.190033257008e-01   3.075338713825e-02  -1.259743003175e-03  -1.078143939376e-01   2.699715644121e-02  -8.011811878532e-04  -1.034820377827e-01 
  2.699715644121e-02  -8.011811878532e-04  -1.034820377827e-01   0.000000000000e+00   4.241001605988e-02  -2.482450380921e-02   0.000000000000e+00   4.241001605988e-02  -2.482450380921e-02 
  5.566195771098e-02   6.299129873514e-02   1.757520437241e-01  -8.362460881472e-02   0.000000000000e+00  -1.232955336571e+00   0.000000000000e+00   1.007788851857e-01  -1.000000014901e-01 
  1.800585627556e+00   2.833566963673e-01   2.928236484528e+00   1.435430049896e+00   0.000000000000e+00   2.745658636093e+00   0.000000000000e+00   0.000000000000e+00  -1.000000014901e-01 
  0.000000000000e+00   0.000000000000e+00  -1.000000014901e-01   0.000000000000e+00   0.000000000000e+00  -1.000000014901e-01   0.000000000000e+00   4.241001605988e-02  -2.482450380921e-02 
  0.000000000000e+00   4.241001605988e-02  -2.482450380921e-02   5.566195771098e-02   6.299129873514e-02   1.757520437241e-01  -8.362460881472e-02   0.000000000000e+00  -1.232955336571e+00 
  0.000000000000e+00   1.007788851857e-01  -1.000000014901e-01   1.800585627556e+00   2.833566963673e-01   2.928236484528e+00   1.435430049896e+00   0.000000000000e+00   2.745658636093e+00 
  0.000000000000e+00   0.000000000000e+00  -1.000000014901e-01   0.000000000000e+00   0.000000000000e+00  -1.000000014901e-01   0.000000000000e+00   0.000000000000e+00  -1.000000014901e-01 
  0.000000000000e+00  -3.689910173416e-01  -2.487352341413e-01   0.000000000000e+00  -3.689910173416e-01  -2.487352341413e-01   5.298099666834e-02  -2.040547579527e-01  -1.233984455466e-01 
  0.000000000000e+00   0.000000000000e+00  -4.574845135212e-01   0.000000000000e+00   1.007788851857e-01  -1.000000014901e-01   0.000000000000e+00  -8.179893344641e-02  -1.000000014901e-01 
  0.000000000000e+00   0.000000000000e+00   3.775576353073e-01   0.000000000000e+00   0.000000000000e+00   3.801230490208e-01   0.000000000000e+00   0.000000000000e+00   3.231276273727e-01 
  0.000000000000e+00   0.000000000000e+00   3.231276273727e-01   0.000000000000e+00  -2.000221014023e-01  -7.004476189613e-01   0.000000000000e+00  -2.000221014023e-01  -7.004476189613e-01 
 -2.445742487907e-02  -1.950210183859e-01  -4.547884464264e-01  -2.642779983580e-02  -9.009990096092e-02  -1.601960361004e-01   2.986578345299e-01   3.981686010957e-02   2.992114424706e-01 
  8.157474994659e-01   0.000000000000e+00   7.245929837227e-01   7.486617565155e-01   0.000000000000e+00  -5.956200417131e-03   5.893682837486e-01   4.466545651667e-04   4.966147243977e-02 
  4.172171652317e-01   9.217879269272e-04  -2.161021158099e-02   4.172171652317e-01   9.217879269272e-04  -2.161021158099e-02   0.000000000000e+00   1.924585103989e-01  -1.753164380789e-01 
  0.000000000000e+00   1.924585103989e-01  -1.753164380789e-01  -6.037444248796e-02   2.078667730093e-01  -1.734633445740e-01  -5.946679040790e-02  -5.833165347576e-02  -6.650564819574e-02 
  3.728031516075e-01  -6.547228991985e-02  -2.280037105083e-02   7.285609245300e-01  -6.710216403008e-02   1.790999248624e-02   7.129449248314e-01  -5.600848421454e-02   2.619039118290e-01 
  3.721907436848e-01  -4.752071201801e-02   3.440395295620e-01   2.249666601419e-01  -3.785913065076e-02  -1.000000014901e-01   2.249666601419e-01  -3.785913065076e-02  -1.000000014901e-01 
  0.000000000000e+00   2.671307921410e-01  -6.600118428469e-02   0.000000000000e+00   2.671307921410e-01  -6.600118428469e-02  -5.906787142158e-02   2.665678560734e-01  -7.762298732996e-02 
 -4.373992234468e-02  -7.464148104191e-02  -7.010815739632e-01   0.000000000000e+00  -7.112203538418e-02  -9.682377576828e-01   3.802270889282e-01  -8.207405358553e-02  -1.426093220711e+00 
  4.384596943855e-01  -5.373663455248e-02  -1.416040301323e+00   0.000000000000e+00  -3.944942727685e-02  -1.066138625145e+00   0.000000000000e+00  -3.090356476605e-02  -8.568456172943e-01 
  0.000000000000e+00  -3.090356476605e-02  -8.568456172943e-01   0.000000000000e+00   1.748602390289e-01  -2.152567952871e-01   0.000000000000e+00   1.748602390289e-01  -2.152567952871e-01 
 -9.946390986443e-03   1.684734672308e-01  -9.714922308922e-02   4.650257527828e-02   3.019107505679e-03  -1.325123459101e-01   0.000000000000e+00  -5.035357922316e-02  -1.001668646932e-01 
  0.000000000000e+00  -2.123727463186e-02  -1.000000014901e-01   0.000000000000e+00   0.000000000000e+00  -7.727894783020e-01   0.000000000000e+00   0.000000000000e+00  -8.296472430229e-01 
  0.000000000000e+00   0.000000000000e+00  -7.801240682602e-01   0.000000000000e+00   0.000000000000e+00  -7.801240682602e-01   0.000000000000e+00  -2.301872521639e-02  -7.899310439825e-02 
  0.000000000000e+00  -2.301872521639e-02  -7.899310439825e-02   1.712642982602e-02   8.307166397572e-03   1.848417073488e-01   1.423819512129e-01   1.368335355073e-02   3.639380261302e-02 
  1.642343848944e-01  -2.314974367619e-02  -2.543604969978e-01   5.398095399141e-02   0.000000000000e+00  -1.252359896898e-01   0.000000000000e+00   0.000000000000e+00  -4.945054352283e-01 
  0.000000000000e+00   0.000000000000e+00  -6.448266506195e-01   1.642953790724e-02  -1.487389090471e-04  -6.284185647964e-01   1.642953790724e-02  -1.487389090471e-04  -6.284185647964e-01 
  0.000000000000e+00   0.000000000000e+00  -1.284596771002e-01   0.000000000000e+00   0.000000000000e+00  -1.284596771002e-01   5.013647302985e-02   0.000000000000e+00  -8.591915667057e-02 
  5.090745091438e-01   0.000000000000e+00   1.189323782921e+00   0.000000000000e+00   0.000000000000e+00  -1.000000014901e-01   1.135161798447e-02   0.000000000000e+00  -1.056815609336e-01 
  7.349904160947e-03  -1.238564582309e-04  -2.142407745123e-01   1.137597672641e-02  -2.710309054237e-04  -2.744518518448e-01   1.776907965541e-02  -3.532696282491e-04  -2.703861594200e-01 
  1.776907965541e-02  -3.532696282491e-04  -2.703861594200e-01   0.000000000000e+00   0.000000000000e+00  -1.284596771002e-01   0.000000000000e+00   0.000000000000e+00  -1.284596771002e-01 
  5.013647302985e-02   0.000000000000e+00  -8.591915667057e-02   5.090745091438e-01   0.000000000000e+00   1.189323782921e+00   0.000000000000e+00   0.000000000000e+00  -1.000000014901e-01 
  1.135161798447e-02   0.000000000000e+00  -1.056815609336e-01   7.349904160947e-03  -1.238564582309e-04  -2.142407745123e-01   1.137597672641e-02  -2.710309054237e-04  -2.744518518448e-01 
  1.776907965541e-02  -3.532696282491e-04  -2.703861594200e-01   1.776907965541e-02  -3.532696282491e-04  -2.703861594200e-01   0.000000000000e+00   6.867450475693e-02  -2.866483628750e-01 
  0.000000000000e+00   6.867450475693e-02  -2.866483628750e-01  -1.328139379621e-02  -1.608349941671e-02  -1.148195788264e-01  -4.221672564745e-02  -2.745210938156e-02  -1.232955336571e+00 
  0.000000000000e+00   5.038513243198e-02  -1.000000014901e-01   0.000000000000e+00   0.000000000000e+00   2.563080787659e+00   0.000000000000e+00   0.000000000000e+00   2.745658636093e+00 
  0.000000000000e+00   0.000000000000e+00  -1.000000014901e-01   0.000000000000e+00   0.000000000000e+00  -1.000000014901e-01   0.000000000000e+00   0.000000000000e+00  -1.000000014901e-01 
  0.000000000000e+00   6.867450475693e-02  -2.866483628750e-01   0.000000000000e+00   6.867450475693e-02  -2.866483628750e-01  -1.328139379621e-02  -1.608349941671e-02  -1.148195788264e-01 
 -4.221672564745e-02  -2.745210938156e-02  -1.232955336571e+00   0.000000000000e+00   5.038513243198e-02  -1.000000014901e-01   0.000000000000e+00   0.000000000000e+00   2.563080787659e+00 
  0.000000000000e+00   0.000000000000e+00   2.745658636093e+00   0.000000000000e+00   0.000000000000e+00  -1.000000014901e-01   0.000000000000e+00   0.000000000000e+00  -1.000000014901e-01 
  0.000000000000e+00   0.000000000000e+00  -1.000000014901e-01   0.000000000000e+00  -1.174395829439e-01  -4.414226412773e-01   0.000000000000e+00  -1.174395829439e-01  -4.414226412773e-01 
  1.083734929562e-01  -1.284971684217e-01  -2.920025885105e-01   6.010317057371e-02  -7.530844956636e-02  -5.729042887688e-01   1.996540836990e-02   5.038810521364e-02  -1.000000014901e-01 
  0.000000000000e+00   0.000000000000e+00  -1.000000014901e-01   0.000000000000e+00   0.000000000000e+00   1.029698610306e+00   0.000000000000e+00   0.000000000000e+00   5.301298499107e-01 
  0.000000000000e+00   0.000000000000e+00   3.226675391197e-01   0.000000000000e+00   0.000000000000e+00   3.226675391197e-01   0.000000000000e+00  -1.367574185133e-01  -2.778144553304e-03 
  0.000000000000e+00  -1.367574185133e-01  -2.778144553304e-03  -1.854793913662e-02  -5.110162869096e-02  -2.584588155150e-02   0.000000000000e+00  -5.670569464564e-02  -5.842303112149e-02 
  8.951187133789e-02   2.880012989044e-02  -1.404530405998e-01   6.783738136292e-01   0.000000000000e+00  -1.000000014901e-01   5.883808135986e-01   0.000000000000e+00  -3.010768890381e-01 
  5.270791053772e-01   1.474901509937e-04  -1.790817677975e-01   4.241470396519e-01   3.518468874972e-04  -1.335389912128e-01   4.241470396519e-01   3.518468874972e-04  -1.335389912128e-01 
  0.000000000000e+00   2.709995023906e-02  -1.316168606281e-01   0.000000000000e+00   2.709995023906e-02  -1.316168606281e-01  -6.065239757299e-02   1.607977896929e-01  -1.319162398577e-01 
 -6.064682453871e-02   0.000000000000e+00  -5.315036773682e-01   1.696867942810e-01  -4.317750036716e-02  -5.574290752411e-01   6.010017395020e-01   0.000000000000e+00  -1.396976947784e+00 
  5.961356163025e-01  -3.620615229011e-02  -7.730619907379e-01   3.854539394379e-01  -4.091928526759e-02  -2.763988077641e-01   2.624137997627e-01  -3.837391361594e-02  -1.957150399685e-01 
  2.624137997627e-01  -3.837391361594e-02  -1.957150399685e-01   0.000000000000e+00   4.034490287304e-01  -4.216859638691e-01   0.000000000000e+00   4.034490287304e-01  -4.216859638691e-01 
 -3.602818772197e-02   4.033020138741e-01  -4.106220602989e-01  -3.566287085414e-02  -6.006433442235e-02  -1.129580214620e-01   0.000000000000e+00  -5.910841003060e-02  -1.000000014901e-01 
  4.093433916569e-01  -5.035357922316e-02  -1.367860674858e+00   4.093433916569e-01  -4.719812422991e-02  -1.396976947784e+00   0.000000000000e+00  -4.010305181146e-02  -1.000000014901e-01 
  0.000000000000e+00  -3.405474126339e-02  -1.000000014901e-01   0.000000000000e+00  -3.405474126339e-02  -1.000000014901e-01   0.000000000000e+00   2.727026939392e-01  -8.125845342875e-02 
  0.000000000000e+00   2.727026939392e-01  -8.125845342875e-02   5.662999115884e-03   2.694006562233e-01  -5.439482629299e-02   9.128415957093e-03   2.559298276901e-01  -7.103421539068e-02 
  2.913700649515e-03  -5.306747183204e-02  -1.000517532229e-01   2.046716958284e-01  -5.035357922316e-02  -1.000000014901e-01   2.046716809273e-01  -3.200465440750e-02  -7.560232281685e-01 
  8.426783978939e-02  -2.496754005551e-02  -5.870069265366e-01   4.071314260364e-02  -2.087548375130e-02  -5.110331177711e-01   4.071314260364e-02  -2.087548375130e-02  -5.110331177711e-01 
  0.000000000000e+00   1.109926179051e-01  -1.037764251232e-01   0.000000000000e+00   1.109926179051e-01  -1.037764251232e-01   6.521713919938e-03   9.477347135544e-02   1.589007079601e-01 
  0.000000000000e+00   7.304233312607e-02  -1.000000014901e-01   5.275897309184e-02  -2.584303542972e-02  -1.706026196480e-01   1.347478032112e-01   0.000000000000e+00  -1.000000014901e-01 
  1.269908100367e-01  -1.317702047527e-02  -4.969935417175e-01   7.863011956215e-02  -1.414336450398e-02  -5.661113858223e-01   5.146100372076e-02  -1.322505436838e-02  -5.607318878174e-01 
  5.146100372076e-02  -1.322505436838e-02  -5.607318878174e-01   0.000000000000e+00   0.000000000000e+00  -2.686711251736e-01   0.000000000000e+00   0.000000000000e+00  -2.686711251736e-01 
  2.002175152302e-02   2.243818342686e-02  -1.358134597540e-01   2.091605514288e-01   2.103328704834e-02   4.829812645912e-01   1.025380194187e-01   1.117442920804e-02   1.900774240494e-01 
  7.299450784922e-02   1.244397368282e-03  -1.965050213039e-02   7.451216131449e-02  -5.223684478551e-03  -2.692707777023e-01   5.847471579909e-02  -7.336083333939e-03  -3.791894912720e-01 
  4.503714293242e-02  -7.622941397130e-03  -4.058261513710e-01   4.503714293242e-02  -7.622941397130e-03  -4.058261513710e-01   0.000000000000e+00   0.000000000000e+00  -2.686711251736e-01 
  0.000000000000e+00   0.000000000000e+00  -2.686711251736e-01   2.002175152302e-02   2.243818342686e-02  -1.358134597540e-01   2.091605514288e-01   2.103328704834e-02   4.829812645912e-01 
  1.025380194187e-01   1.117442920804e-02   1.900774240494e-01   7.299450784922e-02   1.244397368282e-03  -1.965050213039e-02   7.451216131449e-02  -5.223684478551e-03  -2.692707777023e-01 
  5.847471579909e-02  -7.336083333939e-03  -3.791894912720e-01   4.503714293242e-02  -7.622941397130e-03  -4.058261513710e-01   4.503714293242e-02  -7.622941397130e-03  -4.058261513710e-01 
  0.000000000000e+00   6.867450475693e-02  -2.866483628750e-01   0.000000000000e+00   6.867450475693e-02  -2.866483628750e-01  -1.328139379621e-02  -1.608349941671e-02  -1.148195788264e-01 
 -4.221672564745e-02  -2.745210938156e-02  -1.232955336571e+00   0.000000000000e+00   5.038513243198e-02  -1.000000014901e-01   0.000000000000e+00   0.000000000000e+00   2.563080787659e+00 
  0.000000000000e+00   0.000000000000e+00   2.745658636093e+00   0.000000000000e+00   0.000000000000e+00  -1.000000014901e-01   0.000000000000e+00   0.000000000000e+00  -1.000000014901e-01 
  0.000000000000e+00   0.000000000000e+00  -1.000000014901e-01   0.000000000000e+00   6.867450475693e-02  -2.866483628750e-01   0.000000000000e+00   6.867450475693e-02  -2.866483628750e-01 
 -1.328139379621e-02  -1.608349941671e-02  -1.148195788264e-01  -4.221672564745e-02  -2.745210938156e-02  -1.232955336571e+00   0.000000000000e+00   5.038513243198e-02  -1.000000014901e-01 
  0.000000000000e+00   0.000000000000e+00   2.563080787659e+00   0.000000000000e+00   0.000000000000e+00   2.745658636093e+00   0.000000000000e+00   0.000000000000e+00  -1.000000014901e-01 
  0.000000000000e+00   0.000000000000e+00  -1.000000014901e-01   0.000000000000e+00   0.000000000000e+00  -1.000000014901e-01   0.000000000000e+00  -1.174395829439e-01  -4.414226412773e-01 
  0.000000000000e+00  -1.174395829439e-01  -4.414226412773e-01   1.083734929562e-01  -1.284971684217e-01  -2.920025885105e-01   6.010317057371e-02  -7.530844956636e-02  -5.729042887688e-01 
  1.996540836990e-02   5.038810521364e-02  -1.000000014901e-01   0.000000000000e+00   0.000000000000e+00  -1.000000014901e-01   0.000000000000e+00   0.000000000000e+00   1.029698610306e+00 
  0.000000000000e+00   0.000000000000e+00   5.301298499107e-01   0.000000000000e+00   0.000000000000e+00   3.226675391197e-01   0.000000000000e+00   0.000000000000e+00   3.226675391197e-01 
  0.000000000000e+00  -1.367574185133e-01  -2.778144553304e-03   0.000000000000e+00  -1.367574185133e-01  -2.778144553304e-03  -1.854793913662e-02  -5.110162869096e-02  -2.584588155150e-02 
  0.000000000000e+00  -5.670569464564e-02  -5.842303112149e-02   8.951187133789e-02   2.880012989044e-02  -1.404530405998e-01   6.783738136292e-01   0.000000000000e+00  -1.000000014901e-01 
  5.883808135986e-01   0.000000000000e+00  -3.010768890381e-01   5.270791053772e-01   1.474901509937e-04  -1.790817677975e-01   4.241470396519e-01   3.518468874972e-04  -1.335389912128e-01 
  4.241470396519e-01   3.518468874972e-04  -1.335389912128e-01   0.000000000000e+00   2.709995023906e-02  -1.316168606281e-01   0.000000000000e+00   2.709995023906e-02  -1.316168606281e-01 
 -6.065239757299e-02   1.607977896929e-01  -1.319162398577e-01  -6.064682453871e-02   0.000000000000e+00  -5.315036773682e-01   1.696867942810e-01  -4.317750036716e-02  -5.574290752411e-01 
  6.010017395020e-01   0.000000000000e+00  -1.396976947784e+00   5.961356163025e-01  -3.620615229011e-02  -7.730619907379e-01   3.854539394379e-01  -4.091928526759e-02  -2.763988077641e-01 
  2.624137997627e-01  -3.837391361594e-02  -1.957150399685e-01   2.624137997627e-01  -3.837391361594e-02  -1.957150399685e-01   0.000000000000e+00   4.034490287304e-01  -4.216859638691e-01 
  0.000000000000e+00   4.034490287304e-01  -4.216859638691e-01  -3.602818772197e-02   4.033020138741e-01  -4.106220602989e-01  -3.566287085414e-02  -6.006433442235e-02  -1.129580214620e-01 
  0.000000000000e+00  -5.910841003060e-02  -1.000000014901e-01   4.093433916569e-01  -5.035357922316e-02  -1.367860674858e+00   4.093433916569e-01  -4.719812422991e-02  -1.396976947784e+00 
  0.000000000000e+00  -4.010305181146e-02  -1.000000014901e-01   0.000000000000e+00  -3.405474126339e-02  -1.000000014901e-01   0.000000000000e+00  -3.405474126339e-02  -1.000000014901e-01 
  0.000000000000e+00   2.727026939392e-01  -8.125845342875e-02   0.000000000000e+00   2.727026939392e-01  -8.125845342875e-02   5.662999115884e-03   2.694006562233e-01  -5.439482629299e-02 
  9.128415957093e-03   2.559298276901e-01  -7.103421539068e-02   2.913700649515e-03  -5.306747183204e-02  -1.000517532229e-01   2.046716958284e-01  -5.035357922316e-02  -1.000000014901e-01 
  2.046716809273e-01  -3.200465440750e-02  -7.560232281685e-01   8.426783978939e-02  -2.496754005551e-02  -5.870069265366e-01   4.071314260364e-02  -2.087548375130e-02  -5.110331177711e-01 
  4.071314260364e-02  -2.087548375130e-02  -5.110331177711e-01   0.000000000000e+00   1.109926179051e-01  -1.037764251232e-01   0.000000000000e+00   1.109926179051e-01  -1.037764251232e-01 
  6.521713919938e-03   9.477347135544e-02   1.589007079601e-01   0.000000000000e+00   7.304233312607e-02  -1.000000014901e-01   5.275897309184e-02  -2.584303542972e-02  -1.706026196480e-01 
  1.347478032112e-01   0.000000000000e+00  -1.000000014901e-01   1.269908100367e-01  -1.317702047527e-02  -4.969935417175e-01   7.863011956215e-02  -1.414336450398e-02  -5.661113858223e-01 
  5.146100372076e-02  -1.322505436838e-02  -5.607318878174e-01   5.146100372076e-02  -1.322505436838e-02  -5.607318878174e-01   0.000000000000e+00   0.000000000000e+00  -2.686711251736e-01 
  0.000000000000e+00   0.000000000000e+00  -2.686711251736e-01   2.002175152302e-02   2.243818342686e-02  -1.358134597540e-01   2.091605514288e-01   2.103328704834e-02   4.829812645912e-01 
  1.025380194187e-01   1.117442920804e-02   1.900774240494e-01   7.299450784922e-02   1.244397368282e-03  -1.965050213039e-02   7.451216131449e-02  -5.223684478551e-03  -2.692707777023e-01 
  5.847471579909e-02  -7.336083333939e-03  -3.791894912720e-01   4.503714293242e-02  -7.622941397130e-03  -4.058261513710e-01   4.503714293242e-02  -7.622941397130e-03  -4.058261513710e-01 
  0.000000000000e+00   0.000000000000e+00  -2.686711251736e-01   0.000000000000e+00   0.000000000000e+00  -2.686711251736e-01   2.002175152302e-02   2.243818342686e-02  -1.358134597540e-01 
  2.091605514288e-01   2.103328704834e-02   4.829812645912e-01   1.025380194187e-01   1.117442920804e-02   1.900774240494e-01   7.299450784922e-02   1.244397368282e-03  -1.965050213039e-02 
  7.451216131449e-02  -5.223684478551e-03  -2.692707777023e-01   5.847471579909e-02  -7.336083333939e-03  -3.791894912720e-01   4.503714293242e-02  -7.622941397130e-03  -4.058261513710e-01 
  4.503714293242e-02  -7.622941397130e-03  -4.058261513710e-01 

