# vtk DataFile Version 2.0
Written using VisIt writer
ASCII
DATASET RECTILINEAR_GRID
DIMENSIONS 10 10 10
X_COORDINATES 10 float
  0.000000000000e+00   5.000000000000e-01   1.000000000000e+00   1.500000000000e+00   2.000000000000e+00   2.500000000000e+00   3.000000000000e+00   3.500000000000e+00   4.000000000000e+00 
  4.500000000000e+00 
Y_COORDINATES 10 float
  0.000000000000e+00   5.000000000000e-01   1.000000000000e+00   1.500000000000e+00   2.000000000000e+00   2.500000000000e+00   3.000000000000e+00   3.500000000000e+00   4.000000000000e+00 
  4.500000000000e+00 
Z_COORDINATES 10 float
  0.000000000000e+00   5.000000000000e-01   1.000000000000e+00   1.500000000000e+00   2.000000000000e+00   2.500000000000e+00   3.000000000000e+00   3.500000000000e+00   4.000000000000e+00 
  4.500000000000e+00 
CELL_DATA 729
POINT_DATA 1000
VECTORS velocity float
  0.000000000000e+00  -1.234412267804e-01  -2.331307083368e-01   3.251200000000e+04   0.000000000000e+00   0.000000000000e+00   0.000000000000e+00   0.000000000000e+00   0.000000000000e+00 
  5.908809229732e-02  -8.122382313013e-02  -1.531506925821e-01   0.000000000000e+00   0.000000000000e+00   0.000000000000e+00   0.000000000000e+00   1.431655808000e+09   1.070945600000e+09 
 -1.128674894571e-01  -8.063789457083e-02  -1.630038022995e-01   1.071994176000e+09   0.000000000000e+00   0.000000000000e+00   0.000000000000e+00   0.000000000000e+00   0.000000000000e+00 
  2.165571413934e-02  -1.927060037851e-01  -1.846210062504e-01   0.000000000000e+00  -1.234412267804e-01  -2.331307083368e-01   1.070945600000e+09   0.000000000000e+00   0.000000000000e+00 
  1.777404570021e-03  -1.266010105610e-01  -2.056006193161e-01   5.908809229732e-02  -8.122382313013e-02  -1.531506925821e-01   1.431655808000e+09   1.070945600000e+09   0.000000000000e+00 
 -7.725703716278e-02  -5.991585552692e-02  -1.365389525890e-01  -1.128674894571e-01  -8.063789457083e-02  -1.630038022995e-01   0.000000000000e+00   0.000000000000e+00   1.071644672000e+09 
  2.165571413934e-02  -1.927060037851e-01  -1.846210062504e-01   2.165571413934e-02  -1.927060037851e-01  -1.846210062504e-01   0.000000000000e+00  -3.354971110821e-02  -1.968622058630e-01 
  0.000000000000e+00  -3.354971110821e-02  -1.968622058630e-01  -1.677082292736e-02  -5.378639698029e-02  -2.075885981321e-01   6.397055089474e-02  -2.099099755287e-01  -1.940845400095e-01 
 -2.694061771035e-02  -1.799411475658e-01  -1.859207153320e-01   2.344125509262e-02  -7.706299424171e-02  -1.409710049629e-01   4.517944157124e-02  -2.412538602948e-02  -1.409233212471e-01 
 -8.929558098316e-03  -3.669157251716e-02  -1.407261639833e-01  -2.840825170279e-02  -8.594118990004e-03  -1.501223742962e-01  -2.840825170279e-02  -8.594118990004e-03  -1.501223742962e-01 
  0.000000000000e+00   4.181705787778e-02  -1.871561110020e-01   0.000000000000e+00   4.181705787778e-02  -1.871561110020e-01   1.122910901904e-02   3.110519051552e-02  -1.794705390930e-01 
  2.081043459475e-02   3.347836807370e-02  -1.547873765230e-01   6.666412949562e-02  -5.741328373551e-02  -1.524351984262e-01  -2.311495877802e-02  -9.810938686132e-02  -1.564767211676e-01 
 -9.959387034178e-02  -6.622574478388e-02  -1.885377466679e-01   9.707438759506e-03   2.093342132866e-03  -1.420676559210e-01  -1.770042441785e-02  -5.468279495835e-02  -1.519242376089e-01 
 -1.770042441785e-02  -5.468279495835e-02  -1.519242376089e-01   0.000000000000e+00  -3.259642422199e-02  -2.314875274897e-01   0.000000000000e+00  -3.259642422199e-02  -2.314875274897e-01 
 -3.035455010831e-02  -4.997162148356e-02  -2.491623312235e-01   1.416431218386e-01  -6.396652758121e-02  -1.678543686867e-01   1.123553588986e-01  -6.982976943254e-02  -1.433969289064e-01 
 -4.265761002898e-02  -2.068314701319e-02  -1.431182920933e-01  -6.431786715984e-02   9.017711505294e-03  -1.709873378277e-01  -2.995593659580e-02   2.083402685821e-02  -1.624582111835e-01 
 -1.323957890272e-01  -7.456317543983e-02  -2.074426859617e-01  -1.323957890272e-01  -7.456317543983e-02  -2.074426859617e-01   0.000000000000e+00   3.565418766811e-03  -1.949162334204e-01 
  0.000000000000e+00   3.565418766811e-03  -1.949162334204e-01   9.315697243437e-04  -4.017831757665e-02  -1.967684477568e-01   8.653229475021e-02  -7.142371684313e-02  -1.959568262100e-01 
  2.585870213807e-02  -3.011672385037e-02  -1.908766031265e-01   2.009048685431e-02  -6.249445723370e-04  -1.482337117195e-01   6.739290058613e-02  -8.324941992760e-02  -1.573372781277e-01 
 -2.273029088974e-02  -4.394855350256e-02  -1.454590111971e-01  -1.224827244878e-01  -4.112127795815e-02  -1.639980226755e-01  -1.224827244878e-01  -4.112127795815e-02  -1.639980226755e-01 
  0.000000000000e+00   4.778030887246e-02  -1.937008649111e-01   0.000000000000e+00   4.778030887246e-02  -1.937008649111e-01  -3.021526336670e-02  -4.367004334927e-02  -1.716641187668e-01 
 -2.155891247094e-02   4.584147781134e-02  -1.575358062983e-01   6.270756572485e-02   1.525945775211e-02  -1.624626219273e-01   3.453399986029e-02   2.882132679224e-02  -1.747795641422e-01 
  1.580893062055e-02  -2.453772164881e-02  -1.940422952175e-01   5.656893178821e-02   2.640182152390e-03  -1.432774513960e-01   3.821906074882e-02  -7.261162996292e-02  -1.471164077520e-01 
  3.821906074882e-02  -7.261162996292e-02  -1.471164077520e-01   0.000000000000e+00   9.066826105118e-02  -2.600752115250e-01   0.000000000000e+00   9.066826105118e-02  -2.600752115250e-01 
 -2.422482706606e-02  -1.061297673732e-02  -2.222570925951e-01   8.453031629324e-02   3.466788679361e-02  -1.524969488382e-01   9.778545051813e-02  -4.562371224165e-02  -1.443746536970e-01 
 -2.814520336688e-02   1.808011159301e-02  -1.448451131582e-01   4.666364565492e-02   7.370445132256e-02  -1.491476148367e-01   4.987922683358e-02   4.375123977661e-02  -1.607923656702e-01 
  4.459857195616e-02  -1.060344725847e-01  -2.045257985592e-01   4.459857195616e-02  -1.060344725847e-01  -2.045257985592e-01   0.000000000000e+00   0.000000000000e+00  -2.079197913408e-01 
  0.000000000000e+00   0.000000000000e+00  -2.079197913408e-01   5.041989963502e-03   0.000000000000e+00  -1.817724704742e-01  -1.296000033617e-01   0.000000000000e+00  -1.765788346529e-01 
  1.000365614891e-01   0.000000000000e+00  -2.061053216457e-01   9.684474766254e-02   0.000000000000e+00  -1.448618620634e-01   1.662026345730e-01   0.000000000000e+00  -1.253180503845e-01 
  1.049445122480e-01   0.000000000000e+00  -1.319525539875e-01   1.204174384475e-01   0.000000000000e+00  -1.354903727770e-01   1.204174384475e-01   0.000000000000e+00  -1.354903727770e-01 
  0.000000000000e+00   0.000000000000e+00  -2.079197913408e-01   0.000000000000e+00   0.000000000000e+00  -2.079197913408e-01   5.041989963502e-03   0.000000000000e+00  -1.817724704742e-01 
 -1.296000033617e-01   0.000000000000e+00  -1.765788346529e-01   1.000365614891e-01   0.000000000000e+00  -2.061053216457e-01   9.684474766254e-02   0.000000000000e+00  -1.448618620634e-01 
  1.662026345730e-01   0.000000000000e+00  -1.253180503845e-01   1.049445122480e-01   0.000000000000e+00  -1.319525539875e-01   1.204174384475e-01   0.000000000000e+00  -1.354903727770e-01 
  1.204174384475e-01   0.000000000000e+00  -1.354903727770e-01   0.000000000000e+00  -1.234412267804e-01  -2.331307083368e-01   0.000000000000e+00  -1.234412267804e-01  -2.331307083368e-01 
  1.777404570021e-03  -1.266010105610e-01  -2.056006193161e-01   5.908809229732e-02  -8.122382313013e-02  -1.531506925821e-01   3.319994313642e-03  -5.019922181964e-02  -1.396584361792e-01 
 -7.725703716278e-02  -5.991585552692e-02  -1.365389525890e-01  -1.128674894571e-01  -8.063789457083e-02  -1.630038022995e-01  -7.200295478106e-02  -8.255381137133e-02  -1.679914593697e-01 
  2.165571413934e-02  -1.927060037851e-01  -1.846210062504e-01   2.165571413934e-02  -1.927060037851e-01  -1.846210062504e-01   0.000000000000e+00  -1.234412267804e-01  -2.331307083368e-01 
  0.000000000000e+00  -1.234412267804e-01  -2.331307083368e-01   1.777404570021e-03  -1.266010105610e-01  -2.056006193161e-01   5.908809229732e-02  -8.122382313013e-02  -1.531506925821e-01 
  3.319994313642e-03  -5.019922181964e-02  -1.396584361792e-01  -7.725703716278e-02  -5.991585552692e-02  -1.365389525890e-01  -1.128674894571e-01  -8.063789457083e-02  -1.630038022995e-01 
 -7.200295478106e-02  -8.255381137133e-02  -1.679914593697e-01   2.165571413934e-02  -1.927060037851e-01  -1.846210062504e-01   2.165571413934e-02  -1.927060037851e-01  -1.846210062504e-01 
  0.000000000000e+00  -3.354971110821e-02  -1.968622058630e-01   0.000000000000e+00  -3.354971110821e-02  -1.968622058630e-01  -1.677082292736e-02  -5.378639698029e-02  -2.075885981321e-01 
  6.397055089474e-02  -2.099099755287e-01  -1.940845400095e-01  -2.694061771035e-02  -1.799411475658e-01  -1.859207153320e-01   2.344125509262e-02  -7.706299424171e-02  -1.409710049629e-01 
  4.517944157124e-02  -2.412538602948e-02  -1.409233212471e-01  -8.929558098316e-03  -3.669157251716e-02  -1.407261639833e-01  -2.840825170279e-02  -8.594118990004e-03  -1.501223742962e-01 
 -2.840825170279e-02  -8.594118990004e-03  -1.501223742962e-01   0.000000000000e+00   4.181705787778e-02  -1.871561110020e-01   0.000000000000e+00   4.181705787778e-02  -1.871561110020e-01 
  1.122910901904e-02   3.110519051552e-02  -1.794705390930e-01   2.081043459475e-02   3.347836807370e-02  -1.547873765230e-01   6.666412949562e-02  -5.741328373551e-02  -1.524351984262e-01 
 -2.311495877802e-02  -9.810938686132e-02  -1.564767211676e-01  -9.959387034178e-02  -6.622574478388e-02  -1.885377466679e-01   9.707438759506e-03   2.093342132866e-03  -1.420676559210e-01 
 -1.770042441785e-02  -5.468279495835e-02  -1.519242376089e-01  -1.770042441785e-02  -5.468279495835e-02  -1.519242376089e-01   0.000000000000e+00  -3.259642422199e-02  -2.314875274897e-01 
  0.000000000000e+00  -3.259642422199e-02  -2.314875274897e-01  -3.035455010831e-02  -4.997162148356e-02  -2.491623312235e-01   1.416431218386e-01  -6.396652758121e-02  -1.678543686867e-01 
  1.123553588986e-01  -6.982976943254e-02  -1.433969289064e-01  -4.265761002898e-02  -2.068314701319e-02  -1.431182920933e-01  -6.431786715984e-02   9.017711505294e-03  -1.709873378277e-01 
 -2.995593659580e-02   2.083402685821e-02  -1.624582111835e-01  -1.323957890272e-01  -7.456317543983e-02  -2.074426859617e-01  -1.323957890272e-01  -7.456317543983e-02  -2.074426859617e-01 
  0.000000000000e+00   3.565418766811e-03  -1.949162334204e-01   0.000000000000e+00   3.565418766811e-03  -1.949162334204e-01   9.315697243437e-04  -4.017831757665e-02  -1.967684477568e-01 
  8.653229475021e-02  -7.142371684313e-02  -1.959568262100e-01   2.585870213807e-02  -3.011672385037e-02  -1.908766031265e-01   2.009048685431e-02  -6.249445723370e-04  -1.482337117195e-01 
  6.739290058613e-02  -8.324941992760e-02  -1.573372781277e-01  -2.273029088974e-02  -4.394855350256e-02  -1.454590111971e-01  -1.224827244878e-01  -4.112127795815e-02  -1.639980226755e-01 
 -1.224827244878e-01  -4.112127795815e-02  -1.639980226755e-01   0.000000000000e+00   4.778030887246e-02  -1.937008649111e-01   0.000000000000e+00   4.778030887246e-02  -1.937008649111e-01 
 -3.021526336670e-02  -4.367004334927e-02  -1.716641187668e-01  -2.155891247094e-02   4.584147781134e-02  -1.575358062983e-01   6.270756572485e-02   1.525945775211e-02  -1.624626219273e-01 
  3.453399986029e-02   2.882132679224e-02  -1.747795641422e-01   1.580893062055e-02  -2.453772164881e-02  -1.940422952175e-01   5.656893178821e-02   2.640182152390e-03  -1.432774513960e-01 
  3.821906074882e-02  -7.261162996292e-02  -1.471164077520e-01   3.821906074882e-02  -7.261162996292e-02  -1.471164077520e-01   0.000000000000e+00   9.066826105118e-02  -2.600752115250e-01 
  0.000000000000e+00   9.066826105118e-02  -2.600752115250e-01  -2.422482706606e-02  -1.061297673732e-02  -2.222570925951e-01   8.453031629324e-02   3.466788679361e-02  -1.524969488382e-01 
  9.778545051813e-02  -4.562371224165e-02  -1.443746536970e-01  -2.814520336688e-02   1.808011159301e-02  -1.448451131582e-01   4.666364565492e-02   7.370445132256e-02  -1.491476148367e-01 
  4.987922683358e-02   4.375123977661e-02  -1.607923656702e-01   4.459857195616e-02  -1.060344725847e-01  -2.045257985592e-01   4.459857195616e-02  -1.060344725847e-01  -2.045257985592e-01 
  0.000000000000e+00   0.000000000000e+00  -2.079197913408e-01   0.000000000000e+00   0.000000000000e+00  -2.079197913408e-01   5.041989963502e-03   0.000000000000e+00  -1.817724704742e-01 
 -1.296000033617e-01   0.000000000000e+00  -1.765788346529e-01   1.000365614891e-01   0.000000000000e+00  -2.061053216457e-01   9.684474766254e-02   0.000000000000e+00  -1.448618620634e-01 
  1.662026345730e-01   0.000000000000e+00  -1.253180503845e-01   1.049445122480e-01   0.000000000000e+00  -1.319525539875e-01   1.204174384475e-01   0.000000000000e+00  -1.354903727770e-01 
  1.204174384475e-01   0.000000000000e+00  -1.354903727770e-01   0.000000000000e+00   0.000000000000e+00  -2.079197913408e-01   0.000000000000e+00   0.000000000000e+00  -2.079197913408e-01 
  5.041989963502e-03   0.000000000000e+00  -1.817724704742e-01  -1.296000033617e-01   0.000000000000e+00  -1.765788346529e-01   1.000365614891e-01   0.000000000000e+00  -2.061053216457e-01 
  9.684474766254e-02   0.000000000000e+00  -1.448618620634e-01   1.662026345730e-01   0.000000000000e+00  -1.253180503845e-01   1.049445122480e-01   0.000000000000e+00  -1.319525539875e-01 
  1.204174384475e-01   0.000000000000e+00  -1.354903727770e-01   1.204174384475e-01   0.000000000000e+00  -1.354903727770e-01   0.000000000000e+00  -1.161064803600e-01  -7.339550256729e-01 
  0.000000000000e+00  -1.161064803600e-01  -7.339550256729e-01   3.832970559597e-01  -2.143232338130e-02  -7.147220969200e-01   6.057445406914e-01  -3.045226261020e-02  -5.832849144936e-01 
  2.960337102413e-01  -2.129613794386e-02  -4.223380088806e-01   0.000000000000e+00   2.589136958122e-01  -6.346105039120e-02  -7.503455877304e-02   6.143278479576e-01  -5.862964391708e-01 
 -5.181842297316e-02   2.624618411064e-01  -5.697007179260e-01   6.206759810448e-01   8.490206003189e-01  -1.537899672985e-02   6.206759810448e-01   8.490206003189e-01  -1.537899672985e-02 
  0.000000000000e+00  -1.161064803600e-01  -7.339550256729e-01   0.000000000000e+00  -1.161064803600e-01  -7.339550256729e-01   3.832970559597e-01  -2.143232338130e-02  -7.147220969200e-01 
  6.057445406914e-01  -3.045226261020e-02  -5.832849144936e-01   2.960337102413e-01  -2.129613794386e-02  -4.223380088806e-01   0.000000000000e+00   2.589136958122e-01  -6.346105039120e-02 
 -7.503455877304e-02   6.143278479576e-01  -5.862964391708e-01  -5.181842297316e-02   2.624618411064e-01  -5.697007179260e-01   6.206759810448e-01   8.490206003189e-01  -1.537899672985e-02 
  6.206759810448e-01   8.490206003189e-01  -1.537899672985e-02   0.000000000000e+00  -2.101984433830e-02  -6.659921407700e-01   0.000000000000e+00  -2.101984433830e-02  -6.659921407700e-01 
  2.886634469032e-01  -4.756310209632e-02  -6.995757818222e-01   4.326428472996e-01  -1.407995522022e-01  -9.595795869827e-01   5.845017433167e-01  -1.511474549770e-01  -3.083066046238e-01 
  1.480735391378e-01   1.945047974586e-01  -5.902899056673e-02   7.575949188322e-03   6.375439763069e-01  -5.321770906448e-01  -1.110590919852e-01   2.145254015923e-01  -4.913442134857e-01 
 -4.677481651306e-01   6.896845698357e-01  -3.047102987766e-01  -4.677481651306e-01   6.896845698357e-01  -3.047102987766e-01   0.000000000000e+00   1.310732066631e-01  -8.682214021683e-01 
  0.000000000000e+00   1.310732066631e-01  -8.682214021683e-01   3.041678071022e-01  -9.802478551865e-02  -7.836059927940e-01   5.109803080559e-01  -7.361258566380e-02  -7.571207880974e-01 
  5.333249568939e-01  -6.551289558411e-02  -5.546877384186e-01   9.318341314793e-02  -7.825604081154e-02  -6.539508700371e-01  -8.282168507576e-01   0.000000000000e+00  -4.090388119221e-01 
 -7.246165871620e-01   1.330076903105e-01   6.183815002441e-02  -1.149840831757e+00   2.882600426674e-01  -2.579207122326e-01  -1.149840831757e+00   2.882600426674e-01  -2.579207122326e-01 
  0.000000000000e+00   2.056753076613e-02  -9.219810962677e-01   0.000000000000e+00   2.056753076613e-02  -9.219810962677e-01   4.522318542004e-01  -5.892787501216e-02  -9.929354786873e-01 
  5.873921513557e-01  -5.065474659204e-02  -6.294323205948e-01   5.112260580063e-01  -6.015998125076e-02  -4.891311228275e-01   3.514549136162e-02  -1.733042858541e-02  -6.474360823631e-01 
 -2.152833461761e+00  -3.491817787290e-02  -8.328164368868e-02  -1.376304626465e+00   2.411125451326e-01   1.935939490795e-01  -8.027197122574e-01   3.842148482800e-01  -1.797358132899e-02 
 -8.027197122574e-01   3.842148482800e-01  -1.797358132899e-02   0.000000000000e+00  -4.992514103651e-02  -1.015665650368e+00   0.000000000000e+00  -4.992514103651e-02  -1.015665650368e+00 
  3.417465388775e-01  -2.590711787343e-02  -7.305003404617e-01   4.085083007812e-01  -2.392517961562e-02  -6.992076039314e-01   7.019630074501e-01   5.242688581347e-02  -6.632134914398e-01 
  8.591884374619e-01   2.874663472176e-02  -8.006853461266e-01  -1.523089408875e-01   7.103386521339e-02  -1.081740707159e-01   8.041700124741e-01   2.891775369644e-01  -6.647434085608e-02 
  5.675208196044e-02   3.497473895550e-01   1.687951833010e-01   5.675208196044e-02   3.497473895550e-01   1.687951833010e-01   0.000000000000e+00   1.065018475056e-01  -1.005114078522e+00 
  0.000000000000e+00   1.065018475056e-01  -1.005114078522e+00   2.508442997932e-01   9.393751621246e-02  -5.068464875221e-01   2.876284718513e-01   4.186748340726e-02  -1.069025993347e+00 
  8.627438545227e-01  -1.620064228773e-01  -7.759825587273e-01   9.287143945694e-01  -3.771408274770e-02  -7.570846080780e-01  -6.545946002007e-02  -4.252209886909e-02  -1.144406348467e-01 
  3.243826329708e-01  -2.478849589825e-01  -5.843237042427e-01   1.393533498049e-02   2.889759242535e-01  -3.342610001564e-01   1.393533498049e-02   2.889759242535e-01  -3.342610001564e-01 
  0.000000000000e+00   5.199469253421e-02  -1.144982099533e+00   0.000000000000e+00   5.199469253421e-02  -1.144982099533e+00   2.936463654041e-01   8.104429394007e-02  -1.491955995560e+00 
  3.612679541111e-01   3.021619915962e-01  -8.470014929771e-01   8.454871177673e-01  -1.227094009519e-01  -9.082419872284e-01   7.732738256454e-01   1.447044759989e-01  -1.077633857727e+00 
  5.789470672607e-01   2.248927652836e-01  -3.656590282917e-01  -1.237587705255e-01   5.766343325377e-02  -5.041987299919e-01  -1.735070347786e-01   2.200212776661e-01  -1.816685050726e-01 
 -1.735070347786e-01   2.200212776661e-01  -1.816685050726e-01   0.000000000000e+00   0.000000000000e+00  -1.064585447311e+00   0.000000000000e+00   0.000000000000e+00  -1.064585447311e+00 
  2.180720418692e-01   0.000000000000e+00  -1.167237997055e+00   3.099912703037e-01   0.000000000000e+00  -6.143416762352e-01   9.525208473206e-01   0.000000000000e+00  -8.680480122566e-01 
  1.576732873917e+00   0.000000000000e+00  -1.056199550629e+00   1.787144899368e+00   3.365753400431e-06  -1.438597440720e+00  -1.007484421134e-01   1.177416741848e-02  -6.804744154215e-02 
 -4.798001348972e-01   0.000000000000e+00  -6.450963020325e-02  -4.798001348972e-01   0.000000000000e+00  -6.450963020325e-02   0.000000000000e+00   0.000000000000e+00  -1.064585447311e+00 
  0.000000000000e+00   0.000000000000e+00  -1.064585447311e+00   2.180720418692e-01   0.000000000000e+00  -1.167237997055e+00   3.099912703037e-01   0.000000000000e+00  -6.143416762352e-01 
  9.525208473206e-01   0.000000000000e+00  -8.680480122566e-01   1.576732873917e+00   0.000000000000e+00  -1.056199550629e+00   1.787144899368e+00   3.365753400431e-06  -1.438597440720e+00 
 -1.007484421134e-01   1.177416741848e-02  -6.804744154215e-02  -4.798001348972e-01   0.000000000000e+00  -6.450963020325e-02  -4.798001348972e-01   0.000000000000e+00  -6.450963020325e-02 
  0.000000000000e+00   8.360913023353e-03  -3.928730189800e-01   0.000000000000e+00   8.360913023353e-03  -3.928730189800e-01   2.630115449429e-01   7.980708032846e-02  -3.793107569218e-01 
  3.320706784725e-01   2.246857620776e-02  -4.944814741611e-01   3.274261951447e-01  -1.802865602076e-02  -3.893429934978e-01   0.000000000000e+00   3.860274851322e-01  -1.000000014901e-01 
 -6.342649459839e-02   6.327371597290e-01  -6.260840892792e-01  -6.342649459839e-02   8.566930890083e-01  -6.376922130585e-01   1.125393390656e+00   1.182470321655e+00  -1.928750425577e-01 
  1.125393390656e+00   1.182470321655e+00  -1.928750425577e-01   0.000000000000e+00   8.360913023353e-03  -3.928730189800e-01   0.000000000000e+00   8.360913023353e-03  -3.928730189800e-01 
  2.630115449429e-01   7.980708032846e-02  -3.793107569218e-01   3.320706784725e-01   2.246857620776e-02  -4.944814741611e-01   3.274261951447e-01  -1.802865602076e-02  -3.893429934978e-01 
  0.000000000000e+00   3.860274851322e-01  -1.000000014901e-01  -6.342649459839e-02   6.327371597290e-01  -6.260840892792e-01  -6.342649459839e-02   8.566930890083e-01  -6.376922130585e-01 
  1.125393390656e+00   1.182470321655e+00  -1.928750425577e-01   1.125393390656e+00   1.182470321655e+00  -1.928750425577e-01   0.000000000000e+00   4.210692644119e-02  -4.618434011936e-01 
  0.000000000000e+00   4.210692644119e-02  -4.618434011936e-01   1.801895052195e-01   2.770645357668e-02  -3.852480351925e-01   1.962575018406e-01  -3.767261654139e-02  -6.364992260933e-01 
  3.912616968155e-01  -8.845826238394e-02  -4.723005592823e-01   2.309368103743e-01   3.473197221756e-01  -1.190920546651e-01  -4.715304672718e-01   6.373122930527e-01  -6.376922130585e-01 
 -4.748871028423e-01   7.535079717636e-01  -2.872466146946e-01  -5.204735994339e-01   9.843472242355e-01  -2.706316113472e-01  -5.204735994339e-01   9.843472242355e-01  -2.706316113472e-01 
  0.000000000000e+00   1.927291899920e-01  -4.432047605515e-01   0.000000000000e+00   1.927291899920e-01  -4.432047605515e-01   1.771347075701e-01   6.667906884104e-03  -3.740517199039e-01 
  2.624488472939e-01  -3.347253426909e-02  -5.219653844833e-01   4.278249442577e-01  -4.623907059431e-02  -4.640223085880e-01   2.365611344576e-01  -3.382153064013e-02   4.631875753403e-01 
 -1.428475379944e+00   0.000000000000e+00   1.579649329185e+00  -1.096284866333e+00   9.792912006378e-02   9.852835536003e-02  -9.089209437370e-01   0.000000000000e+00  -2.958816476166e-02 
 -9.089209437370e-01   0.000000000000e+00  -2.958816476166e-02   0.000000000000e+00   6.147148832679e-02  -3.018300831318e-01   0.000000000000e+00   6.147148832679e-02  -3.018300831318e-01 
  2.446326464415e-01  -6.968569010496e-02  -1.630436629057e-01   4.136834144592e-01  -5.994292721152e-02  -4.055358171463e-01   5.974652767181e-01   2.566154301167e-02   4.958452191204e-03 
  3.464875817299e-01   3.076657280326e-02   9.850953221321e-01  -2.009869337082e+00   2.371762879193e-02   1.620030403137e+00  -1.191957116127e+00   1.621537059546e-01   2.233983129263e-01 
 -3.788232803345e-01   3.672370016575e-01  -3.775519505143e-02  -3.788232803345e-01   3.672370016575e-01  -3.775519505143e-02   0.000000000000e+00   1.924511976540e-02  -5.221233963966e-01 
  0.000000000000e+00   1.924511976540e-02  -5.221233963966e-01   1.857586354017e-01   1.849376410246e-02  -5.022853016853e-01   3.060197532177e-01   1.093157827854e-01  -4.905268251896e-01 
  7.562301158905e-01   2.101094275713e-01   5.895934104919e-01   4.953339397907e-01   7.638785243034e-02  -3.077910840511e-01  -7.066538184881e-02   1.036547794938e-01   1.021180450916e-01 
  1.523146271706e+00   1.776406913996e-01  -1.714510172606e-01   1.127387166023e+00   2.693626284599e-01  -1.095674466342e-02   1.127387166023e+00   2.693626284599e-01  -1.095674466342e-02 
  0.000000000000e+00   1.324650645256e-01  -3.142448663712e-01   0.000000000000e+00   1.324650645256e-01  -3.142448663712e-01   2.057149857283e-01   6.878552585840e-02  -1.824402511120e-01 
  2.607237398624e-01   1.192687172443e-02  -6.783252358437e-01   3.866980671883e-01   1.225964128971e-01  -5.074441432953e-01   7.790104150772e-01  -3.094370849431e-02  -3.603388965130e-01 
 -2.440493553877e-01  -1.963697746396e-02   1.039562672377e-01  -9.351933747530e-02  -2.671297825873e-02  -2.820511162281e-01  -1.541629731655e-01   1.870319247246e-01  -1.539411693811e-01 
 -1.541629731655e-01   1.870319247246e-01  -1.539411693811e-01   0.000000000000e+00   7.758502662182e-02  -7.112271189690e-01   0.000000000000e+00   7.758502662182e-02  -7.112271189690e-01 
  3.630166947842e-01   1.406639963388e-01  -5.116232633591e-01   1.573065668344e-01   2.707956545055e-02  -9.294208288193e-01   8.165633082390e-01  -2.314615529031e-03  -1.118722319603e+00 
  5.310724377632e-01  -2.595307119191e-02  -1.491080880165e+00  -6.292507052422e-01  -6.198230758309e-02  -1.074581861496e+00  -6.539955139160e-01  -2.196599170566e-02  -9.583338499069e-01 
 -5.230804681778e-01   1.110821515322e-01   1.260069161654e-01  -5.230804681778e-01   1.110821515322e-01   1.260069161654e-01   0.000000000000e+00   0.000000000000e+00  -6.736232042313e-01 
  0.000000000000e+00   0.000000000000e+00  -6.736232042313e-01   7.562112808228e-02   0.000000000000e+00  -6.798040270805e-01   1.579341739416e-01   0.000000000000e+00  -1.016165494919e+00 
  1.211105227470e+00   0.000000000000e+00  -1.232075333595e+00   1.316934585571e+00   0.000000000000e+00  -1.907598495483e+00   5.789470672607e-01   0.000000000000e+00  -1.444174170494e+00 
 -1.105934381485e+00   0.000000000000e+00  -1.997489094734e+00  -9.074776768684e-01   2.028383221386e-07  -7.182126045227e-01  -9.074776768684e-01   2.028383221386e-07  -7.182126045227e-01 
  0.000000000000e+00   0.000000000000e+00  -6.736232042313e-01   0.000000000000e+00   0.000000000000e+00  -6.736232042313e-01   7.562112808228e-02   0.000000000000e+00  -6.798040270805e-01 
  1.579341739416e-01   0.000000000000e+00  -1.016165494919e+00   1.211105227470e+00   0.000000000000e+00  -1.232075333595e+00   1.316934585571e+00   0.000000000000e+00  -1.907598495483e+00 
  5.789470672607e-01   0.000000000000e+00  -1.444174170494e+00  -1.105934381485e+00   0.000000000000e+00  -1.997489094734e+00  -9.074776768684e-01   2.028383221386e-07  -7.182126045227e-01 
 -9.074776768684e-01   2.028383221386e-07  -7.182126045227e-01   0.000000000000e+00  -2.597826533020e-02  -6.522267460823e-01   0.000000000000e+00  -2.597826533020e-02  -6.522267460823e-01 
  1.997060477734e-01  -1.766748726368e-02  -5.862934589386e-01   6.862575411797e-01  -4.740973934531e-03  -6.299848556519e-01   4.913121759892e-01  -2.072494663298e-02  -5.026176571846e-01 
  3.622317314148e-01   3.257402181625e-01  -1.000000014901e-01   0.000000000000e+00   5.947480797768e-01  -1.000000014901e-01   0.000000000000e+00   4.587924480438e-01  -1.000000014901e-01 
  0.000000000000e+00   4.761094227433e-02  -3.909980952740e-01   0.000000000000e+00   4.761094227433e-02  -3.909980952740e-01   0.000000000000e+00  -2.597826533020e-02  -6.522267460823e-01 
  0.000000000000e+00  -2.597826533020e-02  -6.522267460823e-01   1.997060477734e-01  -1.766748726368e-02  -5.862934589386e-01   6.862575411797e-01  -4.740973934531e-03  -6.299848556519e-01 
  4.913121759892e-01  -2.072494663298e-02  -5.026176571846e-01   3.622317314148e-01   3.257402181625e-01  -1.000000014901e-01   0.000000000000e+00   5.947480797768e-01  -1.000000014901e-01 
  0.000000000000e+00   4.587924480438e-01  -1.000000014901e-01   0.000000000000e+00   4.761094227433e-02  -3.909980952740e-01   0.000000000000e+00   4.761094227433e-02  -3.909980952740e-01 
  0.000000000000e+00  -1.482095941901e-02  -7.688643932343e-01   0.000000000000e+00  -1.482095941901e-02  -7.688643932343e-01   1.792780011892e-01   1.558425184339e-02  -1.961231231689e-01 
  2.762791514397e-01  -6.903474777937e-02  -1.016859531403e+00   0.000000000000e+00  -4.567758738995e-02  -1.000000014901e-01   1.822132617235e-02   3.833561241627e-01   2.659029364586e-01 
 -8.345499038696e-01   6.000353693962e-01   3.100157380104e-01  -6.829250454903e-01   4.361927211285e-01  -1.996061354876e-01   1.254327893257e-01   4.761094227433e-02  -2.919365763664e-01 
  1.254327893257e-01   4.761094227433e-02  -2.919365763664e-01   0.000000000000e+00   1.100120693445e-01  -4.141389727592e-01   0.000000000000e+00   1.100120693445e-01  -4.141389727592e-01 
  1.744932029396e-03   1.820027828217e-02  -1.404053270817e-01   1.300720274448e-01  -9.168136864901e-02  -2.968593537807e-01   3.043717443943e-01  -5.198902264237e-02   2.582221925259e-01 
  3.436245024204e-01   2.534832060337e-02   1.108954668045e+00  -1.449901103973e+00   0.000000000000e+00   1.598699092865e+00  -1.245909810066e+00   7.911029458046e-02   2.533405721188e-01 
 -7.946292161942e-01   0.000000000000e+00  -1.000000014901e-01  -7.946292161942e-01   0.000000000000e+00  -1.000000014901e-01   0.000000000000e+00   5.405037850142e-02  -3.423546850681e-01 
  0.000000000000e+00   5.405037850142e-02  -3.423546850681e-01   6.362090259790e-02   2.417406253517e-02   1.717528849840e-01   3.331001698971e-01   3.177926689386e-02  -1.224968433380e-01 
  5.484229922295e-01   1.205576509237e-01   1.280241489410e+00   3.922071754932e-01   5.971819534898e-02   1.369649171829e+00  -1.623494625092e+00   0.000000000000e+00   1.636996865273e+00 
 -1.319169878960e+00   1.195656582713e-01   5.156751275063e-01  -5.373152494431e-01   3.118588328362e-01   9.580410271883e-02  -5.373152494431e-01   3.118588328362e-01   9.580410271883e-02 
  0.000000000000e+00  -2.399940043688e-03  -5.716558694839e-01   0.000000000000e+00  -2.399940043688e-03  -5.716558694839e-01   1.057405844331e-01   9.887596964836e-02  -5.004906058311e-01 
  4.771323502064e-01   8.213629573584e-02  -3.000473082066e-01   5.566857457161e-01   1.869644969702e-01   1.582704424858e+00   2.976675033569e-01   1.406103372574e-01   1.457208991051e+00 
 -3.758347406983e-02   0.000000000000e+00   9.226462803781e-03   0.000000000000e+00   1.346695721149e-01  -1.135249435902e-01   0.000000000000e+00   2.101368606091e-01  -6.397135555744e-02 
  0.000000000000e+00   2.101368606091e-01  -6.397135555744e-02   0.000000000000e+00   1.402343064547e-01  -4.946496188641e-01   0.000000000000e+00   1.402343064547e-01  -4.946496188641e-01 
  9.544529020786e-02   5.231254920363e-02   9.059124439955e-02   1.358999460936e-01  -5.410865321755e-02  -8.968300819397e-01   4.699428677559e-01   2.212088555098e-01   4.420712590218e-01 
 -1.779986917973e-01   1.993126571178e-01  -7.664960026741e-01  -5.843528509140e-01   6.056433916092e-02  -1.000000014901e-01  -5.595224499702e-01   3.849376365542e-02  -4.244085848331e-01 
 -5.345109105110e-01   1.495550274849e-01  -3.975840508938e-01  -5.345109105110e-01   1.495550274849e-01  -3.975840508938e-01   0.000000000000e+00   1.336614936590e-01  -2.894303500652e-01 
  0.000000000000e+00   1.336614936590e-01  -2.894303500652e-01   1.730302572250e-01   1.971697360277e-01   3.866317868233e-01   1.727348379791e-02   8.950405567884e-02  -6.458737850189e-01 
  5.357597470284e-01   1.795155741274e-02  -1.257892012596e+00  -7.058356404305e-01   9.197542443871e-03  -9.501994252205e-01  -6.433872580528e-01   1.020269542933e-01  -9.211382865906e-01 
 -8.063902258873e-01   3.922532498837e-02  -9.741065502167e-01  -1.041548609734e+00   6.084829568863e-02  -8.193805813789e-01  -1.041548609734e+00   6.084829568863e-02  -8.193805813789e-01 
  0.000000000000e+00   0.000000000000e+00  -3.058573305607e-01   0.000000000000e+00   0.000000000000e+00  -3.058573305607e-01   1.501474976540e-01   0.000000000000e+00   3.889373242855e-01 
  1.609816551208e-01   1.215300336480e-02  -1.067355871201e+00   1.021152853966e+00   4.874670412391e-04  -1.803510665894e+00   4.001156091690e-01   0.000000000000e+00  -1.284250617027e+00 
 -3.850776255131e-01   0.000000000000e+00  -9.758329391479e-01  -9.566308856010e-01   1.114220125601e-03  -7.519485950470e-01  -9.311000704765e-01   1.234150375240e-03  -7.366524338722e-01 
 -9.311000704765e-01   1.234150375240e-03  -7.366524338722e-01   0.000000000000e+00   0.000000000000e+00  -3.058573305607e-01   0.000000000000e+00   0.000000000000e+00  -3.058573305607e-01 
  1.501474976540e-01   0.000000000000e+00   3.889373242855e-01   1.609816551208e-01   1.215300336480e-02  -1.067355871201e+00   1.021152853966e+00   4.874670412391e-04  -1.803510665894e+00 
  4.001156091690e-01   0.000000000000e+00  -1.284250617027e+00  -3.850776255131e-01   0.000000000000e+00  -9.758329391479e-01  -9.566308856010e-01   1.114220125601e-03  -7.519485950470e-01 
 -9.311000704765e-01   1.234150375240e-03  -7.366524338722e-01  -9.311000704765e-01   1.234150375240e-03  -7.366524338722e-01   0.000000000000e+00  -2.435837313533e-02  -1.238978207111e-01 
  0.000000000000e+00  -2.435837313533e-02  -1.238978207111e-01   2.201105654240e-02  -1.009948253632e-01  -1.540950238705e-01   2.353424131870e-01  -1.694090217352e-01  -2.080042213202e-01 
 -2.009745389223e-01   0.000000000000e+00  -1.049717329443e-02   0.000000000000e+00   3.351010382175e-02  -1.000000014901e-01   0.000000000000e+00   5.132380127907e-01  -1.000000014901e-01 
  0.000000000000e+00   2.992397546768e-01  -1.000000014901e-01   0.000000000000e+00   4.761094227433e-02  -1.000000014901e-01   0.000000000000e+00   4.761094227433e-02  -1.000000014901e-01 
  0.000000000000e+00  -2.435837313533e-02  -1.238978207111e-01   0.000000000000e+00  -2.435837313533e-02  -1.238978207111e-01   2.201105654240e-02  -1.009948253632e-01  -1.540950238705e-01 
  2.353424131870e-01  -1.694090217352e-01  -2.080042213202e-01  -2.009745389223e-01   0.000000000000e+00  -1.049717329443e-02   0.000000000000e+00   3.351010382175e-02  -1.000000014901e-01 
  0.000000000000e+00   5.132380127907e-01  -1.000000014901e-01   0.000000000000e+00   2.992397546768e-01  -1.000000014901e-01   0.000000000000e+00   4.761094227433e-02  -1.000000014901e-01 
  0.000000000000e+00   4.761094227433e-02  -1.000000014901e-01   0.000000000000e+00  -1.062048897147e-01  -5.962460637093e-01   0.000000000000e+00  -1.062048897147e-01  -5.962460637093e-01 
  1.995278447866e-01  -1.619857102633e-01  -3.317163139582e-02   1.819985508919e-01  -1.812248378992e-01  -2.880718410015e-01  -2.251265645027e-01   0.000000000000e+00   3.200814723969e-01 
  0.000000000000e+00   0.000000000000e+00  -1.000000014901e-01   0.000000000000e+00   5.176473855972e-01  -2.307529598475e-01  -2.744551599026e-01   2.919935286045e-01  -9.415884315968e-02 
  8.097740262747e-02   4.761094227433e-02  -1.000000014901e-01   8.097740262747e-02   4.761094227433e-02  -1.000000014901e-01   0.000000000000e+00  -3.712861565873e-03  -1.501615792513e-01 
  0.000000000000e+00  -3.712861565873e-03  -1.501615792513e-01  -6.310810148716e-02  -1.859946101904e-01  -5.943977460265e-02   2.717706263065e-01  -2.354323863983e-01  -6.165679544210e-03 
  0.000000000000e+00   0.000000000000e+00   4.289923012257e-01   9.323643893003e-02   0.000000000000e+00   8.066137433052e-01  -6.816666126251e-01   0.000000000000e+00  -1.000000014901e-01 
 -6.161806583405e-01   3.757094591856e-02   3.489209711552e-01  -8.032363057137e-01   0.000000000000e+00  -5.911442637444e-02  -8.032363057137e-01   0.000000000000e+00  -5.911442637444e-02 
  0.000000000000e+00   4.650226980448e-02  -2.229341119528e-01   0.000000000000e+00   4.650226980448e-02  -2.229341119528e-01  -2.863312372938e-03  -7.510951906443e-02   9.534992277622e-02 
  2.678323686123e-01  -8.736899495125e-02   2.942689359188e-01   1.919378787279e-01  -4.972261935472e-02   1.213142871857e+00   2.163244336843e-01   1.850885525346e-02   1.027849555016e+00 
 -4.277029633522e-01   0.000000000000e+00  -1.000000014901e-01  -1.054645061493e+00   9.466295689344e-02   2.457468062639e-01  -5.701722502708e-01   2.527854144573e-01   1.021639332175e-01 
 -5.701722502708e-01   2.527854144573e-01   1.021639332175e-01   0.000000000000e+00  -7.125867996365e-03  -4.514452219009e-01   0.000000000000e+00  -7.125867996365e-03  -4.514452219009e-01 
  4.442922770977e-02   4.480618238449e-02   1.828201860189e-01   3.472689986229e-01   5.970358848572e-02   6.331741809845e-01   7.633711397648e-02   8.422379940748e-02   1.548480868340e+00 
  3.999550938606e-01   4.100046679378e-02   1.426413416862e+00   2.016809023917e-02   6.423655897379e-02  -1.920485496521e-01  -2.499404698610e-01   1.067603230476e-01  -1.000000014901e-01 
  0.000000000000e+00   1.685374677181e-01  -1.000000014901e-01   0.000000000000e+00   1.685374677181e-01  -1.000000014901e-01   0.000000000000e+00   1.293602287769e-01  -5.583655238152e-01 
  0.000000000000e+00   1.293602287769e-01  -5.583655238152e-01   3.741651028395e-02   1.213167607784e-01   5.551855638623e-02   3.835095167160e-01   3.844304010272e-02   2.238556556404e-02 
  9.116566181183e-01   7.194730639458e-02   1.124793887138e+00   1.062629938126e+00   3.231916576624e-02  -3.919470012188e-01  -5.139406323433e-01   4.964194260538e-03  -5.910378694534e-01 
 -6.192172169685e-01   8.117192238569e-02  -6.737005114555e-01  -2.541231215000e-01   1.213193833828e-01  -4.202033281326e-01  -2.541231215000e-01   1.213193833828e-01  -4.202033281326e-01 
  0.000000000000e+00   6.399860233068e-02  -2.857095599174e-01   0.000000000000e+00   6.399860233068e-02  -2.857095599174e-01  -3.410145873204e-03   1.035214066505e-01   8.211421966553e-02 
  2.602910101414e-01   8.078724890947e-02  -2.171898633242e-01   4.025679826736e-01   1.069636046886e-01  -4.603669643402e-01  -4.054720401764e-01   1.575488829985e-03  -8.866167664528e-01 
 -7.659395933151e-01  -5.802270956337e-03  -1.030051469803e+00  -7.659395933151e-01   1.588793820702e-03  -1.071415901184e+00   0.000000000000e+00   4.210751969367e-03  -1.000000014901e-01 
  0.000000000000e+00   4.210751969367e-03  -1.000000014901e-01   0.000000000000e+00   0.000000000000e+00  -3.157790601254e-01   0.000000000000e+00   0.000000000000e+00  -3.157790601254e-01 
  1.288477517664e-02   9.168080054224e-03  -3.308947682381e-01   2.723043859005e-01   1.105523388833e-02  -3.262049555779e-01   1.144848018885e-01   8.890837430954e-03  -1.426363110542e+00 
 -8.517777919769e-02   0.000000000000e+00  -9.184080958366e-01  -3.352917730808e-02   1.591480895877e-02  -1.021015048027e+00  -2.049359381199e-01   1.208150479943e-02  -8.314444422722e-01 
 -1.313853412867e-01   1.190234906971e-02  -7.537579536438e-01  -1.313853412867e-01   1.190234906971e-02  -7.537579536438e-01   0.000000000000e+00   0.000000000000e+00  -3.157790601254e-01 
  0.000000000000e+00   0.000000000000e+00  -3.157790601254e-01   1.288477517664e-02   9.168080054224e-03  -3.308947682381e-01   2.723043859005e-01   1.105523388833e-02  -3.262049555779e-01 
  1.144848018885e-01   8.890837430954e-03  -1.426363110542e+00  -8.517777919769e-02   0.000000000000e+00  -9.184080958366e-01  -3.352917730808e-02   1.591480895877e-02  -1.021015048027e+00 
 -2.049359381199e-01   1.208150479943e-02  -8.314444422722e-01  -1.313853412867e-01   1.190234906971e-02  -7.537579536438e-01  -1.313853412867e-01   1.190234906971e-02  -7.537579536438e-01 
  0.000000000000e+00   2.466727234423e-02  -2.700094282627e-01   0.000000000000e+00   2.466727234423e-02  -2.700094282627e-01  -3.303387388587e-02  -4.230230674148e-02  -2.337966859341e-01 
  8.523914031684e-03  -1.249718517065e-01  -1.522312760353e-01  -1.199792772532e-01  -7.899162918329e-02   4.129638895392e-02  -5.335558205843e-02  -4.409478232265e-02  -1.934570632875e-02 
 -1.296137459576e-02  -1.107726711780e-02  -1.000000014901e-01  -2.548226621002e-03   4.688427317888e-03  -1.000000014901e-01   0.000000000000e+00   0.000000000000e+00  -1.000000014901e-01 
  0.000000000000e+00   0.000000000000e+00  -1.000000014901e-01   0.000000000000e+00   2.466727234423e-02  -2.700094282627e-01   0.000000000000e+00   2.466727234423e-02  -2.700094282627e-01 
 -3.303387388587e-02  -4.230230674148e-02  -2.337966859341e-01   8.523914031684e-03  -1.249718517065e-01  -1.522312760353e-01  -1.199792772532e-01  -7.899162918329e-02   4.129638895392e-02 
 -5.335558205843e-02  -4.409478232265e-02  -1.934570632875e-02  -1.296137459576e-02  -1.107726711780e-02  -1.000000014901e-01  -2.548226621002e-03   4.688427317888e-03  -1.000000014901e-01 
  0.000000000000e+00   0.000000000000e+00  -1.000000014901e-01   0.000000000000e+00   0.000000000000e+00  -1.000000014901e-01   0.000000000000e+00   1.695861108601e-03  -3.379130661488e-01 
  0.000000000000e+00   1.695861108601e-03  -3.379130661488e-01   6.867933552712e-03  -6.950370967388e-02  -2.338143587112e-01  -2.009745389223e-01  -1.534090787172e-01  -5.597355216742e-02 
 -2.009745389223e-01  -8.618877083063e-02   3.200814723969e-01   0.000000000000e+00  -6.271801143885e-02  -1.000000014901e-01  -1.295139198191e-03  -5.485371686518e-03  -1.000000014901e-01 
 -1.043775584549e-03   9.245551191270e-03  -1.258740276098e-01  -6.025336333551e-04   0.000000000000e+00  -1.000000014901e-01  -6.025336333551e-04   0.000000000000e+00  -1.000000014901e-01 
  0.000000000000e+00  -8.629052340984e-02  -3.082011938095e-01   0.000000000000e+00  -8.629052340984e-02  -3.082011938095e-01  -3.273086994886e-02  -1.143864020705e-01  -2.303647994995e-01 
  9.325063228607e-02  -1.797077208757e-01  -1.010918691754e-01   5.077643692493e-02  -9.618829935789e-02  -6.571568250656e-01   5.253045633435e-02   1.970301568508e-02  -1.090931415558e+00 
 -9.600255871192e-04   0.000000000000e+00  -1.000000014901e-01   0.000000000000e+00   1.268260087818e-02  -1.332912296057e-01   0.000000000000e+00   1.200691610575e-02  -9.880815446377e-02 
  0.000000000000e+00   1.200691610575e-02  -9.880815446377e-02   0.000000000000e+00   5.098644644022e-02  -4.587663710117e-01   0.000000000000e+00   5.098644644022e-02  -4.587663710117e-01 
 -3.088661096990e-02   1.251232810318e-03  -1.796171516180e-01   1.112242490053e-01  -6.092179194093e-02  -5.753818899393e-02   5.943321436644e-02   0.000000000000e+00  -1.708978176117e+00 
  5.943321436644e-02   8.186440099962e-04  -1.717095732689e+00   0.000000000000e+00   2.316637896001e-02  -1.000858902931e+00  -3.162490611430e-04   1.844668202102e-02  -4.053957462311e-01 
 -2.419466618448e-04   1.510707847774e-02  -1.541672199965e-01  -2.419466618448e-04   1.510707847774e-02  -1.541672199965e-01   0.000000000000e+00  -6.658703833818e-02  -3.554995954037e-01 
  0.000000000000e+00  -6.658703833818e-02  -3.554995954037e-01  -1.398719009012e-02  -2.009906806052e-02  -1.840955168009e-01   2.219171524048e-01   8.534815907478e-02  -2.758571803570e-01 
  4.294769167900e-01   1.032371073961e-01  -1.789156198502e+00   6.156544685364e-01   0.000000000000e+00  -1.735778212547e+00   0.000000000000e+00   0.000000000000e+00  -1.546033859253e+00 
  0.000000000000e+00   4.415147413965e-04  -6.712101101875e-01   0.000000000000e+00   8.181021362543e-02  -3.795838356018e-01   0.000000000000e+00   8.181021362543e-02  -3.795838356018e-01 
  0.000000000000e+00   1.297907978296e-01  -2.977751791477e-01   0.000000000000e+00   1.297907978296e-01  -2.977751791477e-01  -1.305122971535e-01   9.740164875984e-02  -1.619658321142e-01 
  2.260743975639e-01   7.183678448200e-02  -1.474412918091e+00   9.772948026657e-01   7.346603274345e-02  -1.616204977036e+00   1.147965073586e+00   0.000000000000e+00  -2.065180063248e+00 
 -5.629478693008e-01   0.000000000000e+00  -1.408686041832e+00  -5.629478693008e-01   0.000000000000e+00  -6.140754818916e-01   0.000000000000e+00   1.528164651245e-02  -4.067983031273e-01 
  0.000000000000e+00   1.528164651245e-02  -4.067983031273e-01   0.000000000000e+00   3.597074374557e-02  -3.882248401642e-01   0.000000000000e+00   3.597074374557e-02  -3.882248401642e-01 
  2.992650307715e-02  -1.158899441361e-02  -1.900613307953e-01   5.482507944107e-01   5.126456916332e-02  -2.158790230751e-01   0.000000000000e+00   1.365996897221e-01  -1.832891345024e+00 
  5.080605298281e-02   3.459715051576e-03  -3.140953063965e+00  -4.107116460800e-01  -2.398681081831e-02  -1.462315320969e+00  -5.355013012886e-01   0.000000000000e+00   1.525184661150e-01 
  0.000000000000e+00   0.000000000000e+00  -1.000000014901e-01   0.000000000000e+00   0.000000000000e+00  -1.000000014901e-01   0.000000000000e+00   0.000000000000e+00  -3.143807947636e-01 
  0.000000000000e+00   0.000000000000e+00  -3.143807947636e-01   1.268206387758e-01   0.000000000000e+00  -1.215824410319e-01   5.355070233345e-01   0.000000000000e+00  -8.303248882294e-01 
  0.000000000000e+00  -2.646766835824e-03  -2.725719690323e+00  -1.024620309472e-01   0.000000000000e+00  -4.948110103607e+00   2.040741443634e-01   0.000000000000e+00  -3.115121603012e+00 
  0.000000000000e+00   0.000000000000e+00  -1.876514196396e+00   0.000000000000e+00   0.000000000000e+00  -1.401933908463e+00   0.000000000000e+00   0.000000000000e+00  -1.401933908463e+00 
  0.000000000000e+00   0.000000000000e+00  -3.143807947636e-01   0.000000000000e+00   0.000000000000e+00  -3.143807947636e-01   1.268206387758e-01   0.000000000000e+00  -1.215824410319e-01 
  5.355070233345e-01   0.000000000000e+00  -8.303248882294e-01   0.000000000000e+00  -2.646766835824e-03  -2.725719690323e+00  -1.024620309472e-01   0.000000000000e+00  -4.948110103607e+00 
  2.040741443634e-01   0.000000000000e+00  -3.115121603012e+00   0.000000000000e+00   0.000000000000e+00  -1.876514196396e+00   0.000000000000e+00   0.000000000000e+00  -1.401933908463e+00 
  0.000000000000e+00   0.000000000000e+00  -1.401933908463e+00   0.000000000000e+00   5.292378738523e-02  -1.964724659920e-01   0.000000000000e+00   5.292378738523e-02  -1.964724659920e-01 
 -6.821136176586e-02  -3.393369540572e-02  -1.417214423418e-01  -1.207540556788e-01  -4.845244809985e-02  -1.320528239012e-01  -7.072098553181e-02  -4.199320077896e-02  -7.506535202265e-02 
 -1.911928877234e-02   6.908864248544e-03  -1.641534417868e-01  -9.514153352939e-04   0.000000000000e+00  -1.000000014901e-01  -9.514153352939e-04   3.465089248493e-03  -2.975196242332e-01 
 -5.908709717914e-04   4.250544123352e-03  -1.448847949505e-01  -5.908709717914e-04   4.250544123352e-03  -1.448847949505e-01   0.000000000000e+00   5.292378738523e-02  -1.964724659920e-01 
  0.000000000000e+00   5.292378738523e-02  -1.964724659920e-01  -6.821136176586e-02  -3.393369540572e-02  -1.417214423418e-01  -1.207540556788e-01  -4.845244809985e-02  -1.320528239012e-01 
 -7.072098553181e-02  -4.199320077896e-02  -7.506535202265e-02  -1.911928877234e-02   6.908864248544e-03  -1.641534417868e-01  -9.514153352939e-04   0.000000000000e+00  -1.000000014901e-01 
 -9.514153352939e-04   3.465089248493e-03  -2.975196242332e-01  -5.908709717914e-04   4.250544123352e-03  -1.448847949505e-01  -5.908709717914e-04   4.250544123352e-03  -1.448847949505e-01 
  0.000000000000e+00  -1.072888672352e-01  -1.345087587833e-01   0.000000000000e+00  -1.072888672352e-01  -1.345087587833e-01  -2.959280647337e-02  -1.150471866131e-01   9.754862636328e-02 
 -2.086148113012e-01  -8.540262281895e-02  -1.000000014901e-01   0.000000000000e+00  -4.547942429781e-02  -1.000000014901e-01   2.281655324623e-03   1.434527151287e-02  -1.906407475471e-01 
 -1.568578765728e-03   0.000000000000e+00  -1.000000014901e-01  -1.568578765728e-03   7.172635756433e-03  -3.276388049126e-01  -6.458183634095e-04   6.562374997884e-03  -2.999717593193e-01 
 -6.458183634095e-04   6.562374997884e-03  -2.999717593193e-01   0.000000000000e+00  -1.887845098972e-01  -2.106481790543e-01   0.000000000000e+00  -1.887845098972e-01  -2.106481790543e-01 
 -1.224779803306e-02  -1.662202775478e-01  -1.625297218561e-01  -4.725837707520e-02  -1.170971840620e-01  -1.395241022110e-01   5.093120038509e-02   1.246315054595e-02  -1.272450923920e+00 
  6.396972574294e-03   3.484212979674e-02  -1.396008431911e-01  -1.568578765728e-03   3.484212979674e-02  -1.000000014901e-01  -1.568578765728e-03   1.742106489837e-02  -1.000000014901e-01 
  0.000000000000e+00   1.056667882949e-02  -1.000000014901e-01   0.000000000000e+00   1.056667882949e-02  -1.000000014901e-01   0.000000000000e+00   1.433542817831e-01  -2.903887815773e-02 
  0.000000000000e+00   1.433542817831e-01  -2.903887815773e-02  -7.552209496498e-02   1.409196108580e-01   2.638522088528e-01  -1.708149909973e-02   1.192816421390e-01  -8.620443940163e-01 
  2.625841200352e-01   8.239306043833e-04  -1.767900228500e+00   2.941280603409e-01   3.484212979674e-02  -1.704996705055e+00  -3.988930548076e-04   3.484212979674e-02  -1.015135794878e-01 
 -9.343695710413e-04   1.742106489837e-02  -1.990685462952e-01  -3.847005136777e-04   1.056667789817e-02  -1.903666555882e-01  -3.847005136777e-04   1.056667789817e-02  -1.903666555882e-01 
  0.000000000000e+00   4.838777333498e-02  -4.617512226105e-01   0.000000000000e+00   4.838777333498e-02  -4.617512226105e-01  -4.651660472155e-02   3.869327530265e-02  -4.015945196152e-01 
  8.049862831831e-02   4.401437565684e-02  -9.905837178230e-01   4.986768662930e-01   0.000000000000e+00  -1.535056352615e+00   5.569691061974e-01   1.445075613447e-04  -1.631543993950e+00 
  1.090222895145e-01   1.873834989965e-02  -1.479971885681e+00  -1.704157888889e-01   1.304684765637e-02  -9.235810041428e-01  -1.551379114389e-01   9.107349440455e-03  -5.962409377098e-01 
 -1.551379114389e-01   9.107349440455e-03  -5.962409377098e-01   0.000000000000e+00   1.930196881294e-01  -5.386652350426e-01   0.000000000000e+00   1.930196881294e-01  -5.386652350426e-01 
 -1.836843602359e-02   1.341752856970e-01  -2.600608468056e-01   2.126981467009e-01   2.416259981692e-02  -1.127667546272e+00   6.290349960327e-01   0.000000000000e+00  -1.445534706116e+00 
  0.000000000000e+00   4.656728706323e-04  -1.899318456650e+00  -5.095394849777e-01   1.403483795002e-03  -1.269402265549e+00  -5.463742017746e-01   9.761229157448e-04  -5.758811235428e-01 
 -2.250111401081e-01   5.069386679679e-03  -3.935324251652e-01  -2.250111401081e-01   5.069386679679e-03  -3.935324251652e-01   0.000000000000e+00   7.096736133099e-02  -3.326518237591e-01 
  0.000000000000e+00   7.096736133099e-02  -3.326518237591e-01   1.079376414418e-01  -3.972093760967e-02  -5.197970313020e-04   4.329798817635e-01  -1.699357293546e-02  -1.631664037704e-01 
  5.308048129082e-01   7.026866078377e-02  -1.210557937622e+00   5.099416524172e-02   2.829465549439e-03  -2.985816717148e+00  -4.632737040520e-01   3.459715051576e-03  -1.129719138145e+00 
 -5.629478693008e-01   1.447530114092e-03   1.525184661150e-01   0.000000000000e+00   7.943862001412e-04  -1.000000014901e-01   0.000000000000e+00   7.943862001412e-04  -1.000000014901e-01 
  0.000000000000e+00   0.000000000000e+00  -1.982011198997e-01   0.000000000000e+00   0.000000000000e+00  -1.982011198997e-01   2.192837893963e-01   0.000000000000e+00   9.976676851511e-02 
  5.328289270401e-01   0.000000000000e+00  -5.475312471390e-01   7.755739688873e-01  -5.799748469144e-04  -1.344438642263e-01   5.080605298281e-02   0.000000000000e+00  -4.641573905945e+00 
  1.511558145285e-01   1.194523531012e-03  -2.975660562515e+00  -8.322126418352e-02   8.184477919713e-04  -1.789718389511e+00  -3.776300325990e-02   5.665195058100e-04  -1.281174659729e+00 
 -3.776300325990e-02   5.665195058100e-04  -1.281174659729e+00   0.000000000000e+00   0.000000000000e+00  -1.982011198997e-01   0.000000000000e+00   0.000000000000e+00  -1.982011198997e-01 
  2.192837893963e-01   0.000000000000e+00   9.976676851511e-02   5.328289270401e-01   0.000000000000e+00  -5.475312471390e-01   7.755739688873e-01  -5.799748469144e-04  -1.344438642263e-01 
  5.080605298281e-02   0.000000000000e+00  -4.641573905945e+00   1.511558145285e-01   1.194523531012e-03  -2.975660562515e+00  -8.322126418352e-02   8.184477919713e-04  -1.789718389511e+00 
 -3.776300325990e-02   5.665195058100e-04  -1.281174659729e+00  -3.776300325990e-02   5.665195058100e-04  -1.281174659729e+00   0.000000000000e+00   4.241089150310e-02  -3.976597487926e-01 
  0.000000000000e+00   4.241089150310e-02  -3.976597487926e-01  -3.873543068767e-02  -2.539870701730e-02  -2.389462850988e-02  -2.086148113012e-01   0.000000000000e+00   1.035917773843e-01 
  0.000000000000e+00   0.000000000000e+00   4.031252488494e-02   0.000000000000e+00   0.000000000000e+00  -2.630467414856e-01   0.000000000000e+00   0.000000000000e+00  -1.000000014901e-01 
  0.000000000000e+00   0.000000000000e+00  -4.244844317436e-01   0.000000000000e+00   0.000000000000e+00  -4.119101762772e-01   0.000000000000e+00   0.000000000000e+00  -4.119101762772e-01 
  0.000000000000e+00   4.241089150310e-02  -3.976597487926e-01   0.000000000000e+00   4.241089150310e-02  -3.976597487926e-01  -3.873543068767e-02  -2.539870701730e-02  -2.389462850988e-02 
 -2.086148113012e-01   0.000000000000e+00   1.035917773843e-01   0.000000000000e+00   0.000000000000e+00   4.031252488494e-02   0.000000000000e+00   0.000000000000e+00  -2.630467414856e-01 
  0.000000000000e+00   0.000000000000e+00  -1.000000014901e-01   0.000000000000e+00   0.000000000000e+00  -4.244844317436e-01   0.000000000000e+00   0.000000000000e+00  -4.119101762772e-01 
  0.000000000000e+00   0.000000000000e+00  -4.119101762772e-01   0.000000000000e+00  -1.840118505061e-02   8.777721226215e-02   0.000000000000e+00  -1.840118505061e-02   8.777721226215e-02 
 -1.103940680623e-01  -1.030377000570e-01   6.288729906082e-01  -2.208763509989e-01   0.000000000000e+00   3.600708246231e-01   0.000000000000e+00   0.000000000000e+00  -1.000000014901e-01 
  0.000000000000e+00   0.000000000000e+00  -3.759983181953e-01  -1.568578765728e-03   0.000000000000e+00  -6.590155363083e-01  -1.568578765728e-03   0.000000000000e+00  -6.529213786125e-01 
  0.000000000000e+00   0.000000000000e+00  -4.262191057205e-01   0.000000000000e+00   0.000000000000e+00  -4.262191057205e-01   0.000000000000e+00  -3.263713419437e-01   1.003953665495e-01 
  0.000000000000e+00  -3.263713419437e-01   1.003953665495e-01  -4.783349484205e-02  -1.492795050144e-01   2.924051582813e-01   0.000000000000e+00   0.000000000000e+00   3.139792084694e-01 
  0.000000000000e+00   0.000000000000e+00  -2.233556956053e-01   0.000000000000e+00   3.484212979674e-02  -1.000000014901e-01  -1.909331046045e-02   1.731739751995e-02  -6.765402555466e-01 
  1.595615409315e-02   0.000000000000e+00  -6.590155363083e-01   0.000000000000e+00   0.000000000000e+00  -1.000000014901e-01   0.000000000000e+00   0.000000000000e+00  -1.000000014901e-01 
  0.000000000000e+00   4.315868392587e-02   8.276316523552e-02   0.000000000000e+00   4.315868392587e-02   8.276316523552e-02  -1.055901795626e-01   1.809300184250e-01   1.093620583415e-01 
 -7.860611379147e-02   0.000000000000e+00   8.129379898310e-02   1.336088776588e-01   2.146718092263e-02  -9.881777763367e-01   9.638109244406e-03   3.484212979674e-02  -9.907601773739e-02 
  0.000000000000e+00   5.236686393619e-02  -1.000000014901e-01   0.000000000000e+00   0.000000000000e+00  -3.713746070862e-01   0.000000000000e+00   0.000000000000e+00  -2.494086772203e-01 
  0.000000000000e+00   0.000000000000e+00  -2.494086772203e-01   0.000000000000e+00   4.378696903586e-02  -2.170535027981e-01   0.000000000000e+00   4.378696903586e-02  -2.170535027981e-01 
 -6.906376034021e-02   4.794121906161e-02  -1.924642920494e-01  -3.558699786663e-02   4.572034999728e-02  -5.060897469521e-01   4.600576162338e-01   6.075020413846e-03  -1.000000014901e-01 
  4.716014564037e-01   1.856976561248e-02  -9.159893989563e-01   1.481529604644e-02   0.000000000000e+00  -6.847392320633e-01   0.000000000000e+00   0.000000000000e+00  -6.112099289894e-01 
  0.000000000000e+00   0.000000000000e+00  -5.466191768646e-01   0.000000000000e+00   0.000000000000e+00  -5.466191768646e-01   0.000000000000e+00   1.589670032263e-01  -1.469435840845e-01 
  0.000000000000e+00   1.589670032263e-01  -1.469435840845e-01  -6.666851043701e-02   1.503279656172e-01   5.700172856450e-03   7.638857513666e-02   1.177872195840e-01  -4.374187290668e-01 
  4.985589087009e-01   1.483374275267e-02  -1.000000014901e-01   1.821147799492e-01   2.812605351210e-03  -1.232323884964e+00  -4.372431635857e-01   0.000000000000e+00  -7.806894779205e-01 
 -3.599698841572e-01   1.629926264286e-04  -4.962939321995e-01  -2.175611257553e-01   7.790704257786e-04  -3.600009679794e-01  -2.175611257553e-01   7.790704257786e-04  -3.600009679794e-01 
  0.000000000000e+00   9.770551323891e-02   1.279426217079e-01   0.000000000000e+00   9.770551323891e-02   1.279426217079e-01   5.229592695832e-02   4.027673602104e-02   4.099871218204e-01 
  3.069652915001e-01   1.242272369564e-02   3.630011528730e-02   5.003051757812e-01   4.675061255693e-02  -3.299309313297e-01   1.246840581298e-01   2.046709414572e-03  -1.590248346329e+00 
 -3.369558155537e-01   0.000000000000e+00  -1.000000014901e-01   0.000000000000e+00   8.689916576259e-04  -1.000000014901e-01   0.000000000000e+00   8.070899057202e-04  -1.000000014901e-01 
  0.000000000000e+00   8.070899057202e-04  -1.000000014901e-01   0.000000000000e+00   0.000000000000e+00  -6.674010306597e-02   0.000000000000e+00   0.000000000000e+00  -6.674010306597e-02 
  1.933106780052e-01   0.000000000000e+00   6.763877719641e-02   7.160851359367e-01   0.000000000000e+00  -1.892117112875e-01   8.070284128189e-01  -2.723663346842e-04  -1.344438642263e-01 
  0.000000000000e+00  -6.081034007366e-05  -1.000000014901e-01   0.000000000000e+00   8.679865277372e-04  -1.585003614426e+00  -3.942863643169e-02   8.450131863356e-04  -1.343586325645e+00 
 -3.106084093451e-02   7.267240434885e-04  -1.067644715309e+00  -3.106084093451e-02   7.267240434885e-04  -1.067644715309e+00   0.000000000000e+00   0.000000000000e+00  -6.674010306597e-02 
  0.000000000000e+00   0.000000000000e+00  -6.674010306597e-02   1.933106780052e-01   0.000000000000e+00   6.763877719641e-02   7.160851359367e-01   0.000000000000e+00  -1.892117112875e-01 
  8.070284128189e-01  -2.723663346842e-04  -1.344438642263e-01   0.000000000000e+00  -6.081034007366e-05  -1.000000014901e-01   0.000000000000e+00   8.679865277372e-04  -1.585003614426e+00 
 -3.942863643169e-02   8.450131863356e-04  -1.343586325645e+00  -3.106084093451e-02   7.267240434885e-04  -1.067644715309e+00  -3.106084093451e-02   7.267240434885e-04  -1.067644715309e+00 
  0.000000000000e+00   4.241089150310e-02  -3.976597487926e-01   0.000000000000e+00   4.241089150310e-02  -3.976597487926e-01  -3.873543068767e-02  -2.539870701730e-02  -2.389462850988e-02 
 -2.086148113012e-01   0.000000000000e+00   1.035917773843e-01   0.000000000000e+00   0.000000000000e+00   4.031252488494e-02   0.000000000000e+00   0.000000000000e+00  -2.630467414856e-01 
  0.000000000000e+00   0.000000000000e+00  -1.000000014901e-01   0.000000000000e+00   0.000000000000e+00  -4.244844317436e-01   0.000000000000e+00   0.000000000000e+00  -4.119101762772e-01 
  0.000000000000e+00   0.000000000000e+00  -4.119101762772e-01   0.000000000000e+00   4.241089150310e-02  -3.976597487926e-01   0.000000000000e+00   4.241089150310e-02  -3.976597487926e-01 
 -3.873543068767e-02  -2.539870701730e-02  -2.389462850988e-02  -2.086148113012e-01   0.000000000000e+00   1.035917773843e-01   0.000000000000e+00   0.000000000000e+00   4.031252488494e-02 
  0.000000000000e+00   0.000000000000e+00  -2.630467414856e-01   0.000000000000e+00   0.000000000000e+00  -1.000000014901e-01   0.000000000000e+00   0.000000000000e+00  -4.244844317436e-01 
  0.000000000000e+00   0.000000000000e+00  -4.119101762772e-01   0.000000000000e+00   0.000000000000e+00  -4.119101762772e-01   0.000000000000e+00  -1.840118505061e-02   8.777721226215e-02 
  0.000000000000e+00  -1.840118505061e-02   8.777721226215e-02  -1.103940680623e-01  -1.030377000570e-01   6.288729906082e-01  -2.208763509989e-01   0.000000000000e+00   3.600708246231e-01 
  0.000000000000e+00   0.000000000000e+00  -1.000000014901e-01   0.000000000000e+00   0.000000000000e+00  -3.759983181953e-01  -1.568578765728e-03   0.000000000000e+00  -6.590155363083e-01 
 -1.568578765728e-03   0.000000000000e+00  -6.529213786125e-01   0.000000000000e+00   0.000000000000e+00  -4.262191057205e-01   0.000000000000e+00   0.000000000000e+00  -4.262191057205e-01 
  0.000000000000e+00  -3.263713419437e-01   1.003953665495e-01   0.000000000000e+00  -3.263713419437e-01   1.003953665495e-01  -4.783349484205e-02  -1.492795050144e-01   2.924051582813e-01 
  0.000000000000e+00   0.000000000000e+00   3.139792084694e-01   0.000000000000e+00   0.000000000000e+00  -2.233556956053e-01   0.000000000000e+00   3.484212979674e-02  -1.000000014901e-01 
 -1.909331046045e-02   1.731739751995e-02  -6.765402555466e-01   1.595615409315e-02   0.000000000000e+00  -6.590155363083e-01   0.000000000000e+00   0.000000000000e+00  -1.000000014901e-01 
  0.000000000000e+00   0.000000000000e+00  -1.000000014901e-01   0.000000000000e+00   4.315868392587e-02   8.276316523552e-02   0.000000000000e+00   4.315868392587e-02   8.276316523552e-02 
 -1.055901795626e-01   1.809300184250e-01   1.093620583415e-01  -7.860611379147e-02   0.000000000000e+00   8.129379898310e-02   1.336088776588e-01   2.146718092263e-02  -9.881777763367e-01 
  9.638109244406e-03   3.484212979674e-02  -9.907601773739e-02   0.000000000000e+00   5.236686393619e-02  -1.000000014901e-01   0.000000000000e+00   0.000000000000e+00  -3.713746070862e-01 
  0.000000000000e+00   0.000000000000e+00  -2.494086772203e-01   0.000000000000e+00   0.000000000000e+00  -2.494086772203e-01   0.000000000000e+00   4.378696903586e-02  -2.170535027981e-01 
  0.000000000000e+00   4.378696903586e-02  -2.170535027981e-01  -6.906376034021e-02   4.794121906161e-02  -1.924642920494e-01  -3.558699786663e-02   4.572034999728e-02  -5.060897469521e-01 
  4.600576162338e-01   6.075020413846e-03  -1.000000014901e-01   4.716014564037e-01   1.856976561248e-02  -9.159893989563e-01   1.481529604644e-02   0.000000000000e+00  -6.847392320633e-01 
  0.000000000000e+00   0.000000000000e+00  -6.112099289894e-01   0.000000000000e+00   0.000000000000e+00  -5.466191768646e-01   0.000000000000e+00   0.000000000000e+00  -5.466191768646e-01 
  0.000000000000e+00   1.589670032263e-01  -1.469435840845e-01   0.000000000000e+00   1.589670032263e-01  -1.469435840845e-01  -6.666851043701e-02   1.503279656172e-01   5.700172856450e-03 
  7.638857513666e-02   1.177872195840e-01  -4.374187290668e-01   4.985589087009e-01   1.483374275267e-02  -1.000000014901e-01   1.821147799492e-01   2.812605351210e-03  -1.232323884964e+00 
 -4.372431635857e-01   0.000000000000e+00  -7.806894779205e-01  -3.599698841572e-01   1.629926264286e-04  -4.962939321995e-01  -2.175611257553e-01   7.790704257786e-04  -3.600009679794e-01 
 -2.175611257553e-01   7.790704257786e-04  -3.600009679794e-01   0.000000000000e+00   9.770551323891e-02   1.279426217079e-01   0.000000000000e+00   9.770551323891e-02   1.279426217079e-01 
  5.229592695832e-02   4.027673602104e-02   4.099871218204e-01   3.069652915001e-01   1.242272369564e-02   3.630011528730e-02   5.003051757812e-01   4.675061255693e-02  -3.299309313297e-01 
  1.246840581298e-01   2.046709414572e-03  -1.590248346329e+00  -3.369558155537e-01   0.000000000000e+00  -1.000000014901e-01   0.000000000000e+00   8.689916576259e-04  -1.000000014901e-01 
  0.000000000000e+00   8.070899057202e-04  -1.000000014901e-01   0.000000000000e+00   8.070899057202e-04  -1.000000014901e-01   0.000000000000e+00   0.000000000000e+00  -6.674010306597e-02 
  0.000000000000e+00   0.000000000000e+00  -6.674010306597e-02   1.933106780052e-01   0.000000000000e+00   6.763877719641e-02   7.160851359367e-01   0.000000000000e+00  -1.892117112875e-01 
  8.070284128189e-01  -2.723663346842e-04  -1.344438642263e-01   0.000000000000e+00  -6.081034007366e-05  -1.000000014901e-01   0.000000000000e+00   8.679865277372e-04  -1.585003614426e+00 
 -3.942863643169e-02   8.450131863356e-04  -1.343586325645e+00  -3.106084093451e-02   7.267240434885e-04  -1.067644715309e+00  -3.106084093451e-02   7.267240434885e-04  -1.067644715309e+00 
  0.000000000000e+00   0.000000000000e+00  -6.674010306597e-02   0.000000000000e+00   0.000000000000e+00  -6.674010306597e-02   1.933106780052e-01   0.000000000000e+00   6.763877719641e-02 
  7.160851359367e-01   0.000000000000e+00  -1.892117112875e-01   8.070284128189e-01  -2.723663346842e-04  -1.344438642263e-01   0.000000000000e+00  -6.081034007366e-05  -1.000000014901e-01 
  0.000000000000e+00   8.679865277372e-04  -1.585003614426e+00  -3.942863643169e-02   8.450131863356e-04  -1.343586325645e+00  -3.106084093451e-02   7.267240434885e-04  -1.067644715309e+00 
 -3.106084093451e-02   7.267240434885e-04  -1.067644715309e+00 

