# vtk DataFile Version 2.0
Written using VisIt writer
ASCII
DATASET RECTILINEAR_GRID
DIMENSIONS 10 10 10
X_COORDINATES 10 float
  0.000000000000e+00   5.000000000000e-01   1.000000000000e+00   1.500000000000e+00   2.000000000000e+00   2.500000000000e+00   3.000000000000e+00   3.500000000000e+00   4.000000000000e+00 
  4.500000000000e+00 
Y_COORDINATES 10 float
  0.000000000000e+00   5.000000000000e-01   1.000000000000e+00   1.500000000000e+00   2.000000000000e+00   2.500000000000e+00   3.000000000000e+00   3.500000000000e+00   4.000000000000e+00 
  4.500000000000e+00 
Z_COORDINATES 10 float
  0.000000000000e+00   5.000000000000e-01   1.000000000000e+00   1.500000000000e+00   2.000000000000e+00   2.500000000000e+00   3.000000000000e+00   3.500000000000e+00   4.000000000000e+00 
  4.500000000000e+00 
CELL_DATA 729
POINT_DATA 1000
VECTORS velocity float
  0.000000000000e+00  -1.329817175865e-01  -2.401473671198e-01   3.251200000000e+04   0.000000000000e+00   0.000000000000e+00   0.000000000000e+00   0.000000000000e+00   0.000000000000e+00 
  8.361246436834e-02  -6.316032260656e-02  -1.502389311790e-01   0.000000000000e+00   0.000000000000e+00   0.000000000000e+00   0.000000000000e+00   1.431655808000e+09   1.070945600000e+09 
  1.429430395365e-01  -7.068507373333e-02  -1.551544368267e-01   1.071994176000e+09   0.000000000000e+00   0.000000000000e+00   0.000000000000e+00   0.000000000000e+00   0.000000000000e+00 
  1.752735078335e-01  -1.319360584021e-01  -1.835878044367e-01   0.000000000000e+00  -1.329817175865e-01  -2.401473671198e-01   1.070945600000e+09   0.000000000000e+00   0.000000000000e+00 
  8.707209676504e-02  -1.048452407122e-01  -2.081751227379e-01   8.361246436834e-02  -6.316032260656e-02  -1.502389311790e-01   1.431655808000e+09   1.070945600000e+09   0.000000000000e+00 
  9.142477810383e-02  -3.994529694319e-02  -1.314564794302e-01   1.429430395365e-01  -7.068507373333e-02  -1.551544368267e-01   0.000000000000e+00   0.000000000000e+00   1.071644672000e+09 
  1.752735078335e-01  -1.319360584021e-01  -1.835878044367e-01   1.752735078335e-01  -1.319360584021e-01  -1.835878044367e-01   0.000000000000e+00   3.471790626645e-02  -1.934418678284e-01 
  0.000000000000e+00   3.471790626645e-02  -1.934418678284e-01   7.922817021608e-04  -7.751673460007e-02  -1.985104382038e-01   1.449199765921e-02  -2.883610427380e-01  -1.780481040478e-01 
  5.788956210017e-02  -2.205412983894e-01  -1.747297793627e-01   8.812554180622e-02  -1.249542161822e-01  -1.380556970835e-01   6.676153093576e-02  -4.288781061769e-02  -1.377938985825e-01 
  1.253232061863e-01   7.041128724813e-02  -1.304789036512e-01   1.291228979826e-01  -1.551944878884e-03  -1.450623124838e-01   1.291228979826e-01  -1.551944878884e-03  -1.450623124838e-01 
  0.000000000000e+00   1.871702633798e-02  -1.651752293110e-01   0.000000000000e+00   1.871702633798e-02  -1.651752293110e-01   5.598104000092e-02   6.631442229263e-04  -1.548118591309e-01 
 -8.947548456490e-03   5.492746829987e-02  -1.327732652426e-01   4.886011034250e-02   4.150617495179e-02  -1.366533041000e-01   1.239806339145e-01  -1.161132454872e-01  -1.418924331665e-01 
  1.093972250819e-01  -1.929706707597e-02  -1.770664900541e-01   1.592384278774e-01   8.242452144623e-02  -1.349103301764e-01   2.004007697105e-01   1.330606732517e-02  -1.313725709915e-01 
  2.004007697105e-01   1.330606732517e-02  -1.313725709915e-01   0.000000000000e+00  -2.082481421530e-02  -1.735221743584e-01   0.000000000000e+00  -2.082481421530e-02  -1.735221743584e-01 
 -1.801037229598e-02  -8.707307279110e-03  -1.957103759050e-01   4.743400216103e-02   3.260184777901e-03  -1.446166634560e-01   8.770766109228e-02  -1.257426571101e-03  -1.371685266495e-01 
  8.724893629551e-02  -8.195572299883e-04  -1.283275485039e-01   8.962611854076e-02   4.159000236541e-04  -1.472357213497e-01   1.226525828242e-01  -4.631742089987e-02  -1.551702022552e-01 
  1.815452873707e-01  -5.686204880476e-02  -1.807851344347e-01   1.815452873707e-01  -5.686204880476e-02  -1.807851344347e-01   0.000000000000e+00  -1.171554177999e-01  -1.686198264360e-01 
  0.000000000000e+00  -1.171554177999e-01  -1.686198264360e-01   6.201540306211e-02  -6.051865592599e-02  -1.663901358843e-01   6.094077229500e-02  -1.003074124455e-01  -1.648009717464e-01 
  4.186457395554e-02  -1.195385307074e-01  -2.015281468630e-01   1.098262369633e-01  -4.292829334736e-02  -1.423594057560e-01   1.367694139481e-01   5.372832994908e-03  -1.326528787613e-01 
  1.504152715206e-01   3.185918182135e-02  -1.298143118620e-01   2.110727131367e-01  -1.115742232651e-02  -1.446176767349e-01   2.110727131367e-01  -1.115742232651e-02  -1.446176767349e-01 
  0.000000000000e+00  -1.148564219475e-01  -1.582270562649e-01   0.000000000000e+00  -1.148564219475e-01  -1.582270562649e-01   1.195322051644e-01  -2.410142496228e-02  -1.440645903349e-01 
 -4.091256763786e-03  -4.888123832643e-03  -1.454488337040e-01   4.151953384280e-02   6.120297126472e-03  -1.558464914560e-01   6.868023425341e-02  -1.742826104164e-01  -1.621796786785e-01 
  1.088146269321e-01  -8.252238482237e-02  -1.761804223061e-01   1.948257833719e-01  -3.892169147730e-02  -1.370093226433e-01   2.489886134863e-01   7.204958819784e-04  -1.335071176291e-01 
  2.489886134863e-01   7.204958819784e-04  -1.335071176291e-01   0.000000000000e+00  -2.300220280886e-01  -1.923396289349e-01   0.000000000000e+00  -2.300220280886e-01  -1.923396289349e-01 
  1.130307931453e-02  -8.837211132050e-02  -2.090660184622e-01   5.414957553148e-02  -2.369653992355e-02  -1.644141525030e-01   1.217159703374e-01   4.092349112034e-02  -1.376680880785e-01 
  8.194357901812e-02   1.414090115577e-02  -1.274351626635e-01   1.390511542559e-01  -9.386615711264e-04  -1.422051489353e-01   1.045868992805e-01  -1.628130376339e-01  -1.614760011435e-01 
  2.058788388968e-01  -9.588599950075e-02  -1.916031539440e-01   2.058788388968e-01  -9.588599950075e-02  -1.916031539440e-01   0.000000000000e+00   0.000000000000e+00  -1.454329341650e-01 
  0.000000000000e+00   0.000000000000e+00  -1.454329341650e-01  -3.309315070510e-02   0.000000000000e+00  -1.634482890368e-01   9.389431215823e-03   0.000000000000e+00  -1.586953699589e-01 
  9.396379441023e-02   0.000000000000e+00  -1.996892541647e-01   1.605652868748e-01   0.000000000000e+00  -1.441252678633e-01   2.117849588394e-01   0.000000000000e+00  -1.160807460546e-01 
  2.070347666740e-01   0.000000000000e+00  -1.182191520929e-01   3.162811994553e-01   0.000000000000e+00  -1.249961107969e-01   3.162811994553e-01   0.000000000000e+00  -1.249961107969e-01 
  0.000000000000e+00   0.000000000000e+00  -1.454329341650e-01   0.000000000000e+00   0.000000000000e+00  -1.454329341650e-01  -3.309315070510e-02   0.000000000000e+00  -1.634482890368e-01 
  9.389431215823e-03   0.000000000000e+00  -1.586953699589e-01   9.396379441023e-02   0.000000000000e+00  -1.996892541647e-01   1.605652868748e-01   0.000000000000e+00  -1.441252678633e-01 
  2.117849588394e-01   0.000000000000e+00  -1.160807460546e-01   2.070347666740e-01   0.000000000000e+00  -1.182191520929e-01   3.162811994553e-01   0.000000000000e+00  -1.249961107969e-01 
  3.162811994553e-01   0.000000000000e+00  -1.249961107969e-01   0.000000000000e+00  -1.329817175865e-01  -2.401473671198e-01   0.000000000000e+00  -1.329817175865e-01  -2.401473671198e-01 
  8.707209676504e-02  -1.048452407122e-01  -2.081751227379e-01   8.361246436834e-02  -6.316032260656e-02  -1.502389311790e-01   1.686715632677e-01  -4.076063260436e-02  -1.333436667919e-01 
  9.142477810383e-02  -3.994529694319e-02  -1.314564794302e-01   1.429430395365e-01  -7.068507373333e-02  -1.551544368267e-01   1.574048846960e-01  -7.673320174217e-02  -1.649585217237e-01 
  1.752735078335e-01  -1.319360584021e-01  -1.835878044367e-01   1.752735078335e-01  -1.319360584021e-01  -1.835878044367e-01   0.000000000000e+00  -1.329817175865e-01  -2.401473671198e-01 
  0.000000000000e+00  -1.329817175865e-01  -2.401473671198e-01   8.707209676504e-02  -1.048452407122e-01  -2.081751227379e-01   8.361246436834e-02  -6.316032260656e-02  -1.502389311790e-01 
  1.686715632677e-01  -4.076063260436e-02  -1.333436667919e-01   9.142477810383e-02  -3.994529694319e-02  -1.314564794302e-01   1.429430395365e-01  -7.068507373333e-02  -1.551544368267e-01 
  1.574048846960e-01  -7.673320174217e-02  -1.649585217237e-01   1.752735078335e-01  -1.319360584021e-01  -1.835878044367e-01   1.752735078335e-01  -1.319360584021e-01  -1.835878044367e-01 
  0.000000000000e+00   3.471790626645e-02  -1.934418678284e-01   0.000000000000e+00   3.471790626645e-02  -1.934418678284e-01   7.922817021608e-04  -7.751673460007e-02  -1.985104382038e-01 
  1.449199765921e-02  -2.883610427380e-01  -1.780481040478e-01   5.788956210017e-02  -2.205412983894e-01  -1.747297793627e-01   8.812554180622e-02  -1.249542161822e-01  -1.380556970835e-01 
  6.676153093576e-02  -4.288781061769e-02  -1.377938985825e-01   1.253232061863e-01   7.041128724813e-02  -1.304789036512e-01   1.291228979826e-01  -1.551944878884e-03  -1.450623124838e-01 
  1.291228979826e-01  -1.551944878884e-03  -1.450623124838e-01   0.000000000000e+00   1.871702633798e-02  -1.651752293110e-01   0.000000000000e+00   1.871702633798e-02  -1.651752293110e-01 
  5.598104000092e-02   6.631442229263e-04  -1.548118591309e-01  -8.947548456490e-03   5.492746829987e-02  -1.327732652426e-01   4.886011034250e-02   4.150617495179e-02  -1.366533041000e-01 
  1.239806339145e-01  -1.161132454872e-01  -1.418924331665e-01   1.093972250819e-01  -1.929706707597e-02  -1.770664900541e-01   1.592384278774e-01   8.242452144623e-02  -1.349103301764e-01 
  2.004007697105e-01   1.330606732517e-02  -1.313725709915e-01   2.004007697105e-01   1.330606732517e-02  -1.313725709915e-01   0.000000000000e+00  -2.082481421530e-02  -1.735221743584e-01 
  0.000000000000e+00  -2.082481421530e-02  -1.735221743584e-01  -1.801037229598e-02  -8.707307279110e-03  -1.957103759050e-01   4.743400216103e-02   3.260184777901e-03  -1.446166634560e-01 
  8.770766109228e-02  -1.257426571101e-03  -1.371685266495e-01   8.724893629551e-02  -8.195572299883e-04  -1.283275485039e-01   8.962611854076e-02   4.159000236541e-04  -1.472357213497e-01 
  1.226525828242e-01  -4.631742089987e-02  -1.551702022552e-01   1.815452873707e-01  -5.686204880476e-02  -1.807851344347e-01   1.815452873707e-01  -5.686204880476e-02  -1.807851344347e-01 
  0.000000000000e+00  -1.171554177999e-01  -1.686198264360e-01   0.000000000000e+00  -1.171554177999e-01  -1.686198264360e-01   6.201540306211e-02  -6.051865592599e-02  -1.663901358843e-01 
  6.094077229500e-02  -1.003074124455e-01  -1.648009717464e-01   4.186457395554e-02  -1.195385307074e-01  -2.015281468630e-01   1.098262369633e-01  -4.292829334736e-02  -1.423594057560e-01 
  1.367694139481e-01   5.372832994908e-03  -1.326528787613e-01   1.504152715206e-01   3.185918182135e-02  -1.298143118620e-01   2.110727131367e-01  -1.115742232651e-02  -1.446176767349e-01 
  2.110727131367e-01  -1.115742232651e-02  -1.446176767349e-01   0.000000000000e+00  -1.148564219475e-01  -1.582270562649e-01   0.000000000000e+00  -1.148564219475e-01  -1.582270562649e-01 
  1.195322051644e-01  -2.410142496228e-02  -1.440645903349e-01  -4.091256763786e-03  -4.888123832643e-03  -1.454488337040e-01   4.151953384280e-02   6.120297126472e-03  -1.558464914560e-01 
  6.868023425341e-02  -1.742826104164e-01  -1.621796786785e-01   1.088146269321e-01  -8.252238482237e-02  -1.761804223061e-01   1.948257833719e-01  -3.892169147730e-02  -1.370093226433e-01 
  2.489886134863e-01   7.204958819784e-04  -1.335071176291e-01   2.489886134863e-01   7.204958819784e-04  -1.335071176291e-01   0.000000000000e+00  -2.300220280886e-01  -1.923396289349e-01 
  0.000000000000e+00  -2.300220280886e-01  -1.923396289349e-01   1.130307931453e-02  -8.837211132050e-02  -2.090660184622e-01   5.414957553148e-02  -2.369653992355e-02  -1.644141525030e-01 
  1.217159703374e-01   4.092349112034e-02  -1.376680880785e-01   8.194357901812e-02   1.414090115577e-02  -1.274351626635e-01   1.390511542559e-01  -9.386615711264e-04  -1.422051489353e-01 
  1.045868992805e-01  -1.628130376339e-01  -1.614760011435e-01   2.058788388968e-01  -9.588599950075e-02  -1.916031539440e-01   2.058788388968e-01  -9.588599950075e-02  -1.916031539440e-01 
  0.000000000000e+00   0.000000000000e+00  -1.454329341650e-01   0.000000000000e+00   0.000000000000e+00  -1.454329341650e-01  -3.309315070510e-02   0.000000000000e+00  -1.634482890368e-01 
  9.389431215823e-03   0.000000000000e+00  -1.586953699589e-01   9.396379441023e-02   0.000000000000e+00  -1.996892541647e-01   1.605652868748e-01   0.000000000000e+00  -1.441252678633e-01 
  2.117849588394e-01   0.000000000000e+00  -1.160807460546e-01   2.070347666740e-01   0.000000000000e+00  -1.182191520929e-01   3.162811994553e-01   0.000000000000e+00  -1.249961107969e-01 
  3.162811994553e-01   0.000000000000e+00  -1.249961107969e-01   0.000000000000e+00   0.000000000000e+00  -1.454329341650e-01   0.000000000000e+00   0.000000000000e+00  -1.454329341650e-01 
 -3.309315070510e-02   0.000000000000e+00  -1.634482890368e-01   9.389431215823e-03   0.000000000000e+00  -1.586953699589e-01   9.396379441023e-02   0.000000000000e+00  -1.996892541647e-01 
  1.605652868748e-01   0.000000000000e+00  -1.441252678633e-01   2.117849588394e-01   0.000000000000e+00  -1.160807460546e-01   2.070347666740e-01   0.000000000000e+00  -1.182191520929e-01 
  3.162811994553e-01   0.000000000000e+00  -1.249961107969e-01   3.162811994553e-01   0.000000000000e+00  -1.249961107969e-01   0.000000000000e+00  -9.016098082066e-02  -1.272662997246e+00 
  0.000000000000e+00  -9.016098082066e-02  -1.272662997246e+00   4.687347710133e-01   8.398575335741e-02  -7.504281997681e-01   1.057050943375e+00   9.721752256155e-02  -3.982071280479e-01 
  7.683180570602e-01  -6.690531969070e-02  -5.758952498436e-01   4.032042026520e-01  -1.485564261675e-01   2.178976498544e-02   7.828546762466e-01  -1.652182824910e-02   4.545575007796e-02 
  8.900048136711e-01   8.856464177370e-03  -3.504147008061e-02   1.752247363329e-01  -4.459113255143e-02  -1.641220040619e-02   1.752247363329e-01  -4.459113255143e-02  -1.641220040619e-02 
  0.000000000000e+00  -9.016098082066e-02  -1.272662997246e+00   0.000000000000e+00  -9.016098082066e-02  -1.272662997246e+00   4.687347710133e-01   8.398575335741e-02  -7.504281997681e-01 
  1.057050943375e+00   9.721752256155e-02  -3.982071280479e-01   7.683180570602e-01  -6.690531969070e-02  -5.758952498436e-01   4.032042026520e-01  -1.485564261675e-01   2.178976498544e-02 
  7.828546762466e-01  -1.652182824910e-02   4.545575007796e-02   8.900048136711e-01   8.856464177370e-03  -3.504147008061e-02   1.752247363329e-01  -4.459113255143e-02  -1.641220040619e-02 
  1.752247363329e-01  -4.459113255143e-02  -1.641220040619e-02   0.000000000000e+00   2.499326504767e-02  -1.159344911575e+00   0.000000000000e+00   2.499326504767e-02  -1.159344911575e+00 
  2.463611662388e-01   1.888955384493e-02  -5.653134584427e-01   1.371192038059e-01   2.147144973278e-01  -4.201149344444e-01   5.830631852150e-01  -1.959960907698e-01   1.948252916336e-01 
  6.800672411919e-01  -2.148113697767e-01   9.456989169121e-02   4.821634590626e-01  -2.760782651603e-02   2.809547446668e-02   0.000000000000e+00   6.807661801577e-02  -6.952109187841e-02 
  0.000000000000e+00  -1.532164751552e-03  -5.493768677115e-02   0.000000000000e+00  -1.532164751552e-03  -5.493768677115e-02   0.000000000000e+00  -1.342303752899e-01  -7.418305277824e-01 
  0.000000000000e+00  -1.342303752899e-01  -7.418305277824e-01   2.645212709904e-01   4.300126805902e-03  -6.693469285965e-01   2.612646520138e-01   2.731281146407e-02  -8.204335570335e-01 
  2.471889704466e-01  -1.158942058682e-01  -8.432809710503e-01   3.140382468700e-01  -1.607567220926e-01  -3.936454653740e-01   1.621732860804e-01  -3.453089296818e-02  -2.293351665139e-02 
  1.566930860281e-01   8.037480711937e-02  -6.508966535330e-02   2.003446072340e-01   1.332496572286e-02  -6.862742453814e-02   2.003446072340e-01   1.332496572286e-02  -6.862742453814e-02 
  0.000000000000e+00   3.323247432709e-01  -7.438344359398e-01   0.000000000000e+00   3.323247432709e-01  -7.438344359398e-01   2.236152291298e-01   1.902790963650e-01  -4.401865899563e-01 
  4.214034378529e-01   7.299264520407e-02  -1.075133919716e+00  -9.681610018015e-02   7.235391736031e-01  -8.640044331551e-01   1.184181272984e-01   1.440540552139e-01  -6.982749104500e-01 
  9.774326533079e-02   7.938723079860e-03  -5.276427045465e-02   1.230463311076e-01  -4.620728269219e-02  -4.482980072498e-02   1.815534085035e-01  -5.686202272773e-02  -1.921486854553e-02 
  1.815534085035e-01  -5.686202272773e-02  -1.921486854553e-02   0.000000000000e+00  -1.834639906883e-02  -6.666572690010e-01   0.000000000000e+00  -1.834639906883e-02  -6.666572690010e-01 
  2.147201001644e-01  -1.269886493683e-01  -3.196121454239e-01   7.096017003059e-01   3.545445948839e-02  -1.085079431534e+00  -5.194437503815e-01   1.912929266691e-01  -5.566006302834e-01 
  1.845692694187e-01   5.943715199828e-02  -4.918236732483e-01   1.480641365051e-01   1.158374920487e-02  -6.734711676836e-02   1.503377258778e-01   3.146642446518e-02  -7.018569111824e-02 
  2.110386192799e-01  -1.114540826529e-02  -5.538231879473e-02   2.110386192799e-01  -1.114540826529e-02  -5.538231879473e-02   0.000000000000e+00   1.017761230469e-01  -1.169284462929e+00 
  0.000000000000e+00   1.017761230469e-01  -1.169284462929e+00   2.193540930748e-01  -3.188835680485e-01  -1.275156378746e+00   1.189529150724e-01   2.166289389133e-01  -1.165026903152e+00 
  4.430426657200e-01   4.822919070721e-01  -2.612625360489e-01   5.892664194107e-01   5.680840611458e-01  -3.388794660568e-01   1.028055071831e+00  -3.253833949566e-02  -2.381958067417e-02 
  1.957332044840e-01  -3.871459141374e-02  -6.299067288637e-02   2.489587217569e-01   6.983637576923e-04  -6.649288535118e-02   2.489587217569e-01   6.983637576923e-04  -6.649288535118e-02 
  0.000000000000e+00  -4.434182867408e-02  -9.344438314438e-01   0.000000000000e+00  -4.434182867408e-02  -9.344438314438e-01   2.898023724556e-01  -9.105570614338e-02  -1.332705020905e+00 
  4.325413107872e-01  -1.053497847170e-02  -1.208834767342e+00   4.030158817768e-01   3.942615389824e-01  -9.841336011887e-01   2.904812991619e-01   4.846004843712e-01  -1.000782370567e+00 
  1.581128984690e-01   2.157068438828e-02  -1.369477510452e+00   1.061662286520e-01  -1.593852788210e-01  -3.852399438620e-02   2.058901190758e-01  -9.590402245522e-02  -1.019147634506e+00 
  2.058901190758e-01  -9.590402245522e-02  -1.019147634506e+00   0.000000000000e+00   0.000000000000e+00  -5.936821103096e-01   0.000000000000e+00   0.000000000000e+00  -5.936821103096e-01 
  1.392351835966e-01  -4.696872783825e-04  -1.026062011719e+00   8.309487253428e-02   0.000000000000e+00  -1.221080303192e+00   1.843242645264e-01   1.310148537159e-01  -1.032572507858e+00 
 -3.994106873870e-02   2.524577826262e-02  -1.125762820244e+00   2.095568478107e-01   1.106750918552e-03  -1.395733356476e+00   2.068530470133e-01   9.459990337746e-07  -8.178084343672e-02 
  3.162808418274e-01   1.013474569024e-12  -1.085757970810e+00   3.162808418274e-01   1.013474569024e-12  -1.085757970810e+00   0.000000000000e+00   0.000000000000e+00  -5.936821103096e-01 
  0.000000000000e+00   0.000000000000e+00  -5.936821103096e-01   1.392351835966e-01  -4.696872783825e-04  -1.026062011719e+00   8.309487253428e-02   0.000000000000e+00  -1.221080303192e+00 
  1.843242645264e-01   1.310148537159e-01  -1.032572507858e+00  -3.994106873870e-02   2.524577826262e-02  -1.125762820244e+00   2.095568478107e-01   1.106750918552e-03  -1.395733356476e+00 
  2.068530470133e-01   9.459990337746e-07  -8.178084343672e-02   3.162808418274e-01   1.013474569024e-12  -1.085757970810e+00   3.162808418274e-01   1.013474569024e-12  -1.085757970810e+00 
  0.000000000000e+00   4.984762147069e-02  -1.091709136963e+00   0.000000000000e+00   4.984762147069e-02  -1.091709136963e+00   2.034756094217e-01   1.890358515084e-02  -2.793538570404e-01 
  3.625448346138e-01   7.044479250908e-02  -6.564753651619e-01   5.806499123573e-01  -1.072876080871e-01  -2.837586700916e-01   5.186114907265e-01   0.000000000000e+00  -5.248987674713e-01 
  8.927759528160e-01  -2.516830340028e-03  -7.299407720566e-01   9.184753298759e-01   1.215205620974e-02  -7.170910835266e-01   0.000000000000e+00  -1.657642424107e-02  -1.000000014901e-01 
  0.000000000000e+00  -1.657642424107e-02  -1.000000014901e-01   0.000000000000e+00   4.984762147069e-02  -1.091709136963e+00   0.000000000000e+00   4.984762147069e-02  -1.091709136963e+00 
  2.034756094217e-01   1.890358515084e-02  -2.793538570404e-01   3.625448346138e-01   7.044479250908e-02  -6.564753651619e-01   5.806499123573e-01  -1.072876080871e-01  -2.837586700916e-01 
  5.186114907265e-01   0.000000000000e+00  -5.248987674713e-01   8.927759528160e-01  -2.516830340028e-03  -7.299407720566e-01   9.184753298759e-01   1.215205620974e-02  -7.170910835266e-01 
  0.000000000000e+00  -1.657642424107e-02  -1.000000014901e-01   0.000000000000e+00  -1.657642424107e-02  -1.000000014901e-01   0.000000000000e+00   5.806956440210e-02  -6.538709402084e-01 
  0.000000000000e+00   5.806956440210e-02  -6.538709402084e-01   8.915609121323e-02  -1.795351132751e-02  -1.702679544687e-01   9.303209185600e-02   9.086342155933e-02  -2.052147537470e-01 
  0.000000000000e+00  -2.144763171673e-01   1.061567291617e-01   2.397469431162e-01  -2.610251009464e-01  -3.754081726074e-01   2.672097682953e-01   2.318254671991e-02  -5.272906422615e-01 
  5.122885704041e-01   2.655104361475e-02  -3.728043138981e-01   1.529999822378e-01   7.007461041212e-03  -1.151225864887e-01   1.529999822378e-01   7.007461041212e-03  -1.151225864887e-01 
  0.000000000000e+00   8.699567057192e-03  -1.290982067585e-01   0.000000000000e+00   8.699567057192e-03  -1.290982067585e-01   2.106259576976e-02   5.818543955684e-02  -2.989419102669e-01 
  3.371629863977e-02   1.214105337858e-01  -8.322236537933e-01   1.190456300974e-01  -1.840065121651e-01  -3.606825172901e-01   2.586692869663e-01  -2.335622906685e-01  -4.093869924545e-01 
  2.476792633533e-01  -8.507907390594e-02  -2.903578579426e-01   3.043042123318e-01   8.888890035450e-03  -1.481282263994e-01   2.030210047960e-01   1.190220005810e-02  -7.579634338617e-02 
  2.030210047960e-01   1.190220005810e-02  -7.579634338617e-02   0.000000000000e+00   3.801257014275e-01  -2.801553606987e-01   0.000000000000e+00   3.801257014275e-01  -2.801553606987e-01 
  6.909653544426e-02   4.236235618591e-01  -4.932711720467e-01   2.319299429655e-01   3.646171391010e-01  -5.947350263596e-01   1.425318419933e-01   5.573505163193e-01  -7.331251502037e-01 
  2.808995544910e-01   0.000000000000e+00  -6.250823140144e-01   3.557549417019e-01  -2.094824612141e-02  -1.656864136457e-01   2.106487900019e-01  -3.547130152583e-02  -5.495977401733e-02 
  1.864928454161e-01  -5.437491834164e-02  -1.965240947902e-02   1.864928454161e-01  -5.437491834164e-02  -1.965240947902e-02   0.000000000000e+00   2.604666166008e-02  -2.334940582514e-01 
  0.000000000000e+00   2.604666166008e-02  -2.334940582514e-01   4.603264480829e-02   4.341809153557e-01  -2.925083935261e-01   3.150323629379e-01   3.297453224659e-01  -8.354897499084e-01 
 -1.011713221669e-01   3.285166025162e-01  -5.983305573463e-01   5.288785696030e-01   5.015091896057e-01  -4.618498086929e-01   7.967029809952e-01   2.673714160919e-01  -3.557875752449e-01 
  5.266472101212e-01   8.094726502895e-02  -1.377485394478e-01   2.740003466606e-01  -5.772756412625e-03  -6.080557405949e-02   2.740003466606e-01  -5.772756412625e-03  -6.080557405949e-02 
  0.000000000000e+00   1.632387489080e-01  -1.639570444822e-01   0.000000000000e+00   1.632387489080e-01  -1.639570444822e-01   2.803837321699e-02   4.170072078705e-02  -4.796924889088e-01 
  1.825776696205e-01   3.410675525665e-01  -5.540853738785e-01   5.825334191322e-01   5.697410106659e-01   2.869903147221e-01   8.731878399849e-01   8.387324810028e-01  -3.458760082722e-01 
  1.365251660347e+00   5.514194965363e-01  -8.055666089058e-01   9.598046541214e-01   2.376964837313e-01  -2.657973468304e-01   5.511758327484e-01   2.032401412725e-02  -9.790129214525e-02 
  5.511758327484e-01   2.032401412725e-02  -9.790129214525e-02   0.000000000000e+00   1.303644776344e-01  -2.472813725471e-01   0.000000000000e+00   1.303644776344e-01  -2.472813725471e-01 
  7.601691037416e-02  -9.082846343517e-02  -8.366776704788e-01   2.630598247051e-01   5.973583459854e-02  -6.675440073013e-01   2.390227466822e-01   4.849317073822e-01  -4.313873946667e-01 
 -3.664375096560e-02   5.790900588036e-01  -4.224416911602e-01   7.648666501045e-01   4.675465524197e-01  -9.124135375023e-01   3.746543228626e-01  -4.150982946157e-02  -1.000000014901e-01 
  3.746543228626e-01  -2.707421593368e-02  -1.000000014901e-01   3.746543228626e-01  -2.707421593368e-02  -1.000000014901e-01   0.000000000000e+00   0.000000000000e+00  -4.576031863689e-01 
  0.000000000000e+00   0.000000000000e+00  -4.576031863689e-01   6.998194847256e-03   0.000000000000e+00  -3.101892471313e-01  -2.690622508526e-01   0.000000000000e+00  -1.686361879110e-01 
 -1.899274066091e-02   0.000000000000e+00   5.407311916351e-01  -2.289464920759e-01   7.119141053408e-03   4.574221372604e-01  -1.290204524994e-01   7.316284626722e-02  -7.856567502022e-01 
  1.841636747122e-01  -1.200933381915e-02  -8.983586728573e-02   1.866944283247e-01  -2.397076226771e-02  -8.875866532326e-01   1.866944283247e-01  -2.397076226771e-02  -8.875866532326e-01 
  0.000000000000e+00   0.000000000000e+00  -4.576031863689e-01   0.000000000000e+00   0.000000000000e+00  -4.576031863689e-01   6.998194847256e-03   0.000000000000e+00  -3.101892471313e-01 
 -2.690622508526e-01   0.000000000000e+00  -1.686361879110e-01  -1.899274066091e-02   0.000000000000e+00   5.407311916351e-01  -2.289464920759e-01   7.119141053408e-03   4.574221372604e-01 
 -1.290204524994e-01   7.316284626722e-02  -7.856567502022e-01   1.841636747122e-01  -1.200933381915e-02  -8.983586728573e-02   1.866944283247e-01  -2.397076226771e-02  -8.875866532326e-01 
  1.866944283247e-01  -2.397076226771e-02  -8.875866532326e-01   0.000000000000e+00   1.142982989550e-01  -3.057353496552e-01   0.000000000000e+00   1.142982989550e-01  -3.057353496552e-01 
 -7.748841773719e-03  -3.005912341177e-02  -4.416963160038e-01   4.459597766399e-01  -7.821824401617e-03   1.308714032173e+00   0.000000000000e+00  -1.313993036747e-01  -3.137386143208e-01 
  3.967782557011e-01  -6.089587137103e-02  -5.448631048203e-01   5.845303535461e-01   0.000000000000e+00  -7.042413949966e-01   0.000000000000e+00   7.226364221424e-03  -7.170910835266e-01 
  0.000000000000e+00  -4.727248568088e-03  -1.000000014901e-01   0.000000000000e+00  -4.727248568088e-03  -1.000000014901e-01   0.000000000000e+00   1.142982989550e-01  -3.057353496552e-01 
  0.000000000000e+00   1.142982989550e-01  -3.057353496552e-01  -7.748841773719e-03  -3.005912341177e-02  -4.416963160038e-01   4.459597766399e-01  -7.821824401617e-03   1.308714032173e+00 
  0.000000000000e+00  -1.313993036747e-01  -3.137386143208e-01   3.967782557011e-01  -6.089587137103e-02  -5.448631048203e-01   5.845303535461e-01   0.000000000000e+00  -7.042413949966e-01 
  0.000000000000e+00   7.226364221424e-03  -7.170910835266e-01   0.000000000000e+00  -4.727248568088e-03  -1.000000014901e-01   0.000000000000e+00  -4.727248568088e-03  -1.000000014901e-01 
  0.000000000000e+00  -5.415237322450e-02  -5.421247482300e-01   0.000000000000e+00  -5.415237322450e-02  -5.421247482300e-01  -5.032519623637e-02  -2.987546660006e-02  -5.112177729607e-01 
  1.693878024817e-01  -2.969089662656e-03  -2.323802411556e-01   1.106030680239e-02  -1.873836517334e-01  -1.000000014901e-01   0.000000000000e+00  -1.709018945694e-01  -4.112851917744e-01 
  1.749511957169e-01   1.517839077860e-02  -5.458011627197e-01   2.652710080147e-01   1.773757487535e-02  -5.245705246925e-01   1.608079969883e-01   9.312769398093e-03  -2.477928251028e-01 
  1.608079969883e-01   9.312769398093e-03  -2.477928251028e-01   0.000000000000e+00  -9.700168855488e-03  -3.890612125397e-01   0.000000000000e+00  -9.700168855488e-03  -3.890612125397e-01 
 -4.181693121791e-02   1.527384761721e-02  -5.902794599533e-01  -6.417123600841e-03   5.076035857201e-02  -6.143221259117e-01   5.260065197945e-02  -1.372932493687e-01  -2.817320823669e-01 
  1.509462743998e-01   0.000000000000e+00  -4.250165820122e-01   1.974914669991e-01  -2.800465002656e-02  -4.235775172710e-01   2.623397111893e-01  -6.501704338007e-04  -3.226743042469e-01 
  2.057280987501e-01   7.877442985773e-03  -1.256573051214e-01   2.057280987501e-01   7.877442985773e-03  -1.256573051214e-01   0.000000000000e+00   6.205745339394e-01  -3.750378489494e-01 
  0.000000000000e+00   6.205745339394e-01  -3.750378489494e-01   2.117720432580e-02   5.220952630043e-01  -5.842607021332e-01   1.109589561820e-01   4.550728499889e-01  -5.885699987411e-01 
  1.339756399393e-01   4.197514653206e-01  -6.356741786003e-01   4.758330583572e-01   0.000000000000e+00  -7.034022212029e-01   6.149553060532e-01  -1.880639791489e-02  -3.974327147007e-01 
  3.012647330761e-01  -2.802248485386e-02  -6.273715496063e-01   2.646707892418e-01  -4.785498604178e-02  -2.769386172295e-01   2.646707892418e-01  -4.785498604178e-02  -2.769386172295e-01 
  0.000000000000e+00   3.092034719884e-02  -4.394918978214e-01   0.000000000000e+00   3.092034719884e-02  -4.394918978214e-01   1.205237880349e-01   2.340460270643e-01  -3.918698132038e-01 
  2.103589922190e-01   2.785303294659e-01  -8.314957618713e-01   2.060139179230e-01   3.130174279213e-01  -5.257189869881e-01   8.918794989586e-01   6.821033954620e-01  -8.055666089058e-01 
  1.023958444595e+00   2.239669859409e-01  -6.478015184402e-01   3.965101242065e-01   0.000000000000e+00  -1.690851092339e+00   3.631565868855e-01  -4.035037010908e-03  -1.162186861038e+00 
  3.631565868855e-01  -4.035037010908e-03  -1.162186861038e+00   0.000000000000e+00  -2.180764265358e-02  -5.405646562576e-01   0.000000000000e+00  -2.180764265358e-02  -5.405646562576e-01 
  8.407394587994e-02  -1.219017431140e-02  -3.497055470943e-01   4.263651669025e-01  -1.300968695432e-02  -8.734340667725e-01   5.304405093193e-01   5.101995468140e-01  -2.656788825989e-01 
  1.385986328125e+00   8.851670622826e-01  -8.263012766838e-01   1.361558079720e+00   1.952501684427e-01  -8.168390989304e-01   3.446582853794e-01   0.000000000000e+00  -2.059909820557e+00 
  3.746543228626e-01  -4.372576717287e-03  -2.043851375580e+00   3.746543228626e-01  -4.372576717287e-03  -2.043851375580e+00   0.000000000000e+00   1.339702159166e-01  -4.375692307949e-01 
  0.000000000000e+00   1.339702159166e-01  -4.375692307949e-01   8.987476676702e-02   8.642484433949e-03  -2.542522549629e-02   5.800119042397e-01  -1.442426536232e-02  -1.041286826134e+00 
  5.826957821846e-01   1.128931194544e-01  -8.942610025406e-01   2.753479480743e-01   6.756453514099e-01  -3.307525813580e-01   0.000000000000e+00  -3.640434890985e-02  -1.000000014901e-01 
  3.224120438099e-01  -6.425160169601e-02  -2.082155227661e+00   4.268966019154e-01  -1.200933381915e-02  -2.029912948608e+00   4.268966019154e-01  -1.200933381915e-02  -2.029912948608e+00 
  0.000000000000e+00   0.000000000000e+00  -4.667199552059e-01   0.000000000000e+00   0.000000000000e+00  -4.667199552059e-01   9.605132788420e-02   0.000000000000e+00  -3.029835820198e-01 
  2.084347456694e-01   0.000000000000e+00  -8.975852727890e-01   2.259806729853e-02   0.000000000000e+00  -7.851276993752e-01  -1.781589090824e-01   0.000000000000e+00   4.899435937405e-01 
  0.000000000000e+00   0.000000000000e+00  -5.048227906227e-01   0.000000000000e+00   0.000000000000e+00  -1.000000014901e-01   0.000000000000e+00  -1.200933381915e-02  -1.143929958344e+00 
  0.000000000000e+00  -1.200933381915e-02  -1.143929958344e+00   0.000000000000e+00   0.000000000000e+00  -4.667199552059e-01   0.000000000000e+00   0.000000000000e+00  -4.667199552059e-01 
  9.605132788420e-02   0.000000000000e+00  -3.029835820198e-01   2.084347456694e-01   0.000000000000e+00  -8.975852727890e-01   2.259806729853e-02   0.000000000000e+00  -7.851276993752e-01 
 -1.781589090824e-01   0.000000000000e+00   4.899435937405e-01   0.000000000000e+00   0.000000000000e+00  -5.048227906227e-01   0.000000000000e+00   0.000000000000e+00  -1.000000014901e-01 
  0.000000000000e+00  -1.200933381915e-02  -1.143929958344e+00   0.000000000000e+00  -1.200933381915e-02  -1.143929958344e+00   0.000000000000e+00   2.784647606313e-02  -5.022715330124e-01 
  0.000000000000e+00   2.784647606313e-02  -5.022715330124e-01   1.054678671062e-02  -3.738324716687e-02  -4.995859861374e-01   8.233625441790e-02  -4.793492704630e-02   6.753950119019e-01 
  0.000000000000e+00  -6.098911538720e-02  -1.000000014901e-01   2.278318852186e-01  -6.776048988104e-02  -3.322951495647e-01   0.000000000000e+00  -4.408348817378e-03  -1.000000014901e-01 
  0.000000000000e+00  -2.980753546581e-03  -1.000000014901e-01   0.000000000000e+00  -2.010877477005e-03  -1.000000014901e-01   0.000000000000e+00  -2.010877477005e-03  -1.000000014901e-01 
  0.000000000000e+00   2.784647606313e-02  -5.022715330124e-01   0.000000000000e+00   2.784647606313e-02  -5.022715330124e-01   1.054678671062e-02  -3.738324716687e-02  -4.995859861374e-01 
  8.233625441790e-02  -4.793492704630e-02   6.753950119019e-01   0.000000000000e+00  -6.098911538720e-02  -1.000000014901e-01   2.278318852186e-01  -6.776048988104e-02  -3.322951495647e-01 
  0.000000000000e+00  -4.408348817378e-03  -1.000000014901e-01   0.000000000000e+00  -2.980753546581e-03  -1.000000014901e-01   0.000000000000e+00  -2.010877477005e-03  -1.000000014901e-01 
  0.000000000000e+00  -2.010877477005e-03  -1.000000014901e-01   0.000000000000e+00  -1.318669617176e-01  -2.750497162342e-01   0.000000000000e+00  -1.318669617176e-01  -2.750497162342e-01 
 -5.994978919625e-02  -7.654987275600e-02  -3.876122832298e-01   4.007592797279e-03  -6.416728347540e-02   3.829665854573e-02   1.051136329770e-01  -7.933215051889e-02  -1.000000014901e-01 
  0.000000000000e+00  -1.245939359069e-01  -1.000000014901e-01   1.281982511282e-01  -4.818498156965e-03  -3.327291607857e-01   1.352199018002e-01  -3.691780380905e-03  -3.114448487759e-01 
  1.571651250124e-01  -2.491854596883e-03  -2.310723066330e-01   1.571651250124e-01  -2.491854596883e-03  -2.310723066330e-01   0.000000000000e+00   1.128772869706e-01  -3.282923400402e-01 
  0.000000000000e+00   1.128772869706e-01  -3.282923400402e-01  -1.384452581406e-01   6.511453539133e-02  -3.866256177425e-01  -8.691605180502e-02   3.448595106602e-02  -3.866800963879e-01 
  1.934558711946e-02  -1.157982647419e-01  -1.843556910753e-01   9.378348290920e-02   0.000000000000e+00  -1.000000014901e-01   1.544600874186e-01  -1.046493556350e-02  -3.235371708870e-01 
  1.469806432724e-01  -3.102422691882e-03  -3.188518881798e-01   1.576930731535e-01  -2.000397536904e-03  -1.932050585747e-01   1.576930731535e-01  -2.000397536904e-03  -1.932050585747e-01 
  0.000000000000e+00   4.664014577866e-01  -3.745868206024e-01   0.000000000000e+00   4.664014577866e-01  -3.745868206024e-01   5.097345914692e-03   4.775391221046e-01  -4.187688529491e-01 
  2.378549426794e-02   4.717942178249e-01  -4.500052928925e-01   8.724141865969e-02   4.355377554893e-01  -5.114901661873e-01   5.067724585533e-01   5.230400711298e-02  -4.250864684582e-01 
  7.205852270126e-01  -8.022164693102e-04  -5.725626349449e-01   3.029409646988e-01  -8.965430897661e-04  -1.000000014901e-01   2.595651149750e-01  -7.455159793608e-04  -5.886526703835e-01 
  2.595651149750e-01  -7.455159793608e-04  -5.886526703835e-01   0.000000000000e+00   2.405743896961e-01  -3.285642564297e-01   0.000000000000e+00   2.405743896961e-01  -3.285642564297e-01 
  9.605213999748e-02   1.804462522268e-01  -2.271619290113e-01   0.000000000000e+00   1.449084579945e-01  -3.308648467064e-01   1.852597147226e-01   1.805265992880e-01  -4.973381459713e-01 
  8.717144131660e-01   5.084459781647e-01  -1.000000014901e-01   9.738255143166e-01   1.352129131556e-01  -8.362730741501e-01   3.094189167023e-01   0.000000000000e+00  -1.000000014901e-01 
  2.809655368328e-01  -2.994298702106e-03  -1.249469518661e+00   2.809655368328e-01  -2.994298702106e-03  -1.249469518661e+00   0.000000000000e+00   4.950200766325e-02  -5.584679245949e-01 
  0.000000000000e+00   4.950200766325e-02  -5.584679245949e-01   1.338423043489e-01  -3.303875029087e-02  -3.916973620653e-02   4.446538388729e-01   0.000000000000e+00  -4.682078659534e-01 
  4.484554827213e-01   8.676216006279e-02  -4.912026524544e-01   9.803799390793e-01   4.472528696060e-01  -1.000000014901e-01   9.881433844566e-01   6.995835155249e-02  -1.313740372658e+00 
  2.495957911015e-01   0.000000000000e+00  -2.029912948608e+00   2.066407650709e-01  -3.732091747224e-03  -2.034234523773e+00   2.066407650709e-01  -3.732091747224e-03  -2.034234523773e+00 
  0.000000000000e+00  -5.318760499358e-02  -8.411399722099e-01   0.000000000000e+00  -5.318760499358e-02  -8.411399722099e-01   1.419298648834e-01   1.598901674151e-02  -5.727485418320e-01 
  3.458511531353e-01   5.845111794770e-03  -8.983957767487e-01   4.101403653622e-01   4.473412781954e-02  -9.427301287651e-01   5.730836987495e-01   0.000000000000e+00  -2.357388496399e+00 
  6.203916072845e-01  -1.244801003486e-02  -1.189116477966e+00   1.861446946859e-01   0.000000000000e+00  -1.977670669556e+00   0.000000000000e+00  -5.932344123721e-03  -2.029912948608e+00 
  0.000000000000e+00  -5.932344123721e-03  -2.029912948608e+00   0.000000000000e+00   0.000000000000e+00  -3.998354375362e-01   0.000000000000e+00   0.000000000000e+00  -3.998354375362e-01 
  1.214570552111e-01   0.000000000000e+00  -7.335351109505e-01   2.250199466944e-01   7.936382316984e-04  -6.014807820320e-01   0.000000000000e+00   0.000000000000e+00  -1.108358621597e+00 
  4.812413454056e-01   0.000000000000e+00  -2.470531225204e+00   6.649260520935e-01   0.000000000000e+00  -2.378689050674e+00   6.583231091499e-01   0.000000000000e+00  -1.189116477966e+00 
  2.458676248789e-01  -5.771443713456e-03  -1.459854364395e+00   2.458676248789e-01  -5.771443713456e-03  -1.459854364395e+00   0.000000000000e+00   0.000000000000e+00  -3.998354375362e-01 
  0.000000000000e+00   0.000000000000e+00  -3.998354375362e-01   1.214570552111e-01   0.000000000000e+00  -7.335351109505e-01   2.250199466944e-01   7.936382316984e-04  -6.014807820320e-01 
  0.000000000000e+00   0.000000000000e+00  -1.108358621597e+00   4.812413454056e-01   0.000000000000e+00  -2.470531225204e+00   6.649260520935e-01   0.000000000000e+00  -2.378689050674e+00 
  6.583231091499e-01   0.000000000000e+00  -1.189116477966e+00   2.458676248789e-01  -5.771443713456e-03  -1.459854364395e+00   2.458676248789e-01  -5.771443713456e-03  -1.459854364395e+00 
  0.000000000000e+00   2.461744286120e-02  -1.057433962822e+00   0.000000000000e+00   2.461744286120e-02  -1.057433962822e+00   7.116671185941e-03  -3.143968060613e-02  -9.108116030693e-01 
  1.700518727303e-01  -2.077396027744e-02  -7.112638950348e-01   0.000000000000e+00  -9.689600765705e-02  -1.000000014901e-01   4.327361881733e-01  -1.075627189130e-02  -1.465454101562e-01 
  0.000000000000e+00  -3.987722564489e-03  -1.000000014901e-01   5.444142818451e-01  -3.987722564489e-03  -1.000000014901e-01   5.444142818451e-01  -1.993690617383e-03  -1.000000014901e-01 
  5.444142818451e-01  -1.993690617383e-03  -1.000000014901e-01   0.000000000000e+00   2.461744286120e-02  -1.057433962822e+00   0.000000000000e+00   2.461744286120e-02  -1.057433962822e+00 
  7.116671185941e-03  -3.143968060613e-02  -9.108116030693e-01   1.700518727303e-01  -2.077396027744e-02  -7.112638950348e-01   0.000000000000e+00  -9.689600765705e-02  -1.000000014901e-01 
  4.327361881733e-01  -1.075627189130e-02  -1.465454101562e-01   0.000000000000e+00  -3.987722564489e-03  -1.000000014901e-01   5.444142818451e-01  -3.987722564489e-03  -1.000000014901e-01 
  5.444142818451e-01  -1.993690617383e-03  -1.000000014901e-01   5.444142818451e-01  -1.993690617383e-03  -1.000000014901e-01   0.000000000000e+00   6.114066019654e-02  -1.212757825851e-01 
  0.000000000000e+00   6.114066019654e-02  -1.212757825851e-01  -9.756754338741e-02  -1.547649968415e-02  -5.160427689552e-01   1.686593145132e-02  -1.747563667595e-02  -5.924955606461e-01 
  8.372111916542e-01  -1.870367079973e-01  -3.779833018780e-01   0.000000000000e+00  -1.890709251165e-02  -1.000000014901e-01   5.190418288112e-02  -3.987722564489e-03  -1.000000014901e-01 
  2.722071409225e-01  -3.987722564489e-03  -1.000000014901e-01   2.722071409225e-01  -1.993808429688e-03  -3.718733191490e-01   2.722071409225e-01  -1.993808429688e-03  -3.718733191490e-01 
  0.000000000000e+00  -6.475953757763e-02  -2.502063512802e-01   0.000000000000e+00  -6.475953757763e-02  -2.502063512802e-01  -7.794699817896e-02  -5.189616233110e-02  -3.064237535000e-01 
 -5.551616102457e-02  -4.036478325725e-02  -3.817915916443e-01   8.222103118896e-01  -2.372836768627e-01  -3.184683918953e-01   1.132066965103e+00  -9.888014197350e-02  -1.469341516495e-01 
  3.143889605999e-01  -1.641724607907e-03  -1.369827687740e-01   1.650975793600e-01   0.000000000000e+00  -1.000000014901e-01   1.651038527489e-01  -8.208947838284e-04  -3.464023470879e-01 
  1.651038527489e-01  -8.208947838284e-04  -3.464023470879e-01   0.000000000000e+00  -7.981558144093e-02  -5.270838364959e-02   0.000000000000e+00  -7.981558144093e-02  -5.270838364959e-02 
 -2.297780476511e-02  -5.853232741356e-02  -9.389138966799e-02  -2.066308399662e-03  -1.317582279444e-02  -1.624765545130e-01   1.014015302062e-01  -1.365532875061e-01  -2.506029605865e-01 
  5.496422648430e-01  -1.440134197474e-01  -4.323455095291e-01   6.545129418373e-01  -7.893090369180e-04  -5.657154917717e-01   9.255622327328e-02   0.000000000000e+00  -1.000000014901e-01 
  8.616723865271e-02  -3.966069198214e-04  -5.169532895088e-01   8.616723865271e-02  -3.966069198214e-04  -5.169532895088e-01   0.000000000000e+00  -9.581476449966e-02  -3.339471817017e-01 
  0.000000000000e+00  -9.581476449966e-02  -3.339471817017e-01  -2.897911518812e-02  -5.584055557847e-02  -2.478643953800e-01   1.942600309849e-01  -4.043927043676e-02  -2.760058939457e-01 
  7.398677468300e-01  -2.197682112455e-02  -3.562999963760e-01   6.983988285065e-01   5.995536223054e-02  -6.176048517227e-01   8.597615957260e-01   1.457190327346e-02  -7.930483222008e-01 
  2.447947114706e-01   0.000000000000e+00  -1.000000014901e-01   2.197393327951e-01  -1.781679340638e-03  -8.347534537315e-01   2.197393327951e-01  -1.781679340638e-03  -8.347534537315e-01 
  0.000000000000e+00   4.675944894552e-02  -2.824472486973e-01   0.000000000000e+00   4.675944894552e-02  -2.824472486973e-01   3.696150332689e-02   2.743049152195e-02  -1.075707077980e-01 
  8.531735539436e-01   3.571708500385e-02  -2.930633723736e-01   2.104281663895e+00   2.780916541815e-02  -4.111468791962e-01   7.321066260338e-01   1.921502798796e-01  -1.214636921883e+00 
  8.181595206261e-01   2.733969502151e-02  -1.028196334839e+00   1.875339150429e-01   0.000000000000e+00  -1.000000014901e-01   1.420481055975e-01  -2.731021260843e-03  -8.963669538498e-01 
  1.420481055975e-01  -2.731021260843e-03  -8.963669538498e-01   0.000000000000e+00   1.454462110996e-01  -2.412173300982e-01   0.000000000000e+00   1.454462110996e-01  -2.412173300982e-01 
 -1.001737937331e-01   8.071760833263e-02  -6.943901628256e-02   2.503183603287e+00   7.992150634527e-02  -4.944620132446e-01   3.080358982086e+00   3.553067147732e-02  -1.093008399010e+00 
  4.357004165649e-01   2.588415984064e-03  -2.378689050674e+00   6.054114103317e-01  -5.321591626853e-03  -1.321742534637e+00   1.311925798655e-01   0.000000000000e+00  -1.000000014901e-01 
  0.000000000000e+00  -3.527232212946e-03  -1.000000014901e-01   0.000000000000e+00  -3.527232212946e-03  -1.000000014901e-01   0.000000000000e+00   0.000000000000e+00  -2.276830077171e-01 
  0.000000000000e+00   0.000000000000e+00  -2.276830077171e-01  -7.341070473194e-02   1.095947064459e-02  -3.016439080238e-01   3.670739829540e-01   1.642647944391e-02  -4.760567545891e-01 
  1.606736540794e+00   3.589840198401e-04  -1.000000014901e-01   5.730836987495e-01   0.000000000000e+00  -2.286846637726e+00   5.730836987495e-01   0.000000000000e+00  -2.378689050674e+00 
  0.000000000000e+00   0.000000000000e+00  -1.312845349312e+00   1.045028865337e-01  -3.333864035085e-03  -1.059377312660e+00   1.045028865337e-01  -3.333864035085e-03  -1.059377312660e+00 
  0.000000000000e+00   0.000000000000e+00  -2.276830077171e-01   0.000000000000e+00   0.000000000000e+00  -2.276830077171e-01  -7.341070473194e-02   1.095947064459e-02  -3.016439080238e-01 
  3.670739829540e-01   1.642647944391e-02  -4.760567545891e-01   1.606736540794e+00   3.589840198401e-04  -1.000000014901e-01   5.730836987495e-01   0.000000000000e+00  -2.286846637726e+00 
  5.730836987495e-01   0.000000000000e+00  -2.378689050674e+00   0.000000000000e+00   0.000000000000e+00  -1.312845349312e+00   1.045028865337e-01  -3.333864035085e-03  -1.059377312660e+00 
  1.045028865337e-01  -3.333864035085e-03  -1.059377312660e+00   0.000000000000e+00   1.099011376500e-01   3.001576662064e-01   0.000000000000e+00   1.099011376500e-01   3.001576662064e-01 
 -1.314589083195e-01   1.835779659450e-02  -2.095739841461e-01   0.000000000000e+00  -4.839890822768e-02  -6.164985895157e-01   8.538158535957e-01  -1.888198405504e-01  -3.420156538486e-01 
  1.028973102570e+00  -1.308829989284e-02  -5.014020949602e-02   0.000000000000e+00  -3.987722564489e-03  -1.000000014901e-01   5.129568576813e-01  -3.544515743852e-02  -1.458319902420e+00 
  5.758717060089e-01   0.000000000000e+00  -1.426862359047e+00   5.758717060089e-01   0.000000000000e+00  -1.426862359047e+00   0.000000000000e+00   1.099011376500e-01   3.001576662064e-01 
  0.000000000000e+00   1.099011376500e-01   3.001576662064e-01  -1.314589083195e-01   1.835779659450e-02  -2.095739841461e-01   0.000000000000e+00  -4.839890822768e-02  -6.164985895157e-01 
  8.538158535957e-01  -1.888198405504e-01  -3.420156538486e-01   1.028973102570e+00  -1.308829989284e-02  -5.014020949602e-02   0.000000000000e+00  -3.987722564489e-03  -1.000000014901e-01 
  5.129568576813e-01  -3.544515743852e-02  -1.458319902420e+00   5.758717060089e-01   0.000000000000e+00  -1.426862359047e+00   5.758717060089e-01   0.000000000000e+00  -1.426862359047e+00 
  0.000000000000e+00   2.121227607131e-02  -5.639021098614e-02   0.000000000000e+00   2.121227607131e-02  -5.639021098614e-02  -3.483720868826e-02   9.484271518886e-03  -1.742394566536e-01 
 -2.542201615870e-02  -3.117570579052e-01  -4.875268042088e-01   2.149447441101e+00  -3.752113878727e-01  -1.000000014901e-01   2.149447441101e+00  -2.929791435599e-02  -1.000000014901e-01 
  0.000000000000e+00  -3.987722564489e-03  -1.000000014901e-01   0.000000000000e+00   2.746971137822e-02  -1.000000014901e-01   0.000000000000e+00   0.000000000000e+00  -7.634311914444e-01 
  0.000000000000e+00   0.000000000000e+00  -7.634311914444e-01   0.000000000000e+00   7.388846576214e-02   1.238082572818e-01   0.000000000000e+00   7.388846576214e-02   1.238082572818e-01 
  1.068727113307e-02   5.629161000252e-02   7.203020900488e-02   4.303521476686e-03  -3.608621358871e-01  -3.909953683615e-02   2.149447441101e+00  -3.752113878727e-01   3.880025818944e-02 
  2.149447441101e+00  -1.385141313076e-01   5.058954656124e-02   4.417089223862e-01   0.000000000000e+00  -9.999987483025e-02   0.000000000000e+00   0.000000000000e+00  -1.000000014901e-01 
  0.000000000000e+00   0.000000000000e+00  -5.023959875107e-01   0.000000000000e+00   0.000000000000e+00  -5.023959875107e-01   0.000000000000e+00  -3.198240995407e-01  -2.150108963251e-01 
  0.000000000000e+00  -3.198240995407e-01  -2.150108963251e-01   8.480393141508e-02  -3.145592808723e-01  -2.119821757078e-01   0.000000000000e+00  -2.757188379765e-01  -1.956506669521e-01 
  0.000000000000e+00  -2.167896181345e-01  -8.003836870193e-02   1.147338747978e+00  -1.231871843338e-01  -1.483636815101e-02   5.481942892075e-01   0.000000000000e+00  -9.987784922123e-02 
  0.000000000000e+00   0.000000000000e+00  -1.000000014901e-01   0.000000000000e+00   0.000000000000e+00  -3.695799410343e-01   0.000000000000e+00   0.000000000000e+00  -3.695799410343e-01 
  0.000000000000e+00  -4.465164840221e-01  -1.007780209184e-01   0.000000000000e+00  -4.465164840221e-01  -1.007780209184e-01  -1.782247796655e-02  -4.349596202374e-01  -1.168507710099e-01 
  0.000000000000e+00   0.000000000000e+00  -1.338219195604e-01   0.000000000000e+00   0.000000000000e+00  -1.542611122131e-01   0.000000000000e+00  -2.105643041432e-02  -3.779083788395e-01 
  2.224171012640e-01   0.000000000000e+00  -7.355263829231e-01   2.045577168465e-01   0.000000000000e+00  -1.000000014901e-01   1.564980745316e-01  -9.962836338673e-05  -5.113391876221e-01 
  1.564980745316e-01  -9.962836338673e-05  -5.113391876221e-01   0.000000000000e+00  -2.121506631374e-01  -2.048446983099e-01   0.000000000000e+00  -2.121506631374e-01  -2.048446983099e-01 
 -4.279251024127e-02  -1.728367060423e-01  -1.793371438980e-01   3.080358982086e+00   0.000000000000e+00  -1.547138243914e-01   3.080358982086e+00   0.000000000000e+00  -1.795133501291e-01 
  0.000000000000e+00   1.611374504864e-02  -5.332049727440e-01   2.076105177402e-01   4.547511786222e-02  -8.402977585793e-01   1.700246334076e-01   2.036461606622e-03  -1.000000014901e-01 
  1.130287051201e-01  -1.291621825658e-03  -4.821047782898e-01   1.130287051201e-01  -1.291621825658e-03  -4.821047782898e-01   0.000000000000e+00   4.312311112881e-02   1.047166660428e-01 
  0.000000000000e+00   4.312311112881e-02   1.047166660428e-01  -1.291834264994e-01   1.043209955096e-01  -9.033622592688e-02   3.201091289520e+00   1.223994940519e-01  -1.013391464949e-01 
  2.959626674652e+00   1.667262869887e-03  -2.220713794231e-01   0.000000000000e+00   1.329434104264e-03  -6.867028474808e-01   1.806467771530e-01   1.386891934089e-03  -7.962026000023e-01 
  1.339551508427e-01   1.779649755917e-04  -1.000000014901e-01   0.000000000000e+00  -2.224323805422e-03  -1.000000014901e-01   0.000000000000e+00  -2.224323805422e-03  -1.000000014901e-01 
  0.000000000000e+00   0.000000000000e+00  -1.389017850161e-01   0.000000000000e+00   0.000000000000e+00  -1.389017850161e-01  -7.425932586193e-02   0.000000000000e+00  -1.800640374422e-01 
 -1.032974004745e+00   0.000000000000e+00  -9.516338258982e-02   9.976144433022e-01   7.003161008470e-04  -1.725574582815e-01   5.096958875656e-01   3.550921392161e-04  -1.000000014901e-01 
  0.000000000000e+00   1.795155403670e-04  -1.000000014901e-01   0.000000000000e+00   6.785064033465e-05  -7.007959485054e-01   5.238685384393e-02  -2.055626129732e-03  -7.497180700302e-01 
  5.238685384393e-02  -2.055626129732e-03  -7.497180700302e-01   0.000000000000e+00   0.000000000000e+00  -1.389017850161e-01   0.000000000000e+00   0.000000000000e+00  -1.389017850161e-01 
 -7.425932586193e-02   0.000000000000e+00  -1.800640374422e-01  -1.032974004745e+00   0.000000000000e+00  -9.516338258982e-02   9.976144433022e-01   7.003161008470e-04  -1.725574582815e-01 
  5.096958875656e-01   3.550921392161e-04  -1.000000014901e-01   0.000000000000e+00   1.795155403670e-04  -1.000000014901e-01   0.000000000000e+00   6.785064033465e-05  -7.007959485054e-01 
  5.238685384393e-02  -2.055626129732e-03  -7.497180700302e-01   5.238685384393e-02  -2.055626129732e-03  -7.497180700302e-01   0.000000000000e+00   1.121056303382e-01   3.701648414135e-01 
  0.000000000000e+00   1.121056303382e-01   3.701648414135e-01   1.559139490128e-01   5.819372832775e-02   2.013464421034e-01   1.094824895263e-01  -1.907832026482e-01  -2.045415490866e-01 
  0.000000000000e+00   0.000000000000e+00  -1.000000014901e-01   0.000000000000e+00   0.000000000000e+00   3.596336394548e-02   0.000000000000e+00  -1.993831712753e-03  -1.000000014901e-01 
  0.000000000000e+00   0.000000000000e+00  -1.395404934883e+00   0.000000000000e+00   0.000000000000e+00  -1.426862359047e+00   0.000000000000e+00   0.000000000000e+00  -1.426862359047e+00 
  0.000000000000e+00   1.121056303382e-01   3.701648414135e-01   0.000000000000e+00   1.121056303382e-01   3.701648414135e-01   1.559139490128e-01   5.819372832775e-02   2.013464421034e-01 
  1.094824895263e-01  -1.907832026482e-01  -2.045415490866e-01   0.000000000000e+00   0.000000000000e+00  -1.000000014901e-01   0.000000000000e+00   0.000000000000e+00   3.596336394548e-02 
  0.000000000000e+00  -1.993831712753e-03  -1.000000014901e-01   0.000000000000e+00   0.000000000000e+00  -1.395404934883e+00   0.000000000000e+00   0.000000000000e+00  -1.426862359047e+00 
  0.000000000000e+00   0.000000000000e+00  -1.426862359047e+00   0.000000000000e+00   2.129408717155e-02  -2.477737069130e-01   0.000000000000e+00   2.129408717155e-02  -2.477737069130e-01 
  3.694356977940e-02   2.892681956291e-02  -1.319282501936e-01   0.000000000000e+00  -3.752113878727e-01  -1.000000014901e-01   2.217656612396e+00  -3.070021271706e-01   2.402512580156e-01 
  2.081238031387e+00   0.000000000000e+00   1.720419973135e-01   0.000000000000e+00  -1.993855228648e-03  -1.000000014901e-01   0.000000000000e+00   0.000000000000e+00  -1.000000014901e-01 
  0.000000000000e+00   0.000000000000e+00  -7.634311914444e-01   0.000000000000e+00   0.000000000000e+00  -7.634311914444e-01   0.000000000000e+00  -1.994771808386e-01   3.928471803665e-01 
  0.000000000000e+00  -1.994771808386e-01   3.928471803665e-01   6.888850778341e-02  -1.401587761939e-02   2.608954310417e-01   3.737705200911e-02  -3.752113878727e-01   3.348348289728e-02 
  2.149447441101e+00  -4.434206485748e-01   1.720419973135e-01   2.149447441101e+00   0.000000000000e+00   1.735335141420e-01   0.000000000000e+00  -1.458357670344e-03  -9.999953955412e-02 
  0.000000000000e+00   0.000000000000e+00  -1.000000014901e-01   0.000000000000e+00   0.000000000000e+00  -5.023806095123e-01   0.000000000000e+00   0.000000000000e+00  -5.023806095123e-01 
  0.000000000000e+00  -2.069545686245e-01  -1.033295691013e-02   0.000000000000e+00  -2.069545686245e-01  -1.033295691013e-02   2.161709666252e-01  -2.999064624310e-01   1.394498199224e-01 
  0.000000000000e+00   0.000000000000e+00   9.585700184107e-02   0.000000000000e+00   0.000000000000e+00   1.534983962774e-01   0.000000000000e+00   0.000000000000e+00   1.650419980288e-01 
  0.000000000000e+00   0.000000000000e+00  -9.950008243322e-02   0.000000000000e+00   0.000000000000e+00  -1.000000014901e-01   0.000000000000e+00   0.000000000000e+00  -3.688164055347e-01 
  0.000000000000e+00   0.000000000000e+00  -3.688164055347e-01   0.000000000000e+00  -5.670440196991e-01  -2.080457098782e-02   0.000000000000e+00  -5.670440196991e-01  -2.080457098782e-02 
 -1.305263210088e-02  -4.689716100693e-01  -5.989036336541e-02   1.747920364141e-01  -3.554518222809e-01  -1.522419899702e-01   2.897272408009e-01   0.000000000000e+00  -1.580006629229e-01 
  2.518135905266e-01   0.000000000000e+00  -1.600512415171e-01   2.085839807987e-01   0.000000000000e+00  -2.158598750830e-01   1.453103125095e-01   0.000000000000e+00  -1.309138238430e-01 
  1.437178105116e-01  -2.600640618766e-05  -3.290792703629e-01   1.437178105116e-01  -2.600640618766e-05  -3.290792703629e-01   0.000000000000e+00  -6.200633049011e-01  -2.354764789343e-01 
  0.000000000000e+00  -6.200633049011e-01  -2.354764789343e-01  -1.479212939739e-01  -4.123137593269e-01  -1.267498880625e-01   4.494620561600e-01   2.361195534468e-01  -2.220713794231e-01 
  4.188596308231e-01   1.869474202394e-01  -1.634848713875e-01   2.380842715502e-01   1.457396149635e-01  -1.435654312372e-01   1.554683595896e-01   1.106950119138e-01  -2.381103336811e-01 
  1.150620505214e-01   4.976509138942e-02  -1.376197338104e-01   8.764313906431e-02   2.020359784365e-02  -2.925254106522e-01   8.764313906431e-02   2.020359784365e-02  -2.925254106522e-01 
  0.000000000000e+00   8.491170592606e-05  -3.419401645660e-01   0.000000000000e+00   8.491170592606e-05  -3.419401645660e-01  -3.747825622559e-01   1.266994476318e-01  -2.438999712467e-02 
 -1.629052758217e-01   2.848033607006e-01  -3.898911923170e-02   3.922003507614e-01   1.557501107454e-01  -1.048683524132e-01   0.000000000000e+00   1.055902242661e-01  -1.000000014901e-01 
  0.000000000000e+00   7.017544656992e-02  -2.322395890951e-01   0.000000000000e+00   3.034259192646e-02  -1.000000014901e-01   0.000000000000e+00   9.903818368912e-03  -1.000000014901e-01 
  0.000000000000e+00   9.903818368912e-03  -1.000000014901e-01   0.000000000000e+00   0.000000000000e+00  -2.266092002392e-01   0.000000000000e+00   0.000000000000e+00  -2.266092002392e-01 
 -5.276915073395e+00   0.000000000000e+00  -1.191269955598e-03  -4.687880039215e+00   0.000000000000e+00  -2.504356950521e-02   4.282196462154e-01   0.000000000000e+00  -5.977747961879e-02 
  2.989960312843e-01   2.618793211877e-02  -7.976283878088e-02   1.479773670435e-01   2.387470193207e-02  -1.000000014901e-01   6.726451218128e-02   1.354108285159e-02  -3.891033530235e-01 
  5.265148356557e-02   5.315418820828e-03  -5.191613435745e-01   5.265148356557e-02   5.315418820828e-03  -5.191613435745e-01   0.000000000000e+00   0.000000000000e+00  -2.266092002392e-01 
  0.000000000000e+00   0.000000000000e+00  -2.266092002392e-01  -5.276915073395e+00   0.000000000000e+00  -1.191269955598e-03  -4.687880039215e+00   0.000000000000e+00  -2.504356950521e-02 
  4.282196462154e-01   0.000000000000e+00  -5.977747961879e-02   2.989960312843e-01   2.618793211877e-02  -7.976283878088e-02   1.479773670435e-01   2.387470193207e-02  -1.000000014901e-01 
  6.726451218128e-02   1.354108285159e-02  -3.891033530235e-01   5.265148356557e-02   5.315418820828e-03  -5.191613435745e-01   5.265148356557e-02   5.315418820828e-03  -5.191613435745e-01 
  0.000000000000e+00   1.121056303382e-01   3.701648414135e-01   0.000000000000e+00   1.121056303382e-01   3.701648414135e-01   1.559139490128e-01   5.819372832775e-02   2.013464421034e-01 
  1.094824895263e-01  -1.907832026482e-01  -2.045415490866e-01   0.000000000000e+00   0.000000000000e+00  -1.000000014901e-01   0.000000000000e+00   0.000000000000e+00   3.596336394548e-02 
  0.000000000000e+00  -1.993831712753e-03  -1.000000014901e-01   0.000000000000e+00   0.000000000000e+00  -1.395404934883e+00   0.000000000000e+00   0.000000000000e+00  -1.426862359047e+00 
  0.000000000000e+00   0.000000000000e+00  -1.426862359047e+00   0.000000000000e+00   1.121056303382e-01   3.701648414135e-01   0.000000000000e+00   1.121056303382e-01   3.701648414135e-01 
  1.559139490128e-01   5.819372832775e-02   2.013464421034e-01   1.094824895263e-01  -1.907832026482e-01  -2.045415490866e-01   0.000000000000e+00   0.000000000000e+00  -1.000000014901e-01 
  0.000000000000e+00   0.000000000000e+00   3.596336394548e-02   0.000000000000e+00  -1.993831712753e-03  -1.000000014901e-01   0.000000000000e+00   0.000000000000e+00  -1.395404934883e+00 
  0.000000000000e+00   0.000000000000e+00  -1.426862359047e+00   0.000000000000e+00   0.000000000000e+00  -1.426862359047e+00   0.000000000000e+00   2.129408717155e-02  -2.477737069130e-01 
  0.000000000000e+00   2.129408717155e-02  -2.477737069130e-01   3.694356977940e-02   2.892681956291e-02  -1.319282501936e-01   0.000000000000e+00  -3.752113878727e-01  -1.000000014901e-01 
  2.217656612396e+00  -3.070021271706e-01   2.402512580156e-01   2.081238031387e+00   0.000000000000e+00   1.720419973135e-01   0.000000000000e+00  -1.993855228648e-03  -1.000000014901e-01 
  0.000000000000e+00   0.000000000000e+00  -1.000000014901e-01   0.000000000000e+00   0.000000000000e+00  -7.634311914444e-01   0.000000000000e+00   0.000000000000e+00  -7.634311914444e-01 
  0.000000000000e+00  -1.994771808386e-01   3.928471803665e-01   0.000000000000e+00  -1.994771808386e-01   3.928471803665e-01   6.888850778341e-02  -1.401587761939e-02   2.608954310417e-01 
  3.737705200911e-02  -3.752113878727e-01   3.348348289728e-02   2.149447441101e+00  -4.434206485748e-01   1.720419973135e-01   2.149447441101e+00   0.000000000000e+00   1.735335141420e-01 
  0.000000000000e+00  -1.458357670344e-03  -9.999953955412e-02   0.000000000000e+00   0.000000000000e+00  -1.000000014901e-01   0.000000000000e+00   0.000000000000e+00  -5.023806095123e-01 
  0.000000000000e+00   0.000000000000e+00  -5.023806095123e-01   0.000000000000e+00  -2.069545686245e-01  -1.033295691013e-02   0.000000000000e+00  -2.069545686245e-01  -1.033295691013e-02 
  2.161709666252e-01  -2.999064624310e-01   1.394498199224e-01   0.000000000000e+00   0.000000000000e+00   9.585700184107e-02   0.000000000000e+00   0.000000000000e+00   1.534983962774e-01 
  0.000000000000e+00   0.000000000000e+00   1.650419980288e-01   0.000000000000e+00   0.000000000000e+00  -9.950008243322e-02   0.000000000000e+00   0.000000000000e+00  -1.000000014901e-01 
  0.000000000000e+00   0.000000000000e+00  -3.688164055347e-01   0.000000000000e+00   0.000000000000e+00  -3.688164055347e-01   0.000000000000e+00  -5.670440196991e-01  -2.080457098782e-02 
  0.000000000000e+00  -5.670440196991e-01  -2.080457098782e-02  -1.305263210088e-02  -4.689716100693e-01  -5.989036336541e-02   1.747920364141e-01  -3.554518222809e-01  -1.522419899702e-01 
  2.897272408009e-01   0.000000000000e+00  -1.580006629229e-01   2.518135905266e-01   0.000000000000e+00  -1.600512415171e-01   2.085839807987e-01   0.000000000000e+00  -2.158598750830e-01 
  1.453103125095e-01   0.000000000000e+00  -1.309138238430e-01   1.437178105116e-01  -2.600640618766e-05  -3.290792703629e-01   1.437178105116e-01  -2.600640618766e-05  -3.290792703629e-01 
  0.000000000000e+00  -6.200633049011e-01  -2.354764789343e-01   0.000000000000e+00  -6.200633049011e-01  -2.354764789343e-01  -1.479212939739e-01  -4.123137593269e-01  -1.267498880625e-01 
  4.494620561600e-01   2.361195534468e-01  -2.220713794231e-01   4.188596308231e-01   1.869474202394e-01  -1.634848713875e-01   2.380842715502e-01   1.457396149635e-01  -1.435654312372e-01 
  1.554683595896e-01   1.106950119138e-01  -2.381103336811e-01   1.150620505214e-01   4.976509138942e-02  -1.376197338104e-01   8.764313906431e-02   2.020359784365e-02  -2.925254106522e-01 
  8.764313906431e-02   2.020359784365e-02  -2.925254106522e-01   0.000000000000e+00   8.491170592606e-05  -3.419401645660e-01   0.000000000000e+00   8.491170592606e-05  -3.419401645660e-01 
 -3.747825622559e-01   1.266994476318e-01  -2.438999712467e-02  -1.629052758217e-01   2.848033607006e-01  -3.898911923170e-02   3.922003507614e-01   1.557501107454e-01  -1.048683524132e-01 
  0.000000000000e+00   1.055902242661e-01  -1.000000014901e-01   0.000000000000e+00   7.017544656992e-02  -2.322395890951e-01   0.000000000000e+00   3.034259192646e-02  -1.000000014901e-01 
  0.000000000000e+00   9.903818368912e-03  -1.000000014901e-01   0.000000000000e+00   9.903818368912e-03  -1.000000014901e-01   0.000000000000e+00   0.000000000000e+00  -2.266092002392e-01 
  0.000000000000e+00   0.000000000000e+00  -2.266092002392e-01  -5.276915073395e+00   0.000000000000e+00  -1.191269955598e-03  -4.687880039215e+00   0.000000000000e+00  -2.504356950521e-02 
  4.282196462154e-01   0.000000000000e+00  -5.977747961879e-02   2.989960312843e-01   2.618793211877e-02  -7.976283878088e-02   1.479773670435e-01   2.387470193207e-02  -1.000000014901e-01 
  6.726451218128e-02   1.354108285159e-02  -3.891033530235e-01   5.265148356557e-02   5.315418820828e-03  -5.191613435745e-01   5.265148356557e-02   5.315418820828e-03  -5.191613435745e-01 
  0.000000000000e+00   0.000000000000e+00  -2.266092002392e-01   0.000000000000e+00   0.000000000000e+00  -2.266092002392e-01  -5.276915073395e+00   0.000000000000e+00  -1.191269955598e-03 
 -4.687880039215e+00   0.000000000000e+00  -2.504356950521e-02   4.282196462154e-01   0.000000000000e+00  -5.977747961879e-02   2.989960312843e-01   2.618793211877e-02  -7.976283878088e-02 
  1.479773670435e-01   2.387470193207e-02  -1.000000014901e-01   6.726451218128e-02   1.354108285159e-02  -3.891033530235e-01   5.265148356557e-02   5.315418820828e-03  -5.191613435745e-01 
  5.265148356557e-02   5.315418820828e-03  -5.191613435745e-01 

