# vtk DataFile Version 2.0
Written using VisIt writer
ASCII
DATASET RECTILINEAR_GRID
DIMENSIONS 10 10 10
X_COORDINATES 10 float
  0.000000000000e+00   5.000000000000e-01   1.000000000000e+00   1.500000000000e+00   2.000000000000e+00   2.500000000000e+00   3.000000000000e+00   3.500000000000e+00   4.000000000000e+00 
  4.500000000000e+00 
Y_COORDINATES 10 float
  0.000000000000e+00   5.000000000000e-01   1.000000000000e+00   1.500000000000e+00   2.000000000000e+00   2.500000000000e+00   3.000000000000e+00   3.500000000000e+00   4.000000000000e+00 
  4.500000000000e+00 
Z_COORDINATES 10 float
  0.000000000000e+00   5.000000000000e-01   1.000000000000e+00   1.500000000000e+00   2.000000000000e+00   2.500000000000e+00   3.000000000000e+00   3.500000000000e+00   4.000000000000e+00 
  4.500000000000e+00 
CELL_DATA 729
POINT_DATA 1000
VECTORS velocity float
  0.000000000000e+00  -1.636352986097e-01  -3.015203475952e-01   6.409009434272e-10   2.330132531370e-09   2.665739184948e-09   2.685248091439e-06   6.409978658972e-10   6.235323368742e-10 
 -5.221460759640e-02  -1.631071567535e-01  -3.767129182816e-01   6.700733301557e-10   8.142401683453e-13   1.357144891258e-19   6.337064206718e-10   1.724700808836e-07   6.410545982938e-10 
 -1.872106939554e-01  -1.939776241779e-01  -4.278590083122e-01   2.640485945449e-06   6.701442178958e-10   6.409694996989e-10   1.680083369138e-04   2.330132531370e-09   6.664347962371e-10 
 -9.018944203854e-02  -2.234148234129e-01  -6.254897117615e-01   0.000000000000e+00  -1.636352986097e-01  -3.015203475952e-01   6.409690556097e-10   8.142401683453e-13   1.356847106238e-19 
 -1.446126103401e-01  -1.957425177097e-01  -4.657161235809e-01  -5.221460759640e-02  -1.631071567535e-01  -3.767129182816e-01   6.409689445874e-10   6.409690556097e-10   6.409690556097e-10 
 -3.960507735610e-02  -1.576858162880e-01  -3.767885565758e-01  -1.872106939554e-01  -1.939776241779e-01  -4.278590083122e-01   1.356847106238e-19   6.336922098171e-10   6.409690556097e-10 
 -9.018944203854e-02  -2.234148234129e-01  -6.254897117615e-01  -9.018944203854e-02  -2.234148234129e-01  -6.254897117615e-01   0.000000000000e+00   4.004701226950e-02  -2.580407559872e-01 
  0.000000000000e+00   4.004701226950e-02  -2.580407559872e-01  -2.458382397890e-01   4.495235532522e-02  -3.594607412815e-01  -1.274148225784e-01  -5.927113071084e-02  -4.003748297691e-01 
 -1.389102190733e-01  -1.083415523171e-01  -4.681811034679e-01   8.905506879091e-02   4.191997647285e-02  -3.927093148232e-01   4.335780162364e-03   8.406219631433e-02  -3.712696731091e-01 
 -7.816691882908e-03   9.553596377373e-02  -3.394939601421e-01  -3.878539055586e-02   8.945537358522e-02  -4.017678201199e-01  -3.878539055586e-02   8.945537358522e-02  -4.017678201199e-01 
  0.000000000000e+00  -4.885863885283e-02  -2.617240846157e-01   0.000000000000e+00  -4.885863885283e-02  -2.617240846157e-01  -2.291629910469e-01   1.674039103091e-02  -3.668548762798e-01 
 -6.110301241279e-02   1.011213846505e-02  -3.385166227818e-01  -1.078464761376e-01  -5.011225491762e-02  -3.592649698257e-01  -6.835972517729e-02   2.400152571499e-02  -4.257405996323e-01 
 -1.412715315819e-01   2.286384813488e-02  -4.928086400032e-01   5.388714373112e-02   2.927733771503e-02  -3.478521406651e-01   2.067397348583e-02  -1.117554213852e-02  -3.787216544151e-01 
  2.067397348583e-02  -1.117554213852e-02  -3.787216544151e-01   0.000000000000e+00  -4.196120426059e-02  -2.995181083679e-01   0.000000000000e+00  -4.196120426059e-02  -2.995181083679e-01 
 -2.065384685993e-01  -8.800613135099e-02  -5.125702619553e-01   5.918347090483e-02  -3.385418653488e-02  -4.353743791580e-01  -2.413599938154e-02  -1.570399291813e-02  -3.978886902332e-01 
 -6.900794804096e-02   4.771758988500e-02  -3.672970831394e-01  -1.666114479303e-01   5.596156418324e-02  -3.701964914799e-01  -1.129565015435e-01  -4.374114796519e-02  -3.941249847412e-01 
 -1.035417839885e-01  -8.210749924183e-02  -5.665625333786e-01  -1.035417839885e-01  -8.210749924183e-02  -5.665625333786e-01   0.000000000000e+00   1.688861288130e-02  -2.522518932819e-01 
  0.000000000000e+00   1.688861288130e-02  -2.522518932819e-01  -1.481026560068e-01   1.016155406833e-01  -3.501021265984e-01  -1.667898446321e-01   6.294254958630e-02  -4.604222476482e-01 
 -1.639712750912e-01   3.319170325994e-02  -5.259382128716e-01   5.182942748070e-02   8.246092498302e-02  -3.220148682594e-01  -2.504768408835e-02   7.268022745848e-02  -3.149650990963e-01 
 -4.628871008754e-02   6.218171119690e-02  -2.825634777546e-01  -8.785589039326e-02   5.249545723200e-02  -3.384546041489e-01  -8.785589039326e-02   5.249545723200e-02  -3.384546041489e-01 
  0.000000000000e+00  -5.089445784688e-02  -2.801447510719e-01   0.000000000000e+00  -5.089445784688e-02  -2.801447510719e-01  -1.869017779827e-01   1.621978729963e-02  -4.146423339844e-01 
 -1.024095490575e-01   1.073754876852e-01  -3.652167916298e-01  -1.609434634447e-01   1.318742483854e-01  -4.454737007618e-01  -8.947179466486e-02   3.438367694616e-02  -4.815969765186e-01 
 -1.395310312510e-01  -1.494347676635e-02  -5.206573009491e-01   5.216510966420e-02  -3.961844369769e-02  -3.516055345535e-01   6.087200716138e-03  -4.821038991213e-02  -4.017823636532e-01 
  6.087200716138e-03  -4.821038991213e-02  -4.017823636532e-01   0.000000000000e+00  -1.202439367771e-01  -3.045373260975e-01   0.000000000000e+00  -1.202439367771e-01  -3.045373260975e-01 
 -2.278987616301e-01  -4.095583409071e-02  -4.576253592968e-01  -2.574874088168e-02   1.842305809259e-02  -3.642230629921e-01  -4.891676455736e-02   3.532185032964e-02  -3.737662732601e-01 
 -1.428695768118e-02   8.195794373751e-02  -3.209797441959e-01  -1.318169683218e-01   2.536996640265e-02  -3.496797084808e-01  -7.799214869738e-02  -1.226612403989e-01  -3.994427323341e-01 
 -8.045648783445e-02  -1.822731047869e-01  -5.181969404221e-01  -8.045648783445e-02  -1.822731047869e-01  -5.181969404221e-01   0.000000000000e+00   0.000000000000e+00  -2.466126829386e-01 
  0.000000000000e+00   0.000000000000e+00  -2.466126829386e-01  -2.115236520767e-01   0.000000000000e+00  -3.575501441956e-01  -1.199344322085e-01   0.000000000000e+00  -4.400526583195e-01 
 -1.247982233763e-01   0.000000000000e+00  -5.397838950157e-01   1.375364363194e-01   0.000000000000e+00  -3.735918700695e-01   3.997164964676e-02   0.000000000000e+00  -3.246588408947e-01 
  3.246118128300e-02   0.000000000000e+00  -3.105612099171e-01   4.419329017401e-02   0.000000000000e+00  -3.081333339214e-01   4.419329017401e-02   0.000000000000e+00  -3.081333339214e-01 
  0.000000000000e+00   0.000000000000e+00  -2.466126829386e-01   0.000000000000e+00   0.000000000000e+00  -2.466126829386e-01  -2.115236520767e-01   0.000000000000e+00  -3.575501441956e-01 
 -1.199344322085e-01   0.000000000000e+00  -4.400526583195e-01  -1.247982233763e-01   0.000000000000e+00  -5.397838950157e-01   1.375364363194e-01   0.000000000000e+00  -3.735918700695e-01 
  3.997164964676e-02   0.000000000000e+00  -3.246588408947e-01   3.246118128300e-02   0.000000000000e+00  -3.105612099171e-01   4.419329017401e-02   0.000000000000e+00  -3.081333339214e-01 
  4.419329017401e-02   0.000000000000e+00  -3.081333339214e-01   0.000000000000e+00  -1.636352986097e-01  -3.015203475952e-01   0.000000000000e+00  -1.636352986097e-01  -3.015203475952e-01 
 -1.446126103401e-01  -1.957425177097e-01  -4.657161235809e-01  -5.221460759640e-02  -1.631071567535e-01  -3.767129182816e-01  -7.759883999825e-02  -1.625462770462e-01  -3.592594563961e-01 
 -3.960507735610e-02  -1.576858162880e-01  -3.767885565758e-01  -1.872106939554e-01  -1.939776241779e-01  -4.278590083122e-01  -1.040774136782e-01  -1.991172134876e-01  -4.228109419346e-01 
 -9.018944203854e-02  -2.234148234129e-01  -6.254897117615e-01  -9.018944203854e-02  -2.234148234129e-01  -6.254897117615e-01   0.000000000000e+00  -1.636352986097e-01  -3.015203475952e-01 
  0.000000000000e+00  -1.636352986097e-01  -3.015203475952e-01  -1.446126103401e-01  -1.957425177097e-01  -4.657161235809e-01  -5.221460759640e-02  -1.631071567535e-01  -3.767129182816e-01 
 -7.759883999825e-02  -1.625462770462e-01  -3.592594563961e-01  -3.960507735610e-02  -1.576858162880e-01  -3.767885565758e-01  -1.872106939554e-01  -1.939776241779e-01  -4.278590083122e-01 
 -1.040774136782e-01  -1.991172134876e-01  -4.228109419346e-01  -9.018944203854e-02  -2.234148234129e-01  -6.254897117615e-01  -9.018944203854e-02  -2.234148234129e-01  -6.254897117615e-01 
  0.000000000000e+00   4.004701226950e-02  -2.580407559872e-01   0.000000000000e+00   4.004701226950e-02  -2.580407559872e-01  -2.458382397890e-01   4.495235532522e-02  -3.594607412815e-01 
 -1.274148225784e-01  -5.927113071084e-02  -4.003748297691e-01  -1.389102190733e-01  -1.083415523171e-01  -4.681811034679e-01   8.905506879091e-02   4.191997647285e-02  -3.927093148232e-01 
  4.335780162364e-03   8.406219631433e-02  -3.712696731091e-01  -7.816691882908e-03   9.553596377373e-02  -3.394939601421e-01  -3.878539055586e-02   8.945537358522e-02  -4.017678201199e-01 
 -3.878539055586e-02   8.945537358522e-02  -4.017678201199e-01   0.000000000000e+00  -4.885863885283e-02  -2.617240846157e-01   0.000000000000e+00  -4.885863885283e-02  -2.617240846157e-01 
 -2.291629910469e-01   1.674039103091e-02  -3.668548762798e-01  -6.110301241279e-02   1.011213846505e-02  -3.385166227818e-01  -1.078464761376e-01  -5.011225491762e-02  -3.592649698257e-01 
 -6.835972517729e-02   2.400152571499e-02  -4.257405996323e-01  -1.412715315819e-01   2.286384813488e-02  -4.928086400032e-01   5.388714373112e-02   2.927733771503e-02  -3.478521406651e-01 
  2.067397348583e-02  -1.117554213852e-02  -3.787216544151e-01   2.067397348583e-02  -1.117554213852e-02  -3.787216544151e-01   0.000000000000e+00  -4.196120426059e-02  -2.995181083679e-01 
  0.000000000000e+00  -4.196120426059e-02  -2.995181083679e-01  -2.065384685993e-01  -8.800613135099e-02  -5.125702619553e-01   5.918347090483e-02  -3.385418653488e-02  -4.353743791580e-01 
 -2.413599938154e-02  -1.570399291813e-02  -3.978886902332e-01  -6.900794804096e-02   4.771758988500e-02  -3.672970831394e-01  -1.666114479303e-01   5.596156418324e-02  -3.701964914799e-01 
 -1.129565015435e-01  -4.374114796519e-02  -3.941249847412e-01  -1.035417839885e-01  -8.210749924183e-02  -5.665625333786e-01  -1.035417839885e-01  -8.210749924183e-02  -5.665625333786e-01 
  0.000000000000e+00   1.688861288130e-02  -2.522518932819e-01   0.000000000000e+00   1.688861288130e-02  -2.522518932819e-01  -1.481026560068e-01   1.016155406833e-01  -3.501021265984e-01 
 -1.667898446321e-01   6.294254958630e-02  -4.604222476482e-01  -1.639712750912e-01   3.319170325994e-02  -5.259382128716e-01   5.182942748070e-02   8.246092498302e-02  -3.220148682594e-01 
 -2.504768408835e-02   7.268022745848e-02  -3.149650990963e-01  -4.628871008754e-02   6.218171119690e-02  -2.825634777546e-01  -8.785589039326e-02   5.249545723200e-02  -3.384546041489e-01 
 -8.785589039326e-02   5.249545723200e-02  -3.384546041489e-01   0.000000000000e+00  -5.089445784688e-02  -2.801447510719e-01   0.000000000000e+00  -5.089445784688e-02  -2.801447510719e-01 
 -1.869017779827e-01   1.621978729963e-02  -4.146423339844e-01  -1.024095490575e-01   1.073754876852e-01  -3.652167916298e-01  -1.609434634447e-01   1.318742483854e-01  -4.454737007618e-01 
 -8.947179466486e-02   3.438367694616e-02  -4.815969765186e-01  -1.395310312510e-01  -1.494347676635e-02  -5.206573009491e-01   5.216510966420e-02  -3.961844369769e-02  -3.516055345535e-01 
  6.087200716138e-03  -4.821038991213e-02  -4.017823636532e-01   6.087200716138e-03  -4.821038991213e-02  -4.017823636532e-01   0.000000000000e+00  -1.202439367771e-01  -3.045373260975e-01 
  0.000000000000e+00  -1.202439367771e-01  -3.045373260975e-01  -2.278987616301e-01  -4.095583409071e-02  -4.576253592968e-01  -2.574874088168e-02   1.842305809259e-02  -3.642230629921e-01 
 -4.891676455736e-02   3.532185032964e-02  -3.737662732601e-01  -1.428695768118e-02   8.195794373751e-02  -3.209797441959e-01  -1.318169683218e-01   2.536996640265e-02  -3.496797084808e-01 
 -7.799214869738e-02  -1.226612403989e-01  -3.994427323341e-01  -8.045648783445e-02  -1.822731047869e-01  -5.181969404221e-01  -8.045648783445e-02  -1.822731047869e-01  -5.181969404221e-01 
  0.000000000000e+00   0.000000000000e+00  -2.466126829386e-01   0.000000000000e+00   0.000000000000e+00  -2.466126829386e-01  -2.115236520767e-01   0.000000000000e+00  -3.575501441956e-01 
 -1.199344322085e-01   0.000000000000e+00  -4.400526583195e-01  -1.247982233763e-01   0.000000000000e+00  -5.397838950157e-01   1.375364363194e-01   0.000000000000e+00  -3.735918700695e-01 
  3.997164964676e-02   0.000000000000e+00  -3.246588408947e-01   3.246118128300e-02   0.000000000000e+00  -3.105612099171e-01   4.419329017401e-02   0.000000000000e+00  -3.081333339214e-01 
  4.419329017401e-02   0.000000000000e+00  -3.081333339214e-01   0.000000000000e+00   0.000000000000e+00  -2.466126829386e-01   0.000000000000e+00   0.000000000000e+00  -2.466126829386e-01 
 -2.115236520767e-01   0.000000000000e+00  -3.575501441956e-01  -1.199344322085e-01   0.000000000000e+00  -4.400526583195e-01  -1.247982233763e-01   0.000000000000e+00  -5.397838950157e-01 
  1.375364363194e-01   0.000000000000e+00  -3.735918700695e-01   3.997164964676e-02   0.000000000000e+00  -3.246588408947e-01   3.246118128300e-02   0.000000000000e+00  -3.105612099171e-01 
  4.419329017401e-02   0.000000000000e+00  -3.081333339214e-01   4.419329017401e-02   0.000000000000e+00  -3.081333339214e-01   0.000000000000e+00  -1.722137182951e-01  -4.032354354858e-01 
  0.000000000000e+00  -1.722137182951e-01  -4.032354354858e-01  -8.073507994413e-02  -2.014085501432e-01  -8.924624323845e-01  -9.532241523266e-02  -2.290616631508e-01  -1.308452367783e+00 
 -1.233350038528e-01  -2.354443222284e-01  -1.240507364273e+00  -2.898774854839e-02  -2.321739643812e-01  -1.297850847244e+00  -6.360407173634e-02  -2.453293651342e-01  -1.256499767303e+00 
 -3.203428909183e-02  -2.460022419691e-01  -1.225533962250e+00   2.986212819815e-02  -2.392581403255e-01  -1.133762240410e+00   2.986212819815e-02  -2.392581403255e-01  -1.133762240410e+00 
  0.000000000000e+00  -1.722137182951e-01  -4.032354354858e-01   0.000000000000e+00  -1.722137182951e-01  -4.032354354858e-01  -8.073507994413e-02  -2.014085501432e-01  -8.924624323845e-01 
 -9.532241523266e-02  -2.290616631508e-01  -1.308452367783e+00  -1.233350038528e-01  -2.354443222284e-01  -1.240507364273e+00  -2.898774854839e-02  -2.321739643812e-01  -1.297850847244e+00 
 -6.360407173634e-02  -2.453293651342e-01  -1.256499767303e+00  -3.203428909183e-02  -2.460022419691e-01  -1.225533962250e+00   2.986212819815e-02  -2.392581403255e-01  -1.133762240410e+00 
  2.986212819815e-02  -2.392581403255e-01  -1.133762240410e+00   0.000000000000e+00  -1.405931357294e-02  -3.360010087490e-01   0.000000000000e+00  -1.405931357294e-02  -3.360010087490e-01 
 -8.324699848890e-02  -5.602459609509e-02  -7.872027158737e-01  -1.019197702408e-01  -5.055687204003e-02  -1.248571515083e+00  -1.274453997612e-01  -5.240221694112e-02  -1.134474635124e+00 
 -3.849330917001e-02  -5.905981734395e-02  -1.275897383690e+00  -3.997069597244e-02  -4.553735628724e-02  -1.254251122475e+00  -2.812268212438e-02  -4.117437452078e-02  -1.291051506996e+00 
  3.510636463761e-02  -3.682127967477e-02  -1.263662338257e+00   3.510636463761e-02  -3.682127967477e-02  -1.263662338257e+00   0.000000000000e+00   6.408544629812e-02  -3.599121272564e-01 
  0.000000000000e+00   6.408544629812e-02  -3.599121272564e-01  -2.768994681537e-02   1.375814974308e-01  -7.560634613037e-01  -9.762167185545e-02   1.243526488543e-01  -1.345199346542e+00 
 -1.243272572756e-01   1.128546372056e-01  -1.285881519318e+00  -1.557794585824e-02   1.129917278886e-01  -1.304360270500e+00  -3.874141722918e-02   1.152335032821e-01  -1.155781626701e+00 
 -2.078983932734e-02   1.225719675422e-01  -1.226680874825e+00   3.580822795630e-02   1.224990412593e-01  -1.220669627190e+00   3.580822795630e-02   1.224990412593e-01  -1.220669627190e+00 
  0.000000000000e+00   2.557513304055e-03  -3.428984880447e-01   0.000000000000e+00   2.557513304055e-03  -3.428984880447e-01  -6.811157613993e-02  -2.458975836635e-02  -7.231763005257e-01 
 -8.389505743980e-02  -1.271835900843e-02  -1.288133025169e+00  -1.244823783636e-01  -1.018527895212e-02  -1.242097258568e+00  -2.167683281004e-02  -3.979037515819e-03  -1.290522336960e+00 
 -4.333252459764e-02   3.159517189488e-03  -1.212420701981e+00  -1.521827280521e-02   5.878718569875e-03  -1.173829913139e+00   3.694472461939e-02  -1.667127362452e-03  -1.106626391411e+00 
  3.694472461939e-02  -1.667127362452e-03  -1.106626391411e+00   0.000000000000e+00  -1.049258466810e-02  -3.595850765705e-01   0.000000000000e+00  -1.049258466810e-02  -3.595850765705e-01 
 -4.979656636715e-02  -4.692413657904e-02  -7.621104121208e-01  -8.199714124203e-02  -5.267434567213e-02  -1.241433382034e+00  -1.172189638019e-01  -5.032123997808e-02  -1.109870672226e+00 
 -2.590595744550e-03  -3.801343217492e-02  -1.231927514076e+00  -4.137782007456e-02  -3.458679094911e-02  -1.197456598282e+00  -2.471191994846e-02  -3.434185683727e-02  -1.203596711159e+00 
  5.283977463841e-02  -2.680652588606e-02  -1.175833225250e+00   5.283977463841e-02  -2.680652588606e-02  -1.175833225250e+00   0.000000000000e+00   2.448174543679e-02  -4.036478698254e-01 
  0.000000000000e+00   2.448174543679e-02  -4.036478698254e-01  -4.939683526754e-02   4.815967753530e-02  -8.229334354401e-01  -7.919652014971e-02   5.002396553755e-02  -1.345546603203e+00 
 -1.044407337904e-01   6.767796725035e-02  -1.258174180984e+00  -5.980166606605e-04   8.215765655041e-02  -1.162674188614e+00  -4.565714299679e-02   8.827587217093e-02  -1.143686890602e+00 
 -3.089020960033e-02   9.029563516378e-02  -1.181835889816e+00   4.317996650934e-02   9.493109583855e-02  -1.157834649086e+00   4.317996650934e-02   9.493109583855e-02  -1.157834649086e+00 
  0.000000000000e+00  -8.464109897614e-02  -3.254944086075e-01   0.000000000000e+00  -8.464109897614e-02  -3.254944086075e-01  -7.418326288462e-02  -1.072607338428e-01  -6.545377969742e-01 
 -6.992749124765e-02  -9.915255755186e-02  -1.285118460655e+00  -9.708374738693e-02  -8.541808277369e-02  -1.227638959885e+00   2.142775058746e-02  -7.924650609493e-02  -1.265708684921e+00 
 -3.837298601866e-02  -7.587818801403e-02  -1.212905049324e+00  -1.141565013677e-02  -6.008072569966e-02  -1.154620409012e+00   3.831247985363e-02  -6.331972777843e-02  -9.910058379173e-01 
  3.831247985363e-02  -6.331972777843e-02  -9.910058379173e-01   0.000000000000e+00   0.000000000000e+00  -4.027096033096e-01   0.000000000000e+00   0.000000000000e+00  -4.027096033096e-01 
 -8.116804808378e-02   0.000000000000e+00  -7.342767119408e-01  -9.043812006712e-02   0.000000000000e+00  -1.232584834099e+00  -9.809329360723e-02   0.000000000000e+00  -1.095075130463e+00 
  1.991109549999e-02   0.000000000000e+00  -1.262483477592e+00  -4.114001244307e-02   0.000000000000e+00  -1.249348163605e+00  -7.506552152336e-03   0.000000000000e+00  -1.234523773193e+00 
  3.507116064429e-02   0.000000000000e+00  -1.194656848907e+00   3.507116064429e-02   0.000000000000e+00  -1.194656848907e+00   0.000000000000e+00   0.000000000000e+00  -4.027096033096e-01 
  0.000000000000e+00   0.000000000000e+00  -4.027096033096e-01  -8.116804808378e-02   0.000000000000e+00  -7.342767119408e-01  -9.043812006712e-02   0.000000000000e+00  -1.232584834099e+00 
 -9.809329360723e-02   0.000000000000e+00  -1.095075130463e+00   1.991109549999e-02   0.000000000000e+00  -1.262483477592e+00  -4.114001244307e-02   0.000000000000e+00  -1.249348163605e+00 
 -7.506552152336e-03   0.000000000000e+00  -1.234523773193e+00   3.507116064429e-02   0.000000000000e+00  -1.194656848907e+00   3.507116064429e-02   0.000000000000e+00  -1.194656848907e+00 
  0.000000000000e+00  -9.145952016115e-02  -2.291396260262e-01   0.000000000000e+00  -9.145952016115e-02  -2.291396260262e-01  -1.585109904408e-02  -9.986055642366e-02  -7.005338668823e-01 
 -5.116299167275e-02  -1.108957752585e-01  -1.067992568016e+00  -1.181124001741e-01  -1.160763204098e-01  -1.005934238434e+00  -3.243171423674e-02  -1.088025495410e-01  -1.021615266800e+00 
 -5.427002906799e-02  -1.162373349071e-01  -1.029376149178e+00  -2.918416261673e-02  -1.173450499773e-01  -1.019189119339e+00   9.054119698703e-03  -1.172910109162e-01  -1.026407122612e+00 
  9.054119698703e-03  -1.172910109162e-01  -1.026407122612e+00   0.000000000000e+00  -9.145952016115e-02  -2.291396260262e-01   0.000000000000e+00  -9.145952016115e-02  -2.291396260262e-01 
 -1.585109904408e-02  -9.986055642366e-02  -7.005338668823e-01  -5.116299167275e-02  -1.108957752585e-01  -1.067992568016e+00  -1.181124001741e-01  -1.160763204098e-01  -1.005934238434e+00 
 -3.243171423674e-02  -1.088025495410e-01  -1.021615266800e+00  -5.427002906799e-02  -1.162373349071e-01  -1.029376149178e+00  -2.918416261673e-02  -1.173450499773e-01  -1.019189119339e+00 
  9.054119698703e-03  -1.172910109162e-01  -1.026407122612e+00   9.054119698703e-03  -1.172910109162e-01  -1.026407122612e+00   0.000000000000e+00  -2.805440686643e-02  -3.550103604794e-01 
  0.000000000000e+00  -2.805440686643e-02  -3.550103604794e-01  -2.215593494475e-02  -4.086336493492e-02  -7.833935618401e-01  -6.015424057841e-02  -2.713593095541e-02  -1.073879718781e+00 
 -1.126594617963e-01  -4.221747443080e-02  -1.000555634499e+00  -6.080194190145e-02  -5.033706128597e-02  -1.034156918526e+00  -3.139257058501e-02  -4.861178994179e-02  -1.049827575684e+00 
 -2.991703338921e-02  -4.667214676738e-02  -1.045278668404e+00   2.622251771390e-02  -2.781836315989e-02  -1.053214192390e+00   2.622251771390e-02  -2.781836315989e-02  -1.053214192390e+00 
  0.000000000000e+00   8.457868546247e-02  -3.567641377449e-01   0.000000000000e+00   8.457868546247e-02  -3.567641377449e-01  -4.553326219320e-02   8.741510659456e-02  -6.495566368103e-01 
 -2.156629227102e-02   8.564959466457e-02  -1.049763798714e+00  -9.609608352184e-02   7.106281071901e-02  -1.025604367256e+00  -3.782808408141e-02   9.640498459339e-02  -1.034099102020e+00 
 -3.644437342882e-02   9.394661337137e-02  -1.040659308434e+00  -2.981670200825e-02   1.050177738070e-01  -1.043890833855e+00   2.677366137505e-02   1.083402410150e-01  -9.556447267532e-01 
  2.677366137505e-02   1.083402410150e-01  -9.556447267532e-01   0.000000000000e+00   7.755343336612e-03  -3.051763474941e-01   0.000000000000e+00   7.755343336612e-03  -3.051763474941e-01 
 -3.263846784830e-02  -2.281849645078e-02  -7.095987200737e-01  -3.083347342908e-02  -1.230486109853e-02  -1.027820467949e+00  -1.021687164903e-01  -2.008687879425e-04  -9.734534621239e-01 
 -3.468994051218e-02   1.460982020944e-02  -9.969078898430e-01  -3.868785127997e-02   2.043407969177e-02  -9.919290542603e-01  -2.741461805999e-02   2.184761874378e-02  -9.958751797676e-01 
  1.101566664875e-02  -9.330144152045e-03  -9.653343558311e-01   1.101566664875e-02  -9.330144152045e-03  -9.653343558311e-01   0.000000000000e+00  -4.699349403381e-03  -2.459132671356e-01 
  0.000000000000e+00  -4.699349403381e-03  -2.459132671356e-01   1.664513163269e-02  -2.769851125777e-02  -6.785866618156e-01  -5.058726668358e-02  -5.558609962463e-02  -1.061001658440e+00 
 -9.683627635241e-02  -5.317497253418e-02  -8.971070647240e-01  -1.479948172346e-03  -2.796664647758e-02  -1.000372409821e+00  -4.048681259155e-02  -2.701584622264e-02  -9.627451896667e-01 
 -3.073874488473e-02  -1.818437874317e-02  -1.020300984383e+00   4.149708896875e-02  -1.138987112790e-02  -1.012484312057e+00   4.149708896875e-02  -1.138987112790e-02  -1.012484312057e+00 
  0.000000000000e+00   2.312958054245e-02  -2.309402376413e-01   0.000000000000e+00   2.312958054245e-02  -2.309402376413e-01  -3.457388281822e-02   4.177056998014e-02  -7.360799908638e-01 
 -3.671598806977e-02   7.079160958529e-02  -1.072951555252e+00  -8.554960787296e-02   8.697529137135e-02  -1.026339292526e+00  -1.450725551695e-02   8.957783132792e-02  -1.017973780632e+00 
 -4.581728205085e-02   9.294240176678e-02  -9.731118679047e-01  -4.140412807465e-02   7.684477418661e-02  -1.038527965546e+00   4.105553403497e-02   7.748927921057e-02  -1.030152678490e+00 
  4.105553403497e-02   7.748927921057e-02  -1.030152678490e+00   0.000000000000e+00  -8.911287039518e-02  -2.957736551762e-01   0.000000000000e+00  -8.911287039518e-02  -2.957736551762e-01 
 -3.188880532980e-02  -9.960132092237e-02  -6.907035708427e-01  -2.833526395261e-02  -9.230536967516e-02  -1.057615637779e+00  -6.836515665054e-02  -7.733076065779e-02  -1.019045233727e+00 
  1.196733489633e-02  -4.571207612753e-02  -1.014522433281e+00  -3.385537862778e-02  -3.977544233203e-02  -1.004487991333e+00  -2.840442024171e-02  -3.875530138612e-02  -1.018505334854e+00 
  5.960598587990e-03  -5.720018595457e-02  -9.651461243629e-01   5.960598587990e-03  -5.720018595457e-02  -9.651461243629e-01   0.000000000000e+00   0.000000000000e+00  -3.241447508335e-01 
  0.000000000000e+00   0.000000000000e+00  -3.241447508335e-01   1.311657112092e-02   0.000000000000e+00  -6.720976233482e-01  -6.514857709408e-02   0.000000000000e+00  -1.119425892830e+00 
 -6.339363753796e-02   0.000000000000e+00  -9.065449237823e-01   1.962745934725e-02   0.000000000000e+00  -1.020480871201e+00  -2.118537575006e-02   0.000000000000e+00  -1.014862895012e+00 
 -2.694856561720e-02   0.000000000000e+00  -1.057762742043e+00   1.363388728350e-02   0.000000000000e+00  -1.034942269325e+00   1.363388728350e-02   0.000000000000e+00  -1.034942269325e+00 
  0.000000000000e+00   0.000000000000e+00  -3.241447508335e-01   0.000000000000e+00   0.000000000000e+00  -3.241447508335e-01   1.311657112092e-02   0.000000000000e+00  -6.720976233482e-01 
 -6.514857709408e-02   0.000000000000e+00  -1.119425892830e+00  -6.339363753796e-02   0.000000000000e+00  -9.065449237823e-01   1.962745934725e-02   0.000000000000e+00  -1.020480871201e+00 
 -2.118537575006e-02   0.000000000000e+00  -1.014862895012e+00  -2.694856561720e-02   0.000000000000e+00  -1.057762742043e+00   1.363388728350e-02   0.000000000000e+00  -1.034942269325e+00 
  1.363388728350e-02   0.000000000000e+00  -1.034942269325e+00   0.000000000000e+00  -2.627200260758e-02  -2.175444960594e-01   0.000000000000e+00  -2.627200260758e-02  -2.175444960594e-01 
  3.281617537141e-02  -2.547210315242e-03  -5.249923467636e-01  -3.132029995322e-02  -8.569463156164e-03  -1.125072717667e+00  -1.152458637953e-01  -1.779281720519e-02  -1.084072351456e+00 
 -3.314194455743e-02  -1.893512532115e-02  -1.105428457260e+00  -5.096893757582e-02  -1.965353637934e-02  -1.120468735695e+00  -3.248209878802e-02  -1.592799089849e-02  -1.094197988510e+00 
  8.281526155770e-03  -1.261527277529e-02  -1.088364601135e+00   8.281526155770e-03  -1.261527277529e-02  -1.088364601135e+00   0.000000000000e+00  -2.627200260758e-02  -2.175444960594e-01 
  0.000000000000e+00  -2.627200260758e-02  -2.175444960594e-01   3.281617537141e-02  -2.547210315242e-03  -5.249923467636e-01  -3.132029995322e-02  -8.569463156164e-03  -1.125072717667e+00 
 -1.152458637953e-01  -1.779281720519e-02  -1.084072351456e+00  -3.314194455743e-02  -1.893512532115e-02  -1.105428457260e+00  -5.096893757582e-02  -1.965353637934e-02  -1.120468735695e+00 
 -3.248209878802e-02  -1.592799089849e-02  -1.094197988510e+00   8.281526155770e-03  -1.261527277529e-02  -1.088364601135e+00   8.281526155770e-03  -1.261527277529e-02  -1.088364601135e+00 
  0.000000000000e+00   3.044340759516e-02  -2.165669351816e-01   0.000000000000e+00   3.044340759516e-02  -2.165669351816e-01   2.109912969172e-02  -5.209979135543e-03  -5.334216356277e-01 
 -4.068630188704e-02  -2.248515374959e-02  -1.123098015785e+00  -1.100196838379e-01  -4.215446487069e-02  -1.057430505753e+00  -5.726289749146e-02  -4.555365815759e-02  -1.121536731720e+00 
 -3.409356251359e-02  -4.731956869364e-02  -1.058120965958e+00  -4.479016363621e-02  -3.928725048900e-02  -1.093338727951e+00   1.176802907139e-02  -2.535377070308e-02  -1.161438703537e+00 
  1.176802907139e-02  -2.535377070308e-02  -1.161438703537e+00   0.000000000000e+00   7.264713943005e-02  -1.843205988407e-01   0.000000000000e+00   7.264713943005e-02  -1.843205988407e-01 
  6.802424043417e-02   8.003112673759e-02  -4.094053506851e-01  -1.403874531388e-02   8.263660967350e-02  -1.143023729324e+00  -9.710460901260e-02   6.539699435234e-02  -1.156679272652e+00 
 -4.116665199399e-02   4.289130493999e-02  -1.164970755577e+00  -3.347200155258e-02  -4.314304515719e-02  -1.044951796532e+00  -5.966329202056e-02  -1.541889831424e-02  -1.027576208115e+00 
  1.475177146494e-02   5.182705819607e-02  -9.743326902390e-01   1.475177146494e-02   5.182705819607e-02  -9.743326902390e-01   0.000000000000e+00   2.483529271558e-03  -2.359832823277e-01 
  0.000000000000e+00   2.483529271558e-03  -2.359832823277e-01   5.341547355056e-02  -1.016748324037e-02  -5.196523666382e-01  -1.254718750715e-01  -1.478508766741e-02  -1.035652399063e+00 
 -1.192606016994e-01   2.372170565650e-03  -9.661033153534e-01  -3.124280087650e-02   2.766212075949e-02  -1.102620124817e+00  -3.782929852605e-02   4.288904741406e-02  -1.113978266716e+00 
 -4.353895410895e-02  -4.688661172986e-02  -1.048180103302e+00  -1.069874851964e-03  -1.147717610002e-02  -1.016830563545e+00  -1.069874851964e-03  -1.147717610002e-02  -1.016830563545e+00 
  0.000000000000e+00   1.741464994848e-02  -3.053850531578e-01   0.000000000000e+00   1.741464994848e-02  -3.053850531578e-01   7.541532814503e-02  -2.705723419785e-02  -4.995642602444e-01 
 -3.147486746311e-01  -2.577468380332e-02  -9.854369163513e-01  -1.460657715797e-01  -3.320030868053e-02  -6.402306556702e-01  -6.976845324971e-04  -2.476577088237e-02  -1.001888394356e+00 
 -4.205240681767e-02  -1.042934972793e-02  -1.052746176720e+00  -5.764285102487e-02  -9.606613893993e-04  -1.047489643097e+00   2.016951330006e-03  -8.142311125994e-03  -1.051523327827e+00 
  2.016951330006e-03  -8.142311125994e-03  -1.051523327827e+00   0.000000000000e+00   1.054870616645e-02  -2.249369174242e-01   0.000000000000e+00   1.054870616645e-02  -2.249369174242e-01 
  4.392376169562e-02   6.326235830784e-03  -4.956355392933e-01  -1.293935477734e-01  -6.456243246794e-02  -9.814562797546e-01  -1.109151914716e-01   2.185975946486e-02  -1.103585481644e+00 
 -1.505469437689e-02   8.647225797176e-02  -1.137689232826e+00  -5.170828476548e-02   6.534783542156e-02  -1.108356714249e+00  -1.345549374819e-01   5.474120751023e-02  -1.066593408585e+00 
 -4.822314903140e-02   4.665831476450e-02  -1.022158741951e+00  -4.822314903140e-02   4.665831476450e-02  -1.022158741951e+00   0.000000000000e+00  -6.516373902559e-02  -1.301645636559e-01 
  0.000000000000e+00  -6.516373902559e-02  -1.301645636559e-01   3.722015768290e-02  -8.238252997398e-02  -4.925098121166e-01  -2.533000893891e-02  -8.576449751854e-02  -1.089498639107e+00 
 -7.164464145899e-02  -7.377445697784e-02  -1.081684112549e+00   1.083423104137e-02  -3.719056025147e-02  -1.112451314926e+00  -3.775094822049e-02  -1.001990865916e-02  -1.090686082840e+00 
 -6.354629248381e-02   5.936128553003e-03  -1.004720449448e+00  -5.856450647116e-02  -3.054994530976e-02  -6.639186143875e-01  -5.856450647116e-02  -3.054994530976e-02  -6.639186143875e-01 
  0.000000000000e+00   0.000000000000e+00  -1.174237653613e-01   0.000000000000e+00   0.000000000000e+00  -1.174237653613e-01   5.367357749492e-03   0.000000000000e+00  -6.351951360703e-01 
 -4.825538024306e-02  -1.604348886758e-03  -1.137363076210e+00  -6.299892812967e-02  -1.751318341121e-04  -6.297580003738e-01   1.955618336797e-02  -1.444504596293e-04  -9.903334975243e-01 
 -2.188984863460e-02  -3.942255862057e-04  -1.092922687531e+00  -3.232885152102e-02   1.361662871204e-03  -1.131548881531e+00  -1.465629227459e-02   0.000000000000e+00  -8.069567680359e-01 
 -1.465629227459e-02   0.000000000000e+00  -8.069567680359e-01   0.000000000000e+00   0.000000000000e+00  -1.174237653613e-01   0.000000000000e+00   0.000000000000e+00  -1.174237653613e-01 
  5.367357749492e-03   0.000000000000e+00  -6.351951360703e-01  -4.825538024306e-02  -1.604348886758e-03  -1.137363076210e+00  -6.299892812967e-02  -1.751318341121e-04  -6.297580003738e-01 
  1.955618336797e-02  -1.444504596293e-04  -9.903334975243e-01  -2.188984863460e-02  -3.942255862057e-04  -1.092922687531e+00  -3.232885152102e-02   1.361662871204e-03  -1.131548881531e+00 
 -1.465629227459e-02   0.000000000000e+00  -8.069567680359e-01  -1.465629227459e-02   0.000000000000e+00  -8.069567680359e-01   0.000000000000e+00  -1.365897990763e-02  -1.114247888327e-01 
  0.000000000000e+00  -1.365897990763e-02  -1.114247888327e-01   5.938937142491e-02   3.432468324900e-02  -5.366826057434e-01   1.897232793272e-02   4.354438558221e-02  -1.000000014901e-01 
  0.000000000000e+00  -1.735029555857e-02  -1.000000014901e-01  -3.179600834846e-02  -2.454688958824e-02  -1.070526361465e+00  -4.446933418512e-02  -2.511460334063e-02  -9.378672242165e-01 
 -3.100959211588e-02  -2.103476412594e-02  -9.131414890289e-01   4.386248067021e-03  -1.649648882449e-02  -1.045136809349e+00   4.386248067021e-03  -1.649648882449e-02  -1.045136809349e+00 
  0.000000000000e+00  -1.365897990763e-02  -1.114247888327e-01   0.000000000000e+00  -1.365897990763e-02  -1.114247888327e-01   5.938937142491e-02   3.432468324900e-02  -5.366826057434e-01 
  1.897232793272e-02   4.354438558221e-02  -1.000000014901e-01   0.000000000000e+00  -1.735029555857e-02  -1.000000014901e-01  -3.179600834846e-02  -2.454688958824e-02  -1.070526361465e+00 
 -4.446933418512e-02  -2.511460334063e-02  -9.378672242165e-01  -3.100959211588e-02  -2.103476412594e-02  -9.131414890289e-01   4.386248067021e-03  -1.649648882449e-02  -1.045136809349e+00 
  4.386248067021e-03  -1.649648882449e-02  -1.045136809349e+00   0.000000000000e+00   8.209050446749e-02   9.263417869806e-02   0.000000000000e+00   8.209050446749e-02   9.263417869806e-02 
 -4.013551026583e-02   6.601290404797e-02  -9.550865739584e-02  -2.364269085228e-02   5.912242084742e-02  -6.978427767754e-01  -8.913371711969e-02  -4.127613082528e-02  -1.030999064445e+00 
 -4.597567021847e-02  -3.725435957313e-02  -7.932818531990e-01  -2.373387664557e-02  -3.944385424256e-02  -3.820307850838e-01  -2.713604643941e-02  -3.489969298244e-02  -3.620083928108e-01 
  1.292201923206e-03  -2.195575460792e-02  -6.822876930237e-01   1.292201923206e-03  -2.195575460792e-02  -6.822876930237e-01   0.000000000000e+00   1.176313683391e-01   1.284835636616e-01 
  0.000000000000e+00   1.176313683391e-01   1.284835636616e-01   2.997198607773e-03   1.039018109441e-01   4.491061263252e-04  -7.646296638995e-03   9.525048732758e-02  -6.428022384644e-01 
 -7.596550881863e-02   5.477001890540e-02  -8.852398395538e-01   0.000000000000e+00   2.280280925333e-02  -1.000000014901e-01   0.000000000000e+00  -1.979576051235e-02   5.229478478432e-01 
  0.000000000000e+00  -2.395374700427e-02   6.169117689133e-01   0.000000000000e+00   1.951821334660e-02   6.097110509872e-01   0.000000000000e+00   1.951821334660e-02   6.097110509872e-01 
  0.000000000000e+00   1.555785350502e-02   3.797306865454e-02   0.000000000000e+00   1.555785350502e-02   3.797306865454e-02   2.896656980738e-03   1.014004461467e-02  -9.378017485142e-02 
 -5.065919086337e-02  -6.173416506499e-03  -3.757103085518e-01  -7.461811602116e-02   3.861063625664e-03  -6.107850670815e-01  -2.862441912293e-02   2.459485456347e-02  -7.873767614365e-01 
 -2.562912926078e-02   1.955433748662e-02  -4.140025973320e-01  -2.637800388038e-02  -3.833859413862e-02  -1.048180103302e+00  -7.680321112275e-03  -1.274186652154e-02  -1.013714790344e+00 
 -7.680321112275e-03  -1.274186652154e-02  -1.013714790344e+00   0.000000000000e+00   2.684142440557e-02   2.469422072172e-01   0.000000000000e+00   2.684142440557e-02   2.469422072172e-01 
 -2.401705132797e-03   2.008254639804e-02  -1.677024737000e-02   0.000000000000e+00  -2.308305911720e-02   3.542432487011e-01   0.000000000000e+00  -2.533236518502e-02   3.266424238682e-01 
  0.000000000000e+00  -1.907258294523e-02  -9.847437143326e-01  -3.603418171406e-02  -2.405674429610e-03  -6.975661516190e-01  -3.381498530507e-02   0.000000000000e+00  -1.000000014901e-01 
 -1.248509716243e-02  -5.175570026040e-03  -6.886892318726e-01  -1.248509716243e-02  -5.175570026040e-03  -6.886892318726e-01   0.000000000000e+00  -1.141662150621e-02   7.881284505129e-02 
  0.000000000000e+00  -1.141662150621e-02   7.881284505129e-02   4.056488350034e-02  -3.475823439658e-03  -5.692474916577e-02  -3.719202429056e-02  -4.267678037286e-02  -3.442392945290e-01 
 -6.701523810625e-02  -4.946668166667e-03  -6.881334781647e-01  -1.657960563898e-02   7.731688767672e-02  -8.811507225037e-01   0.000000000000e+00   3.595001623034e-02  -1.000000014901e-01 
  0.000000000000e+00   0.000000000000e+00   5.285305380821e-01  -3.349348157644e-02   1.987019367516e-02  -1.905740648508e-01  -3.349348157644e-02   1.987019367516e-02  -1.905740648508e-01 
  0.000000000000e+00  -5.539109930396e-02  -2.441845089197e-02   0.000000000000e+00  -5.539109930396e-02  -2.441845089197e-02   1.032375497743e-03  -6.109505891800e-02  -1.350247263908e-01 
 -1.199114881456e-02  -7.060733437538e-02  -6.556526422501e-01  -5.724032223225e-02  -6.706651300192e-02  -9.918172359467e-01   6.365801207721e-03  -2.250307053328e-02  -1.057176709175e+00 
 -3.443823009729e-02   1.537060947157e-03  -7.100086808205e-01  -4.898278415203e-02   4.122949671000e-03  -1.826034486294e-01  -5.805472657084e-02  -2.121852338314e-02   4.905039072037e-01 
 -5.805472657084e-02  -2.121852338314e-02   4.905039072037e-01   0.000000000000e+00   0.000000000000e+00   7.891068607569e-02   0.000000000000e+00   0.000000000000e+00   7.891068607569e-02 
 -1.359500735998e-02   0.000000000000e+00  -8.982685208321e-02  -2.750200219452e-02  -2.026055241004e-03  -7.112299799919e-01  -5.399983003736e-02  -1.349342637695e-03  -6.437954902649e-01 
  1.642237603664e-02  -5.357846966945e-04  -9.916838407516e-01  -2.335735969245e-02   2.853405603673e-04  -1.018471598625e+00  -3.544882684946e-02   1.775371609256e-03  -7.343222498894e-01 
 -2.988005802035e-02   0.000000000000e+00  -1.000000014901e-01  -2.988005802035e-02   0.000000000000e+00  -1.000000014901e-01   0.000000000000e+00   0.000000000000e+00   7.891068607569e-02 
  0.000000000000e+00   0.000000000000e+00   7.891068607569e-02  -1.359500735998e-02   0.000000000000e+00  -8.982685208321e-02  -2.750200219452e-02  -2.026055241004e-03  -7.112299799919e-01 
 -5.399983003736e-02  -1.349342637695e-03  -6.437954902649e-01   1.642237603664e-02  -5.357846966945e-04  -9.916838407516e-01  -2.335735969245e-02   2.853405603673e-04  -1.018471598625e+00 
 -3.544882684946e-02   1.775371609256e-03  -7.343222498894e-01  -2.988005802035e-02   0.000000000000e+00  -1.000000014901e-01  -2.988005802035e-02   0.000000000000e+00  -1.000000014901e-01 
  0.000000000000e+00  -4.714117385447e-03  -2.769029140472e-01   0.000000000000e+00  -4.714117385447e-03  -2.769029140472e-01   2.992292307317e-02   5.508424341679e-02  -5.484293103218e-01 
  1.749559119344e-02   4.864624142647e-02   5.571911931038e-01   0.000000000000e+00   4.062967002392e-02  -1.000000014901e-01   0.000000000000e+00  -1.703154994175e-03  -7.127341032028e-01 
 -3.538601472974e-02  -1.449801307172e-02  -7.503731250763e-01  -2.729891054332e-02  -2.305930852890e-02  -7.293959259987e-01  -1.584134879522e-04  -1.771196350455e-02  -9.404867291451e-01 
 -1.584134879522e-04  -1.771196350455e-02  -9.404867291451e-01   0.000000000000e+00  -4.714117385447e-03  -2.769029140472e-01   0.000000000000e+00  -4.714117385447e-03  -2.769029140472e-01 
  2.992292307317e-02   5.508424341679e-02  -5.484293103218e-01   1.749559119344e-02   4.864624142647e-02   5.571911931038e-01   0.000000000000e+00   4.062967002392e-02  -1.000000014901e-01 
  0.000000000000e+00  -1.703154994175e-03  -7.127341032028e-01  -3.538601472974e-02  -1.449801307172e-02  -7.503731250763e-01  -2.729891054332e-02  -2.305930852890e-02  -7.293959259987e-01 
 -1.584134879522e-04  -1.771196350455e-02  -9.404867291451e-01  -1.584134879522e-04  -1.771196350455e-02  -9.404867291451e-01   0.000000000000e+00  -1.185573823750e-02   1.875782459974e-01 
  0.000000000000e+00  -1.185573823750e-02   1.875782459974e-01   2.776167355478e-02   5.372121185064e-02  -1.197997257113e-01   0.000000000000e+00   4.864624142647e-02   7.460499554873e-02 
 -8.992263115942e-03   3.499617427588e-02  -3.325656056404e-01  -3.152750059962e-02  -3.245466575027e-02  -5.518458485603e-01  -1.707296632230e-02   0.000000000000e+00  -2.818920314312e-01 
 -1.817473024130e-02  -3.261556848884e-02  -2.689788639545e-01  -2.788161626086e-03  -2.008316852152e-02  -4.817492365837e-01  -2.788161626086e-03  -2.008316852152e-02  -4.817492365837e-01 
  0.000000000000e+00   9.111396223307e-02  -1.492430269718e-01   0.000000000000e+00   9.111396223307e-02  -1.492430269718e-01   1.230753865093e-02   0.000000000000e+00  -1.454671621323e-01 
  8.108729496598e-03   1.733879558742e-02  -2.521974146366e-01  -2.501890622079e-02   3.329773992300e-02  -6.610198616982e-01   0.000000000000e+00   1.428694836795e-02  -1.000000014901e-01 
  0.000000000000e+00  -1.029455196112e-02  -1.000000014901e-01   0.000000000000e+00  -2.741694264114e-02  -1.000000014901e-01   0.000000000000e+00   1.671990728937e-03  -1.000000014901e-01 
  0.000000000000e+00   1.671990728937e-03  -1.000000014901e-01   0.000000000000e+00   1.718384958804e-02  -1.275131255388e-01   0.000000000000e+00   1.718384958804e-02  -1.275131255388e-01 
  3.800090029836e-02   1.652130857110e-02  -1.267237216234e-01   1.815958507359e-02   1.043710298836e-02  -1.956991553307e-01  -2.154141850770e-02   2.464316086844e-03  -3.804571032524e-01 
 -2.500506304204e-02   1.916590332985e-02  -5.512574911118e-01  -1.801341027021e-02   1.008267328143e-02  -3.025118410587e-01  -1.766702160239e-02  -3.484445065260e-02  -1.048180103302e+00 
 -1.038850657642e-02  -1.517557539046e-02  -9.979804158211e-01  -1.038850657642e-02  -1.517557539046e-02  -9.979804158211e-01   0.000000000000e+00   4.021507129073e-02  -1.778718531132e-01 
  0.000000000000e+00   4.021507129073e-02  -1.778718531132e-01   3.750518336892e-02   3.955495357513e-02  -1.696682274342e-01   0.000000000000e+00   1.042644865811e-02  -1.000000014901e-01 
  0.000000000000e+00  -8.823765441775e-03  -1.000000014901e-01   0.000000000000e+00  -1.465618796647e-02  -9.436271190643e-01  -3.100518509746e-02   6.807939498685e-04  -4.568361341953e-01 
 -2.259089425206e-02   0.000000000000e+00  -1.000000014901e-01  -1.724446006119e-02  -3.398206550628e-03  -4.551882445812e-01  -1.724446006119e-02  -3.398206550628e-03  -4.551882445812e-01 
  0.000000000000e+00   3.537218086421e-03   2.080808281898e-01   0.000000000000e+00   3.537218086421e-03   2.080808281898e-01   1.775899156928e-02   3.309695981443e-03   1.993413418531e-01 
  5.867230705917e-03  -1.283434499055e-02  -3.013520874083e-02  -2.417223155499e-02  -8.612365461886e-03  -3.602297008038e-01  -1.659123599529e-02   6.417498737574e-02  -6.624646782875e-01 
  0.000000000000e+00   2.145500667393e-02  -1.000000014901e-01   0.000000000000e+00   0.000000000000e+00  -1.000000014901e-01  -2.538490854204e-02   7.472750265151e-03  -1.508639901876e-01 
 -2.538490854204e-02   7.472750265151e-03  -1.508639901876e-01   0.000000000000e+00  -6.977779418230e-02  -2.195391207933e-01   0.000000000000e+00  -6.977779418230e-02  -2.195391207933e-01 
  7.197465002537e-02  -6.949609518051e-02  -2.167519778013e-01   5.783207342029e-02  -6.702285259962e-02  -3.035337924957e-01   7.413096725941e-03  -6.292977929115e-02  -6.774923205376e-01 
  4.601883701980e-03  -9.318678639829e-03  -9.292668700218e-01  -3.133752569556e-02   5.117518361658e-03  -4.664369523525e-01  -4.236286506057e-02   3.124807961285e-03  -1.463879048824e-01 
 -5.723565444350e-02  -1.608164422214e-02  -1.000000014901e-01  -5.723565444350e-02  -1.608164422214e-02  -1.000000014901e-01   0.000000000000e+00   0.000000000000e+00  -3.516351580620e-01 
  0.000000000000e+00   0.000000000000e+00  -3.516351580620e-01   4.472083598375e-02   0.000000000000e+00  -3.430011272430e-01   3.450432419777e-02  -8.783202501945e-04  -4.350378215313e-01 
 -1.906528370455e-03  -1.732749049552e-03  -5.590709447861e-01   1.155799161643e-02  -4.861749184784e-04  -9.853847622871e-01  -2.476913481951e-02   1.354160020128e-03  -8.589649796486e-01 
 -3.732641786337e-02   1.794994925149e-03  -4.805698692799e-01  -3.816866502166e-02   0.000000000000e+00  -1.000000014901e-01  -3.816866502166e-02   0.000000000000e+00  -1.000000014901e-01 
  0.000000000000e+00   0.000000000000e+00  -3.516351580620e-01   0.000000000000e+00   0.000000000000e+00  -3.516351580620e-01   4.472083598375e-02   0.000000000000e+00  -3.430011272430e-01 
  3.450432419777e-02  -8.783202501945e-04  -4.350378215313e-01  -1.906528370455e-03  -1.732749049552e-03  -5.590709447861e-01   1.155799161643e-02  -4.861749184784e-04  -9.853847622871e-01 
 -2.476913481951e-02   1.354160020128e-03  -8.589649796486e-01  -3.732641786337e-02   1.794994925149e-03  -4.805698692799e-01  -3.816866502166e-02   0.000000000000e+00  -1.000000014901e-01 
 -3.816866502166e-02   0.000000000000e+00  -1.000000014901e-01   0.000000000000e+00   1.081768423319e-02  -1.442799717188e-01   0.000000000000e+00   1.081768423319e-02  -1.442799717188e-01 
  7.026307750493e-03   4.507601633668e-02  -1.390892118216e-01   0.000000000000e+00   4.982807487249e-02   5.571911931038e-01   0.000000000000e+00   4.757352918386e-02  -1.000000014901e-01 
  0.000000000000e+00   2.682341076434e-02  -1.000000014901e-01  -2.190398052335e-02   3.485435736366e-04  -5.101101398468e-01  -2.325345575809e-02  -2.252773568034e-02  -5.782248973846e-01 
 -3.672273829579e-03  -1.817563176155e-02  -8.002608418465e-01  -3.672273829579e-03  -1.817563176155e-02  -8.002608418465e-01   0.000000000000e+00   1.081768423319e-02  -1.442799717188e-01 
  0.000000000000e+00   1.081768423319e-02  -1.442799717188e-01   7.026307750493e-03   4.507601633668e-02  -1.390892118216e-01   0.000000000000e+00   4.982807487249e-02   5.571911931038e-01 
  0.000000000000e+00   4.757352918386e-02  -1.000000014901e-01   0.000000000000e+00   2.682341076434e-02  -1.000000014901e-01  -2.190398052335e-02   3.485435736366e-04  -5.101101398468e-01 
 -2.325345575809e-02  -2.252773568034e-02  -5.782248973846e-01  -3.672273829579e-03  -1.817563176155e-02  -8.002608418465e-01  -3.672273829579e-03  -1.817563176155e-02  -8.002608418465e-01 
  0.000000000000e+00   5.226266384125e-02  -5.146811604500e-01   0.000000000000e+00   5.226266384125e-02  -5.146811604500e-01   3.718350827694e-02   5.160580947995e-02  -3.383633792400e-01 
  2.332164347172e-02   5.048463866115e-02  -2.272339351475e-02   1.167726982385e-02   4.601541906595e-02  -1.114645376801e-01  -4.296523053199e-03   2.197215333581e-02  -4.169894456863e-01 
 -1.327396184206e-02   1.489781890996e-03  -2.265077829361e-01  -1.298760809004e-02  -3.069937601686e-02  -2.175265252590e-01  -4.108753520995e-03  -1.974860019982e-02  -3.541101515293e-01 
 -4.108753520995e-03  -1.974860019982e-02  -3.541101515293e-01   0.000000000000e+00   5.379432812333e-02  -6.184057593346e-01   0.000000000000e+00   5.379432812333e-02  -6.184057593346e-01 
  5.737295746803e-02   4.747891798615e-02  -5.679219961166e-01   5.162805318832e-02   4.303672909737e-02  -4.397629499435e-01   3.453906252980e-02   4.105305299163e-02  -5.171205997467e-01 
  1.355049479753e-02   1.062721107155e-02  -1.000000014901e-01   0.000000000000e+00  -5.854661110789e-03  -1.000000014901e-01   0.000000000000e+00  -2.902111783624e-02  -1.000000014901e-01 
  0.000000000000e+00  -8.568102493882e-03  -1.000000014901e-01   0.000000000000e+00  -8.568102493882e-03  -1.000000014901e-01   0.000000000000e+00   1.973197050393e-02  -2.733811736107e-01 
  0.000000000000e+00   1.973197050393e-02  -2.733811736107e-01   5.763107538223e-02   1.973516680300e-02  -2.782905995846e-01   5.482081323862e-02   1.905643008649e-02  -2.545453011990e-01 
  3.718560561538e-02   1.463964115828e-02  -2.723469436169e-01   6.670485716313e-03   1.532175485045e-02  -4.062452018261e-01  -1.349482685328e-02   5.688935052603e-03  -2.408490628004e-01 
 -1.262480113655e-02  -3.319193050265e-02  -1.048180103302e+00  -1.111503597349e-02  -1.777892373502e-02  -9.766474366188e-01  -1.111503597349e-02  -1.777892373502e-02  -9.766474366188e-01 
  0.000000000000e+00   4.054299741983e-02  -2.926955223083e-01   0.000000000000e+00   4.054299741983e-02  -2.926955223083e-01   2.890063636005e-02   4.054213315248e-02  -2.926226556301e-01 
  0.000000000000e+00   3.466079011559e-02  -1.000000014901e-01   0.000000000000e+00   1.857969164848e-02  -1.000000014901e-01   0.000000000000e+00  -1.384414639324e-02  -3.269917368889e-01 
 -2.534413151443e-02   1.678925706074e-03  -3.158200085163e-01  -1.694062352180e-02   0.000000000000e+00  -1.000000014901e-01  -1.830511912704e-02  -2.428765641525e-03  -3.210311830044e-01 
 -1.830511912704e-02  -2.428765641525e-03  -3.210311830044e-01   0.000000000000e+00  -1.297024451196e-02  -4.347474873066e-01   0.000000000000e+00  -1.297024451196e-02  -4.347474873066e-01 
  6.460350006819e-02  -1.296110637486e-02  -4.343915283680e-01   6.071779504418e-02  -1.183082628995e-02  -3.661322891712e-01   4.113204404712e-02  -8.973115123808e-03  -3.337610960007e-01 
  1.371480990201e-02   5.677401274443e-02  -4.967304766178e-01   0.000000000000e+00   1.391061395407e-02  -1.000000014901e-01   0.000000000000e+00   0.000000000000e+00  -1.000000014901e-01 
 -2.029746770859e-02   1.560337026604e-03  -1.321434825659e-01  -2.029746770859e-02   1.560337026604e-03  -1.321434825659e-01   0.000000000000e+00  -2.313584834337e-02  -3.923715353012e-01 
  0.000000000000e+00  -2.313584834337e-02  -3.923715353012e-01   8.601884543896e-02  -2.316186577082e-02  -3.922729492188e-01   8.528064191341e-02  -2.631345018744e-02  -3.873279690742e-01 
  7.265932112932e-02  -3.527811914682e-02  -4.571610987186e-01   4.263664409518e-02  -2.181673189625e-03  -7.959121465683e-01  -2.711710333824e-02   5.804230924696e-03  -3.270930647850e-01 
 -3.904506936669e-02   2.498558955267e-03  -1.293148249388e-01  -5.625648796558e-02  -1.285868976265e-02  -1.000000014901e-01  -5.625648796558e-02  -1.285868976265e-02  -1.000000014901e-01 
  0.000000000000e+00   0.000000000000e+00  -4.003930389881e-01   0.000000000000e+00   0.000000000000e+00  -4.003930389881e-01   2.662830613554e-02   0.000000000000e+00  -4.003608226776e-01 
  2.679948881269e-02  -4.629134855350e-05  -4.017077982426e-01   2.265119925141e-02  -5.590247455984e-04  -4.426063895226e-01   1.826280914247e-02  -1.521670143120e-03  -7.263899445534e-01 
 -1.798735186458e-02   2.180559094995e-03  -6.806523203850e-01  -3.859778493643e-02   1.681272522546e-03  -3.355759382248e-01  -4.271204769611e-02   0.000000000000e+00  -1.000000014901e-01 
 -4.271204769611e-02   0.000000000000e+00  -1.000000014901e-01   0.000000000000e+00   0.000000000000e+00  -4.003930389881e-01   0.000000000000e+00   0.000000000000e+00  -4.003930389881e-01 
  2.662830613554e-02   0.000000000000e+00  -4.003608226776e-01   2.679948881269e-02  -4.629134855350e-05  -4.017077982426e-01   2.265119925141e-02  -5.590247455984e-04  -4.426063895226e-01 
  1.826280914247e-02  -1.521670143120e-03  -7.263899445534e-01  -1.798735186458e-02   2.180559094995e-03  -6.806523203850e-01  -3.859778493643e-02   1.681272522546e-03  -3.355759382248e-01 
 -4.271204769611e-02   0.000000000000e+00  -1.000000014901e-01  -4.271204769611e-02   0.000000000000e+00  -1.000000014901e-01   0.000000000000e+00  -7.092162221670e-02  -3.501896560192e-01 
  0.000000000000e+00  -7.092162221670e-02  -3.501896560192e-01   4.251191392541e-03  -3.528286144137e-02  -3.608435094357e-01   0.000000000000e+00  -1.097233593464e-02  -1.000000014901e-01 
  0.000000000000e+00   5.830660462379e-03  -1.000000014901e-01   0.000000000000e+00   1.250972226262e-02  -1.000000014901e-01  -1.015061698854e-02   6.337319035083e-03  -3.098727762699e-01 
 -1.825474388897e-02  -1.731053367257e-02  -4.492189586163e-01  -5.857523996383e-03  -1.793459244072e-02  -6.563442945480e-01  -5.857523996383e-03  -1.793459244072e-02  -6.563442945480e-01 
  0.000000000000e+00  -7.092162221670e-02  -3.501896560192e-01   0.000000000000e+00  -7.092162221670e-02  -3.501896560192e-01   4.251191392541e-03  -3.528286144137e-02  -3.608435094357e-01 
  0.000000000000e+00  -1.097233593464e-02  -1.000000014901e-01   0.000000000000e+00   5.830660462379e-03  -1.000000014901e-01   0.000000000000e+00   1.250972226262e-02  -1.000000014901e-01 
 -1.015061698854e-02   6.337319035083e-03  -3.098727762699e-01  -1.825474388897e-02  -1.731053367257e-02  -4.492189586163e-01  -5.857523996383e-03  -1.793459244072e-02  -6.563442945480e-01 
 -5.857523996383e-03  -1.793459244072e-02  -6.563442945480e-01   0.000000000000e+00  -2.177404006943e-03   3.038769364357e-01   0.000000000000e+00  -2.177404006943e-03   3.038769364357e-01 
 -4.521035775542e-02   4.127311054617e-03   1.965735703707e-01  -3.711878135800e-02   1.199162006378e-02   1.280656009912e-01  -2.701950073242e-02   1.887390576303e-02   5.404394119978e-02 
 -1.904060691595e-02   1.920223608613e-02  -8.311971276999e-02  -1.377836707979e-02   8.501926437020e-03  -1.796905994415e-01  -1.007444411516e-02  -2.571033127606e-02  -1.860271692276e-01 
 -4.378948360682e-03  -1.973892003298e-02  -2.747343480587e-01  -4.378948360682e-03  -1.973892003298e-02  -2.747343480587e-01   0.000000000000e+00   8.346072584391e-02   2.888788878918e-01 
  0.000000000000e+00   8.346072584391e-02   2.888788878918e-01  -6.181412935257e-02   8.230488747358e-02   2.846243381500e-01  -6.057399511337e-02   7.854960113764e-02   2.626870274544e-01 
 -5.518679693341e-02   7.151973247528e-02   1.920105814934e-01  -3.713288158178e-02   5.047922581434e-02  -1.000000014901e-01   0.000000000000e+00   7.381609641016e-03  -1.000000014901e-01 
  0.000000000000e+00  -2.845558896661e-02  -1.000000014901e-01   0.000000000000e+00  -1.446618977934e-02  -1.000000014901e-01   0.000000000000e+00  -1.446618977934e-02  -1.000000014901e-01 
  0.000000000000e+00   3.574009239674e-02   2.395400106907e-01   0.000000000000e+00   3.574009239674e-02   2.395400106907e-01  -2.512131445110e-02   3.572401776910e-02   2.395845204592e-01 
 -2.485914342105e-02   3.554483503103e-02   2.317473739386e-01  -2.219322510064e-02   3.400875627995e-02   1.802805960178e-01  -1.618084125221e-02   2.953046932817e-02  -1.934012398124e-02 
 -1.249675638974e-02   1.025636587292e-02  -1.903703957796e-01  -9.670375846326e-03  -3.100087493658e-02  -1.779310703278e-01  -1.097749453038e-02  -1.975217461586e-02  -7.637823224068e-01 
 -1.097749453038e-02  -1.975217461586e-02  -7.637823224068e-01   0.000000000000e+00   6.138899922371e-02   1.407288312912e-01   0.000000000000e+00   6.138899922371e-02   1.407288312912e-01 
 -1.861299760640e-02   6.138896942139e-02   1.407288908958e-01   0.000000000000e+00   6.081998348236e-02  -1.000000014901e-01   0.000000000000e+00   5.567300319672e-02  -1.000000014901e-01 
  0.000000000000e+00   3.906021639705e-02  -1.000000014901e-01  -1.235203165561e-02   3.167667891830e-03  -2.388807237148e-01  -1.382174808532e-02   0.000000000000e+00  -1.000000014901e-01 
 -1.799153350294e-02  -1.903792843223e-03  -2.435525655746e-01  -1.799153350294e-02  -1.903792843223e-03  -2.435525655746e-01   0.000000000000e+00  -2.233684249222e-02   1.547448784113e-01 
  0.000000000000e+00  -2.233684249222e-02   1.547448784113e-01   6.235546898097e-03  -2.233684062958e-02   1.547447890043e-01   6.406940985471e-03  -2.208644710481e-02   1.479319930077e-01 
  7.798170205206e-03  -2.003325335681e-02   1.018362268806e-01   8.787912316620e-03  -8.701628074050e-03  -1.501740813255e-01   0.000000000000e+00   1.033213175833e-02  -1.000000014901e-01 
  0.000000000000e+00   0.000000000000e+00  -1.000000014901e-01  -1.683316193521e-02  -1.327920937911e-03  -1.219592094421e-01  -1.683316193521e-02  -1.327920937911e-03  -1.219592094421e-01 
  0.000000000000e+00  -8.756197243929e-02  -3.841923607979e-04   0.000000000000e+00  -8.756197243929e-02  -3.841923607979e-04  -6.182523793541e-04  -8.756196498871e-02  -3.842541482300e-04 
 -5.670955288224e-04  -8.732985705137e-02  -4.570159071591e-04   1.168371178210e-03  -8.410431444645e-02  -1.933766156435e-02   7.642045151442e-03  -6.983892619610e-02  -2.270848155022e-01 
 -1.012142840773e-02   5.541453603655e-03  -2.489286512136e-01  -3.690832853317e-02   2.072112867609e-03  -1.200267747045e-01  -5.520731210709e-02  -1.066401042044e-02  -1.000000014901e-01 
 -5.520731210709e-02  -1.066401042044e-02  -1.000000014901e-01   0.000000000000e+00   0.000000000000e+00   9.187528491020e-02   0.000000000000e+00   0.000000000000e+00   9.187528491020e-02 
 -2.869263850152e-02   0.000000000000e+00   9.187520295382e-02  -2.866901084781e-02  -7.736436913319e-08   9.143947064877e-02  -2.755953557789e-02  -3.869372449117e-05   6.866266578436e-02 
 -2.066140435636e-02  -6.186716491356e-04  -1.390776485205e-01  -1.888880133629e-02   2.535281470045e-03  -5.399641394615e-01  -3.869374096394e-02   1.534519949928e-03  -2.522284984589e-01 
 -4.516187682748e-02   0.000000000000e+00  -1.000000014901e-01  -4.516187682748e-02   0.000000000000e+00  -1.000000014901e-01   0.000000000000e+00   0.000000000000e+00   9.187528491020e-02 
  0.000000000000e+00   0.000000000000e+00   9.187528491020e-02  -2.869263850152e-02   0.000000000000e+00   9.187520295382e-02  -2.866901084781e-02  -7.736436913319e-08   9.143947064877e-02 
 -2.755953557789e-02  -3.869372449117e-05   6.866266578436e-02  -2.066140435636e-02  -6.186716491356e-04  -1.390776485205e-01  -1.888880133629e-02   2.535281470045e-03  -5.399641394615e-01 
 -3.869374096394e-02   1.534519949928e-03  -2.522284984589e-01  -4.516187682748e-02   0.000000000000e+00  -1.000000014901e-01  -4.516187682748e-02   0.000000000000e+00  -1.000000014901e-01 
  0.000000000000e+00  -7.092162221670e-02  -3.501896560192e-01   0.000000000000e+00  -7.092162221670e-02  -3.501896560192e-01   4.251191392541e-03  -3.528286144137e-02  -3.608435094357e-01 
  0.000000000000e+00  -1.097233593464e-02  -1.000000014901e-01   0.000000000000e+00   5.830660462379e-03  -1.000000014901e-01   0.000000000000e+00   1.250972226262e-02  -1.000000014901e-01 
 -1.015061698854e-02   6.337319035083e-03  -3.098727762699e-01  -1.825474388897e-02  -1.731053367257e-02  -4.492189586163e-01  -5.857523996383e-03  -1.793459244072e-02  -6.563442945480e-01 
 -5.857523996383e-03  -1.793459244072e-02  -6.563442945480e-01   0.000000000000e+00  -7.092162221670e-02  -3.501896560192e-01   0.000000000000e+00  -7.092162221670e-02  -3.501896560192e-01 
  4.251191392541e-03  -3.528286144137e-02  -3.608435094357e-01   0.000000000000e+00  -1.097233593464e-02  -1.000000014901e-01   0.000000000000e+00   5.830660462379e-03  -1.000000014901e-01 
  0.000000000000e+00   1.250972226262e-02  -1.000000014901e-01  -1.015061698854e-02   6.337319035083e-03  -3.098727762699e-01  -1.825474388897e-02  -1.731053367257e-02  -4.492189586163e-01 
 -5.857523996383e-03  -1.793459244072e-02  -6.563442945480e-01  -5.857523996383e-03  -1.793459244072e-02  -6.563442945480e-01   0.000000000000e+00  -2.177404006943e-03   3.038769364357e-01 
  0.000000000000e+00  -2.177404006943e-03   3.038769364357e-01  -4.521035775542e-02   4.127311054617e-03   1.965735703707e-01  -3.711878135800e-02   1.199162006378e-02   1.280656009912e-01 
 -2.701950073242e-02   1.887390576303e-02   5.404394119978e-02  -1.904060691595e-02   1.920223608613e-02  -8.311971276999e-02  -1.377836707979e-02   8.501926437020e-03  -1.796905994415e-01 
 -1.007444411516e-02  -2.571033127606e-02  -1.860271692276e-01  -4.378948360682e-03  -1.973892003298e-02  -2.747343480587e-01  -4.378948360682e-03  -1.973892003298e-02  -2.747343480587e-01 
  0.000000000000e+00   8.346072584391e-02   2.888788878918e-01   0.000000000000e+00   8.346072584391e-02   2.888788878918e-01  -6.181412935257e-02   8.230488747358e-02   2.846243381500e-01 
 -6.057399511337e-02   7.854960113764e-02   2.626870274544e-01  -5.518679693341e-02   7.151973247528e-02   1.920105814934e-01  -3.713288158178e-02   5.047922581434e-02  -1.000000014901e-01 
  0.000000000000e+00   7.381609641016e-03  -1.000000014901e-01   0.000000000000e+00  -2.845558896661e-02  -1.000000014901e-01   0.000000000000e+00  -1.446618977934e-02  -1.000000014901e-01 
  0.000000000000e+00  -1.446618977934e-02  -1.000000014901e-01   0.000000000000e+00   3.574009239674e-02   2.395400106907e-01   0.000000000000e+00   3.574009239674e-02   2.395400106907e-01 
 -2.512131445110e-02   3.572401776910e-02   2.395845204592e-01  -2.485914342105e-02   3.554483503103e-02   2.317473739386e-01  -2.219322510064e-02   3.400875627995e-02   1.802805960178e-01 
 -1.618084125221e-02   2.953046932817e-02  -1.934012398124e-02  -1.249675638974e-02   1.025636587292e-02  -1.903703957796e-01  -9.670375846326e-03  -3.100087493658e-02  -1.779310703278e-01 
 -1.097749453038e-02  -1.975217461586e-02  -7.637823224068e-01  -1.097749453038e-02  -1.975217461586e-02  -7.637823224068e-01   0.000000000000e+00   6.138899922371e-02   1.407288312912e-01 
  0.000000000000e+00   6.138899922371e-02   1.407288312912e-01  -1.861299760640e-02   6.138896942139e-02   1.407288908958e-01   0.000000000000e+00   6.081998348236e-02  -1.000000014901e-01 
  0.000000000000e+00   5.567300319672e-02  -1.000000014901e-01   0.000000000000e+00   3.906021639705e-02  -1.000000014901e-01  -1.235203165561e-02   3.167667891830e-03  -2.388807237148e-01 
 -1.382174808532e-02   0.000000000000e+00  -1.000000014901e-01  -1.799153350294e-02  -1.903792843223e-03  -2.435525655746e-01  -1.799153350294e-02  -1.903792843223e-03  -2.435525655746e-01 
  0.000000000000e+00  -2.233684249222e-02   1.547448784113e-01   0.000000000000e+00  -2.233684249222e-02   1.547448784113e-01   6.235546898097e-03  -2.233684062958e-02   1.547447890043e-01 
  6.406940985471e-03  -2.208644710481e-02   1.479319930077e-01   7.798170205206e-03  -2.003325335681e-02   1.018362268806e-01   8.787912316620e-03  -8.701628074050e-03  -1.501740813255e-01 
  0.000000000000e+00   1.033213175833e-02  -1.000000014901e-01   0.000000000000e+00   0.000000000000e+00  -1.000000014901e-01  -1.683316193521e-02  -1.327920937911e-03  -1.219592094421e-01 
 -1.683316193521e-02  -1.327920937911e-03  -1.219592094421e-01   0.000000000000e+00  -8.756197243929e-02  -3.841923607979e-04   0.000000000000e+00  -8.756197243929e-02  -3.841923607979e-04 
 -6.182523793541e-04  -8.756196498871e-02  -3.842541482300e-04  -5.670955288224e-04  -8.732985705137e-02  -4.570159071591e-04   1.168371178210e-03  -8.410431444645e-02  -1.933766156435e-02 
  7.642045151442e-03  -6.983892619610e-02  -2.270848155022e-01  -1.012142840773e-02   5.541453603655e-03  -2.489286512136e-01  -3.690832853317e-02   2.072112867609e-03  -1.200267747045e-01 
 -5.520731210709e-02  -1.066401042044e-02  -1.000000014901e-01  -5.520731210709e-02  -1.066401042044e-02  -1.000000014901e-01   0.000000000000e+00   0.000000000000e+00   9.187528491020e-02 
  0.000000000000e+00   0.000000000000e+00   9.187528491020e-02  -2.869263850152e-02   0.000000000000e+00   9.187520295382e-02  -2.866901084781e-02  -7.736436913319e-08   9.143947064877e-02 
 -2.755953557789e-02  -3.869372449117e-05   6.866266578436e-02  -2.066140435636e-02  -6.186716491356e-04  -1.390776485205e-01  -1.888880133629e-02   2.535281470045e-03  -5.399641394615e-01 
 -3.869374096394e-02   1.534519949928e-03  -2.522284984589e-01  -4.516187682748e-02   0.000000000000e+00  -1.000000014901e-01  -4.516187682748e-02   0.000000000000e+00  -1.000000014901e-01 
  0.000000000000e+00   0.000000000000e+00   9.187528491020e-02   0.000000000000e+00   0.000000000000e+00   9.187528491020e-02  -2.869263850152e-02   0.000000000000e+00   9.187520295382e-02 
 -2.866901084781e-02  -7.736436913319e-08   9.143947064877e-02  -2.755953557789e-02  -3.869372449117e-05   6.866266578436e-02  -2.066140435636e-02  -6.186716491356e-04  -1.390776485205e-01 
 -1.888880133629e-02   2.535281470045e-03  -5.399641394615e-01  -3.869374096394e-02   1.534519949928e-03  -2.522284984589e-01  -4.516187682748e-02   0.000000000000e+00  -1.000000014901e-01 
 -4.516187682748e-02   0.000000000000e+00  -1.000000014901e-01 

