# vtk DataFile Version 2.0
Written using VisIt writer
ASCII
DATASET RECTILINEAR_GRID
DIMENSIONS 10 10 10
X_COORDINATES 10 float
  0.000000000000e+00   5.000000000000e-01   1.000000000000e+00   1.500000000000e+00   2.000000000000e+00   2.500000000000e+00   3.000000000000e+00   3.500000000000e+00   4.000000000000e+00 
  4.500000000000e+00 
Y_COORDINATES 10 float
  0.000000000000e+00   5.000000000000e-01   1.000000000000e+00   1.500000000000e+00   2.000000000000e+00   2.500000000000e+00   3.000000000000e+00   3.500000000000e+00   4.000000000000e+00 
  4.500000000000e+00 
Z_COORDINATES 10 float
  0.000000000000e+00   5.000000000000e-01   1.000000000000e+00   1.500000000000e+00   2.000000000000e+00   2.500000000000e+00   3.000000000000e+00   3.500000000000e+00   4.000000000000e+00 
  4.500000000000e+00 
CELL_DATA 729
POINT_DATA 1000
VECTORS velocity float
  0.000000000000e+00  -1.273200660944e-01  -2.566593885422e-01   3.251200000000e+04   0.000000000000e+00   0.000000000000e+00   0.000000000000e+00   0.000000000000e+00   0.000000000000e+00 
 -6.281421333551e-02  -1.124672293663e-01  -2.627239823341e-01   0.000000000000e+00   0.000000000000e+00   0.000000000000e+00   0.000000000000e+00   1.431655808000e+09   1.070945600000e+09 
 -1.187108159065e-01  -1.322619765997e-01  -3.031218945980e-01   1.071994176000e+09   0.000000000000e+00   0.000000000000e+00   0.000000000000e+00   0.000000000000e+00   0.000000000000e+00 
 -8.867968618870e-02  -1.548821628094e-01  -4.311402142048e-01   0.000000000000e+00  -1.273200660944e-01  -2.566593885422e-01   1.070945600000e+09   0.000000000000e+00   0.000000000000e+00 
 -1.141626462340e-01  -1.415469348431e-01  -3.375142216682e-01  -6.281421333551e-02  -1.124672293663e-01  -2.627239823341e-01   1.431655808000e+09   1.070945600000e+09   0.000000000000e+00 
 -1.028968915343e-01  -1.024466380477e-01  -2.481139153242e-01  -1.187108159065e-01  -1.322619765997e-01  -3.031218945980e-01   0.000000000000e+00   0.000000000000e+00   1.071644672000e+09 
 -8.867968618870e-02  -1.548821628094e-01  -4.311402142048e-01  -8.867968618870e-02  -1.548821628094e-01  -4.311402142048e-01   0.000000000000e+00   4.516493901610e-02  -2.014792263508e-01 
  0.000000000000e+00   4.516493901610e-02  -2.014792263508e-01  -1.507268100977e-01   5.899527668953e-02  -2.567718625069e-01  -1.632588803768e-01  -5.088432133198e-02  -2.952226698399e-01 
 -1.264365166426e-01  -1.187153309584e-01  -3.526467680931e-01   4.223653301597e-02  -3.103562165052e-03  -2.649441361427e-01   2.786911465228e-02   1.622600480914e-02  -2.650315761566e-01 
  1.658290624619e-02   3.126551955938e-02  -2.264826297760e-01  -5.245730280876e-03   1.014837473631e-01  -2.712305486202e-01  -5.245730280876e-03   1.014837473631e-01  -2.712305486202e-01 
  0.000000000000e+00   5.153582897037e-03  -2.355243712664e-01   0.000000000000e+00   5.153582897037e-03  -2.355243712664e-01  -1.442155390978e-01   9.786789864302e-02  -2.650033533573e-01 
 -8.504483103752e-02   2.870342321694e-02  -2.338920384645e-01  -8.597677201033e-02   2.126595703885e-03  -2.516429424286e-01  -8.379677683115e-02   1.686346530914e-02  -2.673145234585e-01 
 -1.529308408499e-01   9.131753817201e-03  -3.609856367111e-01   4.584746062756e-02   4.217303171754e-02  -2.077033668756e-01   1.950622349977e-02   2.505104523152e-03  -2.300827205181e-01 
  1.950622349977e-02   2.505104523152e-03  -2.300827205181e-01   0.000000000000e+00  -3.818451985717e-02  -2.469746619463e-01   0.000000000000e+00  -3.818451985717e-02  -2.469746619463e-01 
 -1.735550165176e-01  -2.162107639015e-02  -3.560040593147e-01   4.610895738006e-02  -1.765482500196e-02  -3.016725182533e-01  -7.930723018944e-03  -1.610439643264e-02  -2.705571353436e-01 
 -9.112119674683e-02   5.109413713217e-02  -2.459705322981e-01  -1.719657331705e-01   5.274249985814e-02  -2.639008760452e-01  -1.179498210549e-01  -5.956032499671e-02  -2.568268775940e-01 
 -1.004368737340e-01  -1.062226146460e-01  -3.534969687462e-01  -1.004368737340e-01  -1.062226146460e-01  -3.534969687462e-01   0.000000000000e+00   7.490768283606e-02  -1.961571276188e-01 
  0.000000000000e+00   7.490768283606e-02  -1.961571276188e-01  -1.392663568258e-01   6.074156984687e-02  -2.411991804838e-01  -1.378398090601e-01   8.603956550360e-02  -2.856368422508e-01 
 -1.367327570915e-01   4.882002249360e-02  -3.629637360573e-01  -1.409898605198e-02   6.453461945057e-02  -2.508477270603e-01  -2.151346020401e-02   2.526084519923e-02  -2.308968901634e-01 
 -3.425383940339e-02  -9.629908599891e-04  -2.044714838266e-01  -1.425443217158e-02  -1.641723327339e-02  -2.294019460678e-01  -1.425443217158e-02  -1.641723327339e-02  -2.294019460678e-01 
  0.000000000000e+00  -1.432499149814e-03  -2.420741915703e-01   0.000000000000e+00  -1.432499149814e-03  -2.420741915703e-01  -1.594545841217e-01  -3.998234495521e-02  -2.837773561478e-01 
 -8.730877935886e-02   6.379983574152e-02  -2.349363565445e-01  -1.455638706684e-01   1.082841455936e-01  -2.885000705719e-01  -1.625527590513e-01   5.426222085953e-02  -3.683525323868e-01 
 -1.029021069407e-01   3.763331333175e-03  -4.288826882839e-01   9.552040696144e-02  -3.322422131896e-02  -2.800231873989e-01   7.551634311676e-02  -1.201548129320e-01  -3.259106874466e-01 
  7.551634311676e-02  -1.201548129320e-01  -3.259106874466e-01   0.000000000000e+00  -1.846405491233e-02  -2.593777775764e-01   0.000000000000e+00  -1.846405491233e-02  -2.593777775764e-01 
 -1.784316152334e-01  -2.538851276040e-02  -3.269968926907e-01   2.726164273918e-02   3.012304753065e-02  -2.114566117525e-01  -5.821669474244e-02   5.050021409988e-02  -2.187808752060e-01 
 -1.106367632747e-01   7.941462844610e-02  -2.124532908201e-01  -5.184598639607e-02   4.653743654490e-02  -2.552063465118e-01  -6.509329378605e-02  -9.013091027737e-02  -2.848370969296e-01 
 -3.469254443189e-05  -1.432835757732e-01  -3.936509788036e-01  -3.469254443189e-05  -1.432835757732e-01  -3.936509788036e-01   0.000000000000e+00   0.000000000000e+00  -2.166043072939e-01 
  0.000000000000e+00   0.000000000000e+00  -2.166043072939e-01  -1.954793035984e-01   0.000000000000e+00  -2.981149554253e-01  -8.611449599266e-02   0.000000000000e+00  -2.513474524021e-01 
 -8.745411783457e-02   0.000000000000e+00  -3.380049467087e-01   7.728862762451e-02   0.000000000000e+00  -2.630406916142e-01   6.365410983562e-02   0.000000000000e+00  -2.648656070232e-01 
 -1.542766764760e-02   0.000000000000e+00  -2.342409491539e-01   1.639252603054e-01   0.000000000000e+00  -2.796186804771e-01   1.639252603054e-01   0.000000000000e+00  -2.796186804771e-01 
  0.000000000000e+00   0.000000000000e+00  -2.166043072939e-01   0.000000000000e+00   0.000000000000e+00  -2.166043072939e-01  -1.954793035984e-01   0.000000000000e+00  -2.981149554253e-01 
 -8.611449599266e-02   0.000000000000e+00  -2.513474524021e-01  -8.745411783457e-02   0.000000000000e+00  -3.380049467087e-01   7.728862762451e-02   0.000000000000e+00  -2.630406916142e-01 
  6.365410983562e-02   0.000000000000e+00  -2.648656070232e-01  -1.542766764760e-02   0.000000000000e+00  -2.342409491539e-01   1.639252603054e-01   0.000000000000e+00  -2.796186804771e-01 
  1.639252603054e-01   0.000000000000e+00  -2.796186804771e-01   0.000000000000e+00  -1.273200660944e-01  -2.566593885422e-01   0.000000000000e+00  -1.273200660944e-01  -2.566593885422e-01 
 -1.141626462340e-01  -1.415469348431e-01  -3.375142216682e-01  -6.281421333551e-02  -1.124672293663e-01  -2.627239823341e-01  -9.918458759785e-02  -1.076784282923e-01  -2.432995289564e-01 
 -1.028968915343e-01  -1.024466380477e-01  -2.481139153242e-01  -1.187108159065e-01  -1.322619765997e-01  -3.031218945980e-01  -8.593107014894e-02  -1.373537033796e-01  -3.030159771442e-01 
 -8.867968618870e-02  -1.548821628094e-01  -4.311402142048e-01  -8.867968618870e-02  -1.548821628094e-01  -4.311402142048e-01   0.000000000000e+00  -1.273200660944e-01  -2.566593885422e-01 
  0.000000000000e+00  -1.273200660944e-01  -2.566593885422e-01  -1.141626462340e-01  -1.415469348431e-01  -3.375142216682e-01  -6.281421333551e-02  -1.124672293663e-01  -2.627239823341e-01 
 -9.918458759785e-02  -1.076784282923e-01  -2.432995289564e-01  -1.028968915343e-01  -1.024466380477e-01  -2.481139153242e-01  -1.187108159065e-01  -1.322619765997e-01  -3.031218945980e-01 
 -8.593107014894e-02  -1.373537033796e-01  -3.030159771442e-01  -8.867968618870e-02  -1.548821628094e-01  -4.311402142048e-01  -8.867968618870e-02  -1.548821628094e-01  -4.311402142048e-01 
  0.000000000000e+00   4.516493901610e-02  -2.014792263508e-01   0.000000000000e+00   4.516493901610e-02  -2.014792263508e-01  -1.507268100977e-01   5.899527668953e-02  -2.567718625069e-01 
 -1.632588803768e-01  -5.088432133198e-02  -2.952226698399e-01  -1.264365166426e-01  -1.187153309584e-01  -3.526467680931e-01   4.223653301597e-02  -3.103562165052e-03  -2.649441361427e-01 
  2.786911465228e-02   1.622600480914e-02  -2.650315761566e-01   1.658290624619e-02   3.126551955938e-02  -2.264826297760e-01  -5.245730280876e-03   1.014837473631e-01  -2.712305486202e-01 
 -5.245730280876e-03   1.014837473631e-01  -2.712305486202e-01   0.000000000000e+00   5.153582897037e-03  -2.355243712664e-01   0.000000000000e+00   5.153582897037e-03  -2.355243712664e-01 
 -1.442155390978e-01   9.786789864302e-02  -2.650033533573e-01  -8.504483103752e-02   2.870342321694e-02  -2.338920384645e-01  -8.597677201033e-02   2.126595703885e-03  -2.516429424286e-01 
 -8.379677683115e-02   1.686346530914e-02  -2.673145234585e-01  -1.529308408499e-01   9.131753817201e-03  -3.609856367111e-01   4.584746062756e-02   4.217303171754e-02  -2.077033668756e-01 
  1.950622349977e-02   2.505104523152e-03  -2.300827205181e-01   1.950622349977e-02   2.505104523152e-03  -2.300827205181e-01   0.000000000000e+00  -3.818451985717e-02  -2.469746619463e-01 
  0.000000000000e+00  -3.818451985717e-02  -2.469746619463e-01  -1.735550165176e-01  -2.162107639015e-02  -3.560040593147e-01   4.610895738006e-02  -1.765482500196e-02  -3.016725182533e-01 
 -7.930723018944e-03  -1.610439643264e-02  -2.705571353436e-01  -9.112119674683e-02   5.109413713217e-02  -2.459705322981e-01  -1.719657331705e-01   5.274249985814e-02  -2.639008760452e-01 
 -1.179498210549e-01  -5.956032499671e-02  -2.568268775940e-01  -1.004368737340e-01  -1.062226146460e-01  -3.534969687462e-01  -1.004368737340e-01  -1.062226146460e-01  -3.534969687462e-01 
  0.000000000000e+00   7.490768283606e-02  -1.961571276188e-01   0.000000000000e+00   7.490768283606e-02  -1.961571276188e-01  -1.392663568258e-01   6.074156984687e-02  -2.411991804838e-01 
 -1.378398090601e-01   8.603956550360e-02  -2.856368422508e-01  -1.367327570915e-01   4.882002249360e-02  -3.629637360573e-01  -1.409898605198e-02   6.453461945057e-02  -2.508477270603e-01 
 -2.151346020401e-02   2.526084519923e-02  -2.308968901634e-01  -3.425383940339e-02  -9.629908599891e-04  -2.044714838266e-01  -1.425443217158e-02  -1.641723327339e-02  -2.294019460678e-01 
 -1.425443217158e-02  -1.641723327339e-02  -2.294019460678e-01   0.000000000000e+00  -1.432499149814e-03  -2.420741915703e-01   0.000000000000e+00  -1.432499149814e-03  -2.420741915703e-01 
 -1.594545841217e-01  -3.998234495521e-02  -2.837773561478e-01  -8.730877935886e-02   6.379983574152e-02  -2.349363565445e-01  -1.455638706684e-01   1.082841455936e-01  -2.885000705719e-01 
 -1.625527590513e-01   5.426222085953e-02  -3.683525323868e-01  -1.029021069407e-01   3.763331333175e-03  -4.288826882839e-01   9.552040696144e-02  -3.322422131896e-02  -2.800231873989e-01 
  7.551634311676e-02  -1.201548129320e-01  -3.259106874466e-01   7.551634311676e-02  -1.201548129320e-01  -3.259106874466e-01   0.000000000000e+00  -1.846405491233e-02  -2.593777775764e-01 
  0.000000000000e+00  -1.846405491233e-02  -2.593777775764e-01  -1.784316152334e-01  -2.538851276040e-02  -3.269968926907e-01   2.726164273918e-02   3.012304753065e-02  -2.114566117525e-01 
 -5.821669474244e-02   5.050021409988e-02  -2.187808752060e-01  -1.106367632747e-01   7.941462844610e-02  -2.124532908201e-01  -5.184598639607e-02   4.653743654490e-02  -2.552063465118e-01 
 -6.509329378605e-02  -9.013091027737e-02  -2.848370969296e-01  -3.469254443189e-05  -1.432835757732e-01  -3.936509788036e-01  -3.469254443189e-05  -1.432835757732e-01  -3.936509788036e-01 
  0.000000000000e+00   0.000000000000e+00  -2.166043072939e-01   0.000000000000e+00   0.000000000000e+00  -2.166043072939e-01  -1.954793035984e-01   0.000000000000e+00  -2.981149554253e-01 
 -8.611449599266e-02   0.000000000000e+00  -2.513474524021e-01  -8.745411783457e-02   0.000000000000e+00  -3.380049467087e-01   7.728862762451e-02   0.000000000000e+00  -2.630406916142e-01 
  6.365410983562e-02   0.000000000000e+00  -2.648656070232e-01  -1.542766764760e-02   0.000000000000e+00  -2.342409491539e-01   1.639252603054e-01   0.000000000000e+00  -2.796186804771e-01 
  1.639252603054e-01   0.000000000000e+00  -2.796186804771e-01   0.000000000000e+00   0.000000000000e+00  -2.166043072939e-01   0.000000000000e+00   0.000000000000e+00  -2.166043072939e-01 
 -1.954793035984e-01   0.000000000000e+00  -2.981149554253e-01  -8.611449599266e-02   0.000000000000e+00  -2.513474524021e-01  -8.745411783457e-02   0.000000000000e+00  -3.380049467087e-01 
  7.728862762451e-02   0.000000000000e+00  -2.630406916142e-01   6.365410983562e-02   0.000000000000e+00  -2.648656070232e-01  -1.542766764760e-02   0.000000000000e+00  -2.342409491539e-01 
  1.639252603054e-01   0.000000000000e+00  -2.796186804771e-01   1.639252603054e-01   0.000000000000e+00  -2.796186804771e-01   0.000000000000e+00  -9.607912600040e-02  -3.862073719501e-01 
  0.000000000000e+00  -9.607912600040e-02  -3.862073719501e-01   6.949362903833e-02  -1.065684109926e-01  -6.646004319191e-01  -2.063303738832e-01  -1.393723189831e-01  -1.052456021309e+00 
 -6.535312533379e-02  -1.263839006424e-01  -9.756535291672e-01  -5.579446256161e-02  -1.311261206865e-01  -1.043652296066e+00  -8.654835820198e-02  -1.578698456287e-01  -1.053280711174e+00 
  3.946589678526e-02  -1.356082558632e-01  -9.706671237946e-01   7.926965504885e-02  -1.300155967474e-01  -9.211181402206e-01   7.926965504885e-02  -1.300155967474e-01  -9.211181402206e-01 
  0.000000000000e+00  -9.607912600040e-02  -3.862073719501e-01   0.000000000000e+00  -9.607912600040e-02  -3.862073719501e-01   6.949362903833e-02  -1.065684109926e-01  -6.646004319191e-01 
 -2.063303738832e-01  -1.393723189831e-01  -1.052456021309e+00  -6.535312533379e-02  -1.263839006424e-01  -9.756535291672e-01  -5.579446256161e-02  -1.311261206865e-01  -1.043652296066e+00 
 -8.654835820198e-02  -1.578698456287e-01  -1.053280711174e+00   3.946589678526e-02  -1.356082558632e-01  -9.706671237946e-01   7.926965504885e-02  -1.300155967474e-01  -9.211181402206e-01 
  7.926965504885e-02  -1.300155967474e-01  -9.211181402206e-01   0.000000000000e+00   4.093292728066e-02  -4.115861356258e-01   0.000000000000e+00   4.093292728066e-02  -4.115861356258e-01 
  7.966625504196e-03  -1.711401343346e-02  -7.570872902870e-01  -1.507868468761e-01  -4.661579802632e-02  -1.083670139313e+00  -5.218471586704e-02  -2.937116846442e-02  -8.823707103729e-01 
 -8.989046514034e-02  -7.870764471591e-03  -1.052642583847e+00  -7.044437527657e-02  -6.213953346014e-02  -1.166445136070e+00   2.243880555034e-02  -6.344465911388e-02  -1.122533559799e+00 
  9.020416438580e-02  -7.179030030966e-02  -1.095756530762e+00   9.020416438580e-02  -7.179030030966e-02  -1.095756530762e+00   0.000000000000e+00   6.818045675755e-02  -5.747282505035e-01 
  0.000000000000e+00   6.818045675755e-02  -5.747282505035e-01   1.358267366886e-01   1.916391998529e-01  -7.939351797104e-01  -2.337265312672e-01   1.374601572752e-01  -1.110700130463e+00 
 -1.832457445562e-02   1.686718016863e-01  -9.332523941994e-01   3.957729414105e-02   2.481537312269e-01  -9.297236800194e-01  -9.745130687952e-02   1.440154016018e-01  -7.905544638634e-01 
  5.184535682201e-02   2.047609388828e-01  -8.984763026237e-01   6.929434090853e-02   1.910638064146e-01  -9.491376876831e-01   6.929434090853e-02   1.910638064146e-01  -9.491376876831e-01 
  0.000000000000e+00  -1.060412358493e-02  -4.587253034115e-01   0.000000000000e+00  -1.060412358493e-02  -4.587253034115e-01   7.126536220312e-02   1.656659063883e-03  -5.906074047089e-01 
 -2.067201137543e-01  -5.515016987920e-02  -1.066473722458e+00  -2.710693143308e-02  -7.197223603725e-02  -9.280253052711e-01  -8.292822539806e-02  -1.640441417694e-01  -1.005177497864e+00 
  9.635316208005e-03  -7.899014651775e-02  -8.626484870911e-01   4.114986211061e-02  -1.094552725554e-01  -8.277324438095e-01   1.120056584477e-01  -1.105222254992e-01  -6.852963566780e-01 
  1.120056584477e-01  -1.105222254992e-01  -6.852963566780e-01   0.000000000000e+00   1.085246652365e-01  -7.662906646729e-01   0.000000000000e+00   1.085246652365e-01  -7.662906646729e-01 
  1.543384045362e-01   1.215284466743e-01  -9.386724233627e-01  -1.577386111021e-01   8.816813677549e-02  -9.949806928635e-01  -1.632109284401e-01   1.875220239162e-02  -8.088954091072e-01 
 -1.176177039742e-01  -2.798916585743e-02  -1.000685334206e+00  -2.147954888642e-02  -2.076332457364e-02  -9.535372853279e-01  -3.709145262837e-02  -1.238506194204e-02  -9.630810618401e-01 
  1.164563372731e-01  -2.879358269274e-02  -9.453951716423e-01   1.164563372731e-01  -2.879358269274e-02  -9.453951716423e-01   0.000000000000e+00  -9.153043478727e-02  -4.969352185726e-01 
  0.000000000000e+00  -9.153043478727e-02  -4.969352185726e-01   1.353962868452e-01  -1.789545118809e-01  -9.155471324921e-01  -1.776589602232e-01   7.332856766880e-03  -1.225887775421e+00 
 -2.322375029325e-02  -4.522503819317e-03  -1.103346705437e+00  -5.677308887243e-02   2.732773683965e-02  -1.002530336380e+00  -1.371008623391e-02   4.646953195333e-02  -8.210473060608e-01 
 -5.818232893944e-02   7.998318970203e-02  -9.302788376808e-01   1.333290636539e-01   3.519913181663e-02  -9.825345873833e-01   1.333290636539e-01   3.519913181663e-02  -9.825345873833e-01 
  0.000000000000e+00  -3.941544890404e-02  -3.179248869419e-01   0.000000000000e+00  -3.941544890404e-02  -3.179248869419e-01   1.015759035945e-01  -6.794807314873e-02  -5.601952075958e-01 
 -1.928079277277e-01  -9.582994878292e-02  -1.006823182106e+00   1.625509746373e-02  -2.714071981609e-02  -9.691939353943e-01  -8.748766034842e-03  -3.700548410416e-02  -1.014975547791e+00 
 -8.061639382504e-04  -4.682690277696e-02  -9.365574717522e-01   3.179823607206e-02   1.002706307918e-02  -8.610126376152e-01   1.054674834013e-01  -5.907863751054e-02  -7.786356806755e-01 
  1.054674834013e-01  -5.907863751054e-02  -7.786356806755e-01   0.000000000000e+00   0.000000000000e+00  -5.572797060013e-01   0.000000000000e+00   0.000000000000e+00  -5.572797060013e-01 
  1.613809466362e-01   0.000000000000e+00  -5.866698622704e-01  -3.115628100932e-02   0.000000000000e+00  -9.641032814980e-01   8.255120366812e-02   0.000000000000e+00  -8.880656957626e-01 
  4.584518074989e-02   0.000000000000e+00  -1.096991539001e+00  -2.112133242190e-02   0.000000000000e+00  -1.040027499199e+00   4.494483117014e-03   0.000000000000e+00  -1.031567215919e+00 
  2.447244375944e-01   0.000000000000e+00  -1.027882814407e+00   2.447244375944e-01   0.000000000000e+00  -1.027882814407e+00   0.000000000000e+00   0.000000000000e+00  -5.572797060013e-01 
  0.000000000000e+00   0.000000000000e+00  -5.572797060013e-01   1.613809466362e-01   0.000000000000e+00  -5.866698622704e-01  -3.115628100932e-02   0.000000000000e+00  -9.641032814980e-01 
  8.255120366812e-02   0.000000000000e+00  -8.880656957626e-01   4.584518074989e-02   0.000000000000e+00  -1.096991539001e+00  -2.112133242190e-02   0.000000000000e+00  -1.040027499199e+00 
  4.494483117014e-03   0.000000000000e+00  -1.031567215919e+00   2.447244375944e-01   0.000000000000e+00  -1.027882814407e+00   2.447244375944e-01   0.000000000000e+00  -1.027882814407e+00 
  0.000000000000e+00   8.420594967902e-03  -1.137891858816e-01   0.000000000000e+00   8.420594967902e-03  -1.137891858816e-01   1.382797509432e-01   7.461621891707e-03  -1.178722083569e-01 
 -2.192248553038e-01   7.272472232580e-02  -3.477451801300e-01  -1.489293426275e-01  -7.943978160620e-02  -2.933642566204e-01   0.000000000000e+00  -7.698119878769e-01  -6.268931627274e-01 
 -7.748465985060e-02  -1.774678468704e+00  -6.539660096169e-01   9.499233216047e-02  -7.572681307793e-01  -5.416396856308e-01   8.049613237381e-02  -1.507588922977e-01  -6.018021702766e-01 
  8.049613237381e-02  -1.507588922977e-01  -6.018021702766e-01   0.000000000000e+00   8.420594967902e-03  -1.137891858816e-01   0.000000000000e+00   8.420594967902e-03  -1.137891858816e-01 
  1.382797509432e-01   7.461621891707e-03  -1.178722083569e-01  -2.192248553038e-01   7.272472232580e-02  -3.477451801300e-01  -1.489293426275e-01  -7.943978160620e-02  -2.933642566204e-01 
  0.000000000000e+00  -7.698119878769e-01  -6.268931627274e-01  -7.748465985060e-02  -1.774678468704e+00  -6.539660096169e-01   9.499233216047e-02  -7.572681307793e-01  -5.416396856308e-01 
  8.049613237381e-02  -1.507588922977e-01  -6.018021702766e-01   8.049613237381e-02  -1.507588922977e-01  -6.018021702766e-01   0.000000000000e+00   2.977239154279e-02  -1.710171401501e-01 
  0.000000000000e+00   2.977239154279e-02  -1.710171401501e-01   1.234919950366e-01   3.595361858606e-02  -1.368357092142e-01  -2.457792460918e-01   1.346594095230e-01   1.524193435907e-01 
 -2.600390315056e-01   4.823387041688e-02   2.463335692883e-01  -1.277011483908e-01  -6.156557798386e-01  -6.032001972198e-01  -5.460020527244e-02  -1.602201461792e+00  -2.313330918550e-01 
  3.247508034110e-02  -5.763635635376e-01  -4.276250898838e-01   6.008907407522e-02  -1.083595603704e-01  -5.911065340042e-01   6.008907407522e-02  -1.083595603704e-01  -5.911065340042e-01 
  0.000000000000e+00   5.565178021789e-02  -5.510015785694e-02   0.000000000000e+00   5.565178021789e-02  -5.510015785694e-02   1.163008064032e-01   8.191786706448e-02  -1.357856243849e-01 
 -8.730141073465e-02   1.529641598463e-01  -5.225474834442e-01  -3.401166200638e-02   1.469992399216e-01  -3.864454030991e-01   1.645539328456e-02   2.590210922062e-02  -5.925219058990e-01 
 -2.672523446381e-02   1.252617537975e-01  -1.791666597128e-01   5.254762992263e-02   8.775445818901e-02  -4.778940081596e-01   2.997398376465e-02  -2.349962946028e-03  -6.603282690048e-01 
  2.997398376465e-02  -2.349962946028e-03  -6.603282690048e-01   0.000000000000e+00  -3.201093524694e-02  -4.765966907144e-02   0.000000000000e+00  -3.201093524694e-02  -4.765966907144e-02 
  9.119470417500e-02  -7.190144155174e-03  -1.237953454256e-01   5.778913572431e-02  -1.486282236874e-02  -4.106729924679e-01   1.150484979153e-01  -4.553451389074e-02  -4.628203809261e-01 
  1.694388501346e-02  -9.421639889479e-02  -5.903777480125e-01   1.903700083494e-02   6.014254409820e-03  -5.211838483810e-01   4.856924340129e-02   9.010499715805e-02  -5.877329111099e-01 
  6.028319150209e-02   3.179080039263e-02  -5.696184635162e-01   6.028319150209e-02   3.179080039263e-02  -5.696184635162e-01   0.000000000000e+00   1.309659481049e-01  -4.821715131402e-02 
  0.000000000000e+00   1.309659481049e-01  -4.821715131402e-02   1.550441235304e-01   2.169680595398e-02  -1.972744017839e-01  -2.100453376770e-01   3.121956624091e-02  -4.658884927630e-02 
  3.566781580448e-01   3.156923875213e-02   6.863589584827e-02   1.325777769089e-01  -2.095485478640e-02  -4.301573634148e-01   6.969492137432e-02  -1.094795577228e-02  -5.917037725449e-01 
 -4.914474859834e-02   4.212957620621e-02  -4.874236285686e-01   1.018782258034e-01   1.042261123657e-01  -3.062434792519e-01   1.018782258034e-01   1.042261123657e-01  -3.062434792519e-01 
  0.000000000000e+00  -1.195548474789e-01  -1.032450944185e-01   0.000000000000e+00  -1.195548474789e-01  -1.032450944185e-01   2.492239624262e-01  -9.537541866302e-02  -8.224158734083e-02 
 -1.030226498842e-01   3.104357793927e-02  -2.770383358002e-01   1.952946782112e-01  -4.924019053578e-02  -4.005395472050e-01   1.081306040287e-01  -6.635880470276e-02  -4.103241860867e-01 
  1.878534853458e-01  -3.764756023884e-03  -5.837621688843e-01  -1.016621962190e-01   4.215328022838e-02  -6.620578765869e-01  -9.895441122353e-03   6.365209817886e-02  -5.746546983719e-01 
 -9.895441122353e-03   6.365209817886e-02  -5.746546983719e-01   0.000000000000e+00  -1.472095679492e-02  -1.181607916951e-01   0.000000000000e+00  -1.472095679492e-02  -1.181607916951e-01 
  1.925417333841e-01  -5.138270556927e-02  -8.058901876211e-02  -1.577745229006e-01   4.784882999957e-03  -1.651909947395e-01   1.147337108850e-01  -3.533460199833e-02  -4.529981613159e-01 
  6.785824149847e-02  -4.720139130950e-02  -6.478410959244e-01   1.936071813107e-01  -5.985610932112e-02  -4.874135851860e-01  -1.791473478079e-01  -1.150098070502e-01  -4.206291139126e-01 
 -1.531185656786e-01  -1.076368615031e-01  -1.528107523918e-01  -1.531185656786e-01  -1.076368615031e-01  -1.528107523918e-01   0.000000000000e+00   0.000000000000e+00  -1.429294049740e-01 
  0.000000000000e+00   0.000000000000e+00  -1.429294049740e-01   8.344263583422e-02  -1.784245832823e-04  -1.440552026033e-01  -1.876960694790e-02   8.424706174992e-04  -3.397077023983e-01 
  3.947823643684e-01   0.000000000000e+00   2.193986624479e-02   2.841353118420e-01  -8.067592047155e-03  -5.769754052162e-01   1.134153485298e+00   0.000000000000e+00  -3.034967482090e-01 
  8.886575698853e-01   0.000000000000e+00  -2.772789299488e-01   6.744129210711e-02   0.000000000000e+00  -4.492645263672e-01   6.744129210711e-02   0.000000000000e+00  -4.492645263672e-01 
  0.000000000000e+00   0.000000000000e+00  -1.429294049740e-01   0.000000000000e+00   0.000000000000e+00  -1.429294049740e-01   8.344263583422e-02  -1.784245832823e-04  -1.440552026033e-01 
 -1.876960694790e-02   8.424706174992e-04  -3.397077023983e-01   3.947823643684e-01   0.000000000000e+00   2.193986624479e-02   2.841353118420e-01  -8.067592047155e-03  -5.769754052162e-01 
  1.134153485298e+00   0.000000000000e+00  -3.034967482090e-01   8.886575698853e-01   0.000000000000e+00  -2.772789299488e-01   6.744129210711e-02   0.000000000000e+00  -4.492645263672e-01 
  6.744129210711e-02   0.000000000000e+00  -4.492645263672e-01   0.000000000000e+00   9.780468419194e-03  -2.562003731728e-01   0.000000000000e+00   9.780468419194e-03  -2.562003731728e-01 
  8.284069597721e-02   2.468076162040e-02  -2.150616496801e-01   2.305773459375e-02   6.861461699009e-02   3.707094490528e-01  -1.776628196239e-01  -1.934110969305e-01   4.386877268553e-02 
  0.000000000000e+00  -1.091833114624e+00  -1.000000014901e-01   8.753833360970e-03  -1.688439965248e+00  -7.363410592079e-01   8.753833360970e-03  -1.045521736145e+00  -6.248971223831e-01 
  5.911661684513e-02  -3.194646835327e-01  -6.148370504379e-01   5.911661684513e-02  -3.194646835327e-01  -6.148370504379e-01   0.000000000000e+00   9.780468419194e-03  -2.562003731728e-01 
  0.000000000000e+00   9.780468419194e-03  -2.562003731728e-01   8.284069597721e-02   2.468076162040e-02  -2.150616496801e-01   2.305773459375e-02   6.861461699009e-02   3.707094490528e-01 
 -1.776628196239e-01  -1.934110969305e-01   4.386877268553e-02   0.000000000000e+00  -1.091833114624e+00  -1.000000014901e-01   8.753833360970e-03  -1.688439965248e+00  -7.363410592079e-01 
  8.753833360970e-03  -1.045521736145e+00  -6.248971223831e-01   5.911661684513e-02  -3.194646835327e-01  -6.148370504379e-01   5.911661684513e-02  -3.194646835327e-01  -6.148370504379e-01 
  0.000000000000e+00   2.344913594425e-02  -1.304105371237e-01   0.000000000000e+00   2.344913594425e-02  -1.304105371237e-01   7.821693271399e-02   2.559522725642e-02   3.196482956409e-01 
 -3.023387193680e-01   1.069476604462e-01   1.540301203728e+00  -3.023387193680e-01   7.952690124512e-02   1.338011026382e+00  -1.713519096375e-01  -9.902186393738e-01  -4.803566634655e-01 
 -2.042503468692e-02  -1.688439965248e+00  -2.313330918550e-01   2.450414933264e-02  -8.493200540543e-01  -7.387799024582e-01   3.640486672521e-02  -1.684477329254e-01  -6.486377716064e-01 
  3.640486672521e-02  -1.684477329254e-01  -6.486377716064e-01   0.000000000000e+00  -6.367278099060e-02  -8.451030403376e-02   0.000000000000e+00  -6.367278099060e-02  -8.451030403376e-02 
  1.016187202185e-02  -5.159863270819e-03  -5.793659016490e-02  -5.257305502892e-02   1.081941947341e-01  -2.950688600540e-01  -4.748745355755e-03   1.301547735929e-01  -1.882335394621e-01 
  3.678905311972e-03  -7.569421082735e-02  -4.820281863213e-01  -1.457755547017e-02   1.150198504329e-01  -5.965662598610e-01   0.000000000000e+00   8.353432267904e-02  -1.155275344849e+00 
  0.000000000000e+00  -1.474882592447e-03  -7.256461381912e-01   0.000000000000e+00  -1.474882592447e-03  -7.256461381912e-01   0.000000000000e+00   1.538917981088e-02  -9.445887804031e-02 
  0.000000000000e+00   1.538917981088e-02  -9.445887804031e-02   8.074188977480e-02   4.099517595023e-03   5.522963404655e-02  -1.216134279966e-01   4.423990380019e-03  -7.580094784498e-02 
  6.637141853571e-02   2.177759259939e-02   2.150696218014e-01  -6.157749798149e-03  -4.096459224820e-02  -1.619758456945e-01   6.311862263829e-03   4.438719898462e-02  -5.639336705208e-01 
  3.864857554436e-02   7.642161101103e-02  -7.226223349571e-01   4.917334020138e-02   0.000000000000e+00  -5.170897245407e-01   4.917334020138e-02   0.000000000000e+00  -5.170897245407e-01 
  0.000000000000e+00   2.096889466047e-01  -2.804887853563e-02   0.000000000000e+00   2.096889466047e-01  -2.804887853563e-02   1.032475754619e-01   2.396494895220e-02   1.065210849047e-01 
 -4.029407501221e-01   3.075610287488e-02  -3.995606675744e-02   5.833343043923e-02   7.594947516918e-02   4.297499358654e-01  -7.053971290588e-02   1.305295247585e-02   8.407278358936e-02 
 -9.364193305373e-03  -5.019726697356e-03  -3.209712207317e-01  -5.265940725803e-02   4.173354804516e-02  -4.367154836655e-01   6.095051020384e-02   0.000000000000e+00  -1.000000014901e-01 
  6.095051020384e-02   0.000000000000e+00  -1.000000014901e-01   0.000000000000e+00  -6.759406626225e-02  -1.605788990855e-02   0.000000000000e+00  -6.759406626225e-02  -1.605788990855e-02 
  1.241952329874e-01  -2.474646829069e-02  -5.892591178417e-02  -1.877206563950e-01   3.358702361584e-02  -2.042577117682e-01   7.131366431713e-02  -9.349178522825e-03   9.795942902565e-02 
  3.503365442157e-02  -3.925288841128e-02  -2.170654237270e-01   0.000000000000e+00  -1.037099491805e-02  -5.510353446007e-01  -8.859570324421e-02  -3.726816270500e-03  -5.432592630386e-01 
 -8.383501321077e-03   0.000000000000e+00  -8.079552054405e-01  -8.383501321077e-03   0.000000000000e+00  -8.079552054405e-01   0.000000000000e+00  -1.574798114598e-02  -1.384064108133e-01 
  0.000000000000e+00  -1.574798114598e-02  -1.384064108133e-01   6.958007812500e-02  -2.416795492172e-02  -1.154283434153e-01  -1.553784459829e-01   1.609579101205e-02  -1.492232084274e-01 
 -3.673472404480e-01  -1.098077464849e-02  -2.750898599625e-01   2.589198760688e-02  -4.317949712276e-02  -4.562922120094e-01   1.201184391975e-01  -5.900527909398e-02  -3.952264785767e-01 
 -9.711492806673e-02  -8.808688819408e-02  -3.530274331570e-01  -7.574206683785e-03  -1.449635177851e-01  -6.728915870190e-02  -7.574206683785e-03  -1.449635177851e-01  -6.728915870190e-02 
  0.000000000000e+00   0.000000000000e+00  -5.247504636645e-02   0.000000000000e+00   0.000000000000e+00  -5.247504636645e-02   7.453031837940e-02  -7.845732761780e-05  -7.425683736801e-02 
 -4.166282415390e-01  -1.865170997917e-05  -1.000000014901e-01  -4.166282415390e-01  -4.259813522367e-06  -5.622142925858e-02   0.000000000000e+00  -1.000136043876e-02  -4.361650645733e-01 
  0.000000000000e+00  -3.383399685845e-03  -2.994429469109e-01   0.000000000000e+00  -1.196015812457e-02  -9.416968375444e-02   2.828012704849e-01   0.000000000000e+00   3.197796642780e-01 
  2.828012704849e-01   0.000000000000e+00   3.197796642780e-01   0.000000000000e+00   0.000000000000e+00  -5.247504636645e-02   0.000000000000e+00   0.000000000000e+00  -5.247504636645e-02 
  7.453031837940e-02  -7.845732761780e-05  -7.425683736801e-02  -4.166282415390e-01  -1.865170997917e-05  -1.000000014901e-01  -4.166282415390e-01  -4.259813522367e-06  -5.622142925858e-02 
  0.000000000000e+00  -1.000136043876e-02  -4.361650645733e-01   0.000000000000e+00  -3.383399685845e-03  -2.994429469109e-01   0.000000000000e+00  -1.196015812457e-02  -9.416968375444e-02 
  2.828012704849e-01   0.000000000000e+00   3.197796642780e-01   2.828012704849e-01   0.000000000000e+00   3.197796642780e-01   0.000000000000e+00  -4.407731175888e-04  -3.491643667221e-01 
  0.000000000000e+00  -4.407731175888e-04  -3.491643667221e-01   1.056800931692e-01   6.734481453896e-02  -1.450599282980e-01   6.660726070404e-01   6.253227591515e-02  -8.469507098198e-02 
  0.000000000000e+00   4.630525410175e-02  -4.835584200919e-03   0.000000000000e+00  -7.298218011856e-01  -1.000000014901e-01   0.000000000000e+00   0.000000000000e+00  -1.000000014901e-01 
  0.000000000000e+00  -7.039890885353e-01  -4.385254681110e-01   4.187455400825e-02  -3.582414686680e-01  -4.756219983101e-01   4.187455400825e-02  -3.582414686680e-01  -4.756219983101e-01 
  0.000000000000e+00  -4.407731175888e-04  -3.491643667221e-01   0.000000000000e+00  -4.407731175888e-04  -3.491643667221e-01   1.056800931692e-01   6.734481453896e-02  -1.450599282980e-01 
  6.660726070404e-01   6.253227591515e-02  -8.469507098198e-02   0.000000000000e+00   4.630525410175e-02  -4.835584200919e-03   0.000000000000e+00  -7.298218011856e-01  -1.000000014901e-01 
  0.000000000000e+00   0.000000000000e+00  -1.000000014901e-01   0.000000000000e+00  -7.039890885353e-01  -4.385254681110e-01   4.187455400825e-02  -3.582414686680e-01  -4.756219983101e-01 
  4.187455400825e-02  -3.582414686680e-01  -4.756219983101e-01   0.000000000000e+00   2.722010575235e-02  -1.399239748716e-01   0.000000000000e+00   2.722010575235e-02  -1.399239748716e-01 
  7.373591512442e-02   5.559470504522e-02  -1.737061887980e-01   1.597218066454e-01   5.682599171996e-02  -1.000000014901e-01   1.526263505220e-01   5.108950659633e-02  -1.000000014901e-01 
 -1.560789048672e-01  -7.088735103607e-01  -3.733878731728e-01  -6.450833752751e-03   0.000000000000e+00  -2.313330918550e-01   1.965785399079e-02  -6.813461780548e-01  -5.119724869728e-01 
  2.438261359930e-02  -1.882858723402e-01  -1.000000014901e-01   2.438261359930e-02  -1.882858723402e-01  -1.000000014901e-01   0.000000000000e+00  -4.181149601936e-02  -3.674927055836e-01 
  0.000000000000e+00  -4.181149601936e-02  -3.674927055836e-01   1.377027183771e-01  -3.620042279363e-02  -5.268146991730e-01   7.247845828533e-02  -2.296394668519e-02  -3.583197593689e-01 
  3.704579919577e-02   8.454781025648e-02  -2.802381478250e-02   1.465687993914e-02  -3.444561734796e-02  -1.688065230846e-01  -8.585286326706e-03   1.078540384769e-01  -1.000000014901e-01 
  0.000000000000e+00   7.878762483597e-02  -1.000000014901e-01   0.000000000000e+00   0.000000000000e+00  -1.000000014901e-01   0.000000000000e+00   0.000000000000e+00  -1.000000014901e-01 
  0.000000000000e+00   2.234102413058e-02  -2.470607161522e-01   0.000000000000e+00   2.234102413058e-02  -2.470607161522e-01   1.282292604446e-01   1.847768016160e-02  -1.756662428379e-01 
  1.705205813050e-02   1.890977472067e-02  -6.738690286875e-02   5.461866408587e-02   3.165619447827e-02   3.532824218273e-01   9.700775146484e-03   1.546897110529e-03   2.110829651356e-01 
  5.661949981004e-03   5.961066484451e-02  -4.338205754757e-01   3.491194918752e-02   6.860788166523e-02  -4.493585526943e-01   4.888436198235e-02   0.000000000000e+00  -1.000000014901e-01 
  4.888436198235e-02   0.000000000000e+00  -1.000000014901e-01   0.000000000000e+00   1.545944064856e-01  -2.509478926659e-01   0.000000000000e+00   1.545944064856e-01  -2.509478926659e-01 
  1.348125636578e-01   1.463735401630e-01   4.556326568127e-02   0.000000000000e+00   5.196158960462e-02  -1.281079719774e-03   5.036615207791e-02   4.986141994596e-02   5.146119594574e-01 
 -1.015499886125e-02   1.752713322639e-02   5.337694287300e-01   0.000000000000e+00  -2.464753808454e-03   6.780374795198e-02  -3.210489451885e-02   2.958436682820e-02  -3.338061571121e-01 
  7.241519540548e-02   0.000000000000e+00  -1.000000014901e-01   7.241519540548e-02   0.000000000000e+00  -1.000000014901e-01   0.000000000000e+00  -2.304088510573e-02  -2.560252845287e-01 
  0.000000000000e+00  -2.304088510573e-02  -2.560252845287e-01   1.869782805443e-01  -2.283787168562e-02  -2.290312647820e-01  -7.810473442078e-02   3.007530607283e-02  -1.255251765251e-01 
 -7.716073840857e-02   1.685426197946e-02   2.504703998566e-01   5.730372387916e-03  -1.308784633875e-02  -5.919210612774e-02   7.376892026514e-03  -1.424657274038e-02  -4.273375570774e-01 
  1.356245484203e-03  -1.461688987911e-02  -3.723887205124e-01   8.149495720863e-02   0.000000000000e+00  -6.231420040131e-01   8.149495720863e-02   0.000000000000e+00  -6.231420040131e-01 
  0.000000000000e+00   3.547478839755e-02  -2.041500955820e-01   0.000000000000e+00   3.547478839755e-02  -2.041500955820e-01   1.106058284640e-01   3.207003325224e-02  -2.017237097025e-01 
 -4.166282415390e-01   1.194332633168e-02   1.067759871483e+00  -4.166282415390e-01   6.521399132907e-03   1.379570007324e+00  -1.877252906561e-01  -2.310296148062e-02  -3.255627453327e-01 
  6.180247291923e-02  -3.636330738664e-02  -2.106099277735e-01   0.000000000000e+00  -3.283941745758e-02  -1.000000014901e-01   1.015759482980e-01  -3.182358294725e-02   2.360837459564e-01 
  1.015759482980e-01  -3.182358294725e-02   2.360837459564e-01   0.000000000000e+00   0.000000000000e+00  -2.208628505468e-01   0.000000000000e+00   0.000000000000e+00  -2.208628505468e-01 
  1.193307042122e-01  -6.780837793485e-07   1.361024022102e+00  -3.768750131130e-01   0.000000000000e+00   1.464082479477e+00  -4.563814699650e-01   0.000000000000e+00   1.424329280853e+00 
  0.000000000000e+00   0.000000000000e+00  -1.000000014901e-01   0.000000000000e+00  -8.656419813633e-03  -1.000000014901e-01   6.105108186603e-02  -1.172171998769e-02   1.051342189312e-01 
  1.901379972696e-01   0.000000000000e+00   3.140749037266e-01   1.901379972696e-01   0.000000000000e+00   3.140749037266e-01   0.000000000000e+00   0.000000000000e+00  -2.208628505468e-01 
  0.000000000000e+00   0.000000000000e+00  -2.208628505468e-01   1.193307042122e-01  -6.780837793485e-07   1.361024022102e+00  -3.768750131130e-01   0.000000000000e+00   1.464082479477e+00 
 -4.563814699650e-01   0.000000000000e+00   1.424329280853e+00   0.000000000000e+00   0.000000000000e+00  -1.000000014901e-01   0.000000000000e+00  -8.656419813633e-03  -1.000000014901e-01 
  6.105108186603e-02  -1.172171998769e-02   1.051342189312e-01   1.901379972696e-01   0.000000000000e+00   3.140749037266e-01   1.901379972696e-01   0.000000000000e+00   3.140749037266e-01 
  0.000000000000e+00  -6.519686430693e-03  -2.976476550102e-01   0.000000000000e+00  -6.519686430693e-03  -2.976476550102e-01   1.741821467876e-01   1.512444764376e-01  -7.709574699402e-02 
  3.354257643223e-01   5.756609886885e-02  -6.374371051788e-02   0.000000000000e+00   0.000000000000e+00  -1.000000014901e-01   0.000000000000e+00  -2.737302780151e-01  -1.000000014901e-01 
  0.000000000000e+00  -2.447683550417e-02  -1.000000014901e-01   0.000000000000e+00  -5.294231176376e-01  -1.000000014901e-01   3.027746453881e-02  -3.494476974010e-01  -3.270197510719e-01 
  3.027746453881e-02  -3.494476974010e-01  -3.270197510719e-01   0.000000000000e+00  -6.519686430693e-03  -2.976476550102e-01   0.000000000000e+00  -6.519686430693e-03  -2.976476550102e-01 
  1.741821467876e-01   1.512444764376e-01  -7.709574699402e-02   3.354257643223e-01   5.756609886885e-02  -6.374371051788e-02   0.000000000000e+00   0.000000000000e+00  -1.000000014901e-01 
  0.000000000000e+00  -2.737302780151e-01  -1.000000014901e-01   0.000000000000e+00  -2.447683550417e-02  -1.000000014901e-01   0.000000000000e+00  -5.294231176376e-01  -1.000000014901e-01 
  3.027746453881e-02  -3.494476974010e-01  -3.270197510719e-01   3.027746453881e-02  -3.494476974010e-01  -3.270197510719e-01   0.000000000000e+00  -7.675315439701e-02  -4.353381097317e-01 
  0.000000000000e+00  -7.675315439701e-02  -4.353381097317e-01   1.357943415642e-01   9.937519580126e-02  -3.028185069561e-01   0.000000000000e+00   5.756609886885e-02  -2.288507521152e-01 
  0.000000000000e+00   0.000000000000e+00  -1.916782557964e-01  -3.096609376371e-02  -1.694866418839e-01  -2.573228776455e-01  -7.301308214664e-03  -2.010429650545e-02  -1.000000014901e-01 
  2.479294128716e-02  -5.681646466255e-01  -3.864271342754e-01   1.740456931293e-02  -1.885749995708e-01  -1.000000014901e-01   1.740456931293e-02  -1.885749995708e-01  -1.000000014901e-01 
  0.000000000000e+00   2.383110113442e-02  -4.242393970490e-01   0.000000000000e+00   2.383110113442e-02  -4.242393970490e-01   1.512655764818e-01  -8.580553345382e-03  -4.088074862957e-01 
  1.124791204929e-01   0.000000000000e+00  -3.963899612427e-01   8.877204358578e-02   1.708218827844e-02  -1.573252528906e-01   4.590085148811e-02   1.790808700025e-02  -6.606183946133e-02 
 -1.073937304318e-02   1.013351306319e-01  -1.000000014901e-01   0.000000000000e+00   7.386931031942e-02  -1.000000014901e-01   0.000000000000e+00   0.000000000000e+00  -1.000000014901e-01 
  0.000000000000e+00   0.000000000000e+00  -1.000000014901e-01   0.000000000000e+00  -2.167335897684e-02  -6.036375761032e-01   0.000000000000e+00  -2.167335897684e-02  -6.036375761032e-01 
  1.122390478849e-01  -2.060904726386e-02  -5.868246555328e-01   8.729297667742e-02  -1.253693271428e-02  -3.367248773575e-01   5.372555553913e-02   1.588494703174e-02   5.781950056553e-02 
  1.835263893008e-02   1.159287896007e-02   8.000651001930e-02   6.376226898283e-03   6.247742474079e-02  -3.233720958233e-01   2.858735993505e-02   6.152252852917e-02  -3.498632609844e-01 
  4.894591867924e-02   0.000000000000e+00  -1.000000014901e-01   4.894591867924e-02   0.000000000000e+00  -1.000000014901e-01   0.000000000000e+00   1.105431392789e-01  -4.356781244278e-01 
  0.000000000000e+00   1.105431392789e-01  -4.356781244278e-01   1.406679302454e-01   1.116295680404e-01  -4.268419146538e-01   0.000000000000e+00   7.757150381804e-02  -1.000000014901e-01 
  0.000000000000e+00   4.678671434522e-02  -1.000000014901e-01  -8.974763564765e-03   2.189410850406e-02  -1.000000014901e-01  -8.189206011593e-03  -2.953912364319e-03  -1.483478024602e-02 
 -4.689228255302e-03   1.394365541637e-02  -2.165046632290e-01   5.262956023216e-02   0.000000000000e+00  -1.000000014901e-01   5.262956023216e-02   0.000000000000e+00  -1.000000014901e-01 
  0.000000000000e+00  -1.761408150196e-02  -4.563132226467e-01   0.000000000000e+00  -1.761408150196e-02  -4.563132226467e-01   1.670766174793e-01  -1.763885840774e-02  -4.550550580025e-01 
  9.855840355158e-02   9.117157198489e-03   5.597395449877e-02  -7.523237913847e-02   1.481291837990e-02   1.778092265129e+00  -8.618739992380e-02  -1.010975684039e-03   1.299168109894e+00 
 -4.552990198135e-02  -1.424508262426e-02  -2.677460312843e-01   1.437873393297e-02  -1.040927134454e-02  -1.893775165081e-01   3.997275233269e-02   0.000000000000e+00  -1.000000014901e-01 
  3.997275233269e-02   0.000000000000e+00  -1.000000014901e-01   0.000000000000e+00   5.347161367536e-02  -4.928893148899e-01   0.000000000000e+00   5.347161367536e-02  -4.928893148899e-01 
  1.469840258360e-01   5.342570319772e-02  -4.926481842995e-01  -2.659279480577e-02   5.140936467797e-03   1.014624953270e+00  -1.019701883197e-01   0.000000000000e+00   3.024578094482e+00 
 -1.365524381399e-01  -9.974391432479e-04   3.122632741928e+00  -6.594946980476e-02  -2.039076574147e-02  -1.415680348873e-01   0.000000000000e+00  -1.424930617213e-02  -1.000000014901e-01 
  0.000000000000e+00   0.000000000000e+00   6.723999381065e-01   0.000000000000e+00   0.000000000000e+00   6.723999381065e-01   0.000000000000e+00   0.000000000000e+00  -5.428095459938e-01 
  0.000000000000e+00   0.000000000000e+00  -5.428095459938e-01   2.270761281252e-01   2.126465226127e-09   1.384449362755e+00   0.000000000000e+00   0.000000000000e+00   1.384576082230e+00 
 -8.373359590769e-02   0.000000000000e+00   2.934154272079e+00  -1.893712878227e-01   0.000000000000e+00   3.196050882339e+00   0.000000000000e+00  -8.399900048971e-03  -1.000000014901e-01 
  4.357465356588e-02  -8.162543177605e-03   2.660945653915e-01   1.121481060982e-01   0.000000000000e+00   6.901653409004e-01   1.121481060982e-01   0.000000000000e+00   6.901653409004e-01 
  0.000000000000e+00   0.000000000000e+00  -5.428095459938e-01   0.000000000000e+00   0.000000000000e+00  -5.428095459938e-01   2.270761281252e-01   2.126465226127e-09   1.384449362755e+00 
  0.000000000000e+00   0.000000000000e+00   1.384576082230e+00  -8.373359590769e-02   0.000000000000e+00   2.934154272079e+00  -1.893712878227e-01   0.000000000000e+00   3.196050882339e+00 
  0.000000000000e+00  -8.399900048971e-03  -1.000000014901e-01   4.357465356588e-02  -8.162543177605e-03   2.660945653915e-01   1.121481060982e-01   0.000000000000e+00   6.901653409004e-01 
  1.121481060982e-01   0.000000000000e+00   6.901653409004e-01   0.000000000000e+00   4.477035254240e-02  -2.434115260839e-01   0.000000000000e+00   4.477035254240e-02  -2.434115260839e-01 
  6.418622098863e-03   5.236332863569e-02  -2.475376427174e-01   3.799861669540e-02   4.394349455833e-02  -2.561915479600e-02   0.000000000000e+00   2.617749013007e-02  -1.000000014901e-01 
  0.000000000000e+00  -6.719546765089e-02  -1.000000014901e-01   0.000000000000e+00  -3.883244097233e-02  -1.000000014901e-01   0.000000000000e+00  -3.908921182156e-01  -1.000000014901e-01 
  2.196549065411e-02  -3.202992975712e-01  -2.396414428949e-01   2.196549065411e-02  -3.202992975712e-01  -2.396414428949e-01   0.000000000000e+00   4.477035254240e-02  -2.434115260839e-01 
  0.000000000000e+00   4.477035254240e-02  -2.434115260839e-01   6.418622098863e-03   5.236332863569e-02  -2.475376427174e-01   3.799861669540e-02   4.394349455833e-02  -2.561915479600e-02 
  0.000000000000e+00   2.617749013007e-02  -1.000000014901e-01   0.000000000000e+00  -6.719546765089e-02  -1.000000014901e-01   0.000000000000e+00  -3.883244097233e-02  -1.000000014901e-01 
  0.000000000000e+00  -3.908921182156e-01  -1.000000014901e-01   2.196549065411e-02  -3.202992975712e-01  -2.396414428949e-01   2.196549065411e-02  -3.202992975712e-01  -2.396414428949e-01 
  0.000000000000e+00  -9.484463930130e-02  -3.114289641380e-01   0.000000000000e+00  -9.484463930130e-02  -3.114289641380e-01   5.006175115705e-02  -1.243731193244e-02  -2.904454171658e-01 
  3.848179429770e-02   1.679109409451e-02  -2.085477858782e-01   2.294087968767e-02   1.460178662091e-02  -1.797082871199e-01   6.018459331244e-03  -4.861634969711e-02  -1.556634455919e-01 
 -7.924973033369e-04  -3.257473185658e-02  -1.127089485526e-01   1.906595192850e-02  -4.389414489269e-01  -2.977768182755e-01   1.362819410861e-02  -1.796359121799e-01  -1.000991538167e-01 
  1.362819410861e-02  -1.796359121799e-01  -1.000991538167e-01   0.000000000000e+00   4.464015364647e-02  -2.713254988194e-01   0.000000000000e+00   4.464015364647e-02  -2.713254988194e-01 
  1.033225655556e-01   3.577983751893e-02  -2.776503562927e-01   9.833926707506e-02   2.828206866980e-02  -2.700666487217e-01   9.637879580259e-02   2.424030564725e-02  -2.234804928303e-01 
  7.732744514942e-02   1.324562169611e-02  -1.170702502131e-01   2.325105667114e-02   8.545985817909e-02  -1.009967252612e-01   8.608677308075e-04   6.823453307152e-02  -1.000000014901e-01 
  2.988698426634e-03   0.000000000000e+00  -1.000000014901e-01   2.988698426634e-03   0.000000000000e+00  -1.000000014901e-01   0.000000000000e+00   1.592656597495e-02  -2.736299633980e-01 
  0.000000000000e+00   1.592656597495e-02  -2.736299633980e-01   9.258729219437e-02   1.537159364671e-02  -2.740332186222e-01   9.105208516121e-02   1.326427236199e-02  -2.612890899181e-01 
  7.417778670788e-02   1.527747232467e-02  -8.175936341286e-02   3.779990971088e-02   1.525186561048e-02   6.463143229485e-02   1.206042617559e-02   5.549575388432e-02  -2.482225894928e-01 
  2.362424880266e-02   5.316497758031e-02  -2.548208236694e-01   4.343786090612e-02   0.000000000000e+00  -1.000000014901e-01   4.343786090612e-02   0.000000000000e+00  -1.000000014901e-01 
  0.000000000000e+00   3.326503559947e-02  -3.240957856178e-01   0.000000000000e+00   3.326503559947e-02  -3.240957856178e-01   2.271472848952e-02   3.332949429750e-02  -3.241402208805e-01 
  0.000000000000e+00   3.859655186534e-02  -1.000000014901e-01  -2.976217307150e-03   3.653046861291e-02   1.034702435136e-01  -1.989796385169e-02   2.345595881343e-02   2.795427739620e-01 
 -2.408456057310e-02  -4.302730783820e-03  -7.715938985348e-02   7.763900328428e-03   4.909346811473e-03  -1.595905125141e-01   3.706879168749e-02   0.000000000000e+00  -1.000000014901e-01 
  3.706879168749e-02   0.000000000000e+00  -1.000000014901e-01   0.000000000000e+00  -2.002481557429e-02  -3.280795514584e-01   0.000000000000e+00  -2.002481557429e-02  -3.280795514584e-01 
  6.081466749310e-02  -2.002412825823e-02  -3.280792832375e-01   6.316302716732e-02  -1.430907659233e-02  -2.045301049948e-01  -3.837765380740e-02   7.620037067682e-04   2.168503046036e+00 
 -9.043249487877e-02  -6.369994662236e-05   2.306849956512e+00  -6.921190768480e-02  -1.196509692818e-02  -1.800656914711e-01   1.277265977114e-02  -7.014277391136e-03  -1.375394612551e-01 
  2.338362485170e-02   0.000000000000e+00  -1.000000014901e-01   2.338362485170e-02   0.000000000000e+00  -1.000000014901e-01   0.000000000000e+00   2.520284987986e-02  -2.882171273232e-01 
  0.000000000000e+00   2.520284987986e-02  -2.882171273232e-01   9.161389619112e-02   2.520294673741e-02  -2.882172763348e-01   6.041705235839e-02   2.332857064903e-02   1.075578093529e+00 
 -1.202233806252e-01   2.401092555374e-03   3.196050882339e+00  -1.314890533686e-01   4.273043887224e-04   3.173282146454e+00  -7.273016124964e-02  -1.262367703021e-02  -1.152525842190e-01 
  0.000000000000e+00  -7.939845323563e-03  -1.000000014901e-01   0.000000000000e+00   0.000000000000e+00  -1.000000014901e-01   0.000000000000e+00   0.000000000000e+00  -1.000000014901e-01 
  0.000000000000e+00   0.000000000000e+00  -2.109734416008e-01   0.000000000000e+00   0.000000000000e+00  -2.109734416008e-01   5.228815972805e-02   5.778062248870e-16  -2.109735012054e-01 
  0.000000000000e+00   0.000000000000e+00  -1.000000014901e-01  -1.365524381399e-01   0.000000000000e+00   3.143231868744e+00  -1.365524381399e-01   0.000000000000e+00   3.196050882339e+00 
  0.000000000000e+00  -7.913641631603e-03  -1.000000014901e-01   0.000000000000e+00  -5.709402263165e-03   6.834232062101e-02   7.226973026991e-02   0.000000000000e+00  -1.000000014901e-01 
  7.226973026991e-02   0.000000000000e+00  -1.000000014901e-01   0.000000000000e+00   0.000000000000e+00  -2.109734416008e-01   0.000000000000e+00   0.000000000000e+00  -2.109734416008e-01 
  5.228815972805e-02   5.778062248870e-16  -2.109735012054e-01   0.000000000000e+00   0.000000000000e+00  -1.000000014901e-01  -1.365524381399e-01   0.000000000000e+00   3.143231868744e+00 
 -1.365524381399e-01   0.000000000000e+00   3.196050882339e+00   0.000000000000e+00  -7.913641631603e-03  -1.000000014901e-01   0.000000000000e+00  -5.709402263165e-03   6.834232062101e-02 
  7.226973026991e-02   0.000000000000e+00  -1.000000014901e-01   7.226973026991e-02   0.000000000000e+00  -1.000000014901e-01   0.000000000000e+00   7.797024399042e-02  -9.506462514400e-02 
  0.000000000000e+00   7.797024399042e-02  -9.506462514400e-02  -2.157271280885e-02   1.813988201320e-02  -2.125593274832e-01   0.000000000000e+00   6.184403784573e-03  -1.000000014901e-01 
  0.000000000000e+00   3.466857597232e-03  -1.000000014901e-01   0.000000000000e+00  -2.016550116241e-02  -1.000000014901e-01   0.000000000000e+00  -2.888234518468e-02  -1.000000014901e-01 
  0.000000000000e+00  -2.482670247555e-01  -1.000000014901e-01   1.499945111573e-02  -2.729362249374e-01  -1.851104646921e-01   1.499945111573e-02  -2.729362249374e-01  -1.851104646921e-01 
  0.000000000000e+00   7.797024399042e-02  -9.506462514400e-02   0.000000000000e+00   7.797024399042e-02  -9.506462514400e-02  -2.157271280885e-02   1.813988201320e-02  -2.125593274832e-01 
  0.000000000000e+00   6.184403784573e-03  -1.000000014901e-01   0.000000000000e+00   3.466857597232e-03  -1.000000014901e-01   0.000000000000e+00  -2.016550116241e-02  -1.000000014901e-01 
  0.000000000000e+00  -2.888234518468e-02  -1.000000014901e-01   0.000000000000e+00  -2.482670247555e-01  -1.000000014901e-01   1.499945111573e-02  -2.729362249374e-01  -1.851104646921e-01 
  1.499945111573e-02  -2.729362249374e-01  -1.851104646921e-01   0.000000000000e+00  -8.695724606514e-02  -5.750411748886e-01   0.000000000000e+00  -8.695724606514e-02  -5.750411748886e-01 
  6.426110118628e-02  -7.409121096134e-02  -5.196490883827e-01   5.881151556969e-02  -5.151109024882e-02  -4.226247668266e-01   4.882059246302e-02  -3.209447115660e-02  -3.340012431145e-01 
  3.570581972599e-02  -3.468497842550e-02  -2.618664503098e-01   2.023392729461e-02  -3.313466534019e-02  -1.781030148268e-01   1.886667869985e-02  -2.804651558399e-01  -2.371324747801e-01 
  1.264585833997e-02  -1.677253991365e-01  -1.042802184820e-01   1.264585833997e-02  -1.677253991365e-01  -1.042802184820e-01   0.000000000000e+00   1.390487700701e-02  -5.398961305618e-01 
  0.000000000000e+00   1.390487700701e-02  -5.398961305618e-01  -2.580463699996e-02   1.433869078755e-02  -5.388162136078e-01  -2.404787577689e-02   1.441586203873e-02  -5.268903374672e-01 
 -1.996285468340e-02   1.380875147879e-02  -4.964610636234e-01  -9.972361847758e-03   1.068422384560e-02  -3.833855688572e-01  -2.900555264205e-04   2.650094963610e-02  -6.968142837286e-02 
  1.765456167050e-03   5.591313168406e-02  -1.014257743955e-01   8.793443441391e-03   3.906932543032e-04  -1.000000014901e-01   8.793443441391e-03   3.906932543032e-04  -1.000000014901e-01 
  0.000000000000e+00   3.644293546677e-02  -1.843937486410e-01   0.000000000000e+00   3.644293546677e-02  -1.843937486410e-01  -3.482479229569e-02   3.642142564058e-02  -1.847547441721e-01 
 -3.454847261310e-02   3.619371354580e-02  -1.838037371635e-01  -2.724516391754e-02   3.439747542143e-02  -1.441482156515e-01  -1.345176436007e-02   2.990441024303e-02   6.433322094381e-03 
 -6.488786544651e-03   3.331774473190e-02   1.382358819246e-01   1.357630826533e-02   4.090246930718e-02  -1.898624897003e-01   3.564278408885e-02   0.000000000000e+00  -1.000000014901e-01 
  3.564278408885e-02   0.000000000000e+00  -1.000000014901e-01   0.000000000000e+00   2.468421123922e-02  -4.136430323124e-01   0.000000000000e+00   2.468421123922e-02  -4.136430323124e-01 
  1.678089238703e-02   2.468422241509e-02  -4.136427342892e-01   0.000000000000e+00   2.492667175829e-02  -1.000000014901e-01   2.333222189918e-03   2.592121250927e-02   8.769690245390e-02 
 -6.587279494852e-03   2.222594991326e-02   4.463626444340e-01  -2.005069702864e-02   1.335627399385e-02  -1.036928445101e-01   9.611695073545e-03   9.069209336303e-04  -1.326712220907e-01 
  2.657372504473e-02   0.000000000000e+00  -1.000000014901e-01   2.657372504473e-02   0.000000000000e+00  -1.000000014901e-01   0.000000000000e+00  -4.444709978998e-03  -1.266133338213e-01 
  0.000000000000e+00  -4.444709978998e-03  -1.266133338213e-01   9.133622050285e-02  -4.444710910320e-03  -1.266133636236e-01   9.138569980860e-02  -4.678234923631e-03  -1.432502865791e-01 
  5.774662643671e-02  -3.998676314950e-03   1.008119583130e+00  -1.692734844983e-02  -2.711942186579e-03   1.660629987717e+00  -4.369632527232e-02  -9.424370713532e-03  -1.395132839680e-01 
  9.316839277744e-03  -4.872534889728e-03  -1.183244436979e-01   1.501655858010e-02   0.000000000000e+00  -1.000000014901e-01   1.501655858010e-02   0.000000000000e+00  -1.000000014901e-01 
  0.000000000000e+00  -3.908722102642e-02  -5.011910200119e-01   0.000000000000e+00  -3.908722102642e-02  -5.011910200119e-01   1.590648144484e-01  -3.908722102642e-02  -5.011910200119e-01 
  1.485069841146e-01  -3.450331091881e-02  -3.777886033058e-01   1.433613058180e-02  -1.319669373333e-02   1.529586911201e+00  -5.130381509662e-02  -4.413831979036e-03   1.715403199196e+00 
 -4.739831015468e-02  -7.319482509047e-03  -1.072328984737e-01   0.000000000000e+00  -5.070295184851e-03  -1.000000014901e-01   0.000000000000e+00   0.000000000000e+00  -1.000000014901e-01 
  0.000000000000e+00   0.000000000000e+00  -1.000000014901e-01   0.000000000000e+00   0.000000000000e+00  -3.761880993843e-01   0.000000000000e+00   0.000000000000e+00  -3.761880993843e-01 
  1.003386005759e-01  -4.339553275214e-18  -3.761880993843e-01   0.000000000000e+00   1.004287712020e-11  -1.000000014901e-01   0.000000000000e+00   2.356780786153e-12  -1.000000014901e-01 
  0.000000000000e+00   9.544813940957e-13  -1.000000014901e-01   0.000000000000e+00  -1.513525727205e-03  -1.000000014901e-01   0.000000000000e+00  -4.133759532124e-03  -1.267307810485e-02 
  4.994126781821e-02   0.000000000000e+00  -1.000000014901e-01   4.994126781821e-02   0.000000000000e+00  -1.000000014901e-01   0.000000000000e+00   0.000000000000e+00  -3.761880993843e-01 
  0.000000000000e+00   0.000000000000e+00  -3.761880993843e-01   1.003386005759e-01  -4.339553275214e-18  -3.761880993843e-01   0.000000000000e+00   1.004287712020e-11  -1.000000014901e-01 
  0.000000000000e+00   2.356780786153e-12  -1.000000014901e-01   0.000000000000e+00   9.544813940957e-13  -1.000000014901e-01   0.000000000000e+00  -1.513525727205e-03  -1.000000014901e-01 
  0.000000000000e+00  -4.133759532124e-03  -1.267307810485e-02   4.994126781821e-02   0.000000000000e+00  -1.000000014901e-01   4.994126781821e-02   0.000000000000e+00  -1.000000014901e-01 
  0.000000000000e+00   7.797024399042e-02  -9.506462514400e-02   0.000000000000e+00   7.797024399042e-02  -9.506462514400e-02  -2.157271280885e-02   1.813988201320e-02  -2.125593274832e-01 
  0.000000000000e+00   6.184403784573e-03  -1.000000014901e-01   0.000000000000e+00   3.466857597232e-03  -1.000000014901e-01   0.000000000000e+00  -2.016550116241e-02  -1.000000014901e-01 
  0.000000000000e+00  -2.888234518468e-02  -1.000000014901e-01   0.000000000000e+00  -2.482670247555e-01  -1.000000014901e-01   1.499945111573e-02  -2.729362249374e-01  -1.851104646921e-01 
  1.499945111573e-02  -2.729362249374e-01  -1.851104646921e-01   0.000000000000e+00   7.797024399042e-02  -9.506462514400e-02   0.000000000000e+00   7.797024399042e-02  -9.506462514400e-02 
 -2.157271280885e-02   1.813988201320e-02  -2.125593274832e-01   0.000000000000e+00   6.184403784573e-03  -1.000000014901e-01   0.000000000000e+00   3.466857597232e-03  -1.000000014901e-01 
  0.000000000000e+00  -2.016550116241e-02  -1.000000014901e-01   0.000000000000e+00  -2.888234518468e-02  -1.000000014901e-01   0.000000000000e+00  -2.482670247555e-01  -1.000000014901e-01 
  1.499945111573e-02  -2.729362249374e-01  -1.851104646921e-01   1.499945111573e-02  -2.729362249374e-01  -1.851104646921e-01   0.000000000000e+00  -8.695724606514e-02  -5.750411748886e-01 
  0.000000000000e+00  -8.695724606514e-02  -5.750411748886e-01   6.426110118628e-02  -7.409121096134e-02  -5.196490883827e-01   5.881151556969e-02  -5.151109024882e-02  -4.226247668266e-01 
  4.882059246302e-02  -3.209447115660e-02  -3.340012431145e-01   3.570581972599e-02  -3.468497842550e-02  -2.618664503098e-01   2.023392729461e-02  -3.313466534019e-02  -1.781030148268e-01 
  1.886667869985e-02  -2.804651558399e-01  -2.371324747801e-01   1.264585833997e-02  -1.677253991365e-01  -1.042802184820e-01   1.264585833997e-02  -1.677253991365e-01  -1.042802184820e-01 
  0.000000000000e+00   1.390487700701e-02  -5.398961305618e-01   0.000000000000e+00   1.390487700701e-02  -5.398961305618e-01  -2.580463699996e-02   1.433869078755e-02  -5.388162136078e-01 
 -2.404787577689e-02   1.441586203873e-02  -5.268903374672e-01  -1.996285468340e-02   1.380875147879e-02  -4.964610636234e-01  -9.972361847758e-03   1.068422384560e-02  -3.833855688572e-01 
 -2.900555264205e-04   2.650094963610e-02  -6.968142837286e-02   1.765456167050e-03   5.591313168406e-02  -1.014257743955e-01   8.793443441391e-03   3.906932543032e-04  -1.000000014901e-01 
  8.793443441391e-03   3.906932543032e-04  -1.000000014901e-01   0.000000000000e+00   3.644293546677e-02  -1.843937486410e-01   0.000000000000e+00   3.644293546677e-02  -1.843937486410e-01 
 -3.482479229569e-02   3.642142564058e-02  -1.847547441721e-01  -3.454847261310e-02   3.619371354580e-02  -1.838037371635e-01  -2.724516391754e-02   3.439747542143e-02  -1.441482156515e-01 
 -1.345176436007e-02   2.990441024303e-02   6.433322094381e-03  -6.488786544651e-03   3.331774473190e-02   1.382358819246e-01   1.357630826533e-02   4.090246930718e-02  -1.898624897003e-01 
  3.564278408885e-02   0.000000000000e+00  -1.000000014901e-01   3.564278408885e-02   0.000000000000e+00  -1.000000014901e-01   0.000000000000e+00   2.468421123922e-02  -4.136430323124e-01 
  0.000000000000e+00   2.468421123922e-02  -4.136430323124e-01   1.678089238703e-02   2.468422241509e-02  -4.136427342892e-01   0.000000000000e+00   2.492667175829e-02  -1.000000014901e-01 
  2.333222189918e-03   2.592121250927e-02   8.769690245390e-02  -6.587279494852e-03   2.222594991326e-02   4.463626444340e-01  -2.005069702864e-02   1.335627399385e-02  -1.036928445101e-01 
  9.611695073545e-03   9.069209336303e-04  -1.326712220907e-01   2.657372504473e-02   0.000000000000e+00  -1.000000014901e-01   2.657372504473e-02   0.000000000000e+00  -1.000000014901e-01 
  0.000000000000e+00  -4.444709978998e-03  -1.266133338213e-01   0.000000000000e+00  -4.444709978998e-03  -1.266133338213e-01   9.133622050285e-02  -4.444710910320e-03  -1.266133636236e-01 
  9.138569980860e-02  -4.678234923631e-03  -1.432502865791e-01   5.774662643671e-02  -3.998676314950e-03   1.008119583130e+00  -1.692734844983e-02  -2.711942186579e-03   1.660629987717e+00 
 -4.369632527232e-02  -9.424370713532e-03  -1.395132839680e-01   9.316839277744e-03  -4.872534889728e-03  -1.183244436979e-01   1.501655858010e-02   0.000000000000e+00  -1.000000014901e-01 
  1.501655858010e-02   0.000000000000e+00  -1.000000014901e-01   0.000000000000e+00  -3.908722102642e-02  -5.011910200119e-01   0.000000000000e+00  -3.908722102642e-02  -5.011910200119e-01 
  1.590648144484e-01  -3.908722102642e-02  -5.011910200119e-01   1.485069841146e-01  -3.450331091881e-02  -3.777886033058e-01   1.433613058180e-02  -1.319669373333e-02   1.529586911201e+00 
 -5.130381509662e-02  -4.413831979036e-03   1.715403199196e+00  -4.739831015468e-02  -7.319482509047e-03  -1.072328984737e-01   0.000000000000e+00  -5.070295184851e-03  -1.000000014901e-01 
  0.000000000000e+00   0.000000000000e+00  -1.000000014901e-01   0.000000000000e+00   0.000000000000e+00  -1.000000014901e-01   0.000000000000e+00   0.000000000000e+00  -3.761880993843e-01 
  0.000000000000e+00   0.000000000000e+00  -3.761880993843e-01   1.003386005759e-01  -4.339553275214e-18  -3.761880993843e-01   0.000000000000e+00   1.004287712020e-11  -1.000000014901e-01 
  0.000000000000e+00   2.356780786153e-12  -1.000000014901e-01   0.000000000000e+00   9.544813940957e-13  -1.000000014901e-01   0.000000000000e+00  -1.513525727205e-03  -1.000000014901e-01 
  0.000000000000e+00  -4.133759532124e-03  -1.267307810485e-02   4.994126781821e-02   0.000000000000e+00  -1.000000014901e-01   4.994126781821e-02   0.000000000000e+00  -1.000000014901e-01 
  0.000000000000e+00   0.000000000000e+00  -3.761880993843e-01   0.000000000000e+00   0.000000000000e+00  -3.761880993843e-01   1.003386005759e-01  -4.339553275214e-18  -3.761880993843e-01 
  0.000000000000e+00   1.004287712020e-11  -1.000000014901e-01   0.000000000000e+00   2.356780786153e-12  -1.000000014901e-01   0.000000000000e+00   9.544813940957e-13  -1.000000014901e-01 
  0.000000000000e+00  -1.513525727205e-03  -1.000000014901e-01   0.000000000000e+00  -4.133759532124e-03  -1.267307810485e-02   4.994126781821e-02   0.000000000000e+00  -1.000000014901e-01 
  4.994126781821e-02   0.000000000000e+00  -1.000000014901e-01 

