# vtk DataFile Version 2.0
Written using VisIt writer
ASCII
DATASET RECTILINEAR_GRID
DIMENSIONS 10 10 10
X_COORDINATES 10 float
  0.000000000000e+00   5.000000000000e-01   1.000000000000e+00   1.500000000000e+00   2.000000000000e+00   2.500000000000e+00   3.000000000000e+00   3.500000000000e+00   4.000000000000e+00 
  4.500000000000e+00 
Y_COORDINATES 10 float
  0.000000000000e+00   5.000000000000e-01   1.000000000000e+00   1.500000000000e+00   2.000000000000e+00   2.500000000000e+00   3.000000000000e+00   3.500000000000e+00   4.000000000000e+00 
  4.500000000000e+00 
Z_COORDINATES 10 float
  0.000000000000e+00   5.000000000000e-01   1.000000000000e+00   1.500000000000e+00   2.000000000000e+00   2.500000000000e+00   3.000000000000e+00   3.500000000000e+00   4.000000000000e+00 
  4.500000000000e+00 
CELL_DATA 729
POINT_DATA 1000
VECTORS velocity float
  0.000000000000e+00  -2.338994443417e-01  -4.638753533363e-01   3.251200000000e+04   0.000000000000e+00   0.000000000000e+00   0.000000000000e+00   0.000000000000e+00   0.000000000000e+00 
  4.565606266260e-02  -2.077476382256e-01  -4.481324851513e-01   0.000000000000e+00   0.000000000000e+00   0.000000000000e+00   0.000000000000e+00   1.431655808000e+09   1.070945600000e+09 
 -9.995175153017e-02  -2.366965115070e-01  -4.326571822166e-01   1.071994176000e+09   0.000000000000e+00   0.000000000000e+00   0.000000000000e+00   0.000000000000e+00   0.000000000000e+00 
 -1.399598866701e-01  -2.713307738304e-01  -6.716721057892e-01   0.000000000000e+00  -2.338994443417e-01  -4.638753533363e-01   1.070945600000e+09   0.000000000000e+00   0.000000000000e+00 
 -1.351725608110e-01  -2.574628889561e-01  -6.046639084816e-01   4.565606266260e-02  -2.077476382256e-01  -4.481324851513e-01   1.431655808000e+09   1.070945600000e+09   0.000000000000e+00 
 -6.337470561266e-02  -2.037657946348e-01  -3.888841867447e-01  -9.995175153017e-02  -2.366965115070e-01  -4.326571822166e-01   0.000000000000e+00   0.000000000000e+00   1.071644672000e+09 
 -1.399598866701e-01  -2.713307738304e-01  -6.716721057892e-01  -1.399598866701e-01  -2.713307738304e-01  -6.716721057892e-01   0.000000000000e+00  -1.871260814369e-02  -3.571665287018e-01 
  0.000000000000e+00  -1.871260814369e-02  -3.571665287018e-01  -1.542150676250e-01  -1.943752169609e-02  -4.545317292213e-01  -8.294108510017e-02  -1.031154021621e-01  -4.758675992489e-01 
 -6.220182031393e-02  -1.550214737654e-01  -6.758221387863e-01   8.953490108252e-02  -4.086410254240e-02  -4.371611475945e-01   5.173089355230e-02  -5.664418265224e-02  -4.126130938530e-01 
 -5.812501907349e-02  -2.027677930892e-02  -3.795575201511e-01  -8.499785512686e-02  -2.032581903040e-02  -4.365826547146e-01  -8.499785512686e-02  -2.032581903040e-02  -4.365826547146e-01 
  0.000000000000e+00   4.565313458443e-02  -3.450304567814e-01   0.000000000000e+00   4.565313458443e-02  -3.450304567814e-01  -1.218277513981e-01   1.151624098420e-01  -4.541872143745e-01 
 -6.121824309230e-02   8.352328836918e-02  -3.689041435719e-01  -7.341497391462e-02   8.367139846087e-02  -3.936214447021e-01  -6.182109192014e-02   9.307010471821e-02  -4.300242662430e-01 
 -3.766269609332e-02   6.623700261116e-02  -5.406144261360e-01   3.637512028217e-02   9.119045734406e-02  -4.411278367043e-01  -1.656408235431e-02   1.862194575369e-02  -5.085203647614e-01 
 -1.656408235431e-02   1.862194575369e-02  -5.085203647614e-01   0.000000000000e+00   8.531307429075e-02  -4.260549545288e-01   0.000000000000e+00   8.531307429075e-02  -4.260549545288e-01 
 -1.549100130796e-01   4.490297660232e-02  -6.566952466965e-01   7.042218744755e-02   1.014364603907e-02  -4.747010767460e-01  -3.032025136054e-02  -8.230987936258e-03  -4.586227536201e-01 
 -5.746574327350e-02   1.923602446914e-02  -3.922615349293e-01  -6.045292317867e-02   6.092162057757e-02  -4.142679870129e-01  -1.027016863227e-01   6.066232547164e-02  -4.635635316372e-01 
 -1.164586693048e-01   1.076743379235e-02  -7.229065299034e-01  -1.164586693048e-01   1.076743379235e-02  -7.229065299034e-01   0.000000000000e+00  -1.153720393777e-01  -3.518466353416e-01 
  0.000000000000e+00  -1.153720393777e-01  -3.518466353416e-01  -1.216934770346e-01   3.622302785516e-02  -4.086202085018e-01  -4.573187977076e-02  -8.444988727570e-02  -5.039754509926e-01 
 -1.195680648088e-01  -1.946613751352e-02  -6.572265625000e-01   1.225818321109e-02   7.516383193433e-03  -4.351460635662e-01  -5.720695480704e-02  -3.108623996377e-02  -4.319517314434e-01 
 -3.094037249684e-02   1.549019711092e-03  -3.757289648056e-01  -5.649026483297e-02   3.131060302258e-02  -4.183587133884e-01  -5.649026483297e-02   3.131060302258e-02  -4.183587133884e-01 
  0.000000000000e+00  -4.397641867399e-02  -4.162869155407e-01   0.000000000000e+00  -4.397641867399e-02  -4.162869155407e-01  -1.502729356289e-01   1.081494465470e-01  -4.370513260365e-01 
 -2.253491058946e-02   1.534232646227e-01  -3.948863744736e-01  -1.330441385508e-01   1.263741850853e-01  -4.602781236172e-01  -1.262911111116e-01  -1.323775737546e-03  -5.082412362099e-01 
 -1.301697194576e-01  -1.220569945872e-03  -6.025750041008e-01   1.494091749191e-02   1.157959923148e-02  -4.303178191185e-01  -4.542282596231e-02  -4.024586454034e-02  -4.635390341282e-01 
 -4.542282596231e-02  -4.024586454034e-02  -4.635390341282e-01   0.000000000000e+00  -1.583172678947e-01  -4.561156332493e-01   0.000000000000e+00  -1.583172678947e-01  -4.561156332493e-01 
 -1.857651919127e-01  -1.239535771310e-02  -5.573669075966e-01   4.986825957894e-02   8.239400386810e-02  -3.988399505615e-01  -5.627979338169e-02   4.503136873245e-02  -4.051910638809e-01 
 -5.590762197971e-02   3.294253721833e-02  -3.945747017860e-01  -8.257423341274e-02   2.768021449447e-02  -4.287267327309e-01  -9.915746748447e-02  -9.810669720173e-02  -4.802903831005e-01 
 -1.036439165473e-01  -1.227983161807e-01  -6.885316371918e-01  -1.036439165473e-01  -1.227983161807e-01  -6.885316371918e-01   0.000000000000e+00   0.000000000000e+00  -3.238881528378e-01 
  0.000000000000e+00   0.000000000000e+00  -3.238881528378e-01  -2.693082690239e-01   0.000000000000e+00  -4.137076735497e-01  -7.476849015802e-03   0.000000000000e+00  -4.499052464962e-01 
 -8.255723863840e-02   0.000000000000e+00  -6.027736067772e-01   9.724661707878e-02   0.000000000000e+00  -4.920684099197e-01   3.237295150757e-02   0.000000000000e+00  -4.434445500374e-01 
  5.188804492354e-02   0.000000000000e+00  -4.040916562080e-01   6.389797478914e-02   0.000000000000e+00  -4.133533239365e-01   6.389797478914e-02   0.000000000000e+00  -4.133533239365e-01 
  0.000000000000e+00   0.000000000000e+00  -3.238881528378e-01   0.000000000000e+00   0.000000000000e+00  -3.238881528378e-01  -2.693082690239e-01   0.000000000000e+00  -4.137076735497e-01 
 -7.476849015802e-03   0.000000000000e+00  -4.499052464962e-01  -8.255723863840e-02   0.000000000000e+00  -6.027736067772e-01   9.724661707878e-02   0.000000000000e+00  -4.920684099197e-01 
  3.237295150757e-02   0.000000000000e+00  -4.434445500374e-01   5.188804492354e-02   0.000000000000e+00  -4.040916562080e-01   6.389797478914e-02   0.000000000000e+00  -4.133533239365e-01 
  6.389797478914e-02   0.000000000000e+00  -4.133533239365e-01   0.000000000000e+00  -2.338994443417e-01  -4.638753533363e-01   0.000000000000e+00  -2.338994443417e-01  -4.638753533363e-01 
 -1.351725608110e-01  -2.574628889561e-01  -6.046639084816e-01   4.565606266260e-02  -2.077476382256e-01  -4.481324851513e-01  -2.506565302610e-02  -2.060864269733e-01  -4.104936420918e-01 
 -6.337470561266e-02  -2.037657946348e-01  -3.888841867447e-01  -9.995175153017e-02  -2.366965115070e-01  -4.326571822166e-01  -1.498006284237e-01  -2.520174384117e-01  -4.855788946152e-01 
 -1.399598866701e-01  -2.713307738304e-01  -6.716721057892e-01  -1.399598866701e-01  -2.713307738304e-01  -6.716721057892e-01   0.000000000000e+00  -2.338994443417e-01  -4.638753533363e-01 
  0.000000000000e+00  -2.338994443417e-01  -4.638753533363e-01  -1.351725608110e-01  -2.574628889561e-01  -6.046639084816e-01   4.565606266260e-02  -2.077476382256e-01  -4.481324851513e-01 
 -2.506565302610e-02  -2.060864269733e-01  -4.104936420918e-01  -6.337470561266e-02  -2.037657946348e-01  -3.888841867447e-01  -9.995175153017e-02  -2.366965115070e-01  -4.326571822166e-01 
 -1.498006284237e-01  -2.520174384117e-01  -4.855788946152e-01  -1.399598866701e-01  -2.713307738304e-01  -6.716721057892e-01  -1.399598866701e-01  -2.713307738304e-01  -6.716721057892e-01 
  0.000000000000e+00  -1.871260814369e-02  -3.571665287018e-01   0.000000000000e+00  -1.871260814369e-02  -3.571665287018e-01  -1.542150676250e-01  -1.943752169609e-02  -4.545317292213e-01 
 -8.294108510017e-02  -1.031154021621e-01  -4.758675992489e-01  -6.220182031393e-02  -1.550214737654e-01  -6.758221387863e-01   8.953490108252e-02  -4.086410254240e-02  -4.371611475945e-01 
  5.173089355230e-02  -5.664418265224e-02  -4.126130938530e-01  -5.812501907349e-02  -2.027677930892e-02  -3.795575201511e-01  -8.499785512686e-02  -2.032581903040e-02  -4.365826547146e-01 
 -8.499785512686e-02  -2.032581903040e-02  -4.365826547146e-01   0.000000000000e+00   4.565313458443e-02  -3.450304567814e-01   0.000000000000e+00   4.565313458443e-02  -3.450304567814e-01 
 -1.218277513981e-01   1.151624098420e-01  -4.541872143745e-01  -6.121824309230e-02   8.352328836918e-02  -3.689041435719e-01  -7.341497391462e-02   8.367139846087e-02  -3.936214447021e-01 
 -6.182109192014e-02   9.307010471821e-02  -4.300242662430e-01  -3.766269609332e-02   6.623700261116e-02  -5.406144261360e-01   3.637512028217e-02   9.119045734406e-02  -4.411278367043e-01 
 -1.656408235431e-02   1.862194575369e-02  -5.085203647614e-01  -1.656408235431e-02   1.862194575369e-02  -5.085203647614e-01   0.000000000000e+00   8.531307429075e-02  -4.260549545288e-01 
  0.000000000000e+00   8.531307429075e-02  -4.260549545288e-01  -1.549100130796e-01   4.490297660232e-02  -6.566952466965e-01   7.042218744755e-02   1.014364603907e-02  -4.747010767460e-01 
 -3.032025136054e-02  -8.230987936258e-03  -4.586227536201e-01  -5.746574327350e-02   1.923602446914e-02  -3.922615349293e-01  -6.045292317867e-02   6.092162057757e-02  -4.142679870129e-01 
 -1.027016863227e-01   6.066232547164e-02  -4.635635316372e-01  -1.164586693048e-01   1.076743379235e-02  -7.229065299034e-01  -1.164586693048e-01   1.076743379235e-02  -7.229065299034e-01 
  0.000000000000e+00  -1.153720393777e-01  -3.518466353416e-01   0.000000000000e+00  -1.153720393777e-01  -3.518466353416e-01  -1.216934770346e-01   3.622302785516e-02  -4.086202085018e-01 
 -4.573187977076e-02  -8.444988727570e-02  -5.039754509926e-01  -1.195680648088e-01  -1.946613751352e-02  -6.572265625000e-01   1.225818321109e-02   7.516383193433e-03  -4.351460635662e-01 
 -5.720695480704e-02  -3.108623996377e-02  -4.319517314434e-01  -3.094037249684e-02   1.549019711092e-03  -3.757289648056e-01  -5.649026483297e-02   3.131060302258e-02  -4.183587133884e-01 
 -5.649026483297e-02   3.131060302258e-02  -4.183587133884e-01   0.000000000000e+00  -4.397641867399e-02  -4.162869155407e-01   0.000000000000e+00  -4.397641867399e-02  -4.162869155407e-01 
 -1.502729356289e-01   1.081494465470e-01  -4.370513260365e-01  -2.253491058946e-02   1.534232646227e-01  -3.948863744736e-01  -1.330441385508e-01   1.263741850853e-01  -4.602781236172e-01 
 -1.262911111116e-01  -1.323775737546e-03  -5.082412362099e-01  -1.301697194576e-01  -1.220569945872e-03  -6.025750041008e-01   1.494091749191e-02   1.157959923148e-02  -4.303178191185e-01 
 -4.542282596231e-02  -4.024586454034e-02  -4.635390341282e-01  -4.542282596231e-02  -4.024586454034e-02  -4.635390341282e-01   0.000000000000e+00  -1.583172678947e-01  -4.561156332493e-01 
  0.000000000000e+00  -1.583172678947e-01  -4.561156332493e-01  -1.857651919127e-01  -1.239535771310e-02  -5.573669075966e-01   4.986825957894e-02   8.239400386810e-02  -3.988399505615e-01 
 -5.627979338169e-02   4.503136873245e-02  -4.051910638809e-01  -5.590762197971e-02   3.294253721833e-02  -3.945747017860e-01  -8.257423341274e-02   2.768021449447e-02  -4.287267327309e-01 
 -9.915746748447e-02  -9.810669720173e-02  -4.802903831005e-01  -1.036439165473e-01  -1.227983161807e-01  -6.885316371918e-01  -1.036439165473e-01  -1.227983161807e-01  -6.885316371918e-01 
  0.000000000000e+00   0.000000000000e+00  -3.238881528378e-01   0.000000000000e+00   0.000000000000e+00  -3.238881528378e-01  -2.693082690239e-01   0.000000000000e+00  -4.137076735497e-01 
 -7.476849015802e-03   0.000000000000e+00  -4.499052464962e-01  -8.255723863840e-02   0.000000000000e+00  -6.027736067772e-01   9.724661707878e-02   0.000000000000e+00  -4.920684099197e-01 
  3.237295150757e-02   0.000000000000e+00  -4.434445500374e-01   5.188804492354e-02   0.000000000000e+00  -4.040916562080e-01   6.389797478914e-02   0.000000000000e+00  -4.133533239365e-01 
  6.389797478914e-02   0.000000000000e+00  -4.133533239365e-01   0.000000000000e+00   0.000000000000e+00  -3.238881528378e-01   0.000000000000e+00   0.000000000000e+00  -3.238881528378e-01 
 -2.693082690239e-01   0.000000000000e+00  -4.137076735497e-01  -7.476849015802e-03   0.000000000000e+00  -4.499052464962e-01  -8.255723863840e-02   0.000000000000e+00  -6.027736067772e-01 
  9.724661707878e-02   0.000000000000e+00  -4.920684099197e-01   3.237295150757e-02   0.000000000000e+00  -4.434445500374e-01   5.188804492354e-02   0.000000000000e+00  -4.040916562080e-01 
  6.389797478914e-02   0.000000000000e+00  -4.133533239365e-01   6.389797478914e-02   0.000000000000e+00  -4.133533239365e-01   0.000000000000e+00  -3.025265634060e-01  -7.723914980888e-01 
  0.000000000000e+00  -3.025265634060e-01  -7.723914980888e-01  -1.516760438681e-01  -3.170591890812e-01  -1.018434286118e+00  -1.522903516889e-02  -3.122784495354e-01  -1.272999048233e+00 
 -7.816927134991e-02  -3.206968903542e-01  -1.251902461052e+00  -5.855304747820e-02  -3.242119848728e-01  -1.325796604156e+00  -5.053082853556e-02  -3.304088711739e-01  -1.244149684906e+00 
 -4.587167873979e-02  -3.329279720783e-01  -1.205001473427e+00  -8.462266065180e-03  -3.272363841534e-01  -1.109646439552e+00  -8.462266065180e-03  -3.272363841534e-01  -1.109646439552e+00 
  0.000000000000e+00  -3.025265634060e-01  -7.723914980888e-01   0.000000000000e+00  -3.025265634060e-01  -7.723914980888e-01  -1.516760438681e-01  -3.170591890812e-01  -1.018434286118e+00 
 -1.522903516889e-02  -3.122784495354e-01  -1.272999048233e+00  -7.816927134991e-02  -3.206968903542e-01  -1.251902461052e+00  -5.855304747820e-02  -3.242119848728e-01  -1.325796604156e+00 
 -5.053082853556e-02  -3.304088711739e-01  -1.244149684906e+00  -4.587167873979e-02  -3.329279720783e-01  -1.205001473427e+00  -8.462266065180e-03  -3.272363841534e-01  -1.109646439552e+00 
 -8.462266065180e-03  -3.272363841534e-01  -1.109646439552e+00   0.000000000000e+00  -7.368759065866e-02  -8.476875424385e-01   0.000000000000e+00  -7.368759065866e-02  -8.476875424385e-01 
 -1.656943857670e-01  -8.908132463694e-02  -1.045128941536e+00  -1.805573143065e-02  -8.573910593987e-02  -1.169533848763e+00  -7.480411231518e-02  -8.520875126123e-02  -1.100600838661e+00 
 -6.083367019892e-02  -9.556681662798e-02  -1.248257637024e+00  -3.443438187242e-02  -9.873867779970e-02  -1.268207669258e+00  -3.137058392167e-02  -1.005201041698e-01  -1.291715979576e+00 
 -2.680105157197e-03  -1.063025817275e-01  -1.256859660149e+00  -2.680105157197e-03  -1.063025817275e-01  -1.256859660149e+00   0.000000000000e+00   1.767092645168e-01  -7.870041131973e-01 
  0.000000000000e+00   1.767092645168e-01  -7.870041131973e-01  -1.595816314220e-01   1.639124155045e-01  -9.549323320389e-01  -3.640145808458e-02   1.531871557236e-01  -1.335139393806e+00 
 -7.475710660219e-02   1.402048468590e-01  -1.309833288193e+00  -4.821797832847e-02   1.378152370453e-01  -1.291442155838e+00  -3.526425734162e-02   1.363901793957e-01  -1.143080711365e+00 
 -2.421442046762e-02   1.510414332151e-01  -1.261949539185e+00  -9.191625751555e-03   1.469383090734e-01  -1.259631276131e+00  -9.191625751555e-03   1.469383090734e-01  -1.259631276131e+00 
  0.000000000000e+00   4.022688604891e-03  -7.321385741234e-01   0.000000000000e+00   4.022688604891e-03  -7.321385741234e-01  -1.482036858797e-01  -2.867510775104e-04  -8.431436419487e-01 
 -3.943918272853e-02   1.549741160125e-02  -1.291712164879e+00  -7.450749725103e-02   1.437919028103e-02  -1.292269229889e+00  -4.689629748464e-02   1.691016182303e-02  -1.329131603241e+00 
 -3.708823025227e-02   2.077697589993e-02  -1.281668901443e+00  -3.501837700605e-02   2.002741955221e-02  -1.219978690147e+00  -1.744434051216e-02   1.157240103930e-02  -1.091863512993e+00 
 -1.744434051216e-02   1.157240103930e-02  -1.091863512993e+00   0.000000000000e+00  -4.294115304947e-02  -7.579759955406e-01   0.000000000000e+00  -4.294115304947e-02  -7.579759955406e-01 
 -1.632882654667e-01  -4.182431474328e-02  -9.906590580940e-01  -2.764508500695e-02  -3.461668640375e-02  -1.246490478516e+00  -7.657478004694e-02  -3.933896124363e-02  -1.076444387436e+00 
 -4.202280566096e-02  -3.632593154907e-02  -1.230679750443e+00  -3.320847079158e-02  -2.848921343684e-02  -1.248260259628e+00  -3.010560199618e-02  -2.561009302735e-02  -1.300096273422e+00 
 -7.238104473799e-03  -2.439670078456e-02  -1.242840528488e+00  -7.238104473799e-03  -2.439670078456e-02  -1.242840528488e+00   0.000000000000e+00   2.900815010071e-02  -8.452183008194e-01 
  0.000000000000e+00   2.900815010071e-02  -8.452183008194e-01  -1.565343737602e-01   2.480917796493e-02  -1.031157374382e+00  -1.362148486078e-02   3.682192042470e-02  -1.374028801918e+00 
 -7.304694503546e-02   4.435581341386e-02  -1.325109362602e+00  -4.185933992267e-02   5.001093447208e-02  -1.211840748787e+00  -4.914498701692e-02   4.275010898709e-02  -1.127294421196e+00 
 -3.857150301337e-02   3.997439518571e-02  -1.236870288849e+00  -1.766883954406e-02   3.519058972597e-02  -1.196106672287e+00  -1.766883954406e-02   3.519058972597e-02  -1.196106672287e+00 
  0.000000000000e+00  -4.175625368953e-02  -8.051142692566e-01   0.000000000000e+00  -4.175625368953e-02  -8.051142692566e-01  -1.590495109558e-01  -5.658808350563e-02  -9.099576473236e-01 
 -1.425111945719e-02  -5.090292170644e-02  -1.304743409157e+00  -5.043979734182e-02  -2.733356319368e-02  -1.302793264389e+00  -1.833047717810e-02  -4.960895981640e-03  -1.343954801559e+00 
 -3.867581486702e-02  -3.652642481029e-03  -1.302909612656e+00  -3.140926733613e-02  -3.392790909857e-03  -1.186721086502e+00  -3.347182879224e-03   2.234594896436e-03  -1.006264805794e+00 
 -3.347182879224e-03   2.234594896436e-03  -1.006264805794e+00   0.000000000000e+00   0.000000000000e+00  -8.789094686508e-01   0.000000000000e+00   0.000000000000e+00  -8.789094686508e-01 
 -1.748620420694e-01   0.000000000000e+00  -1.066954731941e+00  -2.548176795244e-02   0.000000000000e+00  -1.200546503067e+00  -4.507311061025e-02   0.000000000000e+00  -1.053240299225e+00 
 -2.277827821672e-03   0.000000000000e+00  -1.301461935043e+00  -3.607553616166e-02   0.000000000000e+00  -1.365882873535e+00  -2.475968003273e-02   0.000000000000e+00  -1.330804109573e+00 
 -4.063572734594e-03   0.000000000000e+00  -1.276677012444e+00  -4.063572734594e-03   0.000000000000e+00  -1.276677012444e+00   0.000000000000e+00   0.000000000000e+00  -8.789094686508e-01 
  0.000000000000e+00   0.000000000000e+00  -8.789094686508e-01  -1.748620420694e-01   0.000000000000e+00  -1.066954731941e+00  -2.548176795244e-02   0.000000000000e+00  -1.200546503067e+00 
 -4.507311061025e-02   0.000000000000e+00  -1.053240299225e+00  -2.277827821672e-03   0.000000000000e+00  -1.301461935043e+00  -3.607553616166e-02   0.000000000000e+00  -1.365882873535e+00 
 -2.475968003273e-02   0.000000000000e+00  -1.330804109573e+00  -4.063572734594e-03   0.000000000000e+00  -1.276677012444e+00  -4.063572734594e-03   0.000000000000e+00  -1.276677012444e+00 
  0.000000000000e+00  -2.612913846970e-01  -8.117361068726e-01   0.000000000000e+00  -2.612913846970e-01  -8.117361068726e-01  -1.432997882366e-01  -2.631302475929e-01  -9.505968093872e-01 
 -2.606848068535e-02  -2.443581670523e-01  -1.091594815254e+00  -5.343396216631e-02  -2.470833659172e-01  -1.076790094376e+00  -4.738904163241e-02  -2.449176758528e-01  -1.063672661781e+00 
 -3.083806112409e-02  -2.470609694719e-01  -1.052904963493e+00  -3.437099233270e-02  -2.504067122936e-01  -1.047664284706e+00  -1.132181100547e-02  -2.514283061028e-01  -1.053654670715e+00 
 -1.132181100547e-02  -2.514283061028e-01  -1.053654670715e+00   0.000000000000e+00  -2.612913846970e-01  -8.117361068726e-01   0.000000000000e+00  -2.612913846970e-01  -8.117361068726e-01 
 -1.432997882366e-01  -2.631302475929e-01  -9.505968093872e-01  -2.606848068535e-02  -2.443581670523e-01  -1.091594815254e+00  -5.343396216631e-02  -2.470833659172e-01  -1.076790094376e+00 
 -4.738904163241e-02  -2.449176758528e-01  -1.063672661781e+00  -3.083806112409e-02  -2.470609694719e-01  -1.052904963493e+00  -3.437099233270e-02  -2.504067122936e-01  -1.047664284706e+00 
 -1.132181100547e-02  -2.514283061028e-01  -1.053654670715e+00  -1.132181100547e-02  -2.514283061028e-01  -1.053654670715e+00   0.000000000000e+00  -4.999746009707e-02  -8.013350963593e-01 
  0.000000000000e+00  -4.999746009707e-02  -8.013350963593e-01  -1.440629214048e-01  -6.248549744487e-02  -9.370129108429e-01  -2.798001654446e-02  -6.639661639929e-02  -1.101824045181e+00 
 -5.392074584961e-02  -6.705178320408e-02  -1.084536314011e+00  -4.672684893012e-02  -6.308551877737e-02  -1.072018265724e+00  -2.208035998046e-02  -6.240983307362e-02  -1.053287267685e+00 
 -2.401296235621e-02  -5.882147699594e-02  -1.058099150658e+00  -6.600945722312e-03  -5.767175182700e-02  -1.052614450455e+00  -6.600945722312e-03  -5.767175182700e-02  -1.052614450455e+00 
  0.000000000000e+00   9.988223016262e-02  -7.706626057625e-01   0.000000000000e+00   9.988223016262e-02  -7.706626057625e-01  -1.568251699209e-01   8.982455730438e-02  -8.743014335632e-01 
 -1.386405155063e-02   1.073315888643e-01  -1.085559487343e+00  -5.242854729295e-02   1.089883744717e-01  -1.076819658279e+00  -5.124038085341e-02   8.932626247406e-02  -1.076530933380e+00 
 -3.099008277059e-02   8.955843001604e-02  -1.016212463379e+00  -2.195802517235e-02   1.027287915349e-01  -1.051112532616e+00  -1.194150559604e-02   1.044621393085e-01  -1.041740298271e+00 
 -1.194150559604e-02   1.044621393085e-01  -1.041740298271e+00   0.000000000000e+00   1.731302216649e-02  -7.275229692459e-01   0.000000000000e+00   1.731302216649e-02  -7.275229692459e-01 
 -1.463670730591e-01   1.860975474119e-02  -8.334313631058e-01  -1.877660304308e-02   1.651514135301e-02  -1.058679938316e+00  -5.076952651143e-02   1.827446743846e-02  -1.044120073318e+00 
 -3.748600929976e-02   3.034571185708e-02  -1.045124888420e+00  -2.603575587273e-02   3.651630133390e-02  -1.036103844643e+00  -3.357266262174e-02   2.975971810520e-02  -1.036755800247e+00 
 -1.816691830754e-02   2.520802430809e-02  -9.701969027519e-01  -1.816691830754e-02   2.520802430809e-02  -9.701969027519e-01   0.000000000000e+00  -3.763533756137e-02  -7.799984812737e-01 
  0.000000000000e+00  -3.763533756137e-02  -7.799984812737e-01  -1.531843692064e-01  -3.806943818927e-02  -9.353675246239e-01  -3.055710159242e-02  -5.053934454918e-02  -1.093456387520e+00 
 -5.734258517623e-02  -5.670675262809e-02  -9.577514529228e-01  -3.898194804788e-02  -5.589225888252e-02  -1.032704830170e+00  -2.245548553765e-02  -4.984195902944e-02  -1.037088274956e+00 
 -2.195106633008e-02  -3.451080992818e-02  -1.037811636925e+00  -6.082829553634e-03  -2.338200435042e-02  -1.044754981995e+00  -6.082829553634e-03  -2.338200435042e-02  -1.044754981995e+00 
  0.000000000000e+00   2.199689298868e-02  -8.885173797607e-01   0.000000000000e+00   2.199689298868e-02  -8.885173797607e-01  -1.426737606525e-01   2.801850624382e-02  -9.876551628113e-01 
 -7.217448204756e-03   4.509070888162e-02  -1.071050524712e+00  -4.569213464856e-02   5.378387123346e-02  -1.074579238892e+00  -5.159849673510e-02   4.681567475200e-02  -1.069584488869e+00 
 -3.202856332064e-02   3.886764869094e-02  -1.028010725975e+00  -3.205994516611e-02   3.114749677479e-02  -1.042249798775e+00  -1.409250311553e-02   2.722485363483e-02  -1.045663714409e+00 
 -1.409250311553e-02   2.722485363483e-02  -1.045663714409e+00   0.000000000000e+00  -4.073949158192e-02  -6.835256814957e-01   0.000000000000e+00  -4.073949158192e-02  -6.835256814957e-01 
 -1.498990952969e-01  -4.739078506827e-02  -8.452547192574e-01  -8.729375898838e-03  -3.939772397280e-02  -1.063217878342e+00  -3.567622601986e-02  -1.887146569788e-02  -1.058727622032e+00 
 -2.514305710793e-02   4.326641093940e-03  -1.054835438728e+00  -2.411885000765e-02   5.623233038932e-03  -1.059754133224e+00  -4.436234757304e-02  -7.155932486057e-03  -1.068357229233e+00 
 -1.850241422653e-02  -9.838180616498e-03  -9.809836745262e-01  -1.850241422653e-02  -9.838180616498e-03  -9.809836745262e-01   0.000000000000e+00   0.000000000000e+00  -5.523691773415e-01 
  0.000000000000e+00   0.000000000000e+00  -5.523691773415e-01  -1.600807607174e-01   0.000000000000e+00  -8.250271081924e-01  -3.687058761716e-02   0.000000000000e+00  -1.084782481194e+00 
 -4.294603317976e-02   0.000000000000e+00  -9.408912658691e-01   3.920732531697e-03   0.000000000000e+00  -1.001416683197e+00  -1.166481804103e-02   0.000000000000e+00  -1.077737569809e+00 
 -3.485718369484e-02   0.000000000000e+00  -1.093290328979e+00  -1.157069578767e-02   0.000000000000e+00  -1.068275094032e+00  -1.157069578767e-02   0.000000000000e+00  -1.068275094032e+00 
  0.000000000000e+00   0.000000000000e+00  -5.523691773415e-01   0.000000000000e+00   0.000000000000e+00  -5.523691773415e-01  -1.600807607174e-01   0.000000000000e+00  -8.250271081924e-01 
 -3.687058761716e-02   0.000000000000e+00  -1.084782481194e+00  -4.294603317976e-02   0.000000000000e+00  -9.408912658691e-01   3.920732531697e-03   0.000000000000e+00  -1.001416683197e+00 
 -1.166481804103e-02   0.000000000000e+00  -1.077737569809e+00  -3.485718369484e-02   0.000000000000e+00  -1.093290328979e+00  -1.157069578767e-02   0.000000000000e+00  -1.068275094032e+00 
 -1.157069578767e-02   0.000000000000e+00  -1.068275094032e+00   0.000000000000e+00  -1.845294833183e-01  -1.070967912674e+00   0.000000000000e+00  -1.845294833183e-01  -1.070967912674e+00 
 -1.422032713890e-01  -1.944826245308e-01  -1.135032415390e+00  -3.396155312657e-02  -1.736014634371e-01  -1.160363793373e+00  -2.987149916589e-02  -1.712732762098e-01  -1.147064208984e+00 
 -4.562715813518e-02  -1.720174401999e-01  -1.140184760094e+00  -1.986187137663e-02  -1.707759648561e-01  -1.130078554153e+00  -2.474008686841e-02  -1.720777302980e-01  -1.119767665863e+00 
 -2.303598914295e-03  -1.710360944271e-01  -1.108531832695e+00  -2.303598914295e-03  -1.710360944271e-01  -1.108531832695e+00   0.000000000000e+00  -1.845294833183e-01  -1.070967912674e+00 
  0.000000000000e+00  -1.845294833183e-01  -1.070967912674e+00  -1.422032713890e-01  -1.944826245308e-01  -1.135032415390e+00  -3.396155312657e-02  -1.736014634371e-01  -1.160363793373e+00 
 -2.987149916589e-02  -1.712732762098e-01  -1.147064208984e+00  -4.562715813518e-02  -1.720174401999e-01  -1.140184760094e+00  -1.986187137663e-02  -1.707759648561e-01  -1.130078554153e+00 
 -2.474008686841e-02  -1.720777302980e-01  -1.119767665863e+00  -2.303598914295e-03  -1.710360944271e-01  -1.108531832695e+00  -2.303598914295e-03  -1.710360944271e-01  -1.108531832695e+00 
  0.000000000000e+00   4.156157374382e-03  -1.017270684242e+00   0.000000000000e+00   4.156157374382e-03  -1.017270684242e+00  -1.338047236204e-01   3.898512106389e-03  -1.137127995491e+00 
 -3.279105201364e-02   4.985386040062e-03  -1.160555720329e+00  -2.859459631145e-02   7.362671662122e-03  -1.143452644348e+00  -4.610680043697e-02   5.809601396322e-03  -1.137018561363e+00 
 -1.470377948135e-02   7.168918382376e-03  -1.129723429680e+00  -2.044936455786e-02   7.950855419040e-03  -1.124661564827e+00  -1.301452983171e-03   7.281169760972e-03  -1.118115901947e+00 
 -1.301452983171e-03   7.281169760972e-03  -1.118115901947e+00   0.000000000000e+00   1.114893052727e-02  -9.054163694382e-01   0.000000000000e+00   1.114893052727e-02  -9.054163694382e-01 
 -1.412330716848e-01  -1.329767634161e-03  -1.100370764732e+00  -2.921340987086e-02   5.856459029019e-03  -1.166296482086e+00  -2.498601190746e-02   4.173718858510e-03  -1.151411175728e+00 
 -4.248329252005e-02   1.037212461233e-02  -1.140774250031e+00  -1.191107463092e-02   1.610870659351e-02  -1.124004721642e+00  -2.030906826258e-02   2.246076986194e-02  -1.116892218590e+00 
 -2.847278025001e-03   2.438808232546e-02  -1.109290003777e+00  -2.847278025001e-03   2.438808232546e-02  -1.109290003777e+00   0.000000000000e+00   3.101684711874e-02  -9.081484079361e-01 
  0.000000000000e+00   3.101684711874e-02  -9.081484079361e-01  -1.322105079889e-01   4.015822708607e-02  -1.097656011581e+00  -3.088267333806e-02   4.010179266334e-02  -1.138418674469e+00 
 -2.502033859491e-02   4.059857875109e-02  -1.131608605385e+00  -3.633045777678e-02   4.722046479583e-02  -1.126517891884e+00  -9.985197335482e-03   5.086863040924e-02  -1.114048719406e+00 
 -2.288700826466e-02   4.921585693955e-02  -1.101966500282e+00  -6.419418845326e-03   4.646331816912e-02  -1.091138362885e+00  -6.419418845326e-03   4.646331816912e-02  -1.091138362885e+00 
  0.000000000000e+00  -5.080716311932e-02  -1.084190845490e+00   0.000000000000e+00  -5.080716311932e-02  -1.084190845490e+00  -1.248691082001e-01  -4.659991338849e-02  -1.144339084625e+00 
 -3.477595001459e-02  -4.959662631154e-02  -1.152887940407e+00  -2.851090021431e-02  -5.225341767073e-02  -1.127092480659e+00  -3.340410068631e-02  -4.816187173128e-02  -1.119414329529e+00 
 -8.533426560462e-03  -4.605488106608e-02  -1.107023954391e+00  -1.952279172838e-02  -4.225955531001e-02  -1.101367831230e+00  -3.214883618057e-04  -3.697441890836e-02  -1.094818949699e+00 
 -3.214883618057e-04  -3.697441890836e-02  -1.094818949699e+00   0.000000000000e+00   2.120923809707e-02  -1.066145658493e+00   0.000000000000e+00   2.120923809707e-02  -1.066145658493e+00 
 -1.290079653263e-01   2.270237542689e-02  -1.141115784645e+00  -2.818009629846e-02   2.752326801419e-02  -1.159119725227e+00  -2.215675078332e-02   3.354571387172e-02  -1.157791614532e+00 
 -3.811432048678e-02   3.035437501967e-02  -1.143270015717e+00  -1.162296067923e-02   2.766573056579e-02  -1.124229669571e+00  -2.243040502071e-02   2.529426477849e-02  -1.106317162514e+00 
 -5.367159843445e-03   2.249135449529e-02  -1.085943102837e+00  -5.367159843445e-03   2.249135449529e-02  -1.085943102837e+00   0.000000000000e+00  -4.577099904418e-02  -9.749377369881e-01 
  0.000000000000e+00  -4.577099904418e-02  -9.749377369881e-01  -1.223997026682e-01  -3.297600522637e-02  -1.112740397453e+00  -2.136649191380e-02  -2.157801575959e-02  -1.142773866653e+00 
 -2.300348319113e-02  -1.544918306172e-02  -1.147122025490e+00  -2.967643178999e-02  -6.885210983455e-03  -1.146963477135e+00  -6.979931611568e-03  -3.941047005355e-03  -1.139317512512e+00 
 -2.560306526721e-02  -8.672569878399e-03  -1.115024089813e+00  -9.147424250841e-03  -1.460142526776e-02  -1.088919043541e+00  -9.147424250841e-03  -1.460142526776e-02  -1.088919043541e+00 
  0.000000000000e+00   0.000000000000e+00  -9.144400358200e-01   0.000000000000e+00   0.000000000000e+00  -9.144400358200e-01  -1.243783310056e-01   0.000000000000e+00  -1.098266720772e+00 
 -2.699965052307e-02   0.000000000000e+00  -1.157041311264e+00  -3.416230529547e-02   0.000000000000e+00  -1.142861247063e+00  -2.022806555033e-02   0.000000000000e+00  -1.128859996796e+00 
 -6.836183601990e-04   0.000000000000e+00  -1.149558424950e+00  -2.210507169366e-02   0.000000000000e+00  -1.139798283577e+00   9.569879621267e-04   0.000000000000e+00  -1.129244565964e+00 
  9.569879621267e-04   0.000000000000e+00  -1.129244565964e+00   0.000000000000e+00   0.000000000000e+00  -9.144400358200e-01   0.000000000000e+00   0.000000000000e+00  -9.144400358200e-01 
 -1.243783310056e-01   0.000000000000e+00  -1.098266720772e+00  -2.699965052307e-02   0.000000000000e+00  -1.157041311264e+00  -3.416230529547e-02   0.000000000000e+00  -1.142861247063e+00 
 -2.022806555033e-02   0.000000000000e+00  -1.128859996796e+00  -6.836183601990e-04   0.000000000000e+00  -1.149558424950e+00  -2.210507169366e-02   0.000000000000e+00  -1.139798283577e+00 
  9.569879621267e-04   0.000000000000e+00  -1.129244565964e+00   9.569879621267e-04   0.000000000000e+00  -1.129244565964e+00   0.000000000000e+00  -3.914609923959e-02  -8.180007338524e-01 
  0.000000000000e+00  -3.914609923959e-02  -8.180007338524e-01  -1.387051790953e-01  -8.578577637672e-02  -1.085663199425e+00  -4.772443696856e-02  -8.889792114496e-02  -1.169522285461e+00 
 -2.364016138017e-02  -8.713289350271e-02  -1.149677872658e+00  -4.059863090515e-02  -8.963251113892e-02  -1.124591708183e+00  -2.756379172206e-02  -9.207731485367e-02  -1.128338575363e+00 
 -1.626388914883e-02  -9.213291108608e-02  -1.123709797859e+00  -2.498060232028e-03  -9.172286838293e-02  -1.119171023369e+00  -2.498060232028e-03  -9.172286838293e-02  -1.119171023369e+00 
  0.000000000000e+00  -3.914609923959e-02  -8.180007338524e-01   0.000000000000e+00  -3.914609923959e-02  -8.180007338524e-01  -1.387051790953e-01  -8.578577637672e-02  -1.085663199425e+00 
 -4.772443696856e-02  -8.889792114496e-02  -1.169522285461e+00  -2.364016138017e-02  -8.713289350271e-02  -1.149677872658e+00  -4.059863090515e-02  -8.963251113892e-02  -1.124591708183e+00 
 -2.756379172206e-02  -9.207731485367e-02  -1.128338575363e+00  -1.626388914883e-02  -9.213291108608e-02  -1.123709797859e+00  -2.498060232028e-03  -9.172286838293e-02  -1.119171023369e+00 
 -2.498060232028e-03  -9.172286838293e-02  -1.119171023369e+00   0.000000000000e+00  -2.973900362849e-02  -8.882316350937e-01   0.000000000000e+00  -2.973900362849e-02  -8.882316350937e-01 
 -1.308830082417e-01   4.503270983696e-02  -1.138824462891e+00  -5.091032013297e-02   4.037608951330e-02  -1.170976519585e+00  -1.705409586430e-02   4.205328971148e-02  -1.152617454529e+00 
 -3.905958682299e-02   5.016293004155e-02  -1.132743120193e+00  -1.803489960730e-02   6.585792452097e-02  -1.131458759308e+00  -1.548199541867e-02   6.729311496019e-02  -1.127320170403e+00 
 -9.922572644427e-04   6.823348253965e-02  -1.123623013496e+00  -9.922572644427e-04   6.823348253965e-02  -1.123623013496e+00   0.000000000000e+00  -2.166950702667e-02  -6.402756571770e-01 
  0.000000000000e+00  -2.166950702667e-02  -6.402756571770e-01  -1.300124377012e-01  -5.678234621882e-02  -1.043352603912e+00  -4.911226034164e-02  -5.796035751700e-02  -1.142602086067e+00 
 -1.223328243941e-02  -5.501102656126e-02  -1.127076745033e+00  -3.265622630715e-02  -5.114630237222e-02  -1.108990311623e+00  -2.548435470089e-03  -3.872413933277e-02  -1.094131946564e+00 
 -1.609855890274e-02  -3.595114126801e-02  -1.084614038467e+00   5.401114467531e-04  -3.440221399069e-02  -1.077981829643e+00   5.401114467531e-04  -3.440221399069e-02  -1.077981829643e+00 
  0.000000000000e+00   5.858710408211e-02  -6.151731610298e-01   0.000000000000e+00   5.858710408211e-02  -6.151731610298e-01  -1.220053806901e-01   4.642634093761e-02  -1.057937979698e+00 
 -4.739783704281e-02   5.320701375604e-02  -1.145734548569e+00  -1.444602385163e-02   5.331658199430e-02  -1.127791047096e+00  -2.984700165689e-02   6.028123944998e-02  -1.110593676567e+00 
 -4.179497715086e-03   6.339913606644e-02  -1.098123073578e+00  -1.533824577928e-02   6.620579957962e-02  -1.085358858109e+00  -2.677866141312e-04   6.624908000231e-02  -1.074970483780e+00 
 -2.677866141312e-04   6.624908000231e-02  -1.074970483780e+00   0.000000000000e+00  -2.219763584435e-02  -4.882736504078e-01   0.000000000000e+00  -2.219763584435e-02  -4.882736504078e-01 
 -1.259603947401e-01  -3.918860480189e-02  -1.023888945580e+00  -5.051143094897e-02  -3.716465085745e-02  -1.139074921608e+00  -1.666003465652e-02  -3.719908744097e-02  -1.117465972900e+00 
 -2.876162715256e-02  -3.652212396264e-02  -1.102472901344e+00  -4.029055126011e-03  -3.606829419732e-02  -1.092517614365e+00  -1.530640292913e-02  -3.530664369464e-02  -1.082598447800e+00 
 -2.182762400480e-04  -3.459919244051e-02  -1.077504754066e+00  -2.182762400480e-04  -3.459919244051e-02  -1.077504754066e+00   0.000000000000e+00   5.999674089253e-03  -6.097698807716e-01 
  0.000000000000e+00   5.999674089253e-03  -6.097698807716e-01  -1.317057162523e-01   1.720922440290e-02  -1.030100941658e+00  -4.911400005221e-02   1.661788299680e-02  -1.152306437492e+00 
 -1.397318486124e-02   1.978990808129e-02  -1.137673258781e+00  -2.501567825675e-02   2.322545833886e-02  -1.118333578110e+00  -4.358671605587e-03   2.342993766069e-02  -1.104794502258e+00 
 -1.646113768220e-02   2.255048416555e-02  -1.093446373940e+00  -1.409887103364e-03   2.139111235738e-02  -1.085562467575e+00  -1.409887103364e-03   2.139111235738e-02  -1.085562467575e+00 
  0.000000000000e+00  -4.340934753418e-02  -6.072662472725e-01   0.000000000000e+00  -4.340934753418e-02  -6.072662472725e-01  -1.237305402756e-01  -2.603434212506e-02  -1.043137788773e+00 
 -4.725771024823e-02  -1.905416324735e-02  -1.143081188202e+00  -1.168540865183e-02  -1.281648967415e-02  -1.127552509308e+00  -2.107609622180e-02  -4.638989921659e-03  -1.111947655678e+00 
 -1.298916991800e-03  -8.239098242484e-04  -1.102364420891e+00  -1.492477674037e-02  -8.420203812420e-05  -1.088903307915e+00  -8.411429589614e-04  -4.162382392678e-04  -1.077746987343e+00 
 -8.411429589614e-04  -4.162382392678e-04  -1.077746987343e+00   0.000000000000e+00   0.000000000000e+00  -5.113579034805e-01   0.000000000000e+00   0.000000000000e+00  -5.113579034805e-01 
 -1.311895549297e-01   0.000000000000e+00  -1.031226754189e+00  -5.057356879115e-02   0.000000000000e+00  -1.144201874733e+00  -1.506454497576e-02   0.000000000000e+00  -1.120225429535e+00 
 -1.986843533814e-02   0.000000000000e+00  -1.109469532967e+00   1.955411629751e-03   0.000000000000e+00  -1.104938030243e+00  -1.210712082684e-02   0.000000000000e+00  -1.093339562416e+00 
  1.913175336085e-03   0.000000000000e+00  -1.088239192963e+00   1.913175336085e-03   0.000000000000e+00  -1.088239192963e+00   0.000000000000e+00   0.000000000000e+00  -5.113579034805e-01 
  0.000000000000e+00   0.000000000000e+00  -5.113579034805e-01  -1.311895549297e-01   0.000000000000e+00  -1.031226754189e+00  -5.057356879115e-02   0.000000000000e+00  -1.144201874733e+00 
 -1.506454497576e-02   0.000000000000e+00  -1.120225429535e+00  -1.986843533814e-02   0.000000000000e+00  -1.109469532967e+00   1.955411629751e-03   0.000000000000e+00  -1.104938030243e+00 
 -1.210712082684e-02   0.000000000000e+00  -1.093339562416e+00   1.913175336085e-03   0.000000000000e+00  -1.088239192963e+00   1.913175336085e-03   0.000000000000e+00  -1.088239192963e+00 
  0.000000000000e+00   1.209686174989e-01   3.507318794727e-01   0.000000000000e+00   1.209686174989e-01   3.507318794727e-01  -1.161719560623e-01   1.160156913102e-02  -5.046226978302e-01 
 -5.190134420991e-02   8.911772631109e-03  -1.129728555679e+00  -2.629296109080e-02   1.525201275945e-02  -1.148287296295e+00  -4.184460639954e-02   1.950750499964e-02  -1.112368464470e+00 
 -3.984602168202e-02   2.438797242939e-02  -1.128781437874e+00  -1.183020696044e-02   2.510983310640e-02  -1.125825047493e+00  -2.786444034427e-03   2.545179054141e-02  -1.117909908295e+00 
 -2.786444034427e-03   2.545179054141e-02  -1.117909908295e+00   0.000000000000e+00   1.209686174989e-01   3.507318794727e-01   0.000000000000e+00   1.209686174989e-01   3.507318794727e-01 
 -1.161719560623e-01   1.160156913102e-02  -5.046226978302e-01  -5.190134420991e-02   8.911772631109e-03  -1.129728555679e+00  -2.629296109080e-02   1.525201275945e-02  -1.148287296295e+00 
 -4.184460639954e-02   1.950750499964e-02  -1.112368464470e+00  -3.984602168202e-02   2.438797242939e-02  -1.128781437874e+00  -1.183020696044e-02   2.510983310640e-02  -1.125825047493e+00 
 -2.786444034427e-03   2.545179054141e-02  -1.117909908295e+00  -2.786444034427e-03   2.545179054141e-02  -1.117909908295e+00   0.000000000000e+00  -1.475891768932e-01   3.301474452019e-01 
  0.000000000000e+00  -1.475891768932e-01   3.301474452019e-01  -9.923701733351e-02   9.837563149631e-03  -6.850914955139e-01  -6.225926801562e-02   2.576070278883e-02  -1.194097399712e+00 
 -2.112118527293e-02   3.902820870280e-02  -1.163824915886e+00  -3.903816267848e-02   4.994331300259e-02  -1.133958697319e+00  -1.804109290242e-02   6.585339456797e-02  -1.144920945168e+00 
 -1.548199541867e-02   6.729311496019e-02  -1.140642285347e+00  -9.922572644427e-04   6.823348253965e-02  -1.134400248528e+00  -9.922572644427e-04   6.823348253965e-02  -1.134400248528e+00 
  0.000000000000e+00   9.143966436386e-02   4.087065160275e-02   0.000000000000e+00   9.143966436386e-02   4.087065160275e-02  -1.067643016577e-01   1.666523143649e-02  -7.723698019981e-01 
 -6.287142634392e-02  -3.747799247503e-02  -1.147831916809e+00  -1.417158450931e-02  -5.379265174270e-02  -1.120008349419e+00  -3.265406563878e-02  -5.115126445889e-02  -1.093481063843e+00 
 -2.548492047936e-03  -3.872418403625e-02  -1.081200242043e+00  -1.609855890274e-02  -3.595114126801e-02  -1.066548585892e+00  -1.885978854261e-04  -3.440221399069e-02  -1.061186075211e+00 
 -1.885978854261e-04  -3.440221399069e-02  -1.061186075211e+00   0.000000000000e+00   5.653060972691e-02   1.554241776466e-01   0.000000000000e+00   5.653060972691e-02   1.554241776466e-01 
 -9.144256263971e-02   5.134379491210e-02  -6.807209253311e-01  -5.782289057970e-02   5.265925452113e-02  -1.169746518135e+00  -1.587489619851e-02   5.328706651926e-02  -1.146315336227e+00 
 -2.983926050365e-02   6.027705222368e-02  -1.121636867523e+00  -4.179501440376e-03   6.339913606644e-02  -1.108364582062e+00  -1.533824577928e-02   6.620579957962e-02  -1.093194007874e+00 
 -2.677866141312e-04   6.624908000231e-02  -1.087698698044e+00  -2.677866141312e-04   6.624908000231e-02  -1.087698698044e+00   0.000000000000e+00  -3.269549831748e-02   7.919154316187e-02 
  0.000000000000e+00  -3.269549831748e-02   7.919154316187e-02  -8.067797124386e-02  -3.594139963388e-02  -7.329349517822e-01  -5.763954669237e-02  -3.690585494041e-02  -1.151589989662e+00 
 -1.801146939397e-02  -3.718956187367e-02  -1.127460479736e+00  -2.875559218228e-02  -3.652250021696e-02  -1.104675173759e+00  -4.029058851302e-03  -3.606829419732e-02  -1.093874812126e+00 
 -1.530640292913e-02  -3.530664369464e-02  -1.080026149750e+00  -2.182762400480e-04  -3.459919244051e-02  -1.074474096298e+00  -2.182762400480e-04  -3.459919244051e-02  -1.074474096298e+00 
  0.000000000000e+00   2.651833370328e-02   1.195588633418e-01   0.000000000000e+00   2.651833370328e-02   1.195588633418e-01  -9.435135126114e-02   2.186377905309e-02  -7.192681431770e-01 
 -5.980322882533e-02   1.772647164762e-02  -1.170471906662e+00  -1.548458728939e-02   1.972296275198e-02  -1.149035453796e+00  -2.501032687724e-02   2.322349324822e-02  -1.130015254021e+00 
 -4.358674865216e-03   2.342993766069e-02  -1.122024416924e+00  -1.646113768220e-02   2.255048416555e-02  -1.108611583710e+00  -1.409887103364e-03   2.139111235738e-02  -1.101706743240e+00 
 -1.409887103364e-03   2.139111235738e-02  -1.101706743240e+00   0.000000000000e+00  -3.182569146156e-02  -2.193211019039e-02   0.000000000000e+00  -3.182569146156e-02  -2.193211019039e-02 
 -8.754181861877e-02  -2.893001772463e-02  -7.831760048866e-01  -5.677652731538e-02  -2.114117704332e-02  -1.158167719841e+00  -1.317244116217e-02  -1.308657135814e-02  -1.138196825981e+00 
 -2.107165940106e-02  -4.643730819225e-03  -1.121907711029e+00  -1.298920135014e-03  -8.239104645327e-04  -1.119887113571e+00  -1.492477674037e-02  -8.420203812420e-05  -1.110622048378e+00 
 -8.411429589614e-04  -4.162382392678e-04  -1.105538010597e+00  -8.411429589614e-04  -4.162382392678e-04  -1.105538010597e+00   0.000000000000e+00   0.000000000000e+00   8.883458562195e-03 
  0.000000000000e+00   0.000000000000e+00   8.883458562195e-03  -8.503805845976e-02   0.000000000000e+00  -8.324381709099e-01  -5.871725454926e-02   0.000000000000e+00  -1.165475487709e+00 
 -1.650414057076e-02   0.000000000000e+00  -1.139373183250e+00  -1.986654661596e-02   0.000000000000e+00  -1.121476054192e+00   1.955408137292e-03   0.000000000000e+00  -1.124269008636e+00 
 -1.210712082684e-02   0.000000000000e+00  -1.119452238083e+00   1.913175336085e-03   0.000000000000e+00  -1.117714762688e+00   1.913175336085e-03   0.000000000000e+00  -1.117714762688e+00 
  0.000000000000e+00   0.000000000000e+00   8.883458562195e-03   0.000000000000e+00   0.000000000000e+00   8.883458562195e-03  -8.503805845976e-02   0.000000000000e+00  -8.324381709099e-01 
 -5.871725454926e-02   0.000000000000e+00  -1.165475487709e+00  -1.650414057076e-02   0.000000000000e+00  -1.139373183250e+00  -1.986654661596e-02   0.000000000000e+00  -1.121476054192e+00 
  1.955408137292e-03   0.000000000000e+00  -1.124269008636e+00  -1.210712082684e-02   0.000000000000e+00  -1.119452238083e+00   1.913175336085e-03   0.000000000000e+00  -1.117714762688e+00 
  1.913175336085e-03   0.000000000000e+00  -1.117714762688e+00   0.000000000000e+00   1.078305542469e-01   2.194373458624e-01   0.000000000000e+00   1.078305542469e-01   2.194373458624e-01 
 -5.891254544258e-02   1.656530424953e-02   1.244318336248e-01   0.000000000000e+00   1.103045698255e-02  -4.012537002563e-01   0.000000000000e+00   1.837492734194e-02  -1.000000014901e-01 
  0.000000000000e+00   2.861025743186e-02  -1.000000014901e-01   0.000000000000e+00   3.853724524379e-02  -1.000000014901e-01   0.000000000000e+00   3.961412981153e-02  -1.000000014901e-01 
  0.000000000000e+00   4.001254215837e-02  -1.117909908295e+00   0.000000000000e+00   4.001254215837e-02  -1.117909908295e+00   0.000000000000e+00   1.078305542469e-01   2.194373458624e-01 
  0.000000000000e+00   1.078305542469e-01   2.194373458624e-01  -5.891254544258e-02   1.656530424953e-02   1.244318336248e-01   0.000000000000e+00   1.103045698255e-02  -4.012537002563e-01 
  0.000000000000e+00   1.837492734194e-02  -1.000000014901e-01   0.000000000000e+00   2.861025743186e-02  -1.000000014901e-01   0.000000000000e+00   3.853724524379e-02  -1.000000014901e-01 
  0.000000000000e+00   3.961412981153e-02  -1.000000014901e-01   0.000000000000e+00   4.001254215837e-02  -1.117909908295e+00   0.000000000000e+00   4.001254215837e-02  -1.117909908295e+00 
  0.000000000000e+00  -7.240235060453e-02   5.103077739477e-02   0.000000000000e+00  -7.240235060453e-02   5.103077739477e-02  -3.681765496731e-02  -3.246832266450e-02  -9.830905497074e-02 
 -4.082989692688e-02  -1.587351900525e-03  -6.796309947968e-01  -2.390777878463e-02   2.650206349790e-02  -1.033827185631e+00  -3.665092214942e-02   4.776908084750e-02  -1.126976728439e+00 
 -1.800995133817e-02   6.575450301170e-02  -1.144883751869e+00  -1.548169553280e-02   6.729308515787e-02  -1.140642285347e+00  -9.922572644427e-04   6.823348253965e-02  -1.134400248528e+00 
 -9.922572644427e-04   6.823348253965e-02  -1.134400248528e+00   0.000000000000e+00   8.139318972826e-02   2.497247457504e-01   0.000000000000e+00   8.139318972826e-02   2.497247457504e-01 
 -6.387057155371e-02   6.212377175689e-02  -2.543909940869e-03  -6.249543651938e-02   1.175606902689e-02  -6.818363666534e-01  -2.648753300309e-02  -3.680070862174e-02  -1.056586503983e+00 
 -3.244091942906e-02  -5.036274716258e-02  -1.092724800110e+00  -2.582379849628e-03  -3.873990848660e-02  -1.081205487251e+00  -1.609855331481e-02  -3.595114499331e-02  -1.066548585892e+00 
 -1.885978854261e-04  -3.440221399069e-02  -1.061186075211e+00  -1.885978854261e-04  -3.440221399069e-02  -1.061186075211e+00   0.000000000000e+00   2.823300845921e-02   3.684382736683e-01 
  0.000000000000e+00   2.823300845921e-02   3.684382736683e-01  -5.923091992736e-02   3.319513425231e-02   1.201020851731e-01  -5.866813287139e-02   4.285439476371e-02  -6.463679671288e-01 
 -2.678358927369e-02   5.082016810775e-02  -1.075085639954e+00  -2.971725352108e-02   5.989461392164e-02  -1.120684027672e+00  -4.201110918075e-03   6.339609622955e-02  -1.108369708061e+00 
 -1.533824205399e-02   6.620579957962e-02  -1.093194007874e+00  -2.677866141312e-04   6.624908000231e-02  -1.087698698044e+00  -2.677866141312e-04   6.624908000231e-02  -1.087698698044e+00 
  0.000000000000e+00  -1.365250721574e-02   3.792068362236e-01   0.000000000000e+00  -1.365250721574e-02   3.792068362236e-01  -5.910471081734e-02  -1.836259290576e-02   1.164165809751e-01 
 -5.851010978222e-02  -2.763383276761e-02  -6.369981765747e-01  -2.833558432758e-02  -3.499967232347e-02  -1.057592511177e+00  -2.873864024878e-02  -3.646222501993e-02  -1.103712081909e+00 
 -4.049995914102e-03  -3.606862947345e-02  -1.093878984451e+00  -1.530639827251e-02  -3.530664369464e-02  -1.080026149750e+00  -2.182762400480e-04  -3.459919244051e-02  -1.074474096298e+00 
 -2.182762400480e-04  -3.459919244051e-02  -1.074474096298e+00   0.000000000000e+00   2.280671149492e-02   4.275519847870e-01   0.000000000000e+00   2.280671149492e-02   4.275519847870e-01 
 -6.763046979904e-02   2.260744571686e-02   1.565674841404e-01  -6.445395946503e-02   2.016695961356e-02  -6.319229602814e-01  -2.796811237931e-02   1.982470601797e-02  -1.075371026993e+00 
 -2.512971125543e-02   2.308898605406e-02  -1.128897428513e+00  -4.376274533570e-03   2.342964895070e-02  -1.122027397156e+00  -1.646113395691e-02   2.255048416555e-02  -1.108611583710e+00 
 -1.409887103364e-03   2.139111235738e-02  -1.101706743240e+00  -1.409887103364e-03   2.139111235738e-02  -1.101706743240e+00   0.000000000000e+00  -5.952162668109e-03   4.282166361809e-01 
  0.000000000000e+00  -5.952162668109e-03   4.282166361809e-01  -6.986972689629e-02  -1.080795470625e-02   1.419741809368e-01  -6.455614417791e-02  -1.597456634045e-02  -6.305345296860e-01 
 -2.627143822610e-02  -1.374836079776e-02  -1.065878629684e+00  -2.128153666854e-02  -5.004046950489e-03  -1.120761513710e+00  -1.315851812251e-03  -8.274508290924e-04  -1.119887471199e+00 
 -1.492477208376e-02  -8.420230005868e-05  -1.110622048378e+00  -8.411429589614e-04  -4.162382392678e-04  -1.105538010597e+00  -8.411429589614e-04  -4.162382392678e-04  -1.105538010597e+00 
  0.000000000000e+00   0.000000000000e+00   3.630832433701e-01   0.000000000000e+00   0.000000000000e+00   3.630832433701e-01  -6.943482160568e-02   0.000000000000e+00   8.059102296829e-02 
 -6.508534401655e-02   0.000000000000e+00  -6.597875356674e-01  -2.888870984316e-02   0.000000000000e+00  -1.071054577827e+00  -2.023070678115e-02   0.000000000000e+00  -1.120444536209e+00 
  1.936609507538e-03   0.000000000000e+00  -1.124267339706e+00  -1.210711523890e-02   0.000000000000e+00  -1.119452238083e+00   1.913175336085e-03   0.000000000000e+00  -1.117714762688e+00 
  1.913175336085e-03   0.000000000000e+00  -1.117714762688e+00   0.000000000000e+00   0.000000000000e+00   3.630832433701e-01   0.000000000000e+00   0.000000000000e+00   3.630832433701e-01 
 -6.943482160568e-02   0.000000000000e+00   8.059102296829e-02  -6.508534401655e-02   0.000000000000e+00  -6.597875356674e-01  -2.888870984316e-02   0.000000000000e+00  -1.071054577827e+00 
 -2.023070678115e-02   0.000000000000e+00  -1.120444536209e+00   1.936609507538e-03   0.000000000000e+00  -1.124267339706e+00  -1.210711523890e-02   0.000000000000e+00  -1.119452238083e+00 
  1.913175336085e-03   0.000000000000e+00  -1.117714762688e+00   1.913175336085e-03   0.000000000000e+00  -1.117714762688e+00   0.000000000000e+00   8.918127417564e-02   1.055279672146e-01 
  0.000000000000e+00   8.918127417564e-02   1.055279672146e-01  -1.665144227445e-02   4.661229625344e-02   1.135615855455e-01   0.000000000000e+00   2.666130103171e-02  -1.000000014901e-01 
  0.000000000000e+00   2.157571539283e-02  -1.000000014901e-01   0.000000000000e+00   2.989613823593e-02  -1.000000014901e-01   0.000000000000e+00   4.496972262859e-02  -1.000000014901e-01 
  0.000000000000e+00   4.738134890795e-02  -1.000000014901e-01   0.000000000000e+00   4.781648516655e-02  -1.000000014901e-01   0.000000000000e+00   4.781648516655e-02  -1.000000014901e-01 
  0.000000000000e+00   8.918127417564e-02   1.055279672146e-01   0.000000000000e+00   8.918127417564e-02   1.055279672146e-01  -1.665144227445e-02   4.661229625344e-02   1.135615855455e-01 
  0.000000000000e+00   2.666130103171e-02  -1.000000014901e-01   0.000000000000e+00   2.157571539283e-02  -1.000000014901e-01   0.000000000000e+00   2.989613823593e-02  -1.000000014901e-01 
  0.000000000000e+00   4.496972262859e-02  -1.000000014901e-01   0.000000000000e+00   4.738134890795e-02  -1.000000014901e-01   0.000000000000e+00   4.781648516655e-02  -1.000000014901e-01 
  0.000000000000e+00   4.781648516655e-02  -1.000000014901e-01   0.000000000000e+00   2.829341683537e-03  -2.838636375964e-02   0.000000000000e+00   2.829341683537e-03  -2.838636375964e-02 
  3.566716797650e-03  -1.098275184631e-03  -1.844607479870e-02  -4.131682682782e-03   3.163226647303e-04  -1.961709558964e-01  -1.175805367529e-02   1.382243260741e-02  -6.456296443939e-01 
 -2.866368182003e-02   3.875889256597e-02  -1.036029338837e+00  -1.828727871180e-02   6.417950987816e-02  -1.141417264938e+00  -1.547382585704e-02   6.728702038527e-02  -1.140641331673e+00 
 -9.922664612532e-04   6.823348253965e-02  -1.134400248528e+00  -9.922664612532e-04   6.823348253965e-02  -1.134400248528e+00   0.000000000000e+00   7.736839819700e-03  -2.358459681273e-02 
  0.000000000000e+00   7.736839819700e-03  -2.358459681273e-02   1.424448448233e-03   1.066618319601e-02  -2.274456433952e-02  -7.759077474475e-03   1.077445596457e-02  -1.920989006758e-01 
 -1.543059572577e-02  -1.262203883380e-02  -6.987857818604e-01  -2.803226374090e-02  -4.097597301006e-02  -1.034212470055e+00  -3.709174925461e-03  -3.881276026368e-02  -1.080193638802e+00 
 -1.608678512275e-02  -3.595419228077e-02  -1.066555023193e+00  -1.886050886242e-04  -3.440221771598e-02  -1.061186075211e+00  -1.886050886242e-04  -3.440221771598e-02  -1.061186075211e+00 
  0.000000000000e+00  -3.505739383399e-03  -8.317722380161e-02   0.000000000000e+00  -3.505739383399e-03  -8.317722380161e-02   1.522118784487e-02  -2.279802924022e-03  -7.641626894474e-02 
  4.689359106123e-03   8.101517334580e-03  -2.216573357582e-01  -8.292500860989e-03   2.942765876651e-02  -7.232123613358e-01  -2.416993677616e-02   5.276104062796e-02  -1.061912417412e+00 
 -5.044675897807e-03   6.295316666365e-02  -1.107368826866e+00  -1.532866712660e-02   6.620275229216e-02  -1.093200683594e+00  -2.677931624930e-04   6.624908000231e-02  -1.087698698044e+00 
 -2.677931624930e-04   6.624908000231e-02  -1.087698698044e+00   0.000000000000e+00  -9.645614773035e-03  -6.513145565987e-02   0.000000000000e+00  -9.645614773035e-03  -6.513145565987e-02 
  1.743992045522e-02  -9.928438812494e-03  -5.914432927966e-02   6.620586849749e-03  -1.398565806448e-02  -2.064538747072e-01  -7.791126146913e-03  -2.449256181717e-02  -7.066855430603e-01 
 -2.331253327429e-02  -3.367185220122e-02  -1.045011162758e+00  -4.863911308348e-03  -3.596940636635e-02  -1.092826247215e+00  -1.529668085277e-02  -3.530726209283e-02  -1.080032110214e+00 
 -2.182827738579e-04  -3.459919244051e-02  -1.074474096298e+00  -2.182827738579e-04  -3.459919244051e-02  -1.074474096298e+00   0.000000000000e+00   3.219926496968e-03  -9.053996950388e-02 
  0.000000000000e+00   3.219926496968e-03  -9.053996950388e-02   1.773756928742e-02   3.848924301565e-03  -8.239076286554e-02   6.029114127159e-03   7.588234264404e-03  -2.224803268909e-01 
 -7.987244985998e-03   1.370646990836e-02  -7.237417101860e-01  -2.068923786283e-02   2.090177871287e-02  -1.068994641304e+00  -5.065558943897e-03   2.332500368357e-02  -1.120884895325e+00 
 -1.645052991807e-02   2.255120500922e-02  -1.108617305756e+00  -1.409893622622e-03   2.139111235738e-02  -1.101706743240e+00  -1.409893622622e-03   2.139111235738e-02  -1.101706743240e+00 
  0.000000000000e+00  -3.589132102206e-03  -9.505496919155e-02   0.000000000000e+00  -3.589132102206e-03  -9.505496919155e-02   1.728744246066e-02  -3.823335515335e-03  -8.723812550306e-02 
  5.628554150462e-03  -6.607814226300e-03  -2.257380336523e-01  -7.523158565164e-03  -1.017808727920e-02  -7.195059061050e-01  -1.771765574813e-02  -6.210194900632e-03  -1.061435461044e+00 
 -2.008890267462e-03  -1.050277031027e-03  -1.118628263474e+00  -1.491275150329e-02  -8.510093903169e-05  -1.110625863075e+00  -8.411490125582e-04  -4.162380937487e-04  -1.105538010597e+00 
 -8.411490125582e-04  -4.162380937487e-04  -1.105538010597e+00   0.000000000000e+00   0.000000000000e+00  -8.572346717119e-02   0.000000000000e+00   0.000000000000e+00  -8.572346717119e-02 
  1.282297540456e-02   0.000000000000e+00  -8.023867756128e-02   1.724678673781e-03   0.000000000000e+00  -2.279802560806e-01  -1.089659333229e-02   0.000000000000e+00  -7.234723567963e-01 
 -1.781285926700e-02   0.000000000000e+00  -1.061751723289e+00   1.102119567804e-03   0.000000000000e+00  -1.122920632362e+00  -1.209482271224e-02   0.000000000000e+00  -1.119453787804e+00 
  1.913169166073e-03   0.000000000000e+00  -1.117714762688e+00   1.913169166073e-03   0.000000000000e+00  -1.117714762688e+00   0.000000000000e+00   0.000000000000e+00  -8.572346717119e-02 
  0.000000000000e+00   0.000000000000e+00  -8.572346717119e-02   1.282297540456e-02   0.000000000000e+00  -8.023867756128e-02   1.724678673781e-03   0.000000000000e+00  -2.279802560806e-01 
 -1.089659333229e-02   0.000000000000e+00  -7.234723567963e-01  -1.781285926700e-02   0.000000000000e+00  -1.061751723289e+00   1.102119567804e-03   0.000000000000e+00  -1.122920632362e+00 
 -1.209482271224e-02   0.000000000000e+00  -1.119453787804e+00   1.913169166073e-03   0.000000000000e+00  -1.117714762688e+00   1.913169166073e-03   0.000000000000e+00  -1.117714762688e+00 
  0.000000000000e+00   8.918127417564e-02   1.055279672146e-01   0.000000000000e+00   8.918127417564e-02   1.055279672146e-01  -1.665144227445e-02   4.661229625344e-02   1.135615855455e-01 
  0.000000000000e+00   2.666130103171e-02  -1.000000014901e-01   0.000000000000e+00   2.157571539283e-02  -1.000000014901e-01   0.000000000000e+00   2.989613823593e-02  -1.000000014901e-01 
  0.000000000000e+00   4.496972262859e-02  -1.000000014901e-01   0.000000000000e+00   4.738134890795e-02  -1.000000014901e-01   0.000000000000e+00   4.781648516655e-02  -1.000000014901e-01 
  0.000000000000e+00   4.781648516655e-02  -1.000000014901e-01   0.000000000000e+00   8.918127417564e-02   1.055279672146e-01   0.000000000000e+00   8.918127417564e-02   1.055279672146e-01 
 -1.665144227445e-02   4.661229625344e-02   1.135615855455e-01   0.000000000000e+00   2.666130103171e-02  -1.000000014901e-01   0.000000000000e+00   2.157571539283e-02  -1.000000014901e-01 
  0.000000000000e+00   2.989613823593e-02  -1.000000014901e-01   0.000000000000e+00   4.496972262859e-02  -1.000000014901e-01   0.000000000000e+00   4.738134890795e-02  -1.000000014901e-01 
  0.000000000000e+00   4.781648516655e-02  -1.000000014901e-01   0.000000000000e+00   4.781648516655e-02  -1.000000014901e-01   0.000000000000e+00   2.829341683537e-03  -2.838636375964e-02 
  0.000000000000e+00   2.829341683537e-03  -2.838636375964e-02   3.566716797650e-03  -1.098275184631e-03  -1.844607479870e-02  -4.131682682782e-03   3.163226647303e-04  -1.961709558964e-01 
 -1.175805367529e-02   1.382243260741e-02  -6.456296443939e-01  -2.866368182003e-02   3.875889256597e-02  -1.036029338837e+00  -1.828727871180e-02   6.417950987816e-02  -1.141417264938e+00 
 -1.547382585704e-02   6.728702038527e-02  -1.140641331673e+00  -9.922664612532e-04   6.823348253965e-02  -1.134400248528e+00  -9.922664612532e-04   6.823348253965e-02  -1.134400248528e+00 
  0.000000000000e+00   7.736839819700e-03  -2.358459681273e-02   0.000000000000e+00   7.736839819700e-03  -2.358459681273e-02   1.424448448233e-03   1.066618319601e-02  -2.274456433952e-02 
 -7.759077474475e-03   1.077445596457e-02  -1.920989006758e-01  -1.543059572577e-02  -1.262203883380e-02  -6.987857818604e-01  -2.803226374090e-02  -4.097597301006e-02  -1.034212470055e+00 
 -3.709174925461e-03  -3.881276026368e-02  -1.080193638802e+00  -1.608678512275e-02  -3.595419228077e-02  -1.066555023193e+00  -1.886050886242e-04  -3.440221771598e-02  -1.061186075211e+00 
 -1.886050886242e-04  -3.440221771598e-02  -1.061186075211e+00   0.000000000000e+00  -3.505739383399e-03  -8.317722380161e-02   0.000000000000e+00  -3.505739383399e-03  -8.317722380161e-02 
  1.522118784487e-02  -2.279802924022e-03  -7.641626894474e-02   4.689359106123e-03   8.101517334580e-03  -2.216573357582e-01  -8.292500860989e-03   2.942765876651e-02  -7.232123613358e-01 
 -2.416993677616e-02   5.276104062796e-02  -1.061912417412e+00  -5.044675897807e-03   6.295316666365e-02  -1.107368826866e+00  -1.532866712660e-02   6.620275229216e-02  -1.093200683594e+00 
 -2.677931624930e-04   6.624908000231e-02  -1.087698698044e+00  -2.677931624930e-04   6.624908000231e-02  -1.087698698044e+00   0.000000000000e+00  -9.645614773035e-03  -6.513145565987e-02 
  0.000000000000e+00  -9.645614773035e-03  -6.513145565987e-02   1.743992045522e-02  -9.928438812494e-03  -5.914432927966e-02   6.620586849749e-03  -1.398565806448e-02  -2.064538747072e-01 
 -7.791126146913e-03  -2.449256181717e-02  -7.066855430603e-01  -2.331253327429e-02  -3.367185220122e-02  -1.045011162758e+00  -4.863911308348e-03  -3.596940636635e-02  -1.092826247215e+00 
 -1.529668085277e-02  -3.530726209283e-02  -1.080032110214e+00  -2.182827738579e-04  -3.459919244051e-02  -1.074474096298e+00  -2.182827738579e-04  -3.459919244051e-02  -1.074474096298e+00 
  0.000000000000e+00   3.219926496968e-03  -9.053996950388e-02   0.000000000000e+00   3.219926496968e-03  -9.053996950388e-02   1.773756928742e-02   3.848924301565e-03  -8.239076286554e-02 
  6.029114127159e-03   7.588234264404e-03  -2.224803268909e-01  -7.987244985998e-03   1.370646990836e-02  -7.237417101860e-01  -2.068923786283e-02   2.090177871287e-02  -1.068994641304e+00 
 -5.065558943897e-03   2.332500368357e-02  -1.120884895325e+00  -1.645052991807e-02   2.255120500922e-02  -1.108617305756e+00  -1.409893622622e-03   2.139111235738e-02  -1.101706743240e+00 
 -1.409893622622e-03   2.139111235738e-02  -1.101706743240e+00   0.000000000000e+00  -3.589132102206e-03  -9.505496919155e-02   0.000000000000e+00  -3.589132102206e-03  -9.505496919155e-02 
  1.728744246066e-02  -3.823335515335e-03  -8.723812550306e-02   5.628554150462e-03  -6.607814226300e-03  -2.257380336523e-01  -7.523158565164e-03  -1.017808727920e-02  -7.195059061050e-01 
 -1.771765574813e-02  -6.210194900632e-03  -1.061435461044e+00  -2.008890267462e-03  -1.050277031027e-03  -1.118628263474e+00  -1.491275150329e-02  -8.510093903169e-05  -1.110625863075e+00 
 -8.411490125582e-04  -4.162380937487e-04  -1.105538010597e+00  -8.411490125582e-04  -4.162380937487e-04  -1.105538010597e+00   0.000000000000e+00   0.000000000000e+00  -8.572346717119e-02 
  0.000000000000e+00   0.000000000000e+00  -8.572346717119e-02   1.282297540456e-02   0.000000000000e+00  -8.023867756128e-02   1.724678673781e-03   0.000000000000e+00  -2.279802560806e-01 
 -1.089659333229e-02   0.000000000000e+00  -7.234723567963e-01  -1.781285926700e-02   0.000000000000e+00  -1.061751723289e+00   1.102119567804e-03   0.000000000000e+00  -1.122920632362e+00 
 -1.209482271224e-02   0.000000000000e+00  -1.119453787804e+00   1.913169166073e-03   0.000000000000e+00  -1.117714762688e+00   1.913169166073e-03   0.000000000000e+00  -1.117714762688e+00 
  0.000000000000e+00   0.000000000000e+00  -8.572346717119e-02   0.000000000000e+00   0.000000000000e+00  -8.572346717119e-02   1.282297540456e-02   0.000000000000e+00  -8.023867756128e-02 
  1.724678673781e-03   0.000000000000e+00  -2.279802560806e-01  -1.089659333229e-02   0.000000000000e+00  -7.234723567963e-01  -1.781285926700e-02   0.000000000000e+00  -1.061751723289e+00 
  1.102119567804e-03   0.000000000000e+00  -1.122920632362e+00  -1.209482271224e-02   0.000000000000e+00  -1.119453787804e+00   1.913169166073e-03   0.000000000000e+00  -1.117714762688e+00 
  1.913169166073e-03   0.000000000000e+00  -1.117714762688e+00 

