# vtk DataFile Version 2.0
Written using VisIt writer
ASCII
DATASET RECTILINEAR_GRID
DIMENSIONS 10 10 10
X_COORDINATES 10 float
  0.000000000000e+00   5.000000000000e-01   1.000000000000e+00   1.500000000000e+00   2.000000000000e+00   2.500000000000e+00   3.000000000000e+00   3.500000000000e+00   4.000000000000e+00 
  4.500000000000e+00 
Y_COORDINATES 10 float
  0.000000000000e+00   5.000000000000e-01   1.000000000000e+00   1.500000000000e+00   2.000000000000e+00   2.500000000000e+00   3.000000000000e+00   3.500000000000e+00   4.000000000000e+00 
  4.500000000000e+00 
Z_COORDINATES 10 float
  0.000000000000e+00   5.000000000000e-01   1.000000000000e+00   1.500000000000e+00   2.000000000000e+00   2.500000000000e+00   3.000000000000e+00   3.500000000000e+00   4.000000000000e+00 
  4.500000000000e+00 
CELL_DATA 729
POINT_DATA 1000
VECTORS velocity float
  0.000000000000e+00  -1.350414603949e-01  -2.929714918137e-01   3.251200000000e+04   0.000000000000e+00   0.000000000000e+00   0.000000000000e+00   0.000000000000e+00   0.000000000000e+00 
 -7.079728692770e-02  -1.204208508134e-01  -2.813376486301e-01   0.000000000000e+00   0.000000000000e+00   0.000000000000e+00   0.000000000000e+00   1.431655808000e+09   1.070945600000e+09 
 -1.263627707958e-01  -1.370526403189e-01  -2.889802455902e-01   1.071994176000e+09   0.000000000000e+00   0.000000000000e+00   0.000000000000e+00   0.000000000000e+00   0.000000000000e+00 
 -8.108727633953e-02  -1.614287942648e-01  -3.421838581562e-01   0.000000000000e+00  -1.350414603949e-01  -2.929714918137e-01   1.070945600000e+09   0.000000000000e+00   0.000000000000e+00 
 -1.231024637818e-01  -1.508958786726e-01  -3.522403836250e-01  -7.079728692770e-02  -1.204208508134e-01  -2.813376486301e-01   1.431655808000e+09   1.070945600000e+09   0.000000000000e+00 
 -1.101263314486e-01  -1.106614619493e-01  -2.486726790667e-01  -1.263627707958e-01  -1.370526403189e-01  -2.889802455902e-01   0.000000000000e+00   0.000000000000e+00   1.071644672000e+09 
 -8.108727633953e-02  -1.614287942648e-01  -3.421838581562e-01  -8.108727633953e-02  -1.614287942648e-01  -3.421838581562e-01   0.000000000000e+00   4.762585461140e-02  -2.214030325413e-01 
  0.000000000000e+00   4.762585461140e-02  -2.214030325413e-01  -1.599900871515e-01   5.416100472212e-02  -2.896138131618e-01  -1.585137844086e-01  -4.968847706914e-02  -3.234492540359e-01 
 -1.271163970232e-01  -1.123644933105e-01  -3.570516109467e-01   4.431353509426e-02   5.871656350791e-03  -2.469143420458e-01   2.661565691233e-02   3.336186334491e-02  -2.384525090456e-01 
  1.990265678614e-03   5.701340362430e-02  -2.264080345631e-01  -1.096853986382e-02   1.023160591722e-01  -2.619334459305e-01  -1.096853986382e-02   1.023160591722e-01  -2.619334459305e-01 
  0.000000000000e+00   4.566129297018e-03  -2.321850210428e-01   0.000000000000e+00   4.566129297018e-03  -2.321850210428e-01  -1.586418300867e-01   5.909124389291e-02  -2.734124362469e-01 
 -8.958111703396e-02   9.073924273252e-03  -2.582947909832e-01  -8.038269728422e-02  -1.792461611331e-02  -2.565653622150e-01  -9.348402172327e-02   5.381449125707e-03  -2.809543311596e-01 
 -1.398821622133e-01  -1.651173923165e-03  -3.427976965904e-01   4.031880199909e-02   3.740506072063e-04  -2.403610944748e-01   2.453380823135e-02  -4.079989343882e-02  -2.716567814350e-01 
  2.453380823135e-02  -4.079989343882e-02  -2.716567814350e-01   0.000000000000e+00  -5.305971577764e-02  -2.533683478832e-01   0.000000000000e+00  -5.305971577764e-02  -2.533683478832e-01 
 -1.599335521460e-01  -5.569112300873e-02  -3.823208212852e-01   4.118792340159e-02  -3.197027370334e-02  -3.142358958721e-01  -1.604204764590e-03  -2.393839135766e-02  -2.600195705891e-01 
 -8.481466025114e-02   6.682332605124e-02  -2.494220435619e-01  -1.840640902519e-01   7.147286832333e-02  -2.479826956987e-01  -1.335194110870e-01  -5.197335034609e-02  -2.627069652081e-01 
 -1.052461639047e-01  -9.337013959885e-02  -4.018934071064e-01  -1.052461639047e-01  -9.337013959885e-02  -4.018934071064e-01   0.000000000000e+00   7.498807460070e-02  -1.988777369261e-01 
  0.000000000000e+00   7.498807460070e-02  -1.988777369261e-01  -1.629900187254e-01   8.534305542707e-02  -2.261159121990e-01  -1.584097146988e-01   7.188203930855e-02  -3.274697363377e-01 
 -1.232353299856e-01   4.110253602266e-02  -3.453065752983e-01   1.277276035398e-02   7.615467905998e-02  -2.384498864412e-01  -1.174978166819e-02   4.924342781305e-02  -2.350284308195e-01 
 -4.356733337045e-02   3.729591518641e-02  -2.170380055904e-01  -3.023926541209e-02   2.692078612745e-02  -2.394320070744e-01  -3.023926541209e-02   2.692078612745e-02  -2.394320070744e-01 
  0.000000000000e+00   2.106881467625e-03  -2.480911612511e-01   0.000000000000e+00   2.106881467625e-03  -2.480911612511e-01  -1.826381385326e-01  -1.178609672934e-02  -2.435630261898e-01 
 -1.271618753672e-01   7.198899984360e-02  -2.517056167126e-01  -1.310981512070e-01   1.122021302581e-01  -2.838035523891e-01  -1.256234943867e-01   4.681106284261e-02  -3.331732749939e-01 
 -1.110880151391e-01   7.072670268826e-04  -4.047302007675e-01   7.798668742180e-02  -3.201739862561e-02  -2.753688693047e-01   7.152651995420e-02  -9.799943864346e-02  -3.022032082081e-01 
  7.152651995420e-02  -9.799943864346e-02  -3.022032082081e-01   0.000000000000e+00  -7.514085620642e-02  -2.655991911888e-01   0.000000000000e+00  -7.514085620642e-02  -2.655991911888e-01 
 -1.956796199083e-01  -3.890258818865e-02  -3.411364257336e-01  -6.456716917455e-03   2.998359501362e-02  -2.400765269995e-01  -2.837564423680e-02   5.614471435547e-02  -2.450396120548e-01 
 -9.355562925339e-02   6.944993138313e-02  -2.396200597286e-01  -5.542674660683e-02   3.824148327112e-02  -2.575812935829e-01  -6.465176492929e-02  -1.021772250533e-01  -3.041721582413e-01 
 -3.227071091533e-02  -1.519671976566e-01  -4.510052204132e-01  -3.227071091533e-02  -1.519671976566e-01  -4.510052204132e-01   0.000000000000e+00   0.000000000000e+00  -2.324336767197e-01 
  0.000000000000e+00   0.000000000000e+00  -2.324336767197e-01  -2.047457098961e-01   0.000000000000e+00  -3.211905956268e-01  -1.355614364147e-01   0.000000000000e+00  -3.263722658157e-01 
 -6.284892559052e-02   0.000000000000e+00  -3.728159964085e-01   9.349451959133e-02   0.000000000000e+00  -3.089770078659e-01   9.532500803471e-02   0.000000000000e+00  -2.584161460400e-01 
  9.759076638147e-04   0.000000000000e+00  -2.596300244331e-01   1.363882124424e-01   0.000000000000e+00  -2.758422791958e-01   1.363882124424e-01   0.000000000000e+00  -2.758422791958e-01 
  0.000000000000e+00   0.000000000000e+00  -2.324336767197e-01   0.000000000000e+00   0.000000000000e+00  -2.324336767197e-01  -2.047457098961e-01   0.000000000000e+00  -3.211905956268e-01 
 -1.355614364147e-01   0.000000000000e+00  -3.263722658157e-01  -6.284892559052e-02   0.000000000000e+00  -3.728159964085e-01   9.349451959133e-02   0.000000000000e+00  -3.089770078659e-01 
  9.532500803471e-02   0.000000000000e+00  -2.584161460400e-01   9.759076638147e-04   0.000000000000e+00  -2.596300244331e-01   1.363882124424e-01   0.000000000000e+00  -2.758422791958e-01 
  1.363882124424e-01   0.000000000000e+00  -2.758422791958e-01   0.000000000000e+00  -1.350414603949e-01  -2.929714918137e-01   0.000000000000e+00  -1.350414603949e-01  -2.929714918137e-01 
 -1.231024637818e-01  -1.508958786726e-01  -3.522403836250e-01  -7.079728692770e-02  -1.204208508134e-01  -2.813376486301e-01  -7.738253474236e-02  -1.152174994349e-01  -2.483593672514e-01 
 -1.101263314486e-01  -1.106614619493e-01  -2.486726790667e-01  -1.263627707958e-01  -1.370526403189e-01  -2.889802455902e-01  -1.023892685771e-01  -1.432801783085e-01  -2.799355685711e-01 
 -8.108727633953e-02  -1.614287942648e-01  -3.421838581562e-01  -8.108727633953e-02  -1.614287942648e-01  -3.421838581562e-01   0.000000000000e+00  -1.350414603949e-01  -2.929714918137e-01 
  0.000000000000e+00  -1.350414603949e-01  -2.929714918137e-01  -1.231024637818e-01  -1.508958786726e-01  -3.522403836250e-01  -7.079728692770e-02  -1.204208508134e-01  -2.813376486301e-01 
 -7.738253474236e-02  -1.152174994349e-01  -2.483593672514e-01  -1.101263314486e-01  -1.106614619493e-01  -2.486726790667e-01  -1.263627707958e-01  -1.370526403189e-01  -2.889802455902e-01 
 -1.023892685771e-01  -1.432801783085e-01  -2.799355685711e-01  -8.108727633953e-02  -1.614287942648e-01  -3.421838581562e-01  -8.108727633953e-02  -1.614287942648e-01  -3.421838581562e-01 
  0.000000000000e+00   4.762585461140e-02  -2.214030325413e-01   0.000000000000e+00   4.762585461140e-02  -2.214030325413e-01  -1.599900871515e-01   5.416100472212e-02  -2.896138131618e-01 
 -1.585137844086e-01  -4.968847706914e-02  -3.234492540359e-01  -1.271163970232e-01  -1.123644933105e-01  -3.570516109467e-01   4.431353509426e-02   5.871656350791e-03  -2.469143420458e-01 
  2.661565691233e-02   3.336186334491e-02  -2.384525090456e-01   1.990265678614e-03   5.701340362430e-02  -2.264080345631e-01  -1.096853986382e-02   1.023160591722e-01  -2.619334459305e-01 
 -1.096853986382e-02   1.023160591722e-01  -2.619334459305e-01   0.000000000000e+00   4.566129297018e-03  -2.321850210428e-01   0.000000000000e+00   4.566129297018e-03  -2.321850210428e-01 
 -1.586418300867e-01   5.909124389291e-02  -2.734124362469e-01  -8.958111703396e-02   9.073924273252e-03  -2.582947909832e-01  -8.038269728422e-02  -1.792461611331e-02  -2.565653622150e-01 
 -9.348402172327e-02   5.381449125707e-03  -2.809543311596e-01  -1.398821622133e-01  -1.651173923165e-03  -3.427976965904e-01   4.031880199909e-02   3.740506072063e-04  -2.403610944748e-01 
  2.453380823135e-02  -4.079989343882e-02  -2.716567814350e-01   2.453380823135e-02  -4.079989343882e-02  -2.716567814350e-01   0.000000000000e+00  -5.305971577764e-02  -2.533683478832e-01 
  0.000000000000e+00  -5.305971577764e-02  -2.533683478832e-01  -1.599335521460e-01  -5.569112300873e-02  -3.823208212852e-01   4.118792340159e-02  -3.197027370334e-02  -3.142358958721e-01 
 -1.604204764590e-03  -2.393839135766e-02  -2.600195705891e-01  -8.481466025114e-02   6.682332605124e-02  -2.494220435619e-01  -1.840640902519e-01   7.147286832333e-02  -2.479826956987e-01 
 -1.335194110870e-01  -5.197335034609e-02  -2.627069652081e-01  -1.052461639047e-01  -9.337013959885e-02  -4.018934071064e-01  -1.052461639047e-01  -9.337013959885e-02  -4.018934071064e-01 
  0.000000000000e+00   7.498807460070e-02  -1.988777369261e-01   0.000000000000e+00   7.498807460070e-02  -1.988777369261e-01  -1.629900187254e-01   8.534305542707e-02  -2.261159121990e-01 
 -1.584097146988e-01   7.188203930855e-02  -3.274697363377e-01  -1.232353299856e-01   4.110253602266e-02  -3.453065752983e-01   1.277276035398e-02   7.615467905998e-02  -2.384498864412e-01 
 -1.174978166819e-02   4.924342781305e-02  -2.350284308195e-01  -4.356733337045e-02   3.729591518641e-02  -2.170380055904e-01  -3.023926541209e-02   2.692078612745e-02  -2.394320070744e-01 
 -3.023926541209e-02   2.692078612745e-02  -2.394320070744e-01   0.000000000000e+00   2.106881467625e-03  -2.480911612511e-01   0.000000000000e+00   2.106881467625e-03  -2.480911612511e-01 
 -1.826381385326e-01  -1.178609672934e-02  -2.435630261898e-01  -1.271618753672e-01   7.198899984360e-02  -2.517056167126e-01  -1.310981512070e-01   1.122021302581e-01  -2.838035523891e-01 
 -1.256234943867e-01   4.681106284261e-02  -3.331732749939e-01  -1.110880151391e-01   7.072670268826e-04  -4.047302007675e-01   7.798668742180e-02  -3.201739862561e-02  -2.753688693047e-01 
  7.152651995420e-02  -9.799943864346e-02  -3.022032082081e-01   7.152651995420e-02  -9.799943864346e-02  -3.022032082081e-01   0.000000000000e+00  -7.514085620642e-02  -2.655991911888e-01 
  0.000000000000e+00  -7.514085620642e-02  -2.655991911888e-01  -1.956796199083e-01  -3.890258818865e-02  -3.411364257336e-01  -6.456716917455e-03   2.998359501362e-02  -2.400765269995e-01 
 -2.837564423680e-02   5.614471435547e-02  -2.450396120548e-01  -9.355562925339e-02   6.944993138313e-02  -2.396200597286e-01  -5.542674660683e-02   3.824148327112e-02  -2.575812935829e-01 
 -6.465176492929e-02  -1.021772250533e-01  -3.041721582413e-01  -3.227071091533e-02  -1.519671976566e-01  -4.510052204132e-01  -3.227071091533e-02  -1.519671976566e-01  -4.510052204132e-01 
  0.000000000000e+00   0.000000000000e+00  -2.324336767197e-01   0.000000000000e+00   0.000000000000e+00  -2.324336767197e-01  -2.047457098961e-01   0.000000000000e+00  -3.211905956268e-01 
 -1.355614364147e-01   0.000000000000e+00  -3.263722658157e-01  -6.284892559052e-02   0.000000000000e+00  -3.728159964085e-01   9.349451959133e-02   0.000000000000e+00  -3.089770078659e-01 
  9.532500803471e-02   0.000000000000e+00  -2.584161460400e-01   9.759076638147e-04   0.000000000000e+00  -2.596300244331e-01   1.363882124424e-01   0.000000000000e+00  -2.758422791958e-01 
  1.363882124424e-01   0.000000000000e+00  -2.758422791958e-01   0.000000000000e+00   0.000000000000e+00  -2.324336767197e-01   0.000000000000e+00   0.000000000000e+00  -2.324336767197e-01 
 -2.047457098961e-01   0.000000000000e+00  -3.211905956268e-01  -1.355614364147e-01   0.000000000000e+00  -3.263722658157e-01  -6.284892559052e-02   0.000000000000e+00  -3.728159964085e-01 
  9.349451959133e-02   0.000000000000e+00  -3.089770078659e-01   9.532500803471e-02   0.000000000000e+00  -2.584161460400e-01   9.759076638147e-04   0.000000000000e+00  -2.596300244331e-01 
  1.363882124424e-01   0.000000000000e+00  -2.758422791958e-01   1.363882124424e-01   0.000000000000e+00  -2.758422791958e-01   0.000000000000e+00  -1.082646697760e-01  -3.638507127762e-01 
  0.000000000000e+00  -1.082646697760e-01  -3.638507127762e-01   2.265351824462e-02  -1.263583600521e-01  -7.429723739624e-01  -1.533497124910e-01  -1.496300995350e-01  -1.099577665329e+00 
 -8.618487417698e-02  -1.393507122993e-01  -1.002163648605e+00  -3.695524483919e-02  -1.381614357233e-01  -1.045475006104e+00  -6.985695660114e-02  -1.468618214130e-01  -1.018714785576e+00 
 -2.671129535884e-03  -1.455641686916e-01  -9.580372571945e-01   5.256132781506e-02  -1.458093523979e-01  -9.139057397842e-01   5.256132781506e-02  -1.458093523979e-01  -9.139057397842e-01 
  0.000000000000e+00  -1.082646697760e-01  -3.638507127762e-01   0.000000000000e+00  -1.082646697760e-01  -3.638507127762e-01   2.265351824462e-02  -1.263583600521e-01  -7.429723739624e-01 
 -1.533497124910e-01  -1.496300995350e-01  -1.099577665329e+00  -8.618487417698e-02  -1.393507122993e-01  -1.002163648605e+00  -3.695524483919e-02  -1.381614357233e-01  -1.045475006104e+00 
 -6.985695660114e-02  -1.468618214130e-01  -1.018714785576e+00  -2.671129535884e-03  -1.455641686916e-01  -9.580372571945e-01   5.256132781506e-02  -1.458093523979e-01  -9.139057397842e-01 
  5.256132781506e-02  -1.458093523979e-01  -9.139057397842e-01   0.000000000000e+00  -3.568102256395e-04  -4.215504825115e-01   0.000000000000e+00  -3.568102256395e-04  -4.215504825115e-01 
 -3.712724894285e-02  -4.597005620599e-02  -8.275926709175e-01  -1.535176187754e-01  -3.136569634080e-02  -1.102603435516e+00  -8.342717587948e-02  -3.953236341476e-02  -9.473142027855e-01 
 -7.278627902269e-02  -3.838505223393e-02  -1.038114428520e+00  -5.352144315839e-02  -6.307303905487e-02  -1.052405595779e+00  -2.049950137734e-02  -5.684534087777e-02  -1.027704358101e+00 
  7.992459833622e-02  -4.383137077093e-02  -1.021752715111e+00   7.992459833622e-02  -4.383137077093e-02  -1.021752715111e+00   0.000000000000e+00   1.249698735774e-02  -5.759389400482e-01 
  0.000000000000e+00   1.249698735774e-02  -5.759389400482e-01   3.904923098162e-03   1.821398884058e-01  -8.656380772591e-01  -1.566958725452e-01   1.309546828270e-01  -1.122820854187e+00 
 -6.074463576078e-02   1.412106603384e-01  -9.941553473473e-01  -2.477267570794e-02   1.641401499510e-01  -1.037704110146e+00  -5.889533087611e-02   1.318409591913e-01  -8.824271559715e-01 
 -4.059894010425e-02   1.365825384855e-01  -1.009339213371e+00   9.403106570244e-02   1.405659019947e-01  -1.051828026772e+00   9.403106570244e-02   1.405659019947e-01  -1.051828026772e+00 
  0.000000000000e+00  -1.590277440846e-02  -4.653411805630e-01   0.000000000000e+00  -1.590277440846e-02  -4.653411805630e-01  -2.741281501949e-02  -1.926120929420e-02  -7.493516206741e-01 
 -1.842195838690e-01  -6.573563814163e-02  -1.133649826050e+00  -2.454355172813e-02  -3.986610099673e-02  -9.578730463982e-01  -5.401134863496e-02  -4.356929659843e-02  -9.948511123657e-01 
 -3.551674261689e-02  -2.611044794321e-02  -8.523930311203e-01  -3.963198047131e-03   5.611877888441e-03  -8.568111658096e-01   7.890416681767e-02   8.043314330280e-03  -8.166429996490e-01 
  7.890416681767e-02   8.043314330280e-03  -8.166429996490e-01   0.000000000000e+00   1.264996379614e-01  -4.753749072552e-01   0.000000000000e+00   1.264996379614e-01  -4.753749072552e-01 
  8.426178246737e-02   1.260217577219e-01  -7.439712285995e-01  -3.096418082714e-01  -4.009108617902e-02  -1.192156672478e+00   1.766970753670e-02  -1.905253157020e-02  -9.401237964630e-01 
 -4.416429251432e-02  -2.016361430287e-02  -1.024597644806e+00  -3.482537716627e-02  -1.350496802479e-02  -9.762207865715e-01  -3.035047091544e-02   7.442214991897e-03  -9.867119789124e-01 
  9.481330215931e-02   6.608943804167e-04  -9.683355093002e-01   9.481330215931e-02   6.608943804167e-04  -9.683355093002e-01   0.000000000000e+00  -6.675692647696e-02  -4.177443683147e-01 
  0.000000000000e+00  -6.675692647696e-02  -4.177443683147e-01   6.018353253603e-02  -1.102817803621e-01  -7.707176208496e-01  -2.245670855045e-01  -3.475715871900e-03  -1.220146894455e+00 
  3.639599308372e-03   1.699992269278e-02  -1.066698670387e+00  -1.512326067314e-03   5.024893581867e-02  -1.000078439713e+00  -2.370855771005e-02   7.037352770567e-02  -8.774603009224e-01 
 -5.397705361247e-02   9.449285268784e-02  -9.819967150688e-01   8.858542889357e-02   5.626237392426e-02  -9.946283698082e-01   8.858542889357e-02   5.626237392426e-02  -9.946283698082e-01 
  0.000000000000e+00  -5.268505960703e-02  -2.996950447559e-01   0.000000000000e+00  -5.268505960703e-02  -2.996950447559e-01   1.614859513938e-02  -7.406599074602e-02  -6.327409744263e-01 
 -1.834433227777e-01  -4.816256463528e-02  -1.085049390793e+00   1.800635457039e-02  -4.463585466146e-02  -1.019335865974e+00   2.021271362901e-02  -5.403474718332e-02  -1.060428142548e+00 
  2.313554752618e-03  -5.296013876796e-02  -9.571610689163e-01  -1.559839304537e-02  -1.199746876955e-02  -9.427525997162e-01   3.987705335021e-02  -7.690298557281e-02  -8.646151423454e-01 
  3.987705335021e-02  -7.690298557281e-02  -8.646151423454e-01   0.000000000000e+00   0.000000000000e+00  -5.022941827774e-01   0.000000000000e+00   0.000000000000e+00  -5.022941827774e-01 
  3.195916488767e-02   0.000000000000e+00  -8.088396787643e-01  -2.071305215359e-01   0.000000000000e+00  -1.203446626663e+00   4.736470431089e-02   0.000000000000e+00  -1.030619382858e+00 
 -2.654082328081e-02   0.000000000000e+00  -1.195896983147e+00   3.222610801458e-02   0.000000000000e+00  -1.059431314468e+00  -4.394797235727e-02   0.000000000000e+00  -1.093298435211e+00 
  1.650619506836e-01   0.000000000000e+00  -1.091015696526e+00   1.650619506836e-01   0.000000000000e+00  -1.091015696526e+00   0.000000000000e+00   0.000000000000e+00  -5.022941827774e-01 
  0.000000000000e+00   0.000000000000e+00  -5.022941827774e-01   3.195916488767e-02   0.000000000000e+00  -8.088396787643e-01  -2.071305215359e-01   0.000000000000e+00  -1.203446626663e+00 
  4.736470431089e-02   0.000000000000e+00  -1.030619382858e+00  -2.654082328081e-02   0.000000000000e+00  -1.195896983147e+00   3.222610801458e-02   0.000000000000e+00  -1.059431314468e+00 
 -4.394797235727e-02   0.000000000000e+00  -1.093298435211e+00   1.650619506836e-01   0.000000000000e+00  -1.091015696526e+00   1.650619506836e-01   0.000000000000e+00  -1.091015696526e+00 
  0.000000000000e+00  -8.145968429744e-03  -1.416863948107e-01   0.000000000000e+00  -8.145968429744e-03  -1.416863948107e-01   1.249144673347e-01  -2.226845826954e-03  -1.531870663166e-01 
 -1.424547582865e-01   5.708725005388e-02  -5.264936685562e-01  -1.116123124957e-01   1.856832392514e-02  -4.738776087761e-01  -4.628689959645e-02  -9.566685184836e-03  -6.861740946770e-01 
 -6.886270642281e-02  -2.634769119322e-02  -6.688106656075e-01   8.990282658488e-04  -2.170678786933e-02  -6.609673500061e-01   5.866120755672e-02  -1.914019323885e-02  -6.884802579880e-01 
  5.866120755672e-02  -1.914019323885e-02  -6.884802579880e-01   0.000000000000e+00  -8.145968429744e-03  -1.416863948107e-01   0.000000000000e+00  -8.145968429744e-03  -1.416863948107e-01 
  1.249144673347e-01  -2.226845826954e-03  -1.531870663166e-01  -1.424547582865e-01   5.708725005388e-02  -5.264936685562e-01  -1.116123124957e-01   1.856832392514e-02  -4.738776087761e-01 
 -4.628689959645e-02  -9.566685184836e-03  -6.861740946770e-01  -6.886270642281e-02  -2.634769119322e-02  -6.688106656075e-01   8.990282658488e-04  -2.170678786933e-02  -6.609673500061e-01 
  5.866120755672e-02  -1.914019323885e-02  -6.884802579880e-01   5.866120755672e-02  -1.914019323885e-02  -6.884802579880e-01   0.000000000000e+00   1.865305565298e-02  -1.420396119356e-01 
  0.000000000000e+00   1.865305565298e-02  -1.420396119356e-01   1.046853289008e-01  -4.416095092893e-03  -1.111997291446e-01  -1.275127232075e-01   9.034668654203e-02  -3.996331393719e-01 
 -1.406885683537e-01   2.483184263110e-02  -2.158629447222e-01  -8.701469004154e-02  -3.268323093653e-02  -6.859123706818e-01  -4.610328748822e-02  -8.317319154739e-01  -6.925367712975e-01 
  3.372549265623e-02  -4.826916009188e-02  -6.439250707626e-01   8.142627030611e-02  -4.128393158317e-02  -6.797440052032e-01   8.142627030611e-02  -4.128393158317e-02  -6.797440052032e-01 
  0.000000000000e+00   3.862572833896e-02  -4.415101930499e-02   0.000000000000e+00   3.862572833896e-02  -4.415101930499e-02   9.853460639715e-02  -8.626002818346e-03  -5.768974497914e-02 
 -4.428425431252e-02   1.225120797753e-01  -5.119302272797e-01  -5.560134723783e-02   1.190761253238e-01  -5.200836062431e-01  -2.630930952728e-02   1.503775566816e-01  -6.299594640732e-01 
 -4.990500211716e-02  -3.664600551128e-01  -6.582813858986e-01   3.234775364399e-02  -2.055050618947e-02  -7.920801639557e-01   8.292794972658e-02  -3.305048123002e-02  -6.958760023117e-01 
  8.292794972658e-02  -3.305048123002e-02  -6.958760023117e-01   0.000000000000e+00   8.291964419186e-03  -8.069622516632e-02   0.000000000000e+00   8.291964419186e-03  -8.069622516632e-02 
  1.180521771312e-01   3.130353614688e-02  -5.859436467290e-02   4.850832745433e-02  -1.721605099738e-02  -6.226576566696e-01   3.474479168653e-02  -3.374506533146e-02  -5.265794396400e-01 
 -4.837608709931e-02  -4.512267559767e-02  -6.065872907639e-01  -3.043280169368e-02  -5.585241317749e-02  -5.348445773125e-01   2.026774920523e-02   4.740298539400e-02  -5.943520069122e-01 
  8.091605454683e-02   3.639414533973e-02  -5.908392667770e-01   8.091605454683e-02   3.639414533973e-02  -5.908392667770e-01   0.000000000000e+00   1.037166863680e-01  -3.280864953995e-01 
  0.000000000000e+00   1.037166863680e-01  -3.280864953995e-01   1.836242228746e-01   5.440310761333e-02  -6.528639197350e-01  -1.119485273957e-01   7.627765182406e-03  -7.937961220741e-01 
  1.354190856218e-01   3.653263673186e-02  -3.281136751175e-01  -5.380120873451e-02  -3.689796105027e-02  -6.703785657883e-01  -1.642473042011e-03  -7.409977260977e-03  -6.807373166084e-01 
 -3.489037230611e-02   4.672462120652e-02  -6.450404524803e-01   8.242642879486e-02   9.108388796449e-03  -5.574499964714e-01   8.242642879486e-02   9.108388796449e-03  -5.574499964714e-01 
  0.000000000000e+00  -7.073412090540e-02  -2.818424999714e-01   0.000000000000e+00  -7.073412090540e-02  -2.818424999714e-01   1.986541301012e-01  -3.961097449064e-02  -2.980799973011e-01 
 -1.420742720366e-01   1.365869888104e-03  -6.238572597504e-01   6.386923044920e-02  -5.888795480132e-02  -6.334003806114e-01  -4.005010053515e-02  -9.401545673609e-02  -7.261335253716e-01 
  7.651193439960e-02   1.389958197251e-03  -6.513195037842e-01  -5.542353168130e-02   4.005632176995e-02  -6.545025706291e-01   3.628956526518e-02   2.695498615503e-02  -6.566347479820e-01 
  3.628956526518e-02   2.695498615503e-02  -6.566347479820e-01   0.000000000000e+00  -3.409790620208e-02  -2.268448770046e-01   0.000000000000e+00  -3.409790620208e-02  -2.268448770046e-01 
  1.871642619371e-01  -3.858854994178e-02  -1.985204219818e-01  -1.696535050869e-01   3.236689418554e-02  -4.993365406990e-01   7.440153509378e-02  -4.977749288082e-02  -5.870180726051e-01 
  6.864088028669e-02  -5.998321995139e-02  -6.315606236458e-01   1.522607356310e-01  -6.871715933084e-02  -5.430049300194e-01  -5.961098149419e-02  -1.338226497173e-01  -4.276317358017e-01 
 -1.600492745638e-02  -6.777416169643e-02  -2.362913787365e-01  -1.600492745638e-02  -6.777416169643e-02  -2.362913787365e-01   0.000000000000e+00   0.000000000000e+00  -2.146595865488e-01 
  0.000000000000e+00   0.000000000000e+00  -2.146595865488e-01   1.361787170172e-01  -1.514210089780e-12  -1.079336106777e-01   1.921748369932e-02   0.000000000000e+00  -8.200308084488e-01 
  1.871929019690e-01   0.000000000000e+00  -2.118357568979e-01   1.645707488060e-01  -2.915726799984e-04  -7.394657135010e-01   5.796926617622e-01   0.000000000000e+00  -4.557567834854e-01 
  5.145449042320e-01   0.000000000000e+00  -5.521619915962e-01   9.908954054117e-02   0.000000000000e+00  -5.188274979591e-01   9.908954054117e-02   0.000000000000e+00  -5.188274979591e-01 
  0.000000000000e+00   0.000000000000e+00  -2.146595865488e-01   0.000000000000e+00   0.000000000000e+00  -2.146595865488e-01   1.361787170172e-01  -1.514210089780e-12  -1.079336106777e-01 
  1.921748369932e-02   0.000000000000e+00  -8.200308084488e-01   1.871929019690e-01   0.000000000000e+00  -2.118357568979e-01   1.645707488060e-01  -2.915726799984e-04  -7.394657135010e-01 
  5.796926617622e-01   0.000000000000e+00  -4.557567834854e-01   5.145449042320e-01   0.000000000000e+00  -5.521619915962e-01   9.908954054117e-02   0.000000000000e+00  -5.188274979591e-01 
  9.908954054117e-02   0.000000000000e+00  -5.188274979591e-01   0.000000000000e+00   1.053829398006e-02  -1.928543746471e-01   0.000000000000e+00   1.053829398006e-02  -1.928543746471e-01 
  6.836193054914e-02   2.018780633807e-02  -1.787474602461e-01   8.881786465645e-02   5.221467837691e-02  -1.099749580026e-01  -6.699317693710e-02  -1.055669412017e-01  -2.316695153713e-01 
 -3.100960701704e-02  -3.214512765408e-01  -4.900334179401e-01  -3.963688388467e-02   0.000000000000e+00  -5.084556341171e-01  -1.187212299556e-02  -2.719753384590e-01  -6.812556982040e-01 
  4.033064097166e-02  -1.201462522149e-01  -6.771399378777e-01   4.033064097166e-02  -1.201462522149e-01  -6.771399378777e-01   0.000000000000e+00   1.053829398006e-02  -1.928543746471e-01 
  0.000000000000e+00   1.053829398006e-02  -1.928543746471e-01   6.836193054914e-02   2.018780633807e-02  -1.787474602461e-01   8.881786465645e-02   5.221467837691e-02  -1.099749580026e-01 
 -6.699317693710e-02  -1.055669412017e-01  -2.316695153713e-01  -3.100960701704e-02  -3.214512765408e-01  -4.900334179401e-01  -3.963688388467e-02   0.000000000000e+00  -5.084556341171e-01 
 -1.187212299556e-02  -2.719753384590e-01  -6.812556982040e-01   4.033064097166e-02  -1.201462522149e-01  -6.771399378777e-01   4.033064097166e-02  -1.201462522149e-01  -6.771399378777e-01 
  0.000000000000e+00   1.668244786561e-02  -1.780622899532e-01   0.000000000000e+00   1.668244786561e-02  -1.780622899532e-01   5.879606679082e-02   1.945203542709e-02   6.961603462696e-02 
 -2.496875822544e-02   7.375270128250e-02   4.530864357948e-01   0.000000000000e+00  -2.125450670719e-01   6.917973160744e-01   0.000000000000e+00  -7.845487594604e-01  -1.000000014901e-01 
 -4.917675629258e-02  -1.109256625175e+00  -5.344186425209e-01   2.749284496531e-03  -6.481164693832e-01  -8.159713149071e-01   4.355043545365e-02  -2.032006829977e-01  -6.446193456650e-01 
  4.355043545365e-02  -2.032006829977e-01  -6.446193456650e-01   0.000000000000e+00  -2.295898087323e-02   1.192951798439e-01   0.000000000000e+00  -2.295898087323e-02   1.192951798439e-01 
 -3.991738706827e-02  -1.198781374842e-02  -1.672774180770e-02  -4.274588078260e-02   8.262086659670e-02  -2.666313052177e-01  -2.153434604406e-02  -1.310382485390e-01  -2.282091230154e-01 
 -2.797961048782e-02  -7.398822903633e-01  -7.085599899292e-01  -2.707410417497e-02  -1.057330608368e+00  -8.198378086090e-01   1.793020963669e-02  -4.842750430107e-01  -1.253064870834e+00 
  4.761238023639e-02  -9.756793826818e-02  -5.274719595909e-01   4.761238023639e-02  -9.756793826818e-02  -5.274719595909e-01   0.000000000000e+00   1.287772506475e-02   8.595424145460e-02 
  0.000000000000e+00   1.287772506475e-02   8.595424145460e-02   1.724852249026e-02   2.209062874317e-02   7.009674608707e-02  -4.574160650373e-02   2.166567184031e-02  -1.058467403054e-01 
  4.050932452083e-02   4.894037917256e-02   4.417404532433e-01  -3.160339221358e-02  -2.127513885498e-01  -1.143774613738e-01  -3.751952573657e-02  -6.222403645515e-01  -6.784850358963e-01 
  2.284042350948e-02   1.331591140479e-02  -1.271240353584e+00   6.776858121157e-02  -1.347346045077e-02  -5.638459920883e-01   6.776858121157e-02  -1.347346045077e-02  -5.638459920883e-01 
  0.000000000000e+00   2.190241068602e-01   1.626601964235e-01   0.000000000000e+00   2.190241068602e-01   1.626601964235e-01   1.146990209818e-01   5.458887293935e-02  -3.037080727518e-02 
 -2.291068285704e-01   7.567334175110e-02   3.634505346417e-02   4.872950538993e-02   1.092373505235e-01   7.553712129593e-01  -7.549152523279e-02   2.077935077250e-02   1.710196137428e-01 
 -4.314211010933e-02  -2.805464901030e-03  -3.540629148483e-01  -3.511104732752e-02   3.587750717998e-02  -6.526641249657e-01   6.258803606033e-02   0.000000000000e+00  -1.000000014901e-01 
  6.258803606033e-02   0.000000000000e+00  -1.000000014901e-01   0.000000000000e+00  -4.704062640667e-02   1.583509445190e-01   0.000000000000e+00  -4.704062640667e-02   1.583509445190e-01 
  7.154247164726e-02   2.041567349806e-03  -4.073944985867e-01  -1.316287815571e-01   1.726637594402e-02  -4.773701727390e-01   2.564043551683e-02  -6.196701433510e-03   1.938823610544e-01 
 -5.182490870357e-02  -5.258586257696e-02  -1.992467045784e-02   0.000000000000e+00  -2.404650114477e-02  -6.556409597397e-01  -3.098059259355e-02   2.924852306023e-04  -7.890547513962e-01 
  3.623071312904e-02   0.000000000000e+00  -9.098427891731e-01   3.623071312904e-02   0.000000000000e+00  -9.098427891731e-01   0.000000000000e+00  -3.455538675189e-02  -7.255660742521e-02 
  0.000000000000e+00  -3.455538675189e-02  -7.255660742521e-02   4.926547780633e-02  -2.304645814002e-02  -1.023037880659e-01  -4.668248072267e-02   8.007074706256e-03   7.434452176094e-01 
 -8.221822232008e-02  -1.887549832463e-02   1.999055892229e-01  -1.268193870783e-01  -5.452026054263e-02  -5.893750786781e-01   9.568365663290e-02  -5.691321194172e-02  -6.130454540253e-01 
 -1.525179669261e-02  -6.333075463772e-02  -8.831552267075e-01   3.637603670359e-02  -4.104233160615e-02   9.952922165394e-02   3.637603670359e-02  -4.104233160615e-02   9.952922165394e-02 
  0.000000000000e+00   0.000000000000e+00   7.131248712540e-02   0.000000000000e+00   0.000000000000e+00   7.131248712540e-02   4.792777821422e-02  -6.929145590640e-10   8.800116777420e-01 
  1.921748369932e-02   0.000000000000e+00   1.409450054169e+00  -1.644270271063e-01   0.000000000000e+00   7.972499728203e-01  -1.425528079271e-01  -1.768156420439e-03   1.496962904930e-01 
  0.000000000000e+00  -2.439494011924e-03  -3.703761994839e-01   0.000000000000e+00  -8.599120192230e-03  -3.492856323719e-01   2.204485833645e-01   0.000000000000e+00   3.547094166279e-01 
  2.204485833645e-01   0.000000000000e+00   3.547094166279e-01   0.000000000000e+00   0.000000000000e+00   7.131248712540e-02   0.000000000000e+00   0.000000000000e+00   7.131248712540e-02 
  4.792777821422e-02  -6.929145590640e-10   8.800116777420e-01   1.921748369932e-02   0.000000000000e+00   1.409450054169e+00  -1.644270271063e-01   0.000000000000e+00   7.972499728203e-01 
 -1.425528079271e-01  -1.768156420439e-03   1.496962904930e-01   0.000000000000e+00  -2.439494011924e-03  -3.703761994839e-01   0.000000000000e+00  -8.599120192230e-03  -3.492856323719e-01 
  2.204485833645e-01   0.000000000000e+00   3.547094166279e-01   2.204485833645e-01   0.000000000000e+00   3.547094166279e-01   0.000000000000e+00   1.032147556543e-02  -2.051948308945e-01 
  0.000000000000e+00   1.032147556543e-02  -2.051948308945e-01   1.149319112301e-01   4.925653710961e-02  -3.296178877354e-01   5.608672499657e-01   5.149002745748e-02  -2.662715315819e-01 
  0.000000000000e+00  -1.761101931334e-01  -2.368069440126e-01  -2.034386433661e-02  -2.704834938049e-01  -3.736365735531e-01  -1.751643233001e-02   0.000000000000e+00  -5.084556341171e-01 
 -9.426560252905e-03  -2.272499203682e-01  -5.739476084709e-01   2.297365106642e-02  -1.766261011362e-01  -6.053954362869e-01   2.297365106642e-02  -1.766261011362e-01  -6.053954362869e-01 
  0.000000000000e+00   1.032147556543e-02  -2.051948308945e-01   0.000000000000e+00   1.032147556543e-02  -2.051948308945e-01   1.149319112301e-01   4.925653710961e-02  -3.296178877354e-01 
  5.608672499657e-01   5.149002745748e-02  -2.662715315819e-01   0.000000000000e+00  -1.761101931334e-01  -2.368069440126e-01  -2.034386433661e-02  -2.704834938049e-01  -3.736365735531e-01 
 -1.751643233001e-02   0.000000000000e+00  -5.084556341171e-01  -9.426560252905e-03  -2.272499203682e-01  -5.739476084709e-01   2.297365106642e-02  -1.766261011362e-01  -6.053954362869e-01 
  2.297365106642e-02  -1.766261011362e-01  -6.053954362869e-01   0.000000000000e+00   4.596706852317e-02  -1.770865917206e-02   0.000000000000e+00   4.596706852317e-02  -1.770865917206e-02 
  6.703960895538e-02   5.481004714966e-02  -6.639799475670e-02   1.378026157618e-01   5.433863401413e-02  -1.000000014901e-01   1.316471397877e-01  -2.924239039421e-01  -1.000000014901e-01 
  0.000000000000e+00  -4.068619012833e-01  -1.000000014901e-01   0.000000000000e+00   0.000000000000e+00  -4.824926257133e-01   0.000000000000e+00  -3.376853764057e-01  -5.084556341171e-01 
  2.510303817689e-02  -2.261942028999e-01  -4.872572720051e-01   2.510303817689e-02  -2.261942028999e-01  -4.872572720051e-01   0.000000000000e+00  -2.017921581864e-02  -2.283385843039e-01 
  0.000000000000e+00  -2.017921581864e-02  -2.283385843039e-01   1.133538112044e-01  -1.496519055218e-02  -5.360881686211e-01   6.179990991950e-02  -5.464355461299e-03  -3.506704568863e-01 
  1.826182380319e-02  -2.056557387114e-01   1.064335480332e-01  -2.032922580838e-02  -3.941905200481e-01  -4.290786087513e-01  -7.844292558730e-03   0.000000000000e+00  -1.000000014901e-01 
  8.388212881982e-03  -3.141821920872e-01  -1.035202860832e+00   0.000000000000e+00  -1.361662596464e-01  -1.000000014901e-01   0.000000000000e+00  -1.361662596464e-01  -1.000000014901e-01 
  0.000000000000e+00   1.286139152944e-02  -1.725345700979e-01   0.000000000000e+00   1.286139152944e-02  -1.725345700979e-01   1.192506477237e-01   1.480562426150e-02  -1.152438670397e-01 
  3.800747171044e-02   2.650431729853e-02  -6.900599598885e-02   2.283737622201e-02   5.303712561727e-02   5.221354365349e-01  -5.302660632879e-03  -1.645914018154e-01   3.432559072971e-01 
 -2.420033328235e-02   0.000000000000e+00  -4.128046929836e-01   1.550433039665e-02  -9.096399694681e-02  -1.000000014901e-01   4.402143135667e-02  -5.371308699250e-02  -3.965269029140e-01 
  4.402143135667e-02  -5.371308699250e-02  -3.965269029140e-01   0.000000000000e+00   1.359876096249e-01  -1.400006264448e-01   0.000000000000e+00   1.359876096249e-01  -1.400006264448e-01 
  1.250396072865e-01   1.329477578402e-01  -3.497149050236e-02   0.000000000000e+00   6.904034316540e-02  -1.273410581052e-02   0.000000000000e+00   7.244453579187e-02   6.711470484734e-01 
  0.000000000000e+00   2.747832983732e-02   7.170324325562e-01   0.000000000000e+00   8.295856416225e-03   1.494565755129e-01  -2.279489859939e-02   9.206478483975e-03  -4.920530319214e-01 
  4.934076592326e-02   0.000000000000e+00  -1.000000014901e-01   4.934076592326e-02   0.000000000000e+00  -1.000000014901e-01   0.000000000000e+00  -3.331490606070e-02  -9.856960922480e-02 
  0.000000000000e+00  -3.331490606070e-02  -9.856960922480e-02   1.285043805838e-01  -3.383855894208e-02  -9.402058273554e-02   8.759733289480e-03   2.493432909250e-02  -2.618231475353e-01 
 -1.294567249715e-02   2.781638875604e-02   3.438356220722e-01  -7.146131247282e-02  -1.527180708945e-02   9.985397011042e-02  -2.578386478126e-02  -2.361717261374e-02  -5.494564771652e-01 
 -9.368176572025e-03   4.183294717222e-03  -3.924981057644e-01   3.346822038293e-02   0.000000000000e+00  -1.000000014901e-01   3.346822038293e-02   0.000000000000e+00  -1.000000014901e-01 
  0.000000000000e+00  -6.128255277872e-03   1.538323611021e-02   0.000000000000e+00  -6.128255277872e-03   1.538323611021e-02   6.643967330456e-02  -7.188109215349e-03   1.148952450603e-02 
 -6.466888356954e-03   6.570809055120e-03   1.085112333298e+00  -1.105230823159e-01   0.000000000000e+00   2.276176452637e+00  -1.425528079271e-01  -2.376148290932e-02   1.915237307549e+00 
 -3.641012310982e-02  -2.768941409886e-02  -3.344828486443e-01   2.755423542112e-03   1.221896428615e-02  -1.000000014901e-01   3.067820519209e-02   1.558433920145e-01   5.108641982079e-01 
  3.067820519209e-02   1.558433920145e-01   5.108641982079e-01   0.000000000000e+00   0.000000000000e+00  -5.443070456386e-02   0.000000000000e+00   0.000000000000e+00  -5.443070456386e-02 
  8.142963051796e-02  -2.813357879994e-11   1.218813776970e+00  -6.707698851824e-02   0.000000000000e+00   1.236861109734e+00  -9.599696099758e-02   0.000000000000e+00   2.008695840836e+00 
 -1.859293133020e-01   0.000000000000e+00   2.571936607361e+00   0.000000000000e+00  -2.766062272713e-03  -1.000000014901e-01   0.000000000000e+00  -3.582926467061e-03   6.885729730129e-02 
  2.025499492884e-01   0.000000000000e+00   4.975819289684e-01   2.025499492884e-01   0.000000000000e+00   4.975819289684e-01   0.000000000000e+00   0.000000000000e+00  -5.443070456386e-02 
  0.000000000000e+00   0.000000000000e+00  -5.443070456386e-02   8.142963051796e-02  -2.813357879994e-11   1.218813776970e+00  -6.707698851824e-02   0.000000000000e+00   1.236861109734e+00 
 -9.599696099758e-02   0.000000000000e+00   2.008695840836e+00  -1.859293133020e-01   0.000000000000e+00   2.571936607361e+00   0.000000000000e+00  -2.766062272713e-03  -1.000000014901e-01 
  0.000000000000e+00  -3.582926467061e-03   6.885729730129e-02   2.025499492884e-01   0.000000000000e+00   4.975819289684e-01   2.025499492884e-01   0.000000000000e+00   4.975819289684e-01 
  0.000000000000e+00  -2.019548788667e-02  -7.063933610916e-01   0.000000000000e+00  -2.019548788667e-02  -7.063933610916e-01   1.588806957006e-01   7.600869983435e-02  -5.236236453056e-01 
  3.666492411867e-03   5.430363118649e-02  -2.311704121530e-02   0.000000000000e+00   0.000000000000e+00  -1.000000014901e-01   0.000000000000e+00  -2.272175699472e-01  -2.139701247215e-01 
 -1.038681343198e-02   0.000000000000e+00  -1.000000014901e-01  -6.966557353735e-03  -1.681606769562e-01  -3.086170256138e-01   8.918689563870e-03  -1.822647005320e-01  -4.540465474129e-01 
  8.918689563870e-03  -1.822647005320e-01  -4.540465474129e-01   0.000000000000e+00  -2.019548788667e-02  -7.063933610916e-01   0.000000000000e+00  -2.019548788667e-02  -7.063933610916e-01 
  1.588806957006e-01   7.600869983435e-02  -5.236236453056e-01   3.666492411867e-03   5.430363118649e-02  -2.311704121530e-02   0.000000000000e+00   0.000000000000e+00  -1.000000014901e-01 
  0.000000000000e+00  -2.272175699472e-01  -2.139701247215e-01  -1.038681343198e-02   0.000000000000e+00  -1.000000014901e-01  -6.966557353735e-03  -1.681606769562e-01  -3.086170256138e-01 
  8.918689563870e-03  -1.822647005320e-01  -4.540465474129e-01   8.918689563870e-03  -1.822647005320e-01  -4.540465474129e-01   0.000000000000e+00  -4.703875258565e-02  -3.442321717739e-01 
  0.000000000000e+00  -4.703875258565e-02  -3.442321717739e-01   1.200664713979e-01   7.306201756001e-02  -3.988860547543e-01   0.000000000000e+00   5.430363118649e-02  -2.819516658783e-01 
  0.000000000000e+00   0.000000000000e+00  -1.000000014901e-01   0.000000000000e+00  -2.569246292114e-01  -1.000000014901e-01   0.000000000000e+00   0.000000000000e+00  -1.000000014901e-01 
  0.000000000000e+00  -2.104565650225e-01  -1.000000014901e-01   0.000000000000e+00  -2.051448076963e-01  -3.076190948486e-01   0.000000000000e+00  -2.051448076963e-01  -3.076190948486e-01 
  0.000000000000e+00   5.117511376739e-02  -2.517139315605e-01   0.000000000000e+00   5.117511376739e-02  -2.517139315605e-01   1.426487118006e-01   1.371992658824e-02  -2.704977095127e-01 
  1.058260574937e-01   0.000000000000e+00  -2.761490345001e-01   7.885716110468e-02  -4.117714241147e-02  -7.197082787752e-02   1.203262060881e-02  -2.463594973087e-01  -2.919038832188e-01 
 -2.535649109632e-03   0.000000000000e+00  -1.000000014901e-01   4.105993080884e-03  -2.119302451611e-01  -6.809226274490e-01   5.067589809187e-04  -1.520209163427e-01  -1.000000014901e-01 
  5.067589809187e-04  -1.520209163427e-01  -1.000000014901e-01   0.000000000000e+00  -7.693398278207e-03  -4.360775053501e-01   0.000000000000e+00  -7.693398278207e-03  -4.360775053501e-01 
  1.081285923719e-01  -6.647074129432e-03  -4.231594502926e-01   8.757442235947e-02   1.298687275266e-04  -2.540332078934e-01   4.143488779664e-02   3.176927939057e-02   1.441872715950e-01 
  1.062532607466e-02  -1.321259886026e-01   1.606206446886e-01  -1.401053555310e-02   0.000000000000e+00  -1.735849976540e-01   8.767248131335e-03  -1.128361821175e-01  -2.937982976437e-01 
  4.131495952606e-02  -8.389978855848e-02  -3.580420911312e-01   4.131495952606e-02  -8.389978855848e-02  -3.580420911312e-01   0.000000000000e+00   8.549448102713e-02  -3.253470361233e-01 
  0.000000000000e+00   8.549448102713e-02  -3.253470361233e-01   1.209190934896e-01   8.621343225241e-02  -3.265311121941e-01   0.000000000000e+00   6.935316324234e-02  -1.000000014901e-01 
  0.000000000000e+00   6.014059856534e-02  -1.000000014901e-01   0.000000000000e+00   3.221615776420e-02  -1.000000014901e-01   0.000000000000e+00   1.641885936260e-02   4.283215105534e-02 
 -1.381509378552e-02  -7.187685929239e-03  -3.440773487091e-01   3.688647225499e-02   0.000000000000e+00  -1.000000014901e-01   3.688647225499e-02   0.000000000000e+00  -1.000000014901e-01 
  0.000000000000e+00  -2.959094196558e-02  -4.519803225994e-01   0.000000000000e+00  -2.959094196558e-02  -4.519803225994e-01   1.279058158398e-01  -2.959626540542e-02  -4.516814351082e-01 
  1.046250015497e-01   1.950963749550e-03  -3.718295395374e-01   1.503442507237e-02   2.946435660124e-02   1.084829807281e+00  -4.913562908769e-02   5.568832624704e-03   8.476250767708e-01 
 -3.460162878036e-02  -2.213952876627e-02  -4.093112945557e-01  -7.207540329546e-04   3.823104081675e-03  -2.395244836807e-01   2.065592072904e-02   0.000000000000e+00  -1.000000014901e-01 
  2.065592072904e-02   0.000000000000e+00  -1.000000014901e-01   0.000000000000e+00   2.001973427832e-02  -4.639839231968e-01   0.000000000000e+00   2.001973427832e-02  -4.639839231968e-01 
  1.219653710723e-01   2.000434696674e-02  -4.637169241905e-01   8.487964421511e-02   1.375021319836e-02   9.411430954933e-01  -5.889144167304e-02   1.351785962470e-03   2.571936607361e+00 
 -6.763795763254e-02  -9.673742577434e-03   2.365327835083e+00  -3.577520698309e-02  -1.402907539159e-02  -2.101317048073e-01   1.660717418417e-03   5.559104960412e-03  -1.000000014901e-01 
  0.000000000000e+00   0.000000000000e+00  -1.000000014901e-01   0.000000000000e+00   0.000000000000e+00  -1.000000014901e-01   0.000000000000e+00   0.000000000000e+00  -6.144344806671e-01 
  0.000000000000e+00   0.000000000000e+00  -6.144344806671e-01   1.615940779448e-01  -7.265780858912e-15  -6.141185164452e-01   0.000000000000e+00   0.000000000000e+00  -1.000000014901e-01 
  0.000000000000e+00   0.000000000000e+00   2.528560161591e+00   0.000000000000e+00   0.000000000000e+00   2.571936607361e+00   0.000000000000e+00  -2.609645482153e-03  -1.000000014901e-01 
  0.000000000000e+00  -1.919672125950e-03  -5.977088585496e-03   1.858084648848e-01   0.000000000000e+00  -1.000000014901e-01   1.858084648848e-01   0.000000000000e+00  -1.000000014901e-01 
  0.000000000000e+00   0.000000000000e+00  -6.144344806671e-01   0.000000000000e+00   0.000000000000e+00  -6.144344806671e-01   1.615940779448e-01  -7.265780858912e-15  -6.141185164452e-01 
  0.000000000000e+00   0.000000000000e+00  -1.000000014901e-01   0.000000000000e+00   0.000000000000e+00   2.528560161591e+00   0.000000000000e+00   0.000000000000e+00   2.571936607361e+00 
  0.000000000000e+00  -2.609645482153e-03  -1.000000014901e-01   0.000000000000e+00  -1.919672125950e-03  -5.977088585496e-03   1.858084648848e-01   0.000000000000e+00  -1.000000014901e-01 
  1.858084648848e-01   0.000000000000e+00  -1.000000014901e-01   0.000000000000e+00   8.771511912346e-02  -1.001752763987e-01   0.000000000000e+00   8.771511912346e-02  -1.001752763987e-01 
 -1.929140463471e-02   5.151586607099e-02  -2.263227552176e-01  -3.738814592361e-02   4.748805612326e-02  -1.815021038055e-02   0.000000000000e+00   3.046141937375e-02  -1.000000014901e-01 
  0.000000000000e+00  -7.736773043871e-02  -1.866943687201e-01  -7.045443635434e-03  -9.981817565858e-03  -1.000000014901e-01  -5.256675649434e-03  -1.256466805935e-01  -2.037300020456e-01 
  3.043997567147e-03  -1.659109294415e-01  -3.345130085945e-01   3.043997567147e-03  -1.659109294415e-01  -3.345130085945e-01   0.000000000000e+00   8.771511912346e-02  -1.001752763987e-01 
  0.000000000000e+00   8.771511912346e-02  -1.001752763987e-01  -1.929140463471e-02   5.151586607099e-02  -2.263227552176e-01  -3.738814592361e-02   4.748805612326e-02  -1.815021038055e-02 
  0.000000000000e+00   3.046141937375e-02  -1.000000014901e-01   0.000000000000e+00  -7.736773043871e-02  -1.866943687201e-01  -7.045443635434e-03  -9.981817565858e-03  -1.000000014901e-01 
 -5.256675649434e-03  -1.256466805935e-01  -2.037300020456e-01   3.043997567147e-03  -1.659109294415e-01  -3.345130085945e-01   3.043997567147e-03  -1.659109294415e-01  -3.345130085945e-01 
  0.000000000000e+00  -4.110509529710e-02  -3.894325494766e-01   0.000000000000e+00  -4.110509529710e-02  -3.894325494766e-01   4.916087910533e-02   8.272625505924e-03  -3.406992852688e-01 
  2.386482432485e-02   2.789677493274e-02  -2.440267354250e-01   1.422698795795e-02   2.174388617277e-02  -2.073049098253e-01   6.410100497305e-03  -2.133484333754e-01  -1.000000014901e-01 
  0.000000000000e+00   0.000000000000e+00  -1.000000014901e-01   0.000000000000e+00  -1.440799236298e-01  -1.000000014901e-01   0.000000000000e+00  -1.766075640917e-01  -2.256908118725e-01 
  0.000000000000e+00  -1.766075640917e-01  -2.256908118725e-01   0.000000000000e+00   3.198235761374e-03  -4.683434367180e-01   0.000000000000e+00   3.198235761374e-03  -4.683434367180e-01 
  8.956941962242e-02   4.654505755752e-03  -4.458176493645e-01   8.488795161247e-02   6.444003432989e-03  -3.961041867733e-01   8.393058925867e-02  -3.714922058862e-04  -3.025868833065e-01 
  5.572931468487e-02  -1.863727867603e-01  -2.164916396141e-01  -1.131262979470e-03   0.000000000000e+00  -1.000000014901e-01   2.127283252776e-03  -1.490069627762e-01  -4.465733468533e-01 
  7.154693012126e-04  -1.515450179577e-01  -1.000000014901e-01   7.154693012126e-04  -1.515450179577e-01  -1.000000014901e-01   0.000000000000e+00   6.564556062222e-02  -3.244065344334e-01 
  0.000000000000e+00   6.564556062222e-02  -3.244065344334e-01   1.026693657041e-01   6.434704363346e-02  -3.266000449657e-01   1.005825921893e-01   5.854946747422e-02  -2.985361218452e-01 
  7.890346646309e-02   5.118350684643e-02  -1.195052862167e-01   4.159807041287e-02   3.309570625424e-02  -5.108763463795e-03   3.741837106645e-03   1.657374901697e-03  -1.201987490058e-01 
  6.155113689601e-03  -1.031285002828e-01  -3.163454830647e-01   3.582598641515e-02  -1.017028167844e-01  -3.042309582233e-01   3.582598641515e-02  -1.017028167844e-01  -3.042309582233e-01 
  0.000000000000e+00   4.321540519595e-02  -3.531466126442e-01   0.000000000000e+00   4.321540519595e-02  -3.531466126442e-01   3.657374903560e-02   4.323885589838e-02  -3.531320989132e-01 
  0.000000000000e+00   4.564693197608e-02  -1.000000014901e-01   0.000000000000e+00   4.639268666506e-02  -1.000000014901e-01   0.000000000000e+00   3.396280854940e-02  -1.000000014901e-01 
  0.000000000000e+00   2.306470833719e-02  -2.144106291234e-02  -7.886470295489e-03  -1.438851654530e-02  -2.492149770260e-01   2.759013883770e-02   0.000000000000e+00  -1.000000014901e-01 
  2.759013883770e-02   0.000000000000e+00  -1.000000014901e-01   0.000000000000e+00  -1.835296675563e-02  -2.193858921528e-01   0.000000000000e+00  -1.835296675563e-02  -2.193858921528e-01 
  4.279922693968e-02  -1.835298351943e-02  -2.193861007690e-01   4.593874886632e-02  -1.373298279941e-02  -2.333147674799e-01   3.188582882285e-02   8.817076683044e-03   6.135124564171e-01 
 -1.317954994738e-02   9.040704928339e-03   8.960625529289e-01  -2.544545568526e-02  -2.279769396409e-03  -3.002476990223e-01   1.689930097200e-03   2.815351821482e-03  -1.735625863075e-01 
  1.381763163954e-02   0.000000000000e+00  -1.000000014901e-01   1.381763163954e-02   0.000000000000e+00  -1.000000014901e-01   0.000000000000e+00   8.232058025897e-03  -1.594820022583e-01 
  0.000000000000e+00   8.232058025897e-03  -1.594820022583e-01   4.125398397446e-02   8.232059888542e-03  -1.594820618629e-01   4.265649616718e-02   8.785513229668e-03  -1.330094337463e-01 
 -5.065771285444e-03   4.035282880068e-03   1.240048170090e+00  -3.031202964485e-02  -2.640176564455e-03   1.305488705635e+00  -2.529970370233e-02  -7.822910323739e-03  -1.578489392996e-01 
  1.172872958705e-03   2.757647307590e-03  -1.000000014901e-01   0.000000000000e+00   0.000000000000e+00  -1.000000014901e-01   0.000000000000e+00   0.000000000000e+00  -1.000000014901e-01 
  0.000000000000e+00   0.000000000000e+00  -7.726424187422e-02   0.000000000000e+00   0.000000000000e+00  -7.726424187422e-02   8.022125810385e-03  -1.145562652468e-21  -7.726432383060e-02 
  0.000000000000e+00  -1.281471673567e-13  -1.000000014901e-01   0.000000000000e+00  -3.008217183383e-14  -1.000000014901e-01   0.000000000000e+00  -1.216722509963e-14  -1.000000014901e-01 
  0.000000000000e+00  -7.140435045585e-04  -1.000000014901e-01   0.000000000000e+00  -1.192767871544e-03  -4.059653729200e-02   1.709654033184e-01   0.000000000000e+00  -1.000000014901e-01 
  1.709654033184e-01   0.000000000000e+00  -1.000000014901e-01   0.000000000000e+00   0.000000000000e+00  -7.726424187422e-02   0.000000000000e+00   0.000000000000e+00  -7.726424187422e-02 
  8.022125810385e-03  -1.145562652468e-21  -7.726432383060e-02   0.000000000000e+00  -1.281471673567e-13  -1.000000014901e-01   0.000000000000e+00  -3.008217183383e-14  -1.000000014901e-01 
  0.000000000000e+00  -1.216722509963e-14  -1.000000014901e-01   0.000000000000e+00  -7.140435045585e-04  -1.000000014901e-01   0.000000000000e+00  -1.192767871544e-03  -4.059653729200e-02 
  1.709654033184e-01   0.000000000000e+00  -1.000000014901e-01   1.709654033184e-01   0.000000000000e+00  -1.000000014901e-01   0.000000000000e+00   1.053616404533e-01   1.433776766062e-01 
  0.000000000000e+00   1.053616404533e-01   1.433776766062e-01  -4.813599213958e-02   4.114001244307e-02   2.226020097733e-01   0.000000000000e+00   3.126593306661e-02  -1.000000014901e-01 
  0.000000000000e+00   2.607613243163e-02  -1.000000014901e-01   0.000000000000e+00  -1.141530368477e-02  -1.000000014901e-01  -3.574010683224e-03  -9.749835357070e-03  -1.000000014901e-01 
 -3.814619034529e-03  -8.971238136292e-02  -1.547318100929e-01   5.422257818282e-04  -1.414470225573e-01  -2.381181716919e-01   5.422257818282e-04  -1.414470225573e-01  -2.381181716919e-01 
  0.000000000000e+00   1.053616404533e-01   1.433776766062e-01   0.000000000000e+00   1.053616404533e-01   1.433776766062e-01  -4.813599213958e-02   4.114001244307e-02   2.226020097733e-01 
  0.000000000000e+00   3.126593306661e-02  -1.000000014901e-01   0.000000000000e+00   2.607613243163e-02  -1.000000014901e-01   0.000000000000e+00  -1.141530368477e-02  -1.000000014901e-01 
 -3.574010683224e-03  -9.749835357070e-03  -1.000000014901e-01  -3.814619034529e-03  -8.971238136292e-02  -1.547318100929e-01   5.422257818282e-04  -1.414470225573e-01  -2.381181716919e-01 
  5.422257818282e-04  -1.414470225573e-01  -2.381181716919e-01   0.000000000000e+00  -2.545857429504e-02  -1.531179100275e-01   0.000000000000e+00  -2.545857429504e-02  -1.531179100275e-01 
  2.755671972409e-03  -1.911423169076e-02  -1.186593323946e-01   4.398752003908e-03  -6.856879685074e-03  -1.293644011021e-01   5.378800909966e-03   2.409052103758e-03  -1.365460306406e-01 
  5.186428315938e-03  -3.367412090302e-02  -1.000000014901e-01   0.000000000000e+00  -8.980315178633e-03  -1.000000014901e-01   0.000000000000e+00  -1.033224985003e-01  -1.000000014901e-01 
  0.000000000000e+00  -1.491846144199e-01  -1.000000014901e-01   0.000000000000e+00  -1.491846144199e-01  -1.000000014901e-01   0.000000000000e+00   2.220814861357e-02  -3.699348866940e-01 
  0.000000000000e+00   2.220814861357e-02  -3.699348866940e-01  -1.527552492917e-02   2.163910306990e-02  -3.631063997746e-01  -1.426232885569e-02   2.017613127828e-02  -3.471539616585e-01 
 -1.092695351690e-02   1.719272136688e-02  -3.361124396324e-01  -3.520696482155e-04  -3.378057852387e-02  -3.080208897591e-01  -1.309444080107e-03  -7.769103627652e-03  -1.106630563736e-01 
  9.546852088533e-04  -1.084458306432e-01  -3.086585402489e-01   6.677721976303e-04  -1.398264020681e-01  -1.412160247564e-01   6.677721976303e-04  -1.398264020681e-01  -1.412160247564e-01 
  0.000000000000e+00   5.759389325976e-02  -1.103645563126e-01   0.000000000000e+00   5.759389325976e-02  -1.103645563126e-01  -1.468996331096e-02   5.760060995817e-02  -1.106223836541e-01 
 -1.443253643811e-02   5.760162696242e-02  -1.112782284617e-01  -8.646428585052e-03   5.713757872581e-02  -1.110402941704e-01   1.256218994968e-03   5.106336623430e-02  -8.304554969072e-02 
  2.187633421272e-03   1.611757464707e-02  -1.034812554717e-01   3.969505894929e-03  -7.702130824327e-02  -2.713034451008e-01   2.847863174975e-02  -1.052754893899e-01  -2.529264688492e-01 
  2.847863174975e-02  -1.052754893899e-01  -2.529264688492e-01   0.000000000000e+00   7.740290462971e-02  -2.703772187233e-01   0.000000000000e+00   7.740290462971e-02  -2.703772187233e-01 
  1.285681501031e-02   7.740285247564e-02  -2.703770101070e-01   0.000000000000e+00   7.676744461060e-02  -1.000000014901e-01   0.000000000000e+00   6.948357820511e-02  -1.000000014901e-01 
  0.000000000000e+00   5.381588265300e-02  -1.000000014901e-01   0.000000000000e+00   3.836716338992e-02  -6.137455627322e-02  -3.801863640547e-03   8.769867941737e-03  -1.945993006229e-01 
  2.115255780518e-02   8.127474575303e-05  -1.000000014901e-01   2.115255780518e-02   8.127474575303e-05  -1.000000014901e-01   0.000000000000e+00  -5.052722990513e-03  -3.705845773220e-02 
  0.000000000000e+00  -5.052722990513e-03  -3.705845773220e-02   6.983678042889e-02  -5.052722990513e-03  -3.705845773220e-02   6.976512074471e-02  -5.177588667721e-03  -3.907187655568e-02 
  6.690386682749e-02  -1.208742614836e-03   8.442042768002e-02   4.353586584330e-02   3.645142773166e-03   4.200163781643e-01   1.167811825871e-02   8.340936037712e-04  -2.380579710007e-01 
  2.093922114000e-03   2.001504180953e-03  -1.419799774885e-01   9.757703170180e-03   0.000000000000e+00  -1.000000014901e-01   9.757703170180e-03   0.000000000000e+00  -1.000000014901e-01 
  0.000000000000e+00  -2.239272557199e-02  -4.114238321781e-01   0.000000000000e+00  -2.239272557199e-02  -4.114238321781e-01   1.041261032224e-01  -2.239272557199e-02  -4.114238321781e-01 
  1.036702618003e-01  -2.213411778212e-02  -3.985666334629e-01   7.583283632994e-02  -1.462116837502e-02   1.589339375496e-01   2.651318907738e-02  -8.379375562072e-03   5.382515192032e-01 
  2.055962831946e-04  -6.941260769963e-03  -1.368836611509e-01   9.581759804860e-04   1.443291781470e-03  -1.000000014901e-01   0.000000000000e+00   0.000000000000e+00  -1.000000014901e-01 
  0.000000000000e+00   0.000000000000e+00  -1.000000014901e-01   0.000000000000e+00   0.000000000000e+00  -1.707792878151e-01   0.000000000000e+00   0.000000000000e+00  -1.707792878151e-01 
  3.637816384435e-02  -1.424449618934e-35  -1.707792878151e-01   0.000000000000e+00  -5.106426213949e-15  -1.000000014901e-01   0.000000000000e+00  -1.544295561654e-14  -1.000000014901e-01 
  0.000000000000e+00  -1.362414717989e-14  -1.000000014901e-01   0.000000000000e+00  -3.745163849089e-04  -1.000000014901e-01   0.000000000000e+00  -8.373718592338e-04  -5.913297459483e-02 
  1.588953286409e-01   0.000000000000e+00  -1.000000014901e-01   1.588953286409e-01   0.000000000000e+00  -1.000000014901e-01   0.000000000000e+00   0.000000000000e+00  -1.707792878151e-01 
  0.000000000000e+00   0.000000000000e+00  -1.707792878151e-01   3.637816384435e-02  -1.424449618934e-35  -1.707792878151e-01   0.000000000000e+00  -5.106426213949e-15  -1.000000014901e-01 
  0.000000000000e+00  -1.544295561654e-14  -1.000000014901e-01   0.000000000000e+00  -1.362414717989e-14  -1.000000014901e-01   0.000000000000e+00  -3.745163849089e-04  -1.000000014901e-01 
  0.000000000000e+00  -8.373718592338e-04  -5.913297459483e-02   1.588953286409e-01   0.000000000000e+00  -1.000000014901e-01   1.588953286409e-01   0.000000000000e+00  -1.000000014901e-01 
  0.000000000000e+00   1.053616404533e-01   1.433776766062e-01   0.000000000000e+00   1.053616404533e-01   1.433776766062e-01  -4.813599213958e-02   4.114001244307e-02   2.226020097733e-01 
  0.000000000000e+00   3.126593306661e-02  -1.000000014901e-01   0.000000000000e+00   2.607613243163e-02  -1.000000014901e-01   0.000000000000e+00  -1.141530368477e-02  -1.000000014901e-01 
 -3.574010683224e-03  -9.749835357070e-03  -1.000000014901e-01  -3.814619034529e-03  -8.971238136292e-02  -1.547318100929e-01   5.422257818282e-04  -1.414470225573e-01  -2.381181716919e-01 
  5.422257818282e-04  -1.414470225573e-01  -2.381181716919e-01   0.000000000000e+00   1.053616404533e-01   1.433776766062e-01   0.000000000000e+00   1.053616404533e-01   1.433776766062e-01 
 -4.813599213958e-02   4.114001244307e-02   2.226020097733e-01   0.000000000000e+00   3.126593306661e-02  -1.000000014901e-01   0.000000000000e+00   2.607613243163e-02  -1.000000014901e-01 
  0.000000000000e+00  -1.141530368477e-02  -1.000000014901e-01  -3.574010683224e-03  -9.749835357070e-03  -1.000000014901e-01  -3.814619034529e-03  -8.971238136292e-02  -1.547318100929e-01 
  5.422257818282e-04  -1.414470225573e-01  -2.381181716919e-01   5.422257818282e-04  -1.414470225573e-01  -2.381181716919e-01   0.000000000000e+00  -2.545857429504e-02  -1.531179100275e-01 
  0.000000000000e+00  -2.545857429504e-02  -1.531179100275e-01   2.755671972409e-03  -1.911423169076e-02  -1.186593323946e-01   4.398752003908e-03  -6.856879685074e-03  -1.293644011021e-01 
  5.378800909966e-03   2.409052103758e-03  -1.365460306406e-01   5.186428315938e-03  -3.367412090302e-02  -1.000000014901e-01   0.000000000000e+00  -8.980315178633e-03  -1.000000014901e-01 
  0.000000000000e+00  -1.033224985003e-01  -1.000000014901e-01   0.000000000000e+00  -1.491846144199e-01  -1.000000014901e-01   0.000000000000e+00  -1.491846144199e-01  -1.000000014901e-01 
  0.000000000000e+00   2.220814861357e-02  -3.699348866940e-01   0.000000000000e+00   2.220814861357e-02  -3.699348866940e-01  -1.527552492917e-02   2.163910306990e-02  -3.631063997746e-01 
 -1.426232885569e-02   2.017613127828e-02  -3.471539616585e-01  -1.092695351690e-02   1.719272136688e-02  -3.361124396324e-01  -3.520696482155e-04  -3.378057852387e-02  -3.080208897591e-01 
 -1.309444080107e-03  -7.769103627652e-03  -1.106630563736e-01   9.546852088533e-04  -1.084458306432e-01  -3.086585402489e-01   6.677721976303e-04  -1.398264020681e-01  -1.412160247564e-01 
  6.677721976303e-04  -1.398264020681e-01  -1.412160247564e-01   0.000000000000e+00   5.759389325976e-02  -1.103645563126e-01   0.000000000000e+00   5.759389325976e-02  -1.103645563126e-01 
 -1.468996331096e-02   5.760060995817e-02  -1.106223836541e-01  -1.443253643811e-02   5.760162696242e-02  -1.112782284617e-01  -8.646428585052e-03   5.713757872581e-02  -1.110402941704e-01 
  1.256218994968e-03   5.106336623430e-02  -8.304554969072e-02   2.187633421272e-03   1.611757464707e-02  -1.034812554717e-01   3.969505894929e-03  -7.702130824327e-02  -2.713034451008e-01 
  2.847863174975e-02  -1.052754893899e-01  -2.529264688492e-01   2.847863174975e-02  -1.052754893899e-01  -2.529264688492e-01   0.000000000000e+00   7.740290462971e-02  -2.703772187233e-01 
  0.000000000000e+00   7.740290462971e-02  -2.703772187233e-01   1.285681501031e-02   7.740285247564e-02  -2.703770101070e-01   0.000000000000e+00   7.676744461060e-02  -1.000000014901e-01 
  0.000000000000e+00   6.948357820511e-02  -1.000000014901e-01   0.000000000000e+00   5.381588265300e-02  -1.000000014901e-01   0.000000000000e+00   3.836716338992e-02  -6.137455627322e-02 
 -3.801863640547e-03   8.769867941737e-03  -1.945993006229e-01   2.115255780518e-02   8.127474575303e-05  -1.000000014901e-01   2.115255780518e-02   8.127474575303e-05  -1.000000014901e-01 
  0.000000000000e+00  -5.052722990513e-03  -3.705845773220e-02   0.000000000000e+00  -5.052722990513e-03  -3.705845773220e-02   6.983678042889e-02  -5.052722990513e-03  -3.705845773220e-02 
  6.976512074471e-02  -5.177588667721e-03  -3.907187655568e-02   6.690386682749e-02  -1.208742614836e-03   8.442042768002e-02   4.353586584330e-02   3.645142773166e-03   4.200163781643e-01 
  1.167811825871e-02   8.340936037712e-04  -2.380579710007e-01   2.093922114000e-03   2.001504180953e-03  -1.419799774885e-01   9.757703170180e-03   0.000000000000e+00  -1.000000014901e-01 
  9.757703170180e-03   0.000000000000e+00  -1.000000014901e-01   0.000000000000e+00  -2.239272557199e-02  -4.114238321781e-01   0.000000000000e+00  -2.239272557199e-02  -4.114238321781e-01 
  1.041261032224e-01  -2.239272557199e-02  -4.114238321781e-01   1.036702618003e-01  -2.213411778212e-02  -3.985666334629e-01   7.583283632994e-02  -1.462116837502e-02   1.589339375496e-01 
  2.651318907738e-02  -8.379375562072e-03   5.382515192032e-01   2.055962831946e-04  -6.941260769963e-03  -1.368836611509e-01   9.581759804860e-04   1.443291781470e-03  -1.000000014901e-01 
  0.000000000000e+00   0.000000000000e+00  -1.000000014901e-01   0.000000000000e+00   0.000000000000e+00  -1.000000014901e-01   0.000000000000e+00   0.000000000000e+00  -1.707792878151e-01 
  0.000000000000e+00   0.000000000000e+00  -1.707792878151e-01   3.637816384435e-02  -1.424449618934e-35  -1.707792878151e-01   0.000000000000e+00  -5.106426213949e-15  -1.000000014901e-01 
  0.000000000000e+00  -1.544295561654e-14  -1.000000014901e-01   0.000000000000e+00  -1.362414717989e-14  -1.000000014901e-01   0.000000000000e+00  -3.745163849089e-04  -1.000000014901e-01 
  0.000000000000e+00  -8.373718592338e-04  -5.913297459483e-02   1.588953286409e-01   0.000000000000e+00  -1.000000014901e-01   1.588953286409e-01   0.000000000000e+00  -1.000000014901e-01 
  0.000000000000e+00   0.000000000000e+00  -1.707792878151e-01   0.000000000000e+00   0.000000000000e+00  -1.707792878151e-01   3.637816384435e-02  -1.424449618934e-35  -1.707792878151e-01 
  0.000000000000e+00  -5.106426213949e-15  -1.000000014901e-01   0.000000000000e+00  -1.544295561654e-14  -1.000000014901e-01   0.000000000000e+00  -1.362414717989e-14  -1.000000014901e-01 
  0.000000000000e+00  -3.745163849089e-04  -1.000000014901e-01   0.000000000000e+00  -8.373718592338e-04  -5.913297459483e-02   1.588953286409e-01   0.000000000000e+00  -1.000000014901e-01 
  1.588953286409e-01   0.000000000000e+00  -1.000000014901e-01 

