# vtk DataFile Version 2.0
Written using VisIt writer
ASCII
DATASET RECTILINEAR_GRID
DIMENSIONS 10 10 10
X_COORDINATES 10 float
  0.000000000000e+00   5.000000000000e-01   1.000000000000e+00   1.500000000000e+00   2.000000000000e+00   2.500000000000e+00   3.000000000000e+00   3.500000000000e+00   4.000000000000e+00 
  4.500000000000e+00 
Y_COORDINATES 10 float
  0.000000000000e+00   5.000000000000e-01   1.000000000000e+00   1.500000000000e+00   2.000000000000e+00   2.500000000000e+00   3.000000000000e+00   3.500000000000e+00   4.000000000000e+00 
  4.500000000000e+00 
Z_COORDINATES 10 float
  0.000000000000e+00   5.000000000000e-01   1.000000000000e+00   1.500000000000e+00   2.000000000000e+00   2.500000000000e+00   3.000000000000e+00   3.500000000000e+00   4.000000000000e+00 
  4.500000000000e+00 
CELL_DATA 729
POINT_DATA 1000
VECTORS velocity float
  0.000000000000e+00  -1.351354420185e-01  -2.906289994717e-01   3.251200000000e+04   0.000000000000e+00   0.000000000000e+00   0.000000000000e+00   0.000000000000e+00   0.000000000000e+00 
 -7.335112243891e-02  -1.211454570293e-01  -2.926378548145e-01   0.000000000000e+00   0.000000000000e+00   0.000000000000e+00   0.000000000000e+00   1.431655808000e+09   1.070945600000e+09 
 -1.381450593472e-01  -1.385561823845e-01  -3.026756644249e-01   1.071994176000e+09   0.000000000000e+00   0.000000000000e+00   0.000000000000e+00   0.000000000000e+00   0.000000000000e+00 
 -8.169478178024e-02  -1.659138351679e-01  -4.468467533588e-01   0.000000000000e+00  -1.351354420185e-01  -2.906289994717e-01   1.070945600000e+09   0.000000000000e+00   0.000000000000e+00 
 -1.289561986923e-01  -1.520178169012e-01  -3.428758978844e-01  -7.335112243891e-02  -1.211454570293e-01  -2.926378548145e-01   1.431655808000e+09   1.070945600000e+09   0.000000000000e+00 
 -1.054462492466e-01  -1.095104590058e-01  -2.579358220100e-01  -1.381450593472e-01  -1.385561823845e-01  -3.026756644249e-01   0.000000000000e+00   0.000000000000e+00   1.071644672000e+09 
 -8.169478178024e-02  -1.659138351679e-01  -4.468467533588e-01  -8.169478178024e-02  -1.659138351679e-01  -4.468467533588e-01   0.000000000000e+00   4.468175396323e-02  -2.270842343569e-01 
  0.000000000000e+00   4.468175396323e-02  -2.270842343569e-01  -1.762550771236e-01   5.392601713538e-02  -2.835634946823e-01  -1.567104458809e-01  -4.580390825868e-02  -3.181636631489e-01 
 -1.340238749981e-01  -1.076981276274e-01  -3.544487357140e-01   4.789937660098e-02   1.469372119755e-02  -2.435782998800e-01   2.464085072279e-02   4.872415214777e-02  -2.604489624500e-01 
 -1.215393058374e-04   7.965225726366e-02  -2.443282604218e-01  -1.882411912084e-02   1.028975695372e-01  -2.936485111713e-01  -1.882411912084e-02   1.028975695372e-01  -2.936485111713e-01 
  0.000000000000e+00   6.422700826079e-03  -2.330878227949e-01   0.000000000000e+00   6.422700826079e-03  -2.330878227949e-01  -1.735807210207e-01   4.945265874267e-02  -2.814522087574e-01 
 -9.336096793413e-02   7.616500370204e-03  -2.673711478710e-01  -8.253724873066e-02  -2.177919633687e-02  -2.524535059929e-01  -9.612799435854e-02   1.151470094919e-02  -2.601572275162e-01 
 -1.378953307867e-01   4.213200416416e-03  -3.567857742310e-01   4.456034302711e-02  -2.850499935448e-03  -2.636227011681e-01   2.460644021630e-02  -4.960052669048e-02  -2.909825146198e-01 
  2.460644021630e-02  -4.960052669048e-02  -2.909825146198e-01   0.000000000000e+00  -5.816362425685e-02  -2.671611607075e-01   0.000000000000e+00  -5.816362425685e-02  -2.671611607075e-01 
 -1.641801297665e-01  -7.326866686344e-02  -3.716902136803e-01   4.010853171349e-02  -3.654329478741e-02  -3.553609549999e-01   2.203244483098e-03  -2.643424458802e-02  -2.582591176033e-01 
 -8.680712431669e-02   6.941002607346e-02  -2.309624254704e-01  -1.902673393488e-01   7.461930066347e-02  -2.579355537891e-01  -1.389280408621e-01  -5.624149367213e-02  -3.067303597927e-01 
 -1.047320887446e-01  -9.644453227520e-02  -4.629516601562e-01  -1.047320887446e-01  -9.644453227520e-02  -4.629516601562e-01   0.000000000000e+00   5.745110660791e-02  -2.222971767187e-01 
  0.000000000000e+00   5.745110660791e-02  -2.222971767187e-01  -1.802970468998e-01   6.994909048080e-02  -2.590704560280e-01  -1.410915255547e-01   7.664784044027e-02  -3.324337303638e-01 
 -1.369145810604e-01   4.489737004042e-02  -3.880334496498e-01   2.285810746253e-02   8.499439060688e-02  -2.308668345213e-01  -1.001371350139e-02   6.110142543912e-02  -2.311338186264e-01 
 -4.769900068641e-02   4.784990102053e-02  -2.176305502653e-01  -4.124607145786e-02   4.797066375613e-02  -2.421081513166e-01  -4.124607145786e-02   4.797066375613e-02  -2.421081513166e-01 
  0.000000000000e+00  -1.973923208425e-04  -2.529731094837e-01   0.000000000000e+00  -1.973923208425e-04  -2.529731094837e-01  -1.969939321280e-01   5.326433107257e-03  -2.862678468227e-01 
 -1.227739378810e-01   8.191019296646e-02  -2.740505933762e-01  -1.324401050806e-01   1.186650395393e-01  -2.875589132309e-01  -1.228089183569e-01   4.349984601140e-02  -3.164510428905e-01 
 -1.191927120090e-01  -7.207398884930e-04  -4.213156104088e-01   6.669157743454e-02  -3.227791190147e-02  -2.965941429138e-01   7.157489657402e-02  -8.899395912886e-02  -3.310638964176e-01 
  7.157489657402e-02  -8.899395912886e-02  -3.310638964176e-01   0.000000000000e+00  -8.859641104937e-02  -2.576045989990e-01   0.000000000000e+00  -8.859641104937e-02  -2.576045989990e-01 
 -1.967109441757e-01  -3.145155683160e-02  -3.353322744370e-01  -1.344568375498e-02   3.220891952515e-02  -2.586678564548e-01  -2.470294199884e-02   6.077303364873e-02  -2.478762865067e-01 
 -8.461084216833e-02   7.588214427233e-02  -2.377311140299e-01  -6.836909055710e-02   3.669527173042e-02  -2.565221190453e-01  -6.545316427946e-02  -1.136877015233e-01  -3.121605515480e-01 
 -3.468314930797e-02  -1.651973277330e-01  -4.401248991489e-01  -3.468314930797e-02  -1.651973277330e-01  -4.401248991489e-01   0.000000000000e+00   0.000000000000e+00  -2.234184294939e-01 
  0.000000000000e+00   0.000000000000e+00  -2.234184294939e-01  -2.000232338905e-01   0.000000000000e+00  -3.075451552868e-01  -1.421837210655e-01   0.000000000000e+00  -3.446925282478e-01 
 -7.818906009197e-02   0.000000000000e+00  -3.802632987499e-01   1.082911565900e-01   0.000000000000e+00  -2.971145808697e-01   9.625153988600e-02   0.000000000000e+00  -2.502200901508e-01 
  6.353303324431e-03   0.000000000000e+00  -2.714731991291e-01   1.257397085428e-01   0.000000000000e+00  -2.969721257687e-01   1.257397085428e-01   0.000000000000e+00  -2.969721257687e-01 
  0.000000000000e+00   0.000000000000e+00  -2.234184294939e-01   0.000000000000e+00   0.000000000000e+00  -2.234184294939e-01  -2.000232338905e-01   0.000000000000e+00  -3.075451552868e-01 
 -1.421837210655e-01   0.000000000000e+00  -3.446925282478e-01  -7.818906009197e-02   0.000000000000e+00  -3.802632987499e-01   1.082911565900e-01   0.000000000000e+00  -2.971145808697e-01 
  9.625153988600e-02   0.000000000000e+00  -2.502200901508e-01   6.353303324431e-03   0.000000000000e+00  -2.714731991291e-01   1.257397085428e-01   0.000000000000e+00  -2.969721257687e-01 
  1.257397085428e-01   0.000000000000e+00  -2.969721257687e-01   0.000000000000e+00  -1.351354420185e-01  -2.906289994717e-01   0.000000000000e+00  -1.351354420185e-01  -2.906289994717e-01 
 -1.289561986923e-01  -1.520178169012e-01  -3.428758978844e-01  -7.335112243891e-02  -1.211454570293e-01  -2.926378548145e-01  -7.360735535622e-02  -1.151674091816e-01  -2.668577134609e-01 
 -1.054462492466e-01  -1.095104590058e-01  -2.579358220100e-01  -1.381450593472e-01  -1.385561823845e-01  -3.026756644249e-01  -1.085909754038e-01  -1.453971564770e-01  -2.969287931919e-01 
 -8.169478178024e-02  -1.659138351679e-01  -4.468467533588e-01  -8.169478178024e-02  -1.659138351679e-01  -4.468467533588e-01   0.000000000000e+00  -1.351354420185e-01  -2.906289994717e-01 
  0.000000000000e+00  -1.351354420185e-01  -2.906289994717e-01  -1.289561986923e-01  -1.520178169012e-01  -3.428758978844e-01  -7.335112243891e-02  -1.211454570293e-01  -2.926378548145e-01 
 -7.360735535622e-02  -1.151674091816e-01  -2.668577134609e-01  -1.054462492466e-01  -1.095104590058e-01  -2.579358220100e-01  -1.381450593472e-01  -1.385561823845e-01  -3.026756644249e-01 
 -1.085909754038e-01  -1.453971564770e-01  -2.969287931919e-01  -8.169478178024e-02  -1.659138351679e-01  -4.468467533588e-01  -8.169478178024e-02  -1.659138351679e-01  -4.468467533588e-01 
  0.000000000000e+00   4.468175396323e-02  -2.270842343569e-01   0.000000000000e+00   4.468175396323e-02  -2.270842343569e-01  -1.762550771236e-01   5.392601713538e-02  -2.835634946823e-01 
 -1.567104458809e-01  -4.580390825868e-02  -3.181636631489e-01  -1.340238749981e-01  -1.076981276274e-01  -3.544487357140e-01   4.789937660098e-02   1.469372119755e-02  -2.435782998800e-01 
  2.464085072279e-02   4.872415214777e-02  -2.604489624500e-01  -1.215393058374e-04   7.965225726366e-02  -2.443282604218e-01  -1.882411912084e-02   1.028975695372e-01  -2.936485111713e-01 
 -1.882411912084e-02   1.028975695372e-01  -2.936485111713e-01   0.000000000000e+00   6.422700826079e-03  -2.330878227949e-01   0.000000000000e+00   6.422700826079e-03  -2.330878227949e-01 
 -1.735807210207e-01   4.945265874267e-02  -2.814522087574e-01  -9.336096793413e-02   7.616500370204e-03  -2.673711478710e-01  -8.253724873066e-02  -2.177919633687e-02  -2.524535059929e-01 
 -9.612799435854e-02   1.151470094919e-02  -2.601572275162e-01  -1.378953307867e-01   4.213200416416e-03  -3.567857742310e-01   4.456034302711e-02  -2.850499935448e-03  -2.636227011681e-01 
  2.460644021630e-02  -4.960052669048e-02  -2.909825146198e-01   2.460644021630e-02  -4.960052669048e-02  -2.909825146198e-01   0.000000000000e+00  -5.816362425685e-02  -2.671611607075e-01 
  0.000000000000e+00  -5.816362425685e-02  -2.671611607075e-01  -1.641801297665e-01  -7.326866686344e-02  -3.716902136803e-01   4.010853171349e-02  -3.654329478741e-02  -3.553609549999e-01 
  2.203244483098e-03  -2.643424458802e-02  -2.582591176033e-01  -8.680712431669e-02   6.941002607346e-02  -2.309624254704e-01  -1.902673393488e-01   7.461930066347e-02  -2.579355537891e-01 
 -1.389280408621e-01  -5.624149367213e-02  -3.067303597927e-01  -1.047320887446e-01  -9.644453227520e-02  -4.629516601562e-01  -1.047320887446e-01  -9.644453227520e-02  -4.629516601562e-01 
  0.000000000000e+00   5.745110660791e-02  -2.222971767187e-01   0.000000000000e+00   5.745110660791e-02  -2.222971767187e-01  -1.802970468998e-01   6.994909048080e-02  -2.590704560280e-01 
 -1.410915255547e-01   7.664784044027e-02  -3.324337303638e-01  -1.369145810604e-01   4.489737004042e-02  -3.880334496498e-01   2.285810746253e-02   8.499439060688e-02  -2.308668345213e-01 
 -1.001371350139e-02   6.110142543912e-02  -2.311338186264e-01  -4.769900068641e-02   4.784990102053e-02  -2.176305502653e-01  -4.124607145786e-02   4.797066375613e-02  -2.421081513166e-01 
 -4.124607145786e-02   4.797066375613e-02  -2.421081513166e-01   0.000000000000e+00  -1.973923208425e-04  -2.529731094837e-01   0.000000000000e+00  -1.973923208425e-04  -2.529731094837e-01 
 -1.969939321280e-01   5.326433107257e-03  -2.862678468227e-01  -1.227739378810e-01   8.191019296646e-02  -2.740505933762e-01  -1.324401050806e-01   1.186650395393e-01  -2.875589132309e-01 
 -1.228089183569e-01   4.349984601140e-02  -3.164510428905e-01  -1.191927120090e-01  -7.207398884930e-04  -4.213156104088e-01   6.669157743454e-02  -3.227791190147e-02  -2.965941429138e-01 
  7.157489657402e-02  -8.899395912886e-02  -3.310638964176e-01   7.157489657402e-02  -8.899395912886e-02  -3.310638964176e-01   0.000000000000e+00  -8.859641104937e-02  -2.576045989990e-01 
  0.000000000000e+00  -8.859641104937e-02  -2.576045989990e-01  -1.967109441757e-01  -3.145155683160e-02  -3.353322744370e-01  -1.344568375498e-02   3.220891952515e-02  -2.586678564548e-01 
 -2.470294199884e-02   6.077303364873e-02  -2.478762865067e-01  -8.461084216833e-02   7.588214427233e-02  -2.377311140299e-01  -6.836909055710e-02   3.669527173042e-02  -2.565221190453e-01 
 -6.545316427946e-02  -1.136877015233e-01  -3.121605515480e-01  -3.468314930797e-02  -1.651973277330e-01  -4.401248991489e-01  -3.468314930797e-02  -1.651973277330e-01  -4.401248991489e-01 
  0.000000000000e+00   0.000000000000e+00  -2.234184294939e-01   0.000000000000e+00   0.000000000000e+00  -2.234184294939e-01  -2.000232338905e-01   0.000000000000e+00  -3.075451552868e-01 
 -1.421837210655e-01   0.000000000000e+00  -3.446925282478e-01  -7.818906009197e-02   0.000000000000e+00  -3.802632987499e-01   1.082911565900e-01   0.000000000000e+00  -2.971145808697e-01 
  9.625153988600e-02   0.000000000000e+00  -2.502200901508e-01   6.353303324431e-03   0.000000000000e+00  -2.714731991291e-01   1.257397085428e-01   0.000000000000e+00  -2.969721257687e-01 
  1.257397085428e-01   0.000000000000e+00  -2.969721257687e-01   0.000000000000e+00   0.000000000000e+00  -2.234184294939e-01   0.000000000000e+00   0.000000000000e+00  -2.234184294939e-01 
 -2.000232338905e-01   0.000000000000e+00  -3.075451552868e-01  -1.421837210655e-01   0.000000000000e+00  -3.446925282478e-01  -7.818906009197e-02   0.000000000000e+00  -3.802632987499e-01 
  1.082911565900e-01   0.000000000000e+00  -2.971145808697e-01   9.625153988600e-02   0.000000000000e+00  -2.502200901508e-01   6.353303324431e-03   0.000000000000e+00  -2.714731991291e-01 
  1.257397085428e-01   0.000000000000e+00  -2.969721257687e-01   1.257397085428e-01   0.000000000000e+00  -2.969721257687e-01   0.000000000000e+00  -1.132495179772e-01  -3.853955268860e-01 
  0.000000000000e+00  -1.132495179772e-01  -3.853955268860e-01  -7.933608256280e-03  -1.334775984287e-01  -7.683860063553e-01  -1.515769809484e-01  -1.522051841021e-01  -1.126189112663e+00 
 -9.826110303402e-02  -1.420214772224e-01  -1.033243656158e+00  -3.294165804982e-02  -1.390762627125e-01  -1.066715002060e+00  -7.408440858126e-02  -1.476700603962e-01  -1.033197879791e+00 
 -9.998132474720e-03  -1.452238261700e-01  -9.647065401077e-01   4.532765597105e-02  -1.427611112595e-01  -9.287142753601e-01   4.532765597105e-02  -1.427611112595e-01  -9.287142753601e-01 
  0.000000000000e+00  -1.132495179772e-01  -3.853955268860e-01   0.000000000000e+00  -1.132495179772e-01  -3.853955268860e-01  -7.933608256280e-03  -1.334775984287e-01  -7.683860063553e-01 
 -1.515769809484e-01  -1.522051841021e-01  -1.126189112663e+00  -9.826110303402e-02  -1.420214772224e-01  -1.033243656158e+00  -3.294165804982e-02  -1.390762627125e-01  -1.066715002060e+00 
 -7.408440858126e-02  -1.476700603962e-01  -1.033197879791e+00  -9.998132474720e-03  -1.452238261700e-01  -9.647065401077e-01   4.532765597105e-02  -1.427611112595e-01  -9.287142753601e-01 
  4.532765597105e-02  -1.427611112595e-01  -9.287142753601e-01   0.000000000000e+00  -3.680512541905e-03  -4.637252688408e-01   0.000000000000e+00  -3.680512541905e-03  -4.637252688408e-01 
 -5.081067606807e-02  -4.630861431360e-02  -8.526117205620e-01  -1.537134796381e-01  -2.874376997352e-02  -1.104145526886e+00  -9.661670029163e-02  -4.189753159881e-02  -9.618576765060e-01 
 -5.966880545020e-02  -4.500918462873e-02  -1.029739618301e+00  -5.359946191311e-02  -5.117838829756e-02  -1.029534339905e+00  -2.339424006641e-02  -4.568826034665e-02  -1.010470151901e+00 
  7.501918077469e-02  -3.331830725074e-02  -1.000840902328e+00   7.501918077469e-02  -3.331830725074e-02  -1.000840902328e+00   0.000000000000e+00   1.024063769728e-02  -4.744648635387e-01 
  0.000000000000e+00   1.024063769728e-02  -4.744648635387e-01  -4.293298348784e-03   2.001693397760e-01  -7.666665911674e-01  -1.494335085154e-01   1.334059983492e-01  -1.140754103661e+00 
 -7.845356315374e-02   1.340969800949e-01  -1.008717179298e+00  -1.676307246089e-02   1.540586501360e-01  -1.040792107582e+00  -6.597752124071e-02   1.307855099440e-01  -9.129456281662e-01 
 -4.543198272586e-02   1.387142390013e-01  -1.028624892235e+00   8.190175890923e-02   1.409012973309e-01  -1.049934267998e+00   8.190175890923e-02   1.409012973309e-01  -1.049934267998e+00 
  0.000000000000e+00  -2.428666129708e-02  -4.047933518887e-01   0.000000000000e+00  -2.428666129708e-02  -4.047933518887e-01  -5.596566945314e-02  -4.186952486634e-02  -7.250670790672e-01 
 -1.471267044544e-01  -6.167654320598e-02  -1.149873256683e+00  -4.218231141567e-02  -3.568010777235e-02  -9.773471355438e-01  -4.136419668794e-02  -3.612639755011e-02  -9.914069771767e-01 
 -5.390967801213e-02  -1.677770726383e-02  -8.444399237633e-01  -2.032426744699e-02   8.317992091179e-03  -8.828674554825e-01   6.657709181309e-02   1.195854321122e-02  -8.687973022461e-01 
  6.657709181309e-02   1.195854321122e-02  -8.687973022461e-01   0.000000000000e+00   7.850787043571e-02  -4.799961745739e-01   0.000000000000e+00   7.850787043571e-02  -4.799961745739e-01 
 -4.550291597843e-02   2.023569867015e-02  -8.019842505455e-01  -1.879431605339e-01  -5.613235384226e-02  -1.160113811493e+00  -1.421615947038e-02  -2.973890863359e-02  -9.741265177727e-01 
 -2.620183117688e-02  -2.119398117065e-02  -1.025980591774e+00  -4.032302647829e-02  -1.559849549085e-02  -9.918506741524e-01  -3.096638619900e-02  -6.397382239811e-04  -1.008667588234e+00 
  7.891810685396e-02  -3.623401047662e-03  -9.865654706955e-01   7.891810685396e-02  -3.623401047662e-03  -9.865654706955e-01   0.000000000000e+00  -3.346510231495e-02  -4.014296233654e-01 
  0.000000000000e+00  -3.346510231495e-02  -4.014296233654e-01   2.049678703770e-03   1.212809002027e-03  -7.351142168045e-01  -1.825591474771e-01   2.236235328019e-02  -1.179640054703e+00 
 -2.341275103390e-02   3.651036322117e-02  -1.043701291084e+00   2.469157567248e-03   6.156779825687e-02  -1.001717925072e+00  -3.206778690219e-02   8.282542973757e-02  -9.295054078102e-01 
 -4.990843310952e-02   9.544438123703e-02  -1.022120237350e+00   7.679662108421e-02   6.573083251715e-02  -1.020681619644e+00   7.679662108421e-02   6.573083251715e-02  -1.020681619644e+00 
  0.000000000000e+00  -5.015021562576e-02  -2.735224664211e-01   0.000000000000e+00  -5.015021562576e-02  -2.735224664211e-01  -1.344649959356e-02  -7.353520393372e-02  -6.275143027306e-01 
 -1.577577739954e-01  -5.513373762369e-02  -1.111341953278e+00  -7.346807513386e-03  -4.833117127419e-02  -1.028185129166e+00   3.054492361844e-02  -5.147185921669e-02  -1.064984917641e+00 
 -9.821827523410e-03  -5.304280295968e-02  -9.690348505974e-01  -2.167811244726e-02  -1.960236020386e-02  -9.906831979752e-01   3.423713147640e-02  -8.075533807278e-02  -9.149390459061e-01 
  3.423713147640e-02  -8.075533807278e-02  -9.149390459061e-01   0.000000000000e+00   0.000000000000e+00  -4.747526943684e-01   0.000000000000e+00   0.000000000000e+00  -4.747526943684e-01 
 -1.547280512750e-02   0.000000000000e+00  -8.514488339424e-01  -1.822255551815e-01   0.000000000000e+00  -1.201065540314e+00   1.681171730161e-02   0.000000000000e+00  -1.038866758347e+00 
 -3.070496255532e-03   0.000000000000e+00  -1.171059727669e+00   1.477761752903e-02   0.000000000000e+00  -1.039228200912e+00  -4.380506649613e-02   0.000000000000e+00  -1.101485729218e+00 
  1.330540925264e-01   0.000000000000e+00  -1.076826691628e+00   1.330540925264e-01   0.000000000000e+00  -1.076826691628e+00   0.000000000000e+00   0.000000000000e+00  -4.747526943684e-01 
  0.000000000000e+00   0.000000000000e+00  -4.747526943684e-01  -1.547280512750e-02   0.000000000000e+00  -8.514488339424e-01  -1.822255551815e-01   0.000000000000e+00  -1.201065540314e+00 
  1.681171730161e-02   0.000000000000e+00  -1.038866758347e+00  -3.070496255532e-03   0.000000000000e+00  -1.171059727669e+00   1.477761752903e-02   0.000000000000e+00  -1.039228200912e+00 
 -4.380506649613e-02   0.000000000000e+00  -1.101485729218e+00   1.330540925264e-01   0.000000000000e+00  -1.076826691628e+00   1.330540925264e-01   0.000000000000e+00  -1.076826691628e+00 
  0.000000000000e+00  -1.775526441634e-02  -1.156438142061e-01   0.000000000000e+00  -1.775526441634e-02  -1.156438142061e-01   1.163817420602e-01  -7.652767468244e-03  -1.803401857615e-01 
 -1.408435851336e-01   2.370843850076e-02  -6.445536017418e-01  -1.176744550467e-01   5.575576331466e-03  -6.107465624809e-01  -4.048604890704e-02  -1.409392245114e-02  -7.339417934418e-01 
 -7.271910458803e-02  -2.355507016182e-02  -7.103139162064e-01  -7.796988356858e-03  -2.605211921036e-02  -7.132951021194e-01   5.216873809695e-02  -2.684610709548e-02  -7.388532161713e-01 
  5.216873809695e-02  -2.684610709548e-02  -7.388532161713e-01   0.000000000000e+00  -1.775526441634e-02  -1.156438142061e-01   0.000000000000e+00  -1.775526441634e-02  -1.156438142061e-01 
  1.163817420602e-01  -7.652767468244e-03  -1.803401857615e-01  -1.408435851336e-01   2.370843850076e-02  -6.445536017418e-01  -1.176744550467e-01   5.575576331466e-03  -6.107465624809e-01 
 -4.048604890704e-02  -1.409392245114e-02  -7.339417934418e-01  -7.271910458803e-02  -2.355507016182e-02  -7.103139162064e-01  -7.796988356858e-03  -2.605211921036e-02  -7.132951021194e-01 
  5.216873809695e-02  -2.684610709548e-02  -7.388532161713e-01   5.216873809695e-02  -2.684610709548e-02  -7.388532161713e-01   0.000000000000e+00   9.832340292633e-03  -6.444982439280e-02 
  0.000000000000e+00   9.832340292633e-03  -6.444982439280e-02   1.039869710803e-01  -2.779586799443e-02  -1.473454385996e-01  -1.260417997837e-01   2.094800025225e-02  -6.549043059349e-01 
 -1.400628536940e-01  -4.586368158925e-04  -4.644770324230e-01  -6.337063759565e-02  -3.932632878423e-02  -7.330867052078e-01  -4.146590828896e-02  -6.701381206512e-01  -7.404212951660e-01 
  6.197542883456e-03  -5.850263312459e-02  -7.048224806786e-01   7.769999653101e-02  -6.044708192348e-02  -7.286276817322e-01   7.769999653101e-02  -6.044708192348e-02  -7.286276817322e-01 
  0.000000000000e+00   3.544358909130e-02  -9.145899862051e-02   0.000000000000e+00   3.544358909130e-02  -9.145899862051e-02   9.632751345634e-02  -4.468688368797e-02  -1.343180984259e-01 
 -2.141800150275e-02   9.257546067238e-02  -6.634888052940e-01  -6.063197180629e-02   1.017644256353e-01  -6.134678721428e-01  -1.894464716315e-02   1.380648612976e-01  -7.112897038460e-01 
 -7.012740522623e-02  -3.402331471443e-01  -7.810461521149e-01  -1.827699504793e-02  -9.991934895515e-02  -8.713054060936e-01   8.038080483675e-02  -1.481286734343e-01  -7.858785986900e-01 
  8.038080483675e-02  -1.481286734343e-01  -7.858785986900e-01   0.000000000000e+00   1.905431039631e-02  -1.211893931031e-01   0.000000000000e+00   1.905431039631e-02  -1.211893931031e-01 
  1.136944815516e-01   2.208670601249e-02  -1.235067918897e-01   7.575172185898e-02  -1.979491859674e-02  -7.124759554863e-01   1.715944521129e-02  -3.138723596931e-02  -5.835632085800e-01 
 -3.977493941784e-02  -4.077285528183e-02  -6.377445459366e-01  -4.950747638941e-02  -7.282830029726e-02  -5.863907337189e-01  -5.263073835522e-03  -3.721452876925e-02  -6.553661823273e-01 
  7.347894459963e-02  -5.630015954375e-02  -6.577740907669e-01   7.347894459963e-02  -5.630015954375e-02  -6.577740907669e-01   0.000000000000e+00   1.200089082122e-01  -2.028006017208e-01 
  0.000000000000e+00   1.200089082122e-01  -2.028006017208e-01   1.749426722527e-01   7.999408990145e-02  -1.468166261911e-01  -1.085060089827e-01   1.430282928050e-02  -8.814736604691e-01 
  7.925990968943e-02   4.080186039209e-02  -5.131716132164e-01  -7.438376545906e-02  -2.202459238470e-02  -7.569026947021e-01  -2.454766817391e-02  -1.026259083301e-02  -7.419943213463e-01 
 -3.140488266945e-02   3.701886907220e-02  -7.355484962463e-01   7.745096832514e-02  -1.606531068683e-02  -6.686291098595e-01   7.745096832514e-02  -1.606531068683e-02  -6.686291098595e-01 
  0.000000000000e+00  -5.716363713145e-02  -2.028912603855e-01   0.000000000000e+00  -5.716363713145e-02  -2.028912603855e-01   1.875529885292e-01   2.742834202945e-02  -2.232713103294e-01 
 -1.539648324251e-01   4.342850670218e-02  -7.893294095993e-01   1.850579050370e-03  -2.321242913604e-02  -7.088592052460e-01  -8.285991847515e-02  -2.627143822610e-02  -7.727029323578e-01 
  1.332930382341e-02   3.123568557203e-02  -6.904762387276e-01  -3.585560247302e-02   9.057930856943e-02  -7.125077843666e-01   6.776586920023e-02   7.483661174774e-02  -7.047716975212e-01 
  6.776586920023e-02   7.483661174774e-02  -7.047716975212e-01   0.000000000000e+00  -4.725763201714e-02  -2.397791296244e-01   0.000000000000e+00  -4.725763201714e-02  -2.397791296244e-01 
  1.831084638834e-01  -4.158294573426e-02  -2.510904073715e-01  -1.564835608006e-01   2.149542979896e-02  -6.537407040596e-01   3.993508219719e-02  -3.419996052980e-02  -6.757801175117e-01 
  2.149220854044e-01  -5.937546957284e-03  -6.883925795555e-01   1.695347428322e-01  -3.431417793036e-02  -6.032152175903e-01   5.532505363226e-02   6.086241826415e-02  -5.512380599976e-01 
  5.206651613116e-02  -6.488304585218e-02  -3.925404548645e-01   5.206651613116e-02  -6.488304585218e-02  -3.925404548645e-01   0.000000000000e+00   0.000000000000e+00  -1.615044027567e-01 
  0.000000000000e+00   0.000000000000e+00  -1.615044027567e-01   1.430724412203e-01  -4.507355129135e-07  -8.790449053049e-02   9.989538788795e-02   1.473305418637e-12  -8.815724849701e-01 
  1.344988644123e-01   0.000000000000e+00  -5.229355096817e-01   3.992992341518e-01   0.000000000000e+00  -8.213355541229e-01   4.607150554657e-01   0.000000000000e+00  -5.565229058266e-01 
  6.831052154303e-02  -6.238857284188e-03  -6.423771381378e-01   2.361223846674e-01   0.000000000000e+00  -5.946485996246e-01   2.361223846674e-01   0.000000000000e+00  -5.946485996246e-01 
  0.000000000000e+00   0.000000000000e+00  -1.615044027567e-01   0.000000000000e+00   0.000000000000e+00  -1.615044027567e-01   1.430724412203e-01  -4.507355129135e-07  -8.790449053049e-02 
  9.989538788795e-02   1.473305418637e-12  -8.815724849701e-01   1.344988644123e-01   0.000000000000e+00  -5.229355096817e-01   3.992992341518e-01   0.000000000000e+00  -8.213355541229e-01 
  4.607150554657e-01   0.000000000000e+00  -5.565229058266e-01   6.831052154303e-02  -6.238857284188e-03  -6.423771381378e-01   2.361223846674e-01   0.000000000000e+00  -5.946485996246e-01 
  2.361223846674e-01   0.000000000000e+00  -5.946485996246e-01   0.000000000000e+00   1.075179874897e-02  -2.688207328320e-01   0.000000000000e+00   1.075179874897e-02  -2.688207328320e-01 
  6.580391526222e-02   2.300035580993e-02  -2.442673891783e-01   3.578922525048e-02   2.621859870851e-02  -2.112009972334e-01  -6.956522911787e-02  -9.325943887234e-02  -3.451870977879e-01 
 -2.744084782898e-02  -2.606826722622e-01  -4.131107628345e-01  -3.646253421903e-02   0.000000000000e+00  -1.000000014901e-01  -1.820989884436e-02  -2.285512834787e-01  -5.872712135315e-01 
  3.345046564937e-02  -1.183994933963e-01  -6.894960403442e-01   3.345046564937e-02  -1.183994933963e-01  -6.894960403442e-01   0.000000000000e+00   1.075179874897e-02  -2.688207328320e-01 
  0.000000000000e+00   1.075179874897e-02  -2.688207328320e-01   6.580391526222e-02   2.300035580993e-02  -2.442673891783e-01   3.578922525048e-02   2.621859870851e-02  -2.112009972334e-01 
 -6.956522911787e-02  -9.325943887234e-02  -3.451870977879e-01  -2.744084782898e-02  -2.606826722622e-01  -4.131107628345e-01  -3.646253421903e-02   0.000000000000e+00  -1.000000014901e-01 
 -1.820989884436e-02  -2.285512834787e-01  -5.872712135315e-01   3.345046564937e-02  -1.183994933963e-01  -6.894960403442e-01   3.345046564937e-02  -1.183994933963e-01  -6.894960403442e-01 
  0.000000000000e+00   2.366122230887e-02  -2.933070361614e-01   0.000000000000e+00   2.366122230887e-02  -2.933070361614e-01   5.689897388220e-02   2.478802576661e-02   1.053174026310e-02 
 -1.092138327658e-02   2.986134029925e-02   3.582746386528e-01   0.000000000000e+00  -1.810416579247e-01   5.864078998566e-01   0.000000000000e+00  -6.285123229027e-01  -1.000000014901e-01 
 -3.645991161466e-02  -8.828892707825e-01  -4.111910164356e-01  -9.346198290586e-03  -5.379187464714e-01  -7.126239538193e-01   3.577011823654e-02  -2.062429934740e-01  -6.012759804726e-01 
  3.577011823654e-02  -2.062429934740e-01  -6.012759804726e-01   0.000000000000e+00   1.316642761230e-02   7.530733197927e-02   0.000000000000e+00   1.316642761230e-02   7.530733197927e-02 
 -4.381336271763e-02  -6.166078615934e-03  -7.302341610193e-02  -3.157681971788e-02   5.791197344661e-02  -3.762084543705e-01  -2.318899706006e-02  -1.016878709197e-01  -3.015320003033e-01 
 -2.196617424488e-02  -5.936120748520e-01  -7.195869088173e-01  -3.737551346421e-02  -8.557755351067e-01  -7.331529259682e-01  -1.497850008309e-02  -4.374395012856e-01  -1.045133590698e+00 
  4.014627635479e-02  -1.799044758081e-01  -3.907167315483e-01   4.014627635479e-02  -1.799044758081e-01  -3.907167315483e-01   0.000000000000e+00   8.108880370855e-03   1.296017412096e-02 
  0.000000000000e+00   8.108880370855e-03   1.296017412096e-02   1.337839523330e-03   1.509779319167e-02  -4.618805646896e-02  -3.184632956982e-02   1.339337509125e-02  -2.203646153212e-01 
  3.525328263640e-02   4.018807038665e-02   4.115830361843e-01  -2.484166063368e-02  -1.799029409885e-01  -1.435294002295e-01  -4.861767962575e-02  -5.198928713799e-01  -6.848257184029e-01 
 -4.375219810754e-03  -1.501534134150e-01  -1.095843434334e+00   6.031391024590e-02  -1.023474931717e-01  -5.436569452286e-01   6.031391024590e-02  -1.023474931717e-01  -5.436569452286e-01 
  0.000000000000e+00   1.654392629862e-01  -1.135294213891e-01   0.000000000000e+00   1.654392629862e-01  -1.135294213891e-01   1.435558348894e-01   6.033403053880e-02  -9.061048179865e-02 
 -2.108024209738e-01   5.807534977794e-02  -8.846729993820e-02   4.461576789618e-02   9.341090917587e-02   7.578516006470e-01  -6.101390719414e-02   2.782531455159e-02   1.453796923161e-01 
 -4.375943541527e-02  -8.400816470385e-03  -3.934947550297e-01  -7.655158638954e-03   7.907947525382e-03  -7.262328863144e-01   6.813476234674e-02   0.000000000000e+00  -1.000000014901e-01 
  6.813476234674e-02   0.000000000000e+00  -1.000000014901e-01   0.000000000000e+00  -3.103630244732e-02  -3.659091517329e-02   0.000000000000e+00  -3.103630244732e-02  -3.659091517329e-02 
  5.829673632979e-02   1.804434321821e-02  -4.009392559528e-01  -1.369725912809e-01   9.848227724433e-03  -5.536160469055e-01   3.520580474287e-03  -1.862391643226e-02   1.717426180840e-01 
 -6.956649571657e-02  -2.145704068244e-02  -3.911513835192e-02  -1.127780880779e-02   8.256173878908e-02  -6.527523398399e-01   3.426960110664e-02   2.142385840416e-01  -7.205004692078e-01 
  5.860595032573e-02   0.000000000000e+00  -1.000000014901e-01   5.860595032573e-02   0.000000000000e+00  -1.000000014901e-01   0.000000000000e+00  -2.709608525038e-02  -9.562245011330e-02 
  0.000000000000e+00  -2.709608525038e-02  -9.562245011330e-02   4.325183853507e-02  -3.150225430727e-02  -1.321897357702e-01   1.044399105012e-02  -1.183959189802e-02   4.763860404491e-01 
 -1.989399082959e-02  -2.066078595817e-02   6.154956221581e-01  -1.756526157260e-02  -1.224169321358e-02   6.155578494072e-01   9.432308375835e-02   1.335450410843e-01  -3.348724246025e-01 
  5.768295750022e-02   2.912256717682e-01  -8.558810949326e-01   5.714266374707e-02   5.327503085136e-01   5.089271664619e-01   5.714266374707e-02   5.327503085136e-01   5.089271664619e-01 
  0.000000000000e+00   0.000000000000e+00  -4.196709394455e-02   0.000000000000e+00   0.000000000000e+00  -4.196709394455e-02   3.239717707038e-02  -3.259188474658e-07   6.738129854202e-01 
  9.990143775940e-02   0.000000000000e+00   1.082028388977e+00  -3.592514246702e-02   0.000000000000e+00   1.015017747879e+00  -1.472273916006e-01   0.000000000000e+00   1.951703906059e+00 
  0.000000000000e+00   3.155519068241e-02  -4.631706774235e-01   2.292732447386e-01   0.000000000000e+00  -2.119812220335e-01   4.209350645542e-01   0.000000000000e+00   4.430032670498e-01 
  4.209350645542e-01   0.000000000000e+00   4.430032670498e-01   0.000000000000e+00   0.000000000000e+00  -4.196709394455e-02   0.000000000000e+00   0.000000000000e+00  -4.196709394455e-02 
  3.239717707038e-02  -3.259188474658e-07   6.738129854202e-01   9.990143775940e-02   0.000000000000e+00   1.082028388977e+00  -3.592514246702e-02   0.000000000000e+00   1.015017747879e+00 
 -1.472273916006e-01   0.000000000000e+00   1.951703906059e+00   0.000000000000e+00   3.155519068241e-02  -4.631706774235e-01   2.292732447386e-01   0.000000000000e+00  -2.119812220335e-01 
  4.209350645542e-01   0.000000000000e+00   4.430032670498e-01   4.209350645542e-01   0.000000000000e+00   4.430032670498e-01   0.000000000000e+00  -4.636490251869e-03  -1.222091242671e-01 
  0.000000000000e+00  -4.636490251869e-03  -1.222091242671e-01   1.130163520575e-01   3.129233419895e-02  -3.833539187908e-01   0.000000000000e+00   4.008710756898e-02  -3.152117729187e-01 
  0.000000000000e+00  -1.413594484329e-01  -2.716728150845e-01  -1.820055581629e-02  -2.181038111448e-01  -2.170460373163e-01  -1.698044501245e-02   0.000000000000e+00  -1.000000014901e-01 
 -1.166780292988e-02  -1.913817673922e-01  -3.792546689510e-01   1.799164153636e-02  -1.675476729870e-01  -5.532612800598e-01   1.799164153636e-02  -1.675476729870e-01  -5.532612800598e-01 
  0.000000000000e+00  -4.636490251869e-03  -1.222091242671e-01   0.000000000000e+00  -4.636490251869e-03  -1.222091242671e-01   1.130163520575e-01   3.129233419895e-02  -3.833539187908e-01 
  0.000000000000e+00   4.008710756898e-02  -3.152117729187e-01   0.000000000000e+00  -1.413594484329e-01  -2.716728150845e-01  -1.820055581629e-02  -2.181038111448e-01  -2.170460373163e-01 
 -1.698044501245e-02   0.000000000000e+00  -1.000000014901e-01  -1.166780292988e-02  -1.913817673922e-01  -3.792546689510e-01   1.799164153636e-02  -1.675476729870e-01  -5.532612800598e-01 
  1.799164153636e-02  -1.675476729870e-01  -5.532612800598e-01   0.000000000000e+00   3.935515135527e-02   8.446019142866e-02   0.000000000000e+00   3.935515135527e-02   8.446019142866e-02 
  5.402121692896e-02   4.656391963363e-02   3.921528905630e-02   3.610738739371e-02   4.744147881866e-02  -1.000000014901e-01   3.449451178312e-02  -2.340943366289e-01  -1.000000014901e-01 
  0.000000000000e+00  -3.260477483273e-01  -1.000000014901e-01   0.000000000000e+00   0.000000000000e+00  -3.840772807598e-01   0.000000000000e+00  -2.860969305038e-01  -3.976341485977e-01 
  2.061836048961e-02  -2.262950837612e-01  -4.318977594376e-01   2.061836048961e-02  -2.262950837612e-01  -4.318977594376e-01   0.000000000000e+00  -2.814653795213e-03  -1.112746424042e-03 
  0.000000000000e+00  -2.814653795213e-03  -1.112746424042e-03   9.212902933359e-02   3.046724887099e-04  -3.443298041821e-01   5.136298015714e-02   6.638408172876e-03  -3.144756555557e-01 
  1.337529066950e-02  -1.627021580935e-01   1.095411367714e-02  -1.638757623732e-02  -3.161551654339e-01  -5.705688595772e-01  -1.734839752316e-02   0.000000000000e+00  -3.976341485977e-01 
 -1.081833895296e-02  -2.807782292366e-01  -8.964615464211e-01   0.000000000000e+00  -1.932990252972e-01  -1.000000014901e-01   0.000000000000e+00  -1.932990252972e-01  -1.000000014901e-01 
  0.000000000000e+00   1.200508209877e-03  -1.173888053745e-02   0.000000000000e+00   1.200508209877e-03  -1.173888053745e-02   9.830678254366e-02   4.135535098612e-03  -1.991066150367e-02 
  3.335106745362e-02   1.685045473278e-02  -1.503812968731e-01   1.990450732410e-02   4.207019507885e-02   4.072892069817e-01  -3.605847246945e-03  -1.391491889954e-01   2.871152758598e-01 
 -3.071381896734e-02   0.000000000000e+00  -6.521305441856e-01  -5.752360448241e-03  -1.768843084574e-01  -1.000000014901e-01   5.806986615062e-02  -1.326737254858e-01  -3.836204707623e-01 
  5.806986615062e-02  -1.326737254858e-01  -3.836204707623e-01   0.000000000000e+00   1.480309218168e-01   1.440508812666e-01   0.000000000000e+00   1.480309218168e-01   1.440508812666e-01 
  8.605481684208e-02   1.397443264723e-01  -1.264784187078e-01   0.000000000000e+00   5.914140492678e-02  -1.607535183430e-01   0.000000000000e+00   5.817187577486e-02   4.813354015350e-01 
  0.000000000000e+00   2.916464582086e-02   6.855595707893e-01   0.000000000000e+00   1.044549886137e-02   9.345033764839e-02   1.803500228561e-03   1.151100266725e-02  -7.515401244164e-01 
  4.145418107510e-02   4.697675467469e-05  -1.000000014901e-01   4.145418107510e-02   4.697675467469e-05  -1.000000014901e-01   0.000000000000e+00  -3.669216483831e-02   6.591124087572e-02 
  0.000000000000e+00  -3.669216483831e-02   6.591124087572e-02   8.562579005957e-02  -3.543441370130e-02   6.189871579409e-02  -1.328345760703e-02   1.762043125927e-02  -3.504192531109e-01 
 -4.500145951170e-05   1.494786702096e-02   1.531626880169e-01  -3.720116987824e-02  -2.330703428015e-03   6.647679954767e-02  -7.833541370928e-03   1.131151616573e-01  -5.358830690384e-01 
  1.749471575022e-02   1.977969110012e-01  -7.918607592583e-01   1.411369815469e-02   0.000000000000e+00  -1.000000014901e-01   1.411369815469e-02   0.000000000000e+00  -1.000000014901e-01 
  0.000000000000e+00  -3.210971131921e-02   1.240616068244e-01   0.000000000000e+00  -3.210971131921e-02   1.240616068244e-01   4.102772474289e-02  -3.217711299658e-02   1.155535355210e-01 
  2.276580035686e-02  -1.758451201022e-02   6.055157780647e-01  -3.476732224226e-02  -1.927323080599e-02   1.195168375969e+00  -3.700455650687e-02  -2.228743629530e-03   1.014698982239e+00 
  5.684122070670e-02   1.313165724277e-01  -1.000000014901e-01   0.000000000000e+00   1.854550689459e-01  -8.707225918770e-01  -3.152910992503e-02   4.333314299583e-01   6.082699894905e-01 
 -3.152910992503e-02   4.333314299583e-01   6.082699894905e-01   0.000000000000e+00   0.000000000000e+00   1.019929051399e-01   0.000000000000e+00   0.000000000000e+00   1.019929051399e-01 
  6.153025105596e-02  -1.077453859466e-08   8.738670945168e-01   0.000000000000e+00  -2.779524832519e-09   8.877599835396e-01  -6.142353266478e-02  -1.684530293034e-10   1.742649435997e+00 
 -6.142353266478e-02  -5.989397866557e-11   2.197153091431e+00   0.000000000000e+00   6.143512949347e-02  -3.002269566059e-01   2.080249190331e-01   5.467654019594e-02  -2.341504395008e-01 
  3.240726292133e-01   0.000000000000e+00   3.737961351871e-01   3.240726292133e-01   0.000000000000e+00   3.737961351871e-01   0.000000000000e+00   0.000000000000e+00   1.019929051399e-01 
  0.000000000000e+00   0.000000000000e+00   1.019929051399e-01   6.153025105596e-02  -1.077453859466e-08   8.738670945168e-01   0.000000000000e+00  -2.779524832519e-09   8.877599835396e-01 
 -6.142353266478e-02  -1.684530293034e-10   1.742649435997e+00  -6.142353266478e-02  -5.989397866557e-11   2.197153091431e+00   0.000000000000e+00   6.143512949347e-02  -3.002269566059e-01 
  2.080249190331e-01   5.467654019594e-02  -2.341504395008e-01   3.240726292133e-01   0.000000000000e+00   3.737961351871e-01   3.240726292133e-01   0.000000000000e+00   3.737961351871e-01 
  0.000000000000e+00  -3.396633267403e-02  -7.851944565773e-01   0.000000000000e+00  -3.396633267403e-02  -7.851944565773e-01   1.133773922920e-01   4.534718021750e-02  -6.706506013870e-01 
 -3.312748298049e-02   5.224173888564e-02  -1.573753505945e-01   0.000000000000e+00   0.000000000000e+00  -1.000000014901e-01   0.000000000000e+00  -1.827507913113e-01  -1.487498879433e-01 
 -1.029462087899e-02   0.000000000000e+00  -1.000000014901e-01  -7.974002510309e-03  -1.422978639603e-01  -2.229192405939e-01   6.285583600402e-03  -1.710935682058e-01  -3.981447517872e-01 
  6.285583600402e-03  -1.710935682058e-01  -3.981447517872e-01   0.000000000000e+00  -3.396633267403e-02  -7.851944565773e-01   0.000000000000e+00  -3.396633267403e-02  -7.851944565773e-01 
  1.133773922920e-01   4.534718021750e-02  -6.706506013870e-01  -3.312748298049e-02   5.224173888564e-02  -1.573753505945e-01   0.000000000000e+00   0.000000000000e+00  -1.000000014901e-01 
  0.000000000000e+00  -1.827507913113e-01  -1.487498879433e-01  -1.029462087899e-02   0.000000000000e+00  -1.000000014901e-01  -7.974002510309e-03  -1.422978639603e-01  -2.229192405939e-01 
  6.285583600402e-03  -1.710935682058e-01  -3.981447517872e-01   6.285583600402e-03  -1.710935682058e-01  -3.981447517872e-01   0.000000000000e+00  -3.663146868348e-02  -3.271787762642e-01 
  0.000000000000e+00  -3.663146868348e-02  -3.271787762642e-01   1.157283559442e-01   6.681506335735e-02  -4.381778836250e-01   0.000000000000e+00   5.224173888564e-02  -3.490472435951e-01 
  0.000000000000e+00   0.000000000000e+00  -1.000000014901e-01   0.000000000000e+00  -2.059157639742e-01  -1.000000014901e-01   0.000000000000e+00   0.000000000000e+00  -1.000000014901e-01 
  0.000000000000e+00  -1.804945021868e-01  -1.000000014901e-01   0.000000000000e+00  -2.044454216957e-01  -2.779393792152e-01   0.000000000000e+00  -2.044454216957e-01  -2.779393792152e-01 
  0.000000000000e+00   6.242190673947e-02  -2.189061939716e-01   0.000000000000e+00   6.242190673947e-02  -2.189061939716e-01   1.315305978060e-01   1.658737845719e-02  -2.468344569206e-01 
  9.717477113008e-02   0.000000000000e+00  -2.541376054287e-01   7.179502397776e-02  -3.257793560624e-02  -9.638908505440e-02   1.197484321892e-02  -1.975529789925e-01  -3.770981132984e-01 
 -1.001347880810e-02   0.000000000000e+00  -1.000000014901e-01  -7.823879830539e-03  -1.879531294107e-01  -5.947402715683e-01  -9.656180627644e-04  -1.888899356127e-01  -1.000000014901e-01 
 -9.656180627644e-04  -1.888899356127e-01  -1.000000014901e-01   0.000000000000e+00   3.208373440430e-03  -4.005347490311e-01   0.000000000000e+00   3.208373440430e-03  -4.005347490311e-01 
  1.051852628589e-01   3.650915110484e-03  -3.858967125416e-01   8.458723872900e-02   6.294843740761e-03  -2.557216584682e-01   3.917280212045e-02   2.794579043984e-02   9.292327612638e-02 
  1.064836606383e-02  -1.115659326315e-01   1.214474588633e-01  -1.812281273305e-02   0.000000000000e+00  -3.250443935394e-01  -6.961445789784e-03  -1.544180214405e-01  -1.540935188532e-01 
  4.965436086059e-02  -1.490222811699e-01  -3.413404226303e-01   4.965436086059e-02  -1.490222811699e-01  -3.413404226303e-01   0.000000000000e+00   7.643436640501e-02  -2.829635441303e-01 
  0.000000000000e+00   7.643436640501e-02  -2.829635441303e-01   1.056095063686e-01   7.749446481466e-02  -2.831596732140e-01   0.000000000000e+00   6.054032221437e-02  -1.000000014901e-01 
  0.000000000000e+00   4.817798361182e-02  -1.000000014901e-01   0.000000000000e+00   3.028021380305e-02  -1.000000014901e-01   0.000000000000e+00   1.731392927468e-02  -9.660760872066e-03 
  4.535216372460e-03   3.035095334053e-02  -6.269480586052e-01   2.670456282794e-02   8.386563276872e-04  -1.000000014901e-01   2.670456282794e-02   8.386563276872e-04  -1.000000014901e-01 
  0.000000000000e+00  -3.453239426017e-02  -3.817591071129e-01   0.000000000000e+00  -3.453239426017e-02  -3.817591071129e-01   1.103556156158e-01  -3.453353419900e-02  -3.813303709030e-01 
  7.991297543049e-02  -4.310190211982e-03  -3.084644675255e-01   2.926803939044e-02   1.911734603345e-02  -3.172434121370e-02  -1.164318155497e-02   9.705140255392e-03   1.447429321706e-02 
 -1.234097639099e-03   1.242908909917e-01  -4.070648252964e-01   1.034197211266e-02   1.717716008425e-01  -4.928587973118e-01   8.599747903645e-03   0.000000000000e+00  -1.000000014901e-01 
  8.599747903645e-03   0.000000000000e+00  -1.000000014901e-01   0.000000000000e+00  -1.384214148857e-03  -3.342984914780e-01   0.000000000000e+00  -1.384214148857e-03  -3.342984914780e-01 
  1.089878901839e-01  -1.402625581250e-03  -3.340476155281e-01   8.690065145493e-02  -6.221838761121e-03  -5.072481930256e-02   1.820769160986e-02  -1.347966212779e-02   4.982596933842e-01 
 -1.198420021683e-02   8.007314987481e-03   4.339895844460e-01   3.851372748613e-02   1.201641410589e-01  -1.000000014901e-01   0.000000000000e+00   1.415881067514e-01  -1.000000014901e-01 
  0.000000000000e+00   0.000000000000e+00   6.082699894905e-01   0.000000000000e+00   0.000000000000e+00   6.082699894905e-01   0.000000000000e+00   0.000000000000e+00  -5.115652084351e-01 
  0.000000000000e+00   0.000000000000e+00  -5.115652084351e-01   1.317937076092e-01  -6.151100028634e-12  -5.112236142159e-01   0.000000000000e+00  -1.093525159312e-09  -1.000000014901e-01 
  0.000000000000e+00  -4.409395626404e-10  -1.000000014901e-01   0.000000000000e+00  -1.864443321953e-10  -1.000000014901e-01   0.000000000000e+00   7.512774318457e-02  -2.166831493378e-01 
  1.869644522667e-01   6.881449371576e-02  -1.700328290462e-01   2.709523439407e-01   0.000000000000e+00  -1.000000014901e-01   2.709523439407e-01   0.000000000000e+00  -1.000000014901e-01 
  0.000000000000e+00   0.000000000000e+00  -5.115652084351e-01   0.000000000000e+00   0.000000000000e+00  -5.115652084351e-01   1.317937076092e-01  -6.151100028634e-12  -5.112236142159e-01 
  0.000000000000e+00  -1.093525159312e-09  -1.000000014901e-01   0.000000000000e+00  -4.409395626404e-10  -1.000000014901e-01   0.000000000000e+00  -1.864443321953e-10  -1.000000014901e-01 
  0.000000000000e+00   7.512774318457e-02  -2.166831493378e-01   1.869644522667e-01   6.881449371576e-02  -1.700328290462e-01   2.709523439407e-01   0.000000000000e+00  -1.000000014901e-01 
  2.709523439407e-01   0.000000000000e+00  -1.000000014901e-01   0.000000000000e+00   8.006410300732e-02  -2.203141301870e-01   0.000000000000e+00   8.006410300732e-02  -2.203141301870e-01 
 -1.668708585203e-02   5.541095137596e-02  -2.817046642303e-01  -4.497896507382e-02   5.414204299450e-02  -1.573753505945e-01   0.000000000000e+00   3.677128255367e-02  -1.000000014901e-01 
  0.000000000000e+00  -5.594584345818e-02  -1.370828747749e-01  -6.991128902882e-03  -7.218012120575e-03  -1.000000014901e-01  -5.765318404883e-03  -1.064983382821e-01  -1.611187458038e-01 
  1.578019117005e-03  -1.549273133278e-01  -2.905662953854e-01   1.578019117005e-03  -1.549273133278e-01  -2.905662953854e-01   0.000000000000e+00   8.006410300732e-02  -2.203141301870e-01 
  0.000000000000e+00   8.006410300732e-02  -2.203141301870e-01  -1.668708585203e-02   5.541095137596e-02  -2.817046642303e-01  -4.497896507382e-02   5.414204299450e-02  -1.573753505945e-01 
  0.000000000000e+00   3.677128255367e-02  -1.000000014901e-01   0.000000000000e+00  -5.594584345818e-02  -1.370828747749e-01  -6.991128902882e-03  -7.218012120575e-03  -1.000000014901e-01 
 -5.765318404883e-03  -1.064983382821e-01  -1.611187458038e-01   1.578019117005e-03  -1.549273133278e-01  -2.905662953854e-01   1.578019117005e-03  -1.549273133278e-01  -2.905662953854e-01 
  0.000000000000e+00   2.416792884469e-02  -3.856152892113e-01   0.000000000000e+00   2.416792884469e-02  -3.856152892113e-01   4.256206005812e-02   4.209674149752e-02  -3.617292940617e-01 
  1.831110380590e-02   4.706495627761e-02  -3.051197826862e-01   1.091614458710e-02   3.386170789599e-02  -2.514068186283e-01   4.918369464576e-03  -1.706717759371e-01  -1.000000014901e-01 
  0.000000000000e+00   0.000000000000e+00  -1.000000014901e-01   0.000000000000e+00  -1.244349330664e-01  -1.000000014901e-01   0.000000000000e+00  -1.748566031456e-01  -2.077229619026e-01 
  0.000000000000e+00  -1.748566031456e-01  -2.077229619026e-01   0.000000000000e+00  -1.922635920346e-02  -4.940884113312e-01   0.000000000000e+00  -1.922635920346e-02  -4.940884113312e-01 
  7.842463254929e-02  -1.217394880950e-02  -4.695787131786e-01   7.434515655041e-02  -3.946269396693e-03  -4.246973991394e-01   7.380022853613e-02  -4.011988174170e-03  -3.290839493275e-01 
  4.946218803525e-02  -1.493566334248e-01  -2.712752521038e-01  -6.641963496804e-03   0.000000000000e+00  -1.000000014901e-01  -5.756765138358e-03  -1.315003633499e-01  -3.951577246189e-01 
 -1.648288569413e-03  -1.726152151823e-01  -1.000000014901e-01  -1.648288569413e-03  -1.726152151823e-01  -1.000000014901e-01   0.000000000000e+00   8.073277771473e-02  -3.326748311520e-01 
  0.000000000000e+00   8.073277771473e-02  -3.326748311520e-01   8.503857254982e-02   7.929252833128e-02  -3.350862264633e-01   8.382452279329e-02   7.252609729767e-02  -3.056564927101e-01 
  6.674974411726e-02   5.946747586131e-02  -1.385021954775e-01   3.578957542777e-02   3.622010722756e-02  -2.783077582717e-02  -3.641047223937e-04   1.813803683035e-03  -2.473758459091e-01 
 -4.693801049143e-03  -1.216568499804e-01  -2.075978815556e-01   3.828305751085e-02  -1.511571109295e-01  -2.836988270283e-01   3.828305751085e-02  -1.511571109295e-01  -2.836988270283e-01 
  0.000000000000e+00   3.613189607859e-02  -4.259835481644e-01   0.000000000000e+00   3.613189607859e-02  -4.259835481644e-01   4.117520898581e-02   3.615460544825e-02  -4.259333014488e-01 
  0.000000000000e+00   3.856815025210e-02  -1.000000014901e-01   0.000000000000e+00   3.810206428170e-02  -1.000000014901e-01   0.000000000000e+00   3.016362898052e-02  -1.000000014901e-01 
  0.000000000000e+00   2.228062413633e-02  -5.484557524323e-02   4.815893247724e-03   4.644005000591e-02  -5.087553858757e-01   1.826025359333e-02   2.861920511350e-03  -1.000000014901e-01 
  1.826025359333e-02   2.861920511350e-03  -1.000000014901e-01   0.000000000000e+00  -1.301038637757e-02  -1.775041967630e-01   0.000000000000e+00  -1.301038637757e-02  -1.775041967630e-01 
  4.255915805697e-02  -1.301046553999e-02  -1.775050908327e-01   4.387420043349e-02  -1.046304870397e-02  -1.826233565807e-01   3.681577369571e-02   6.469767540693e-03  -1.175731420517e-01 
  1.198681537062e-02   1.119905803353e-02  -5.137700587511e-02   6.854635663331e-03   1.267382055521e-01  -3.180744946003e-01   6.738785654306e-03   1.503384113312e-01  -3.520172238350e-01 
  5.779899191111e-03   0.000000000000e+00  -1.000000014901e-01   5.779899191111e-03   0.000000000000e+00  -1.000000014901e-01   0.000000000000e+00   5.666176788509e-03  -2.002930194139e-01 
  0.000000000000e+00   5.666176788509e-03  -2.002930194139e-01   4.784459248185e-02   5.666175391525e-03  -2.002930343151e-01   4.867933690548e-02   4.605602938682e-03  -1.793832629919e-01 
  3.782052919269e-02  -1.560205593705e-03   4.634729027748e-02   1.269426383078e-02  -6.545071955770e-03   1.871900558472e-01   3.354167565703e-02   1.108765602112e-01  -1.000000014901e-01 
  0.000000000000e+00   1.192555204034e-01  -1.000000014901e-01   0.000000000000e+00   0.000000000000e+00   6.082699894905e-01   0.000000000000e+00   0.000000000000e+00   6.082699894905e-01 
  0.000000000000e+00   0.000000000000e+00  -2.123706489801e-01   0.000000000000e+00   0.000000000000e+00  -2.123706489801e-01   1.523668318987e-02  -3.409698714032e-19  -2.123706936836e-01 
  0.000000000000e+00  -1.616820982653e-10  -1.000000014901e-01   0.000000000000e+00  -2.763174966613e-10  -1.000000014901e-01   0.000000000000e+00  -2.211050509349e-10  -1.000000014901e-01 
  0.000000000000e+00   8.057410269976e-02  -1.735334545374e-01   1.688735038042e-01   7.218660414219e-02  -1.423336863518e-01   2.343613058329e-01   0.000000000000e+00  -1.000000014901e-01 
  2.343613058329e-01   0.000000000000e+00  -1.000000014901e-01   0.000000000000e+00   0.000000000000e+00  -2.123706489801e-01   0.000000000000e+00   0.000000000000e+00  -2.123706489801e-01 
  1.523668318987e-02  -3.409698714032e-19  -2.123706936836e-01   0.000000000000e+00  -1.616820982653e-10  -1.000000014901e-01   0.000000000000e+00  -2.763174966613e-10  -1.000000014901e-01 
  0.000000000000e+00  -2.211050509349e-10  -1.000000014901e-01   0.000000000000e+00   8.057410269976e-02  -1.735334545374e-01   1.688735038042e-01   7.218660414219e-02  -1.423336863518e-01 
  2.343613058329e-01   0.000000000000e+00  -1.000000014901e-01   2.343613058329e-01   0.000000000000e+00  -1.000000014901e-01   0.000000000000e+00   1.168149039149e-01   2.546268403530e-01 
  0.000000000000e+00   1.168149039149e-01   2.546268403530e-01  -5.836545675993e-02   5.970932543278e-02   3.270088136196e-01   0.000000000000e+00   5.351009964943e-02  -1.000000014901e-01 
  0.000000000000e+00   4.699054360390e-02  -1.000000014901e-01   0.000000000000e+00   1.164992805570e-02  -1.000000014901e-01  -3.546457970515e-03   6.585692754015e-04  -1.000000014901e-01 
 -4.080726765096e-03  -7.355620712042e-02  -1.322485208511e-01  -3.084061609115e-04  -1.306625604630e-01  -2.088146954775e-01  -3.084061609115e-04  -1.306625604630e-01  -2.088146954775e-01 
  0.000000000000e+00   1.168149039149e-01   2.546268403530e-01   0.000000000000e+00   1.168149039149e-01   2.546268403530e-01  -5.836545675993e-02   5.970932543278e-02   3.270088136196e-01 
  0.000000000000e+00   5.351009964943e-02  -1.000000014901e-01   0.000000000000e+00   4.699054360390e-02  -1.000000014901e-01   0.000000000000e+00   1.164992805570e-02  -1.000000014901e-01 
 -3.546457970515e-03   6.585692754015e-04  -1.000000014901e-01  -4.080726765096e-03  -7.355620712042e-02  -1.322485208511e-01  -3.084061609115e-04  -1.306625604630e-01  -2.088146954775e-01 
 -3.084061609115e-04  -1.306625604630e-01  -2.088146954775e-01   0.000000000000e+00   1.173243578523e-02  -1.826459914446e-01   0.000000000000e+00   1.173243578523e-02  -1.826459914446e-01 
 -5.899315234274e-03   1.711590215564e-02  -1.323185116053e-01  -3.553586779162e-03   2.520484104753e-02  -1.460760235786e-01  -1.251424313523e-03   2.912827208638e-02  -1.547590643167e-01 
  4.518186324276e-04  -6.091678515077e-03  -1.000000014901e-01   0.000000000000e+00  -2.040400868282e-03  -1.000000014901e-01   0.000000000000e+00  -8.795340359211e-02  -1.000000014901e-01 
  0.000000000000e+00  -1.457450091839e-01  -1.000000014901e-01   0.000000000000e+00  -1.457450091839e-01  -1.000000014901e-01   0.000000000000e+00   3.001327440143e-02  -4.680798649788e-01 
  0.000000000000e+00   3.001327440143e-02  -4.680798649788e-01  -2.168816747144e-03   2.881622686982e-02  -4.587583243847e-01  -1.531637506559e-03   2.645715512335e-02  -4.363215565681e-01 
  1.016862108372e-03   2.310741506517e-02  -4.179753661156e-01   8.660337887704e-03  -1.934922672808e-02  -3.814067244530e-01  -1.576860551722e-03  -3.791063558310e-03  -1.142566800117e-01 
 -3.704078961164e-03  -9.441993385553e-02  -2.787954211235e-01  -1.838117139414e-03  -1.498623937368e-01  -1.353172063828e-01  -1.838117139414e-03  -1.498623937368e-01  -1.353172063828e-01 
  0.000000000000e+00   6.993399560452e-02  -8.034493774176e-02   0.000000000000e+00   6.993399560452e-02  -8.034493774176e-02  -5.829737987369e-03   6.994333863258e-02  -8.073078840971e-02 
 -5.631057545543e-03   6.995889544487e-02  -8.199077099562e-02  -1.233039540239e-03   6.924702227116e-02  -8.970868587494e-02   5.764029454440e-03   6.099507957697e-02  -7.578901201487e-02 
  2.970642410219e-03   2.019613794982e-02  -1.708794981241e-01  -1.565506798215e-03  -8.293323218822e-02  -2.186179906130e-01   2.732918038964e-02  -1.397258937359e-01  -2.336372286081e-01 
  2.732918038964e-02  -1.397258937359e-01  -2.336372286081e-01   0.000000000000e+00   1.159976869822e-01  -3.565426915884e-02   0.000000000000e+00   1.159976869822e-01  -3.565426915884e-02 
 -2.552808029577e-03   1.159975826740e-01  -3.565432876348e-02   0.000000000000e+00   1.144937649369e-01  -1.000000014901e-01   0.000000000000e+00   9.852591156960e-02  -1.000000014901e-01 
  0.000000000000e+00   7.130796462297e-02  -1.000000014901e-01   0.000000000000e+00   4.710464552045e-02  -7.859744876623e-02   3.794958349317e-03   5.727275088429e-02  -3.650426268578e-01 
  1.299062278122e-02   6.836363580078e-03  -1.012527346611e-01   1.299062278122e-02   6.836363580078e-03  -1.012527346611e-01   0.000000000000e+00  -1.164068351500e-03  -3.653186559677e-02 
  0.000000000000e+00  -1.164068351500e-03  -3.653186559677e-02   5.621779337525e-02  -1.164068351500e-03  -3.653186559677e-02   5.616521462798e-02  -1.282926416025e-03  -3.829396888614e-02 
  5.406993627548e-02   2.753330161795e-03  -5.291016027331e-02   4.254193976521e-02   9.871521033347e-03  -5.801457166672e-02   2.790775895119e-02   1.931040920317e-02  -2.595387399197e-01 
  4.871750716120e-03   1.324688792229e-01  -2.746073305607e-01   4.140245728195e-03   7.523272652179e-04  -1.000000014901e-01   4.140245728195e-03   7.523272652179e-04  -1.000000014901e-01 
  0.000000000000e+00  -3.161657834426e-03  -1.954189389944e-01   0.000000000000e+00  -3.161657834426e-03  -1.954189389944e-01   1.050867065787e-01  -3.161657834426e-03  -1.954189389944e-01 
  1.049500927329e-01  -3.123396076262e-03  -1.939142793417e-01   9.928408265114e-02  -2.942855935544e-03  -1.593469679356e-01   7.606697082520e-02  -3.937985748053e-03  -3.052813187242e-02 
  5.050586536527e-02   1.049900501966e-01  -1.000000014901e-01   0.000000000000e+00   1.059834063053e-01  -1.000000014901e-01   0.000000000000e+00   0.000000000000e+00   6.082699894905e-01 
  0.000000000000e+00   0.000000000000e+00   6.082699894905e-01   0.000000000000e+00   0.000000000000e+00   1.301251351833e-01   0.000000000000e+00   0.000000000000e+00   1.301251351833e-01 
  2.258100919425e-02  -4.239789187593e-33   1.301251351833e-01   0.000000000000e+00  -2.963610259976e-12  -1.000000014901e-01   0.000000000000e+00  -5.018156376546e-11  -1.000000014901e-01 
  0.000000000000e+00  -1.074903985265e-10  -1.000000014901e-01   0.000000000000e+00   8.091513067484e-02  -1.505332589149e-01   1.539955139160e-01   7.211199402809e-02  -1.280602514744e-01 
  2.072264850140e-01   0.000000000000e+00  -1.000000014901e-01   2.072264850140e-01   0.000000000000e+00  -1.000000014901e-01   0.000000000000e+00   0.000000000000e+00   1.301251351833e-01 
  0.000000000000e+00   0.000000000000e+00   1.301251351833e-01   2.258100919425e-02  -4.239789187593e-33   1.301251351833e-01   0.000000000000e+00  -2.963610259976e-12  -1.000000014901e-01 
  0.000000000000e+00  -5.018156376546e-11  -1.000000014901e-01   0.000000000000e+00  -1.074903985265e-10  -1.000000014901e-01   0.000000000000e+00   8.091513067484e-02  -1.505332589149e-01 
  1.539955139160e-01   7.211199402809e-02  -1.280602514744e-01   2.072264850140e-01   0.000000000000e+00  -1.000000014901e-01   2.072264850140e-01   0.000000000000e+00  -1.000000014901e-01 
  0.000000000000e+00   1.168149039149e-01   2.546268403530e-01   0.000000000000e+00   1.168149039149e-01   2.546268403530e-01  -5.836545675993e-02   5.970932543278e-02   3.270088136196e-01 
  0.000000000000e+00   5.351009964943e-02  -1.000000014901e-01   0.000000000000e+00   4.699054360390e-02  -1.000000014901e-01   0.000000000000e+00   1.164992805570e-02  -1.000000014901e-01 
 -3.546457970515e-03   6.585692754015e-04  -1.000000014901e-01  -4.080726765096e-03  -7.355620712042e-02  -1.322485208511e-01  -3.084061609115e-04  -1.306625604630e-01  -2.088146954775e-01 
 -3.084061609115e-04  -1.306625604630e-01  -2.088146954775e-01   0.000000000000e+00   1.168149039149e-01   2.546268403530e-01   0.000000000000e+00   1.168149039149e-01   2.546268403530e-01 
 -5.836545675993e-02   5.970932543278e-02   3.270088136196e-01   0.000000000000e+00   5.351009964943e-02  -1.000000014901e-01   0.000000000000e+00   4.699054360390e-02  -1.000000014901e-01 
  0.000000000000e+00   1.164992805570e-02  -1.000000014901e-01  -3.546457970515e-03   6.585692754015e-04  -1.000000014901e-01  -4.080726765096e-03  -7.355620712042e-02  -1.322485208511e-01 
 -3.084061609115e-04  -1.306625604630e-01  -2.088146954775e-01  -3.084061609115e-04  -1.306625604630e-01  -2.088146954775e-01   0.000000000000e+00   1.173243578523e-02  -1.826459914446e-01 
  0.000000000000e+00   1.173243578523e-02  -1.826459914446e-01  -5.899315234274e-03   1.711590215564e-02  -1.323185116053e-01  -3.553586779162e-03   2.520484104753e-02  -1.460760235786e-01 
 -1.251424313523e-03   2.912827208638e-02  -1.547590643167e-01   4.518186324276e-04  -6.091678515077e-03  -1.000000014901e-01   0.000000000000e+00  -2.040400868282e-03  -1.000000014901e-01 
  0.000000000000e+00  -8.795340359211e-02  -1.000000014901e-01   0.000000000000e+00  -1.457450091839e-01  -1.000000014901e-01   0.000000000000e+00  -1.457450091839e-01  -1.000000014901e-01 
  0.000000000000e+00   3.001327440143e-02  -4.680798649788e-01   0.000000000000e+00   3.001327440143e-02  -4.680798649788e-01  -2.168816747144e-03   2.881622686982e-02  -4.587583243847e-01 
 -1.531637506559e-03   2.645715512335e-02  -4.363215565681e-01   1.016862108372e-03   2.310741506517e-02  -4.179753661156e-01   8.660337887704e-03  -1.934922672808e-02  -3.814067244530e-01 
 -1.576860551722e-03  -3.791063558310e-03  -1.142566800117e-01  -3.704078961164e-03  -9.441993385553e-02  -2.787954211235e-01  -1.838117139414e-03  -1.498623937368e-01  -1.353172063828e-01 
 -1.838117139414e-03  -1.498623937368e-01  -1.353172063828e-01   0.000000000000e+00   6.993399560452e-02  -8.034493774176e-02   0.000000000000e+00   6.993399560452e-02  -8.034493774176e-02 
 -5.829737987369e-03   6.994333863258e-02  -8.073078840971e-02  -5.631057545543e-03   6.995889544487e-02  -8.199077099562e-02  -1.233039540239e-03   6.924702227116e-02  -8.970868587494e-02 
  5.764029454440e-03   6.099507957697e-02  -7.578901201487e-02   2.970642410219e-03   2.019613794982e-02  -1.708794981241e-01  -1.565506798215e-03  -8.293323218822e-02  -2.186179906130e-01 
  2.732918038964e-02  -1.397258937359e-01  -2.336372286081e-01   2.732918038964e-02  -1.397258937359e-01  -2.336372286081e-01   0.000000000000e+00   1.159976869822e-01  -3.565426915884e-02 
  0.000000000000e+00   1.159976869822e-01  -3.565426915884e-02  -2.552808029577e-03   1.159975826740e-01  -3.565432876348e-02   0.000000000000e+00   1.144937649369e-01  -1.000000014901e-01 
  0.000000000000e+00   9.852591156960e-02  -1.000000014901e-01   0.000000000000e+00   7.130796462297e-02  -1.000000014901e-01   0.000000000000e+00   4.710464552045e-02  -7.859744876623e-02 
  3.794958349317e-03   5.727275088429e-02  -3.650426268578e-01   1.299062278122e-02   6.836363580078e-03  -1.012527346611e-01   1.299062278122e-02   6.836363580078e-03  -1.012527346611e-01 
  0.000000000000e+00  -1.164068351500e-03  -3.653186559677e-02   0.000000000000e+00  -1.164068351500e-03  -3.653186559677e-02   5.621779337525e-02  -1.164068351500e-03  -3.653186559677e-02 
  5.616521462798e-02  -1.282926416025e-03  -3.829396888614e-02   5.406993627548e-02   2.753330161795e-03  -5.291016027331e-02   4.254193976521e-02   9.871521033347e-03  -5.801457166672e-02 
  2.790775895119e-02   1.931040920317e-02  -2.595387399197e-01   4.871750716120e-03   1.324688792229e-01  -2.746073305607e-01   4.140245728195e-03   7.523272652179e-04  -1.000000014901e-01 
  4.140245728195e-03   7.523272652179e-04  -1.000000014901e-01   0.000000000000e+00  -3.161657834426e-03  -1.954189389944e-01   0.000000000000e+00  -3.161657834426e-03  -1.954189389944e-01 
  1.050867065787e-01  -3.161657834426e-03  -1.954189389944e-01   1.049500927329e-01  -3.123396076262e-03  -1.939142793417e-01   9.928408265114e-02  -2.942855935544e-03  -1.593469679356e-01 
  7.606697082520e-02  -3.937985748053e-03  -3.052813187242e-02   5.050586536527e-02   1.049900501966e-01  -1.000000014901e-01   0.000000000000e+00   1.059834063053e-01  -1.000000014901e-01 
  0.000000000000e+00   0.000000000000e+00   6.082699894905e-01   0.000000000000e+00   0.000000000000e+00   6.082699894905e-01   0.000000000000e+00   0.000000000000e+00   1.301251351833e-01 
  0.000000000000e+00   0.000000000000e+00   1.301251351833e-01   2.258100919425e-02  -4.239789187593e-33   1.301251351833e-01   0.000000000000e+00  -2.963610259976e-12  -1.000000014901e-01 
  0.000000000000e+00  -5.018156376546e-11  -1.000000014901e-01   0.000000000000e+00  -1.074903985265e-10  -1.000000014901e-01   0.000000000000e+00   8.091513067484e-02  -1.505332589149e-01 
  1.539955139160e-01   7.211199402809e-02  -1.280602514744e-01   2.072264850140e-01   0.000000000000e+00  -1.000000014901e-01   2.072264850140e-01   0.000000000000e+00  -1.000000014901e-01 
  0.000000000000e+00   0.000000000000e+00   1.301251351833e-01   0.000000000000e+00   0.000000000000e+00   1.301251351833e-01   2.258100919425e-02  -4.239789187593e-33   1.301251351833e-01 
  0.000000000000e+00  -2.963610259976e-12  -1.000000014901e-01   0.000000000000e+00  -5.018156376546e-11  -1.000000014901e-01   0.000000000000e+00  -1.074903985265e-10  -1.000000014901e-01 
  0.000000000000e+00   8.091513067484e-02  -1.505332589149e-01   1.539955139160e-01   7.211199402809e-02  -1.280602514744e-01   2.072264850140e-01   0.000000000000e+00  -1.000000014901e-01 
  2.072264850140e-01   0.000000000000e+00  -1.000000014901e-01 

