# vtk DataFile Version 2.0
Written using VisIt writer
ASCII
DATASET RECTILINEAR_GRID
DIMENSIONS 10 10 10
X_COORDINATES 10 float
  0.000000000000e+00   5.000000000000e-01   1.000000000000e+00   1.500000000000e+00   2.000000000000e+00   2.500000000000e+00   3.000000000000e+00   3.500000000000e+00   4.000000000000e+00 
  4.500000000000e+00 
Y_COORDINATES 10 float
  0.000000000000e+00   5.000000000000e-01   1.000000000000e+00   1.500000000000e+00   2.000000000000e+00   2.500000000000e+00   3.000000000000e+00   3.500000000000e+00   4.000000000000e+00 
  4.500000000000e+00 
Z_COORDINATES 10 float
  0.000000000000e+00   5.000000000000e-01   1.000000000000e+00   1.500000000000e+00   2.000000000000e+00   2.500000000000e+00   3.000000000000e+00   3.500000000000e+00   4.000000000000e+00 
  4.500000000000e+00 
CELL_DATA 729
POINT_DATA 1000
VECTORS velocity float
  0.000000000000e+00  -1.317900121212e-01  -2.776933908463e-01   3.251200000000e+04   0.000000000000e+00   0.000000000000e+00   0.000000000000e+00   0.000000000000e+00   0.000000000000e+00 
 -7.214041799307e-02  -1.205857172608e-01  -2.995249330997e-01   0.000000000000e+00   0.000000000000e+00   0.000000000000e+00   0.000000000000e+00   1.431655808000e+09   1.070945600000e+09 
 -1.542171537876e-01  -1.418858021498e-01  -3.310043811798e-01   1.071994176000e+09   0.000000000000e+00   0.000000000000e+00   0.000000000000e+00   0.000000000000e+00   0.000000000000e+00 
 -7.463236898184e-02  -1.707197576761e-01  -4.879655241966e-01   0.000000000000e+00  -1.317900121212e-01  -2.776933908463e-01   1.070945600000e+09   0.000000000000e+00   0.000000000000e+00 
 -1.357471793890e-01  -1.517311781645e-01  -3.427543640137e-01  -7.214041799307e-02  -1.205857172608e-01  -2.995249330997e-01   1.431655808000e+09   1.070945600000e+09   0.000000000000e+00 
 -9.616693109274e-02  -1.087873056531e-01  -2.535940706730e-01  -1.542171537876e-01  -1.418858021498e-01  -3.310043811798e-01   0.000000000000e+00   0.000000000000e+00   1.071644672000e+09 
 -7.463236898184e-02  -1.707197576761e-01  -4.879655241966e-01  -7.463236898184e-02  -1.707197576761e-01  -4.879655241966e-01   0.000000000000e+00   4.349824041128e-02  -2.254875749350e-01 
  0.000000000000e+00   4.349824041128e-02  -2.254875749350e-01  -1.934960186481e-01   5.639180541039e-02  -2.671046257019e-01  -1.540977954865e-01  -4.354832321405e-02  -2.910029590130e-01 
 -1.413067430258e-01  -1.034320145845e-01  -3.517716526985e-01   5.125673115253e-02   2.459649369121e-02  -2.688980400562e-01   2.077564224601e-02   6.515809148550e-02  -2.699553370476e-01 
 -1.338418922387e-03   9.619435667992e-02  -2.489984482527e-01  -2.193512581289e-02   9.507769346237e-02  -2.868635058403e-01  -2.193512581289e-02   9.507769346237e-02  -2.868635058403e-01 
  0.000000000000e+00   2.089572604746e-03  -2.290630638599e-01   0.000000000000e+00   2.089572604746e-03  -2.290630638599e-01  -1.906757056713e-01   4.145775735378e-02  -2.682748138905e-01 
 -9.382858127356e-02   9.937631897628e-03  -2.513549029827e-01  -9.123715013266e-02  -2.403497882187e-02  -2.547518312931e-01  -9.673293679953e-02   1.679298840463e-02  -2.859109640121e-01 
 -1.384121924639e-01   7.759887725115e-03  -3.953855633736e-01   4.854473471642e-02  -1.023403601721e-03  -2.862337827682e-01   2.808051742613e-02  -5.168487131596e-02  -3.024106919765e-01 
  2.808051742613e-02  -5.168487131596e-02  -3.024106919765e-01   0.000000000000e+00  -5.723502859473e-02  -2.521593272686e-01   0.000000000000e+00  -5.723502859473e-02  -2.521593272686e-01 
 -1.753341406584e-01  -8.437605947256e-02  -3.787988722324e-01   3.801137581468e-02  -3.896021842957e-02  -3.132119774818e-01  -3.884710371494e-03  -2.704063802958e-02  -2.638890743256e-01 
 -9.093771129847e-02   6.937584280968e-02  -2.535225450993e-01  -1.880324482918e-01   7.277851551771e-02  -3.043984472752e-01  -1.345774978399e-01  -5.843480676413e-02  -3.396956324577e-01 
 -1.014051958919e-01  -9.801946580410e-02  -4.684253036976e-01  -1.014051958919e-01  -9.801946580410e-02  -4.684253036976e-01   0.000000000000e+00   5.089859291911e-02  -2.205803841352e-01 
  0.000000000000e+00   5.089859291911e-02  -2.205803841352e-01  -1.836002320051e-01   7.731326669455e-02  -2.566889226437e-01  -1.445036530495e-01   8.207841962576e-02  -3.295488655567e-01 
 -1.541596204042e-01   5.426907911897e-02  -3.788477778435e-01   3.004479408264e-02   9.289657324553e-02  -2.512478828430e-01  -1.213700789958e-02   7.101573795080e-02  -2.662753462791e-01 
 -4.950039461255e-02   5.577577278018e-02  -2.492000758648e-01  -5.483018234372e-02   5.717334523797e-02  -2.985360920429e-01  -5.483018234372e-02   5.717334523797e-02  -2.985360920429e-01 
  0.000000000000e+00  -1.192938257009e-02  -2.579448521137e-01   0.000000000000e+00  -1.192938257009e-02  -2.579448521137e-01  -2.044600099325e-01   6.467125844210e-03  -2.754051387310e-01 
 -1.235691979527e-01   8.262399584055e-02  -2.710684239864e-01  -1.405865848064e-01   1.206522062421e-01  -2.860600948334e-01  -1.215692982078e-01   3.870160132647e-02  -3.168581128120e-01 
 -1.230977550149e-01  -5.128546035849e-04  -4.285155534744e-01   5.888062715530e-02  -3.268013522029e-02  -3.495329320431e-01   6.413051486015e-02  -6.640775501728e-02  -4.000328183174e-01 
  6.413051486015e-02  -6.640775501728e-02  -4.000328183174e-01   0.000000000000e+00  -1.034227758646e-01  -2.604587674141e-01   0.000000000000e+00  -1.034227758646e-01  -2.604587674141e-01 
 -1.976782381535e-01  -3.232223913074e-02  -3.430401682854e-01  -2.294143475592e-02   2.935442887247e-02  -2.708294987679e-01  -2.696732617915e-02   6.169484183192e-02  -2.410894632339e-01 
 -7.317657023668e-02   8.354000747204e-02  -2.344773262739e-01  -8.265335112810e-02   3.373221680522e-02  -2.583242952824e-01  -6.875141710043e-02  -1.219973266125e-01  -3.002310991287e-01 
 -3.257496282458e-02  -1.670991927385e-01  -4.273752570152e-01  -3.257496282458e-02  -1.670991927385e-01  -4.273752570152e-01   0.000000000000e+00   0.000000000000e+00  -2.281610220671e-01 
  0.000000000000e+00   0.000000000000e+00  -2.281610220671e-01  -1.969355642796e-01   0.000000000000e+00  -3.296259641647e-01  -1.450698971748e-01   0.000000000000e+00  -3.562929034233e-01 
 -9.687843918800e-02   0.000000000000e+00  -3.477915525436e-01   1.226917579770e-01   0.000000000000e+00  -2.736952900887e-01   8.833352476358e-02   0.000000000000e+00  -2.535131871700e-01 
  1.279808953404e-02   0.000000000000e+00  -2.478436976671e-01   1.224037334323e-01   0.000000000000e+00  -2.638412415981e-01   1.224037334323e-01   0.000000000000e+00  -2.638412415981e-01 
  0.000000000000e+00   0.000000000000e+00  -2.281610220671e-01   0.000000000000e+00   0.000000000000e+00  -2.281610220671e-01  -1.969355642796e-01   0.000000000000e+00  -3.296259641647e-01 
 -1.450698971748e-01   0.000000000000e+00  -3.562929034233e-01  -9.687843918800e-02   0.000000000000e+00  -3.477915525436e-01   1.226917579770e-01   0.000000000000e+00  -2.736952900887e-01 
  8.833352476358e-02   0.000000000000e+00  -2.535131871700e-01   1.279808953404e-02   0.000000000000e+00  -2.478436976671e-01   1.224037334323e-01   0.000000000000e+00  -2.638412415981e-01 
  1.224037334323e-01   0.000000000000e+00  -2.638412415981e-01   0.000000000000e+00  -1.317900121212e-01  -2.776933908463e-01   0.000000000000e+00  -1.317900121212e-01  -2.776933908463e-01 
 -1.357471793890e-01  -1.517311781645e-01  -3.427543640137e-01  -7.214041799307e-02  -1.205857172608e-01  -2.995249330997e-01  -7.501925528049e-02  -1.140440851450e-01  -2.611244022846e-01 
 -9.616693109274e-02  -1.087873056531e-01  -2.535940706730e-01  -1.542171537876e-01  -1.418858021498e-01  -3.310043811798e-01  -1.105586215854e-01  -1.497449278831e-01  -3.505842387676e-01 
 -7.463236898184e-02  -1.707197576761e-01  -4.879655241966e-01  -7.463236898184e-02  -1.707197576761e-01  -4.879655241966e-01   0.000000000000e+00  -1.317900121212e-01  -2.776933908463e-01 
  0.000000000000e+00  -1.317900121212e-01  -2.776933908463e-01  -1.357471793890e-01  -1.517311781645e-01  -3.427543640137e-01  -7.214041799307e-02  -1.205857172608e-01  -2.995249330997e-01 
 -7.501925528049e-02  -1.140440851450e-01  -2.611244022846e-01  -9.616693109274e-02  -1.087873056531e-01  -2.535940706730e-01  -1.542171537876e-01  -1.418858021498e-01  -3.310043811798e-01 
 -1.105586215854e-01  -1.497449278831e-01  -3.505842387676e-01  -7.463236898184e-02  -1.707197576761e-01  -4.879655241966e-01  -7.463236898184e-02  -1.707197576761e-01  -4.879655241966e-01 
  0.000000000000e+00   4.349824041128e-02  -2.254875749350e-01   0.000000000000e+00   4.349824041128e-02  -2.254875749350e-01  -1.934960186481e-01   5.639180541039e-02  -2.671046257019e-01 
 -1.540977954865e-01  -4.354832321405e-02  -2.910029590130e-01  -1.413067430258e-01  -1.034320145845e-01  -3.517716526985e-01   5.125673115253e-02   2.459649369121e-02  -2.688980400562e-01 
  2.077564224601e-02   6.515809148550e-02  -2.699553370476e-01  -1.338418922387e-03   9.619435667992e-02  -2.489984482527e-01  -2.193512581289e-02   9.507769346237e-02  -2.868635058403e-01 
 -2.193512581289e-02   9.507769346237e-02  -2.868635058403e-01   0.000000000000e+00   2.089572604746e-03  -2.290630638599e-01   0.000000000000e+00   2.089572604746e-03  -2.290630638599e-01 
 -1.906757056713e-01   4.145775735378e-02  -2.682748138905e-01  -9.382858127356e-02   9.937631897628e-03  -2.513549029827e-01  -9.123715013266e-02  -2.403497882187e-02  -2.547518312931e-01 
 -9.673293679953e-02   1.679298840463e-02  -2.859109640121e-01  -1.384121924639e-01   7.759887725115e-03  -3.953855633736e-01   4.854473471642e-02  -1.023403601721e-03  -2.862337827682e-01 
  2.808051742613e-02  -5.168487131596e-02  -3.024106919765e-01   2.808051742613e-02  -5.168487131596e-02  -3.024106919765e-01   0.000000000000e+00  -5.723502859473e-02  -2.521593272686e-01 
  0.000000000000e+00  -5.723502859473e-02  -2.521593272686e-01  -1.753341406584e-01  -8.437605947256e-02  -3.787988722324e-01   3.801137581468e-02  -3.896021842957e-02  -3.132119774818e-01 
 -3.884710371494e-03  -2.704063802958e-02  -2.638890743256e-01  -9.093771129847e-02   6.937584280968e-02  -2.535225450993e-01  -1.880324482918e-01   7.277851551771e-02  -3.043984472752e-01 
 -1.345774978399e-01  -5.843480676413e-02  -3.396956324577e-01  -1.014051958919e-01  -9.801946580410e-02  -4.684253036976e-01  -1.014051958919e-01  -9.801946580410e-02  -4.684253036976e-01 
  0.000000000000e+00   5.089859291911e-02  -2.205803841352e-01   0.000000000000e+00   5.089859291911e-02  -2.205803841352e-01  -1.836002320051e-01   7.731326669455e-02  -2.566889226437e-01 
 -1.445036530495e-01   8.207841962576e-02  -3.295488655567e-01  -1.541596204042e-01   5.426907911897e-02  -3.788477778435e-01   3.004479408264e-02   9.289657324553e-02  -2.512478828430e-01 
 -1.213700789958e-02   7.101573795080e-02  -2.662753462791e-01  -4.950039461255e-02   5.577577278018e-02  -2.492000758648e-01  -5.483018234372e-02   5.717334523797e-02  -2.985360920429e-01 
 -5.483018234372e-02   5.717334523797e-02  -2.985360920429e-01   0.000000000000e+00  -1.192938257009e-02  -2.579448521137e-01   0.000000000000e+00  -1.192938257009e-02  -2.579448521137e-01 
 -2.044600099325e-01   6.467125844210e-03  -2.754051387310e-01  -1.235691979527e-01   8.262399584055e-02  -2.710684239864e-01  -1.405865848064e-01   1.206522062421e-01  -2.860600948334e-01 
 -1.215692982078e-01   3.870160132647e-02  -3.168581128120e-01  -1.230977550149e-01  -5.128546035849e-04  -4.285155534744e-01   5.888062715530e-02  -3.268013522029e-02  -3.495329320431e-01 
  6.413051486015e-02  -6.640775501728e-02  -4.000328183174e-01   6.413051486015e-02  -6.640775501728e-02  -4.000328183174e-01   0.000000000000e+00  -1.034227758646e-01  -2.604587674141e-01 
  0.000000000000e+00  -1.034227758646e-01  -2.604587674141e-01  -1.976782381535e-01  -3.232223913074e-02  -3.430401682854e-01  -2.294143475592e-02   2.935442887247e-02  -2.708294987679e-01 
 -2.696732617915e-02   6.169484183192e-02  -2.410894632339e-01  -7.317657023668e-02   8.354000747204e-02  -2.344773262739e-01  -8.265335112810e-02   3.373221680522e-02  -2.583242952824e-01 
 -6.875141710043e-02  -1.219973266125e-01  -3.002310991287e-01  -3.257496282458e-02  -1.670991927385e-01  -4.273752570152e-01  -3.257496282458e-02  -1.670991927385e-01  -4.273752570152e-01 
  0.000000000000e+00   0.000000000000e+00  -2.281610220671e-01   0.000000000000e+00   0.000000000000e+00  -2.281610220671e-01  -1.969355642796e-01   0.000000000000e+00  -3.296259641647e-01 
 -1.450698971748e-01   0.000000000000e+00  -3.562929034233e-01  -9.687843918800e-02   0.000000000000e+00  -3.477915525436e-01   1.226917579770e-01   0.000000000000e+00  -2.736952900887e-01 
  8.833352476358e-02   0.000000000000e+00  -2.535131871700e-01   1.279808953404e-02   0.000000000000e+00  -2.478436976671e-01   1.224037334323e-01   0.000000000000e+00  -2.638412415981e-01 
  1.224037334323e-01   0.000000000000e+00  -2.638412415981e-01   0.000000000000e+00   0.000000000000e+00  -2.281610220671e-01   0.000000000000e+00   0.000000000000e+00  -2.281610220671e-01 
 -1.969355642796e-01   0.000000000000e+00  -3.296259641647e-01  -1.450698971748e-01   0.000000000000e+00  -3.562929034233e-01  -9.687843918800e-02   0.000000000000e+00  -3.477915525436e-01 
  1.226917579770e-01   0.000000000000e+00  -2.736952900887e-01   8.833352476358e-02   0.000000000000e+00  -2.535131871700e-01   1.279808953404e-02   0.000000000000e+00  -2.478436976671e-01 
  1.224037334323e-01   0.000000000000e+00  -2.638412415981e-01   1.224037334323e-01   0.000000000000e+00  -2.638412415981e-01   0.000000000000e+00  -1.113566085696e-01  -3.437638878822e-01 
  0.000000000000e+00  -1.113566085696e-01  -3.437638878822e-01  -3.738003596663e-02  -1.318564862013e-01  -7.484297156334e-01  -1.502261310816e-01  -1.511803418398e-01  -1.154423832893e+00 
 -1.130239441991e-01  -1.452253311872e-01  -1.075976252556e+00  -2.959175035357e-02  -1.416934877634e-01  -1.101335525513e+00  -7.563284784555e-02  -1.505019515753e-01  -1.063801646233e+00 
 -1.795104146004e-02  -1.486714035273e-01  -1.018620848656e+00   3.335983306170e-02  -1.468383818865e-01  -9.796482920647e-01   3.335983306170e-02  -1.468383818865e-01  -9.796482920647e-01 
  0.000000000000e+00  -1.113566085696e-01  -3.437638878822e-01   0.000000000000e+00  -1.113566085696e-01  -3.437638878822e-01  -3.738003596663e-02  -1.318564862013e-01  -7.484297156334e-01 
 -1.502261310816e-01  -1.511803418398e-01  -1.154423832893e+00  -1.130239441991e-01  -1.452253311872e-01  -1.075976252556e+00  -2.959175035357e-02  -1.416934877634e-01  -1.101335525513e+00 
 -7.563284784555e-02  -1.505019515753e-01  -1.063801646233e+00  -1.795104146004e-02  -1.486714035273e-01  -1.018620848656e+00   3.335983306170e-02  -1.468383818865e-01  -9.796482920647e-01 
  3.335983306170e-02  -1.468383818865e-01  -9.796482920647e-01   0.000000000000e+00   2.334838267416e-03  -4.117262661457e-01   0.000000000000e+00   2.334838267416e-03  -4.117262661457e-01 
 -6.277652829885e-02  -4.399750754237e-02  -8.125751614571e-01  -1.515060216188e-01  -2.170533500612e-02  -1.108060240746e+00  -1.177786439657e-01  -4.342245310545e-02  -9.860671162605e-01 
 -4.949758201838e-02  -4.504200071096e-02  -1.048622608185e+00  -5.288540944457e-02  -3.964792564511e-02  -1.044315218925e+00  -2.267590723932e-02  -4.174293205142e-02  -1.039353370667e+00 
  6.228085234761e-02  -2.176192775369e-02  -1.023520469666e+00   6.228085234761e-02  -2.176192775369e-02  -1.023520469666e+00   0.000000000000e+00   2.096596546471e-02  -3.658829331398e-01 
  0.000000000000e+00   2.096596546471e-02  -3.658829331398e-01  -1.139727793634e-02   2.070543020964e-01  -6.624583601952e-01  -1.367167681456e-01   1.357044428587e-01  -1.148834586143e+00 
 -1.035292595625e-01   1.211244538426e-01  -1.031888604164e+00  -1.725887507200e-02   1.473022252321e-01  -1.042189598083e+00  -6.380309164524e-02   1.364711225033e-01  -9.408399462700e-01 
 -3.242120146751e-02   1.418220102787e-01  -1.074043393135e+00   6.543190777302e-02   1.440767794847e-01  -1.092176675797e+00   6.543190777302e-02   1.440767794847e-01  -1.092176675797e+00 
  0.000000000000e+00  -2.484359778464e-02  -3.358423113823e-01   0.000000000000e+00  -2.484359778464e-02  -3.358423113823e-01  -6.513492763042e-02  -3.926724568009e-02  -6.885440945625e-01 
 -1.214415729046e-01  -5.253295600414e-02  -1.155239224434e+00  -6.787151843309e-02  -2.978592738509e-02  -1.001385807991e+00  -3.446615114808e-02  -2.688858471811e-02  -9.848910570145e-01 
 -6.452298909426e-02  -9.775846265256e-03  -8.926579356194e-01  -3.745357692242e-02   6.032187957317e-03  -9.765363931656e-01   4.950971528888e-02   4.322302993387e-03  -9.632787704468e-01 
  4.950971528888e-02   4.322302993387e-03  -9.632787704468e-01   0.000000000000e+00   5.232686921954e-02  -5.199970602989e-01   0.000000000000e+00   5.232686921954e-02  -5.199970602989e-01 
 -5.610732361674e-02   9.868482127786e-03  -8.132959008217e-01  -1.683704555035e-01  -5.589074641466e-02  -1.131322383881e+00  -5.496226996183e-02  -3.519738465548e-02  -1.002388477325e+00 
 -1.100996416062e-02  -2.402043528855e-02  -1.046084880829e+00  -4.173350706697e-02  -1.990416273475e-02  -1.032087087631e+00  -2.831989526749e-02  -8.052314631641e-03  -1.078688979149e+00 
  6.498867273331e-02  -7.340928073972e-03  -1.062772393227e+00   6.498867273331e-02  -7.340928073972e-03  -1.062772393227e+00   0.000000000000e+00  -1.852813549340e-02  -3.730823099613e-01 
  0.000000000000e+00  -1.852813549340e-02  -3.730823099613e-01  -2.541736140847e-02   1.319624576718e-02  -7.167167663574e-01  -1.604524999857e-01   3.309751674533e-02  -1.170206665993e+00 
 -5.359190702438e-02   4.953653365374e-02  -1.050633072853e+00   4.624098073691e-03   6.895267963409e-02  -1.014809846878e+00  -4.299861192703e-02   8.661773800850e-02  -9.695140719414e-01 
 -4.869147390127e-02   9.145881235600e-02  -1.069248318672e+00   6.503280997276e-02   8.980293571949e-02  -1.060713171959e+00   6.503280997276e-02   8.980293571949e-02  -1.060713171959e+00 
  0.000000000000e+00  -5.958828702569e-02  -2.534411847591e-01   0.000000000000e+00  -5.958828702569e-02  -2.534411847591e-01  -3.949061036110e-02  -8.931032568216e-02  -6.592370867729e-01 
 -1.369467228651e-01  -7.127568870783e-02  -1.144123315811e+00  -3.184906393290e-02  -5.705102905631e-02  -1.041236758232e+00   3.221081197262e-02  -5.387071520090e-02  -1.062054038048e+00 
 -2.654501050711e-02  -6.201799958944e-02  -9.824126362801e-01  -3.472956269979e-02  -5.665960535407e-02  -1.026084899902e+00   2.102339453995e-02  -6.595291942358e-02  -9.455037713051e-01 
  2.102339453995e-02  -6.595291942358e-02  -9.455037713051e-01   0.000000000000e+00   0.000000000000e+00  -4.446054100990e-01   0.000000000000e+00   0.000000000000e+00  -4.446054100990e-01 
 -4.988085478544e-02   0.000000000000e+00  -8.843585848808e-01  -1.713527590036e-01   0.000000000000e+00  -1.201098561287e+00  -1.499762572348e-02   0.000000000000e+00  -1.040757417679e+00 
  2.263668552041e-02   0.000000000000e+00  -1.154697656631e+00   1.032688538544e-03   0.000000000000e+00  -1.037192940712e+00  -5.031917244196e-02   0.000000000000e+00  -1.113040685654e+00 
  8.671519160271e-02   0.000000000000e+00  -1.089551210403e+00   8.671519160271e-02   0.000000000000e+00  -1.089551210403e+00   0.000000000000e+00   0.000000000000e+00  -4.446054100990e-01 
  0.000000000000e+00   0.000000000000e+00  -4.446054100990e-01  -4.988085478544e-02   0.000000000000e+00  -8.843585848808e-01  -1.713527590036e-01   0.000000000000e+00  -1.201098561287e+00 
 -1.499762572348e-02   0.000000000000e+00  -1.040757417679e+00   2.263668552041e-02   0.000000000000e+00  -1.154697656631e+00   1.032688538544e-03   0.000000000000e+00  -1.037192940712e+00 
 -5.031917244196e-02   0.000000000000e+00  -1.113040685654e+00   8.671519160271e-02   0.000000000000e+00  -1.089551210403e+00   8.671519160271e-02   0.000000000000e+00  -1.089551210403e+00 
  0.000000000000e+00  -2.903429605067e-02  -2.012513130903e-01   0.000000000000e+00  -2.903429605067e-02  -2.012513130903e-01   1.110855564475e-01  -1.107556279749e-02  -3.241509795189e-01 
 -8.517798036337e-02  -9.012809023261e-03  -7.623630166054e-01  -1.119735091925e-01  -1.712722331285e-02  -7.216540575027e-01  -2.969240024686e-02  -2.081469446421e-02  -8.072028756142e-01 
 -7.484076917171e-02  -1.778618432581e-02  -7.762486934662e-01  -1.563817448914e-02  -1.699602417648e-02  -7.826982140541e-01   4.196765273809e-02  -1.989210397005e-02  -8.032222986221e-01 
  4.196765273809e-02  -1.989210397005e-02  -8.032222986221e-01   0.000000000000e+00  -2.903429605067e-02  -2.012513130903e-01   0.000000000000e+00  -2.903429605067e-02  -2.012513130903e-01 
  1.110855564475e-01  -1.107556279749e-02  -3.241509795189e-01  -8.517798036337e-02  -9.012809023261e-03  -7.623630166054e-01  -1.119735091925e-01  -1.712722331285e-02  -7.216540575027e-01 
 -2.969240024686e-02  -2.081469446421e-02  -8.072028756142e-01  -7.484076917171e-02  -1.778618432581e-02  -7.762486934662e-01  -1.563817448914e-02  -1.699602417648e-02  -7.826982140541e-01 
  4.196765273809e-02  -1.989210397005e-02  -8.032222986221e-01   4.196765273809e-02  -1.989210397005e-02  -8.032222986221e-01   0.000000000000e+00   9.061052696779e-04  -1.120771914721e-01 
  0.000000000000e+00   9.061052696779e-04  -1.120771914721e-01   1.053652018309e-01  -2.607964538038e-02  -2.934967875481e-01  -5.371355637908e-02  -2.036178112030e-02  -7.776747941971e-01 
 -1.088658496737e-01  -4.172528907657e-02  -6.460222601891e-01  -4.860347881913e-02  -4.441648349166e-02  -7.873266935349e-01  -2.376216650009e-02  -5.435295104980e-01  -7.792718410492e-01 
 -4.887773655355e-03  -3.923213854432e-02  -7.463250160217e-01   7.409247756004e-02  -4.553265869617e-02  -7.576611042023e-01   7.409247756004e-02  -4.553265869617e-02  -7.576611042023e-01 
  0.000000000000e+00   4.070208594203e-02  -1.954700499773e-01   0.000000000000e+00   4.070208594203e-02  -1.954700499773e-01   9.033381938934e-02  -7.274074107409e-02  -2.901628911495e-01 
 -5.380284506828e-03   4.209678992629e-02  -7.642636299133e-01  -7.563728839159e-02   1.055636405945e-01  -7.178374528885e-01  -1.773687824607e-02   1.304143518209e-01  -7.962672710419e-01 
 -5.626871436834e-02  -2.616895735264e-01  -8.480295538902e-01  -3.937777131796e-02  -3.111713193357e-02  -9.145696163177e-01   8.590409904718e-02  -1.223608702421e-01  -8.467059135437e-01 
  8.590409904718e-02  -1.223608702421e-01  -8.467059135437e-01   0.000000000000e+00   3.713840618730e-02  -2.291838228703e-01   0.000000000000e+00   3.713840618730e-02  -2.291838228703e-01 
  9.888780862093e-02  -1.680256426334e-02  -2.867745757103e-01   4.923306778073e-02  -3.240333124995e-02  -8.040571212769e-01  -1.954081840813e-02  -2.980551123619e-02  -6.741465926170e-01 
 -3.199959173799e-02  -2.891655825078e-02  -7.215907573700e-01  -5.836731940508e-02  -4.297738522291e-02  -6.662309169769e-01  -2.780713140965e-02   8.275822736323e-03  -7.389116287231e-01 
  4.724461957812e-02  -7.642418891191e-02  -7.443282604218e-01   4.724461957812e-02  -7.642418891191e-02  -7.443282604218e-01   0.000000000000e+00   1.190676093102e-01  -9.701524674892e-02 
  0.000000000000e+00   1.190676093102e-01  -9.701524674892e-02   1.615980714560e-01   9.676290303469e-02  -8.287377655506e-02  -1.497157067060e-01  -9.098965674639e-03  -9.092755913734e-01 
  1.287306845188e-02   2.767758443952e-02  -6.036735177040e-01  -4.764287918806e-02  -1.031390298158e-02  -8.442692756653e-01  -3.731981292367e-02   6.001469213516e-03  -8.267133235931e-01 
 -4.845172539353e-02   3.914188127965e-03  -8.229742646217e-01   4.271442443132e-02  -3.589222673327e-03  -7.652243375778e-01   4.271442443132e-02  -3.589222673327e-03  -7.652243375778e-01 
  0.000000000000e+00  -4.936030507088e-02  -1.898644566536e-01   0.000000000000e+00  -4.936030507088e-02  -1.898644566536e-01   1.688062101603e-01   4.587820917368e-02  -2.401459068060e-01 
 -1.625621914864e-01   6.867148727179e-02  -8.578193187714e-01  -3.617351874709e-02   1.373163890094e-02  -7.702565193176e-01  -5.188867822289e-02   3.342208638787e-02  -8.188462853432e-01 
 -2.849241904914e-02   1.008457392454e-01  -7.558075189590e-01  -4.861155897379e-02   1.293017566204e-01  -7.955080270767e-01   6.563504040241e-02   1.029692068696e-01  -7.786616683006e-01 
  6.563504040241e-02   1.029692068696e-01  -7.786616683006e-01   0.000000000000e+00  -6.529407203197e-02  -2.370065599680e-01   0.000000000000e+00  -6.529407203197e-02  -2.370065599680e-01 
  1.696447581053e-01  -6.155971810222e-02  -2.729808986187e-01  -1.366764307022e-01  -7.516830228269e-03  -7.834769487381e-01  -1.763910241425e-02  -2.617797255516e-02  -7.646873593330e-01 
  8.439252525568e-02  -7.321637123823e-03  -7.656288743019e-01   7.301779091358e-02  -2.667707577348e-02  -6.902984976768e-01   5.888283625245e-02   3.939600884914e-01  -6.902855038643e-01 
  6.683949381113e-02   1.031052321196e-02  -5.483652353287e-01   6.683949381113e-02   1.031052321196e-02  -5.483652353287e-01   0.000000000000e+00   0.000000000000e+00  -1.826047301292e-01 
  0.000000000000e+00   0.000000000000e+00  -1.826047301292e-01   1.462062746286e-01  -6.142079200799e-07  -1.779584139585e-01  -1.361449956894e-01   0.000000000000e+00  -9.520531892776e-01 
  6.674699485302e-02   0.000000000000e+00  -7.078514099121e-01   1.813978850842e-01   0.000000000000e+00  -8.750543594360e-01   2.838474512100e-01   0.000000000000e+00  -6.549343466759e-01 
  2.394007891417e-02   7.879201322794e-02  -7.237816452980e-01   2.786461412907e-01   0.000000000000e+00  -6.833535432816e-01   2.786461412907e-01   0.000000000000e+00  -6.833535432816e-01 
  0.000000000000e+00   0.000000000000e+00  -1.826047301292e-01   0.000000000000e+00   0.000000000000e+00  -1.826047301292e-01   1.462062746286e-01  -6.142079200799e-07  -1.779584139585e-01 
 -1.361449956894e-01   0.000000000000e+00  -9.520531892776e-01   6.674699485302e-02   0.000000000000e+00  -7.078514099121e-01   1.813978850842e-01   0.000000000000e+00  -8.750543594360e-01 
  2.838474512100e-01   0.000000000000e+00  -6.549343466759e-01   2.394007891417e-02   7.879201322794e-02  -7.237816452980e-01   2.786461412907e-01   0.000000000000e+00  -6.833535432816e-01 
  2.786461412907e-01   0.000000000000e+00  -6.833535432816e-01   0.000000000000e+00   1.845020055771e-02  -1.393048167229e-01   0.000000000000e+00   1.845020055771e-02  -1.393048167229e-01 
  5.170161277056e-02   2.800110355020e-02  -1.889417171478e-01   3.789123520255e-02   1.737462542951e-02  -5.292934179306e-01  -8.685497194529e-02  -1.157747581601e-01  -6.601868271828e-01 
 -2.119740471244e-02  -2.224210798740e-01  -4.529808461666e-01  -2.715561911464e-02   0.000000000000e+00  -1.000000014901e-01  -1.747875474393e-02  -1.757289469242e-01  -5.463930964470e-01 
  3.793890029192e-02  -1.084874048829e-01  -6.294468045235e-01   3.793890029192e-02  -1.084874048829e-01  -6.294468045235e-01   0.000000000000e+00   1.845020055771e-02  -1.393048167229e-01 
  0.000000000000e+00   1.845020055771e-02  -1.393048167229e-01   5.170161277056e-02   2.800110355020e-02  -1.889417171478e-01   3.789123520255e-02   1.737462542951e-02  -5.292934179306e-01 
 -8.685497194529e-02  -1.157747581601e-01  -6.601868271828e-01  -2.119740471244e-02  -2.224210798740e-01  -4.529808461666e-01  -2.715561911464e-02   0.000000000000e+00  -1.000000014901e-01 
 -1.747875474393e-02  -1.757289469242e-01  -5.463930964470e-01   3.793890029192e-02  -1.084874048829e-01  -6.294468045235e-01   3.793890029192e-02  -1.084874048829e-01  -6.294468045235e-01 
  0.000000000000e+00   3.665603324771e-02  -2.977076172829e-01   0.000000000000e+00   3.665603324771e-02  -2.977076172829e-01   3.741361200809e-02   3.482373431325e-02  -2.575956285000e-01 
 -5.640843417495e-03   7.986722048372e-04  -5.335565209389e-01  -8.729904890060e-02  -2.144507020712e-01  -4.618148207664e-01   0.000000000000e+00  -5.257152915001e-01  -1.000000014901e-01 
 -1.672403514385e-02  -7.200970053673e-01  -2.725097239017e-01  -1.155460905284e-02  -4.101850092411e-01  -4.945290386677e-01   4.427570477128e-02  -1.751559525728e-01  -3.860763311386e-01 
  4.427570477128e-02  -1.751559525728e-01  -3.860763311386e-01   0.000000000000e+00   3.965716809034e-02   3.095515444875e-02   0.000000000000e+00   3.965716809034e-02   3.095515444875e-02 
 -4.124934971333e-02  -4.811337217689e-03  -1.504769176245e-01  -2.628882229328e-02   1.564035005867e-02  -4.232676625252e-01  -4.523375630379e-02  -1.105592325330e-01  -3.837197721004e-01 
 -2.274316363037e-02  -5.016832351685e-01  -5.602813363075e-01  -2.489630132914e-02  -7.149275541306e-01  -5.171300768852e-01  -1.376686897129e-02  -1.189687475562e-01  -5.351455211639e-01 
  3.413654863834e-02  -2.396908998489e-01  -2.697031795979e-01   3.413654863834e-02  -2.396908998489e-01  -2.697031795979e-01   0.000000000000e+00   1.848318148404e-03  -2.727686194703e-03 
  0.000000000000e+00   1.848318148404e-03  -2.727686194703e-03  -9.903545491397e-03  -7.477123290300e-03  -1.241214647889e-01  -4.774818569422e-02  -1.496294280514e-04  -2.910492420197e-01 
 -1.870222762227e-02   3.103221394122e-02   2.944127321243e-01  -3.178948536515e-02  -1.430036872625e-01  -2.319470793009e-01  -5.291541665792e-02  -3.859339058399e-01  -7.145356535912e-01 
 -9.649066254497e-03  -1.194538921118e-01  -7.502157092094e-01   4.607763513923e-02  -2.778446674347e-01  -3.415744900703e-01   4.607763513923e-02  -2.778446674347e-01  -3.415744900703e-01 
  0.000000000000e+00   1.199172809720e-01  -3.306441605091e-01   0.000000000000e+00   1.199172809720e-01  -3.306441605091e-01   1.424376815557e-01   5.953732505441e-02  -1.256201267242e-01 
 -2.137548029423e-01   4.420094192028e-02  -1.458365470171e-01  -1.617443375289e-02   7.554196566343e-02   6.211838722229e-01  -4.094576463103e-02   3.394392877817e-02   7.125133275986e-02 
 -3.902888670564e-02   1.010877732188e-02  -8.595392704010e-01  -2.185260131955e-02   0.000000000000e+00  -9.142917394638e-01   2.022915892303e-02  -1.344039887190e-01  -6.444336771965e-01 
  2.022915892303e-02  -1.344039887190e-01  -6.444336771965e-01   0.000000000000e+00  -1.329446118325e-02  -1.513921022415e-01   0.000000000000e+00  -1.329446118325e-02  -1.513921022415e-01 
  6.243876367807e-02   1.818917319179e-02  -4.263938367367e-01  -1.524396687746e-01   6.826288299635e-04  -5.820587277412e-01  -4.329186677933e-02  -1.580403186381e-02   1.034204512835e-01 
 -4.687925055623e-02   1.197387930006e-02  -1.360774785280e-02  -3.201239183545e-02   8.520664274693e-02  -6.801586747169e-01   1.304350979626e-02   0.000000000000e+00  -6.001096963882e-01 
  1.818610168993e-02   1.822140663862e-01   3.683647215366e-01   1.818610168993e-02   1.822140663862e-01   3.683647215366e-01   0.000000000000e+00  -2.341501228511e-02  -1.158898845315e-01 
  0.000000000000e+00  -2.341501228511e-02  -1.158898845315e-01   3.203572332859e-02  -5.008941516280e-02  -1.530890017748e-01   3.661423549056e-02  -2.790739573538e-02   6.061874628067e-01 
  3.210448473692e-02  -2.418619208038e-02   9.014334082603e-01  -1.657740399241e-02  -4.817126318812e-03   3.339346647263e-01   5.238850042224e-02   4.906709194183e-01  -3.425761163235e-01 
  5.312534421682e-02   9.991098046303e-01  -4.953960478306e-01   5.472196731716e-03   3.487688899040e-01   7.232559323311e-01   5.472196731716e-03   3.487688899040e-01   7.232559323311e-01 
  0.000000000000e+00   0.000000000000e+00  -1.279647946358e-01   0.000000000000e+00   0.000000000000e+00  -1.279647946358e-01   2.082204446197e-02  -4.824648272006e-07   7.492657303810e-01 
  1.294820308685e-01   0.000000000000e+00   1.036157727242e+00   3.991001844406e-02   0.000000000000e+00   1.114487767220e+00  -4.521809145808e-02   0.000000000000e+00   1.458565831184e+00 
  0.000000000000e+00   1.159326359630e-01  -5.078068375587e-01   2.538210749626e-01   0.000000000000e+00  -1.004591137171e-01   4.913459122181e-01   0.000000000000e+00   3.320346176624e-01 
  4.913459122181e-01   0.000000000000e+00   3.320346176624e-01   0.000000000000e+00   0.000000000000e+00  -1.279647946358e-01   0.000000000000e+00   0.000000000000e+00  -1.279647946358e-01 
  2.082204446197e-02  -4.824648272006e-07   7.492657303810e-01   1.294820308685e-01   0.000000000000e+00   1.036157727242e+00   3.991001844406e-02   0.000000000000e+00   1.114487767220e+00 
 -4.521809145808e-02   0.000000000000e+00   1.458565831184e+00   0.000000000000e+00   1.159326359630e-01  -5.078068375587e-01   2.538210749626e-01   0.000000000000e+00  -1.004591137171e-01 
  4.913459122181e-01   0.000000000000e+00   3.320346176624e-01   4.913459122181e-01   0.000000000000e+00   3.320346176624e-01   0.000000000000e+00   5.354666616768e-03  -2.617221772671e-01 
  0.000000000000e+00   5.354666616768e-03  -2.617221772671e-01   1.102249920368e-01   2.580453455448e-02  -5.804612040520e-01   0.000000000000e+00   3.362610191107e-02  -1.000000014901e-01 
  0.000000000000e+00  -1.130388528109e-01  -4.834974408150e-01  -1.425071991980e-02  -1.844195425510e-01  -2.318299710751e-01  -1.309637073427e-02   0.000000000000e+00  -1.000000014901e-01 
 -1.025532186031e-02  -1.453651934862e-01  -3.542811274529e-01   2.842661552131e-02  -1.091309711337e-01  -5.227984189987e-01   2.842661552131e-02  -1.091309711337e-01  -5.227984189987e-01 
  0.000000000000e+00   5.354666616768e-03  -2.617221772671e-01   0.000000000000e+00   5.354666616768e-03  -2.617221772671e-01   1.102249920368e-01   2.580453455448e-02  -5.804612040520e-01 
  0.000000000000e+00   3.362610191107e-02  -1.000000014901e-01   0.000000000000e+00  -1.130388528109e-01  -4.834974408150e-01  -1.425071991980e-02  -1.844195425510e-01  -2.318299710751e-01 
 -1.309637073427e-02   0.000000000000e+00  -1.000000014901e-01  -1.025532186031e-02  -1.453651934862e-01  -3.542811274529e-01   2.842661552131e-02  -1.091309711337e-01  -5.227984189987e-01 
  2.842661552131e-02  -1.091309711337e-01  -5.227984189987e-01   0.000000000000e+00   3.566288575530e-02   1.817001253366e-01   0.000000000000e+00   3.566288575530e-02   1.817001253366e-01 
  4.153181239963e-02   3.602283447981e-02   1.430172324181e-01   3.208707645535e-02   3.867224603891e-02  -4.431182891130e-02   2.281025797129e-02  -1.901571452618e-01  -2.700223624706e-01 
  0.000000000000e+00  -2.729752361774e-01  -1.000000014901e-01   0.000000000000e+00   0.000000000000e+00  -2.673403024673e-01   0.000000000000e+00  -2.137067764997e-01  -3.640578985214e-01 
  2.791970036924e-02  -9.686389565468e-02  -4.482343792915e-01   2.791970036924e-02  -9.686389565468e-02  -4.482343792915e-01   0.000000000000e+00   1.656770519912e-02   1.998251080513e-01 
  0.000000000000e+00   1.656770519912e-02   1.998251080513e-01   7.616885751486e-02  -5.348947364837e-03  -1.308192014694e-01   4.260699450970e-02  -4.569529090077e-03  -2.327600717545e-01 
 -4.957769066095e-03  -1.478833258152e-01  -8.599779754877e-02  -1.939455978572e-02  -2.656799852848e-01  -3.626392185688e-01  -1.220156438649e-02   0.000000000000e+00  -3.736523389816e-01 
 -9.118642657995e-03  -8.787261694670e-02  -2.699250280857e-01   0.000000000000e+00   0.000000000000e+00  -5.046525001526e-01   0.000000000000e+00   0.000000000000e+00  -5.046525001526e-01 
  0.000000000000e+00  -2.001854963601e-02   7.757003605366e-02   0.000000000000e+00  -2.001854963601e-02   7.757003605366e-02   7.601675391197e-02  -1.736333966255e-02   2.989623136818e-02 
  1.774971000850e-02   4.781442985404e-04  -1.951516419649e-01  -6.658194586635e-03   3.075859695673e-02   2.581709921360e-01  -1.386306900531e-02  -1.541181951761e-01   1.832740008831e-01 
 -3.515464067459e-02  -1.866160929203e-01  -6.677188873291e-01  -1.914695254527e-03  -7.857430726290e-02  -5.582985281944e-01   2.471123076975e-02   0.000000000000e+00  -4.852802455425e-01 
  2.471123076975e-02   0.000000000000e+00  -4.852802455425e-01   0.000000000000e+00   1.420475244522e-01   2.615083158016e-01   0.000000000000e+00   1.420475244522e-01   2.615083158016e-01 
  2.478073909879e-02   1.311654299498e-01  -1.727209985256e-01   0.000000000000e+00   4.823788255453e-02  -2.342167645693e-01   0.000000000000e+00   4.672368243337e-02   2.911723256111e-01 
  0.000000000000e+00   3.269753232598e-02   6.071912050247e-01   0.000000000000e+00   9.482054971159e-03  -5.791617035866e-01  -1.278393715620e-02   0.000000000000e+00  -1.000000014901e-01 
  3.197494428605e-03   0.000000000000e+00  -2.159294188023e-01   3.197494428605e-03   0.000000000000e+00  -2.159294188023e-01   0.000000000000e+00  -3.286665305495e-02   1.628913879395e-01 
  0.000000000000e+00  -3.286665305495e-02   1.628913879395e-01   4.985715448856e-02  -3.105722926557e-02   1.523407250643e-01  -3.406782448292e-02   9.952934458852e-03  -3.885919451714e-01 
 -2.582835778594e-02   1.129338890314e-02   2.830681018531e-02  -2.952941507101e-02   1.498005632311e-02   6.075741350651e-02  -2.359664253891e-02   9.449139237404e-02  -4.972781538963e-01 
 -8.092289790511e-04   0.000000000000e+00  -6.023358702660e-01  -2.221710793674e-02   1.690399497747e-01   3.522910475731e-01  -2.221710793674e-02   1.690399497747e-01   3.522910475731e-01 
  0.000000000000e+00  -4.945982992649e-02   1.173414438963e-01   0.000000000000e+00  -4.945982992649e-02   1.173414438963e-01   2.246119640768e-02  -4.896822944283e-02   1.084681525826e-01 
  2.085576020181e-02  -3.327311575413e-02   6.365280151367e-01   1.671120338142e-02  -2.444637380540e-02   1.185074687004e+00  -3.010207321495e-03   2.925904653966e-02   6.995982527733e-01 
  3.130334988236e-02   4.676969051361e-01  -1.000000014901e-01   0.000000000000e+00   6.386126279831e-01  -6.042824983597e-01  -6.461593508720e-02   1.937244087458e-01   3.382357060909e-01 
 -6.461593508720e-02   1.937244087458e-01   3.382357060909e-01   0.000000000000e+00   0.000000000000e+00   2.125726640224e-01   0.000000000000e+00   0.000000000000e+00   2.125726640224e-01 
  4.510635137558e-02  -1.384117620518e-08   8.485948443413e-01   0.000000000000e+00  -3.570630013883e-09   8.554944396019e-01   0.000000000000e+00  -2.430790568830e-10   1.473250150681e+00 
  0.000000000000e+00  -8.582631827458e-11   1.643090963364e+00   0.000000000000e+00   2.176817953587e-01  -2.969582974911e-01   2.350670993328e-01   1.881799697876e-01  -1.755726933479e-01 
  3.725214004517e-01   0.000000000000e+00   1.561208367348e-01   3.725214004517e-01   0.000000000000e+00   1.561208367348e-01   0.000000000000e+00   0.000000000000e+00   2.125726640224e-01 
  0.000000000000e+00   0.000000000000e+00   2.125726640224e-01   4.510635137558e-02  -1.384117620518e-08   8.485948443413e-01   0.000000000000e+00  -3.570630013883e-09   8.554944396019e-01 
  0.000000000000e+00  -2.430790568830e-10   1.473250150681e+00   0.000000000000e+00  -8.582631827458e-11   1.643090963364e+00   0.000000000000e+00   2.176817953587e-01  -2.969582974911e-01 
  2.350670993328e-01   1.881799697876e-01  -1.755726933479e-01   3.725214004517e-01   0.000000000000e+00   1.561208367348e-01   3.725214004517e-01   0.000000000000e+00   1.561208367348e-01 
  0.000000000000e+00  -1.710065267980e-02  -6.459105014801e-01   0.000000000000e+00  -1.710065267980e-02  -6.459105014801e-01   8.325829356909e-02   3.597402945161e-02  -6.958645582199e-01 
 -4.165780171752e-02   4.771763086319e-02  -7.981225848198e-02   0.000000000000e+00   0.000000000000e+00  -1.000000014901e-01   0.000000000000e+00  -1.539126783609e-01  -1.548781991005e-01 
 -8.048283867538e-03   0.000000000000e+00  -1.000000014901e-01  -6.740092765540e-03  -1.084662005305e-01  -2.537563145161e-01   2.153336070478e-02  -8.960003405809e-02  -4.043454825878e-01 
  2.153336070478e-02  -8.960003405809e-02  -4.043454825878e-01   0.000000000000e+00  -1.710065267980e-02  -6.459105014801e-01   0.000000000000e+00  -1.710065267980e-02  -6.459105014801e-01 
  8.325829356909e-02   3.597402945161e-02  -6.958645582199e-01  -4.165780171752e-02   4.771763086319e-02  -7.981225848198e-02   0.000000000000e+00   0.000000000000e+00  -1.000000014901e-01 
  0.000000000000e+00  -1.539126783609e-01  -1.548781991005e-01  -8.048283867538e-03   0.000000000000e+00  -1.000000014901e-01  -6.740092765540e-03  -1.084662005305e-01  -2.537563145161e-01 
  2.153336070478e-02  -8.960003405809e-02  -4.043454825878e-01   2.153336070478e-02  -8.960003405809e-02  -4.043454825878e-01   0.000000000000e+00  -5.129291489720e-02  -3.736754059792e-01 
  0.000000000000e+00  -5.129291489720e-02  -3.736754059792e-01   1.014811545610e-01   4.176190122962e-02  -4.679430723190e-01   0.000000000000e+00   4.771763086319e-02  -3.275091648102e-01 
  0.000000000000e+00   0.000000000000e+00  -1.104309707880e-01   0.000000000000e+00  -1.723943501711e-01  -1.000000014901e-01   0.000000000000e+00   0.000000000000e+00  -1.000000014901e-01 
  0.000000000000e+00  -1.376395672560e-01  -2.447546571493e-01   2.026527747512e-02  -5.988852307200e-02  -3.013502359390e-01   2.026527747512e-02  -5.988852307200e-02  -3.013502359390e-01 
  0.000000000000e+00   6.478230655193e-02  -2.026886194944e-01   0.000000000000e+00   6.478230655193e-02  -2.026886194944e-01   1.184225380421e-01  -1.910204440355e-01  -2.364303618670e-01 
  8.755569905043e-02   0.000000000000e+00  -2.359054535627e-01   6.042309850454e-02  -2.523180097342e-02  -1.210732683539e-01   8.479353040457e-03  -1.655685454607e-01  -3.137690424919e-01 
 -7.425965275615e-03   0.000000000000e+00  -2.500142753124e-01  -6.783702876419e-03  -6.966009736061e-02  -1.000000014901e-01   0.000000000000e+00   0.000000000000e+00  -1.000000014901e-01 
  0.000000000000e+00   0.000000000000e+00  -1.000000014901e-01   0.000000000000e+00   2.156500704587e-02  -3.343454301357e-01   0.000000000000e+00   2.156500704587e-02  -3.343454301357e-01 
  9.758558869362e-02   1.414405275136e-02  -3.211283683777e-01   7.627928256989e-02   1.132930070162e-02  -2.344895452261e-01   2.562923170626e-02   2.425243705511e-02   3.117265924811e-02 
  2.036796649918e-03  -1.392263025045e-01   5.901438742876e-02  -2.310737594962e-02  -1.033977866173e-01  -6.033829450607e-01   1.611739629880e-03  -5.767957866192e-02  -3.938719332218e-01 
  1.520078536123e-02   0.000000000000e+00  -1.000000014901e-01   1.520078536123e-02   0.000000000000e+00  -1.000000014901e-01   0.000000000000e+00   7.654932886362e-02  -1.826671808958e-01 
  0.000000000000e+00   7.654932886362e-02  -1.826671808958e-01   8.212737739086e-02   7.746426016092e-02  -1.834346503019e-01   0.000000000000e+00   5.595327913761e-02  -1.000000014901e-01 
  0.000000000000e+00   3.993752226233e-02  -1.000000014901e-01   0.000000000000e+00   3.119487687945e-02  -1.000000014901e-01   0.000000000000e+00   8.063164539635e-03  -4.455865025520e-01 
 -9.593319147825e-03   0.000000000000e+00  -1.000000014901e-01  -3.281249199063e-03   0.000000000000e+00  -8.564771153033e-03  -3.281249199063e-03   0.000000000000e+00  -8.564771153033e-03 
  0.000000000000e+00  -3.966675326228e-02  -2.711019217968e-01   0.000000000000e+00  -3.966675326228e-02  -2.711019217968e-01   9.005352109671e-02  -3.964766114950e-02  -2.707023620605e-01 
  6.106201559305e-02  -1.029894221574e-02  -2.673007547855e-01   1.168258208781e-02   1.373206637800e-02  -7.879415899515e-02  -1.220129895955e-02   1.741838268936e-02   3.560472105164e-04 
 -1.520036533475e-02   1.051887124777e-01  -3.632943034172e-01  -3.810686059296e-03   0.000000000000e+00  -3.912595510483e-01  -1.360542885959e-02   1.419799029827e-01   3.463851511478e-01 
 -1.360542885959e-02   1.419799029827e-01   3.463851511478e-01   0.000000000000e+00  -2.272171713412e-02  -2.108941674232e-01   0.000000000000e+00  -2.272171713412e-02  -2.108941674232e-01 
  8.860109746456e-02  -2.273740991950e-02  -2.107170224190e-01   7.098924368620e-02  -2.558246999979e-02   1.848965510726e-02   3.276798129082e-02  -2.419042773545e-02   4.963556230068e-01 
  7.527554407716e-03   6.074382364750e-02   2.798699140549e-01   2.107384987175e-02   4.240823686123e-01  -1.000000014901e-01   0.000000000000e+00   4.914423525333e-01  -1.000000014901e-01 
  0.000000000000e+00   1.226282715797e-01   3.382357060909e-01   0.000000000000e+00   1.226282715797e-01   3.382357060909e-01   0.000000000000e+00   0.000000000000e+00  -4.260018765926e-01 
  0.000000000000e+00   0.000000000000e+00  -4.260018765926e-01   1.040298193693e-01  -9.445477386349e-12  -4.256499111652e-01   0.000000000000e+00  -1.405697669377e-09  -1.000000014901e-01 
  0.000000000000e+00  -5.870436359245e-10  -1.000000014901e-01   0.000000000000e+00  -2.515081198862e-10  -1.000000014901e-01   0.000000000000e+00   2.636795639992e-01  -2.049794942141e-01 
  2.129069268703e-01   2.375995963812e-01  -1.394525021315e-01   3.114596605301e-01   0.000000000000e+00  -1.000000014901e-01   3.114596605301e-01   0.000000000000e+00  -1.000000014901e-01 
  0.000000000000e+00   0.000000000000e+00  -4.260018765926e-01   0.000000000000e+00   0.000000000000e+00  -4.260018765926e-01   1.040298193693e-01  -9.445477386349e-12  -4.256499111652e-01 
  0.000000000000e+00  -1.405697669377e-09  -1.000000014901e-01   0.000000000000e+00  -5.870436359245e-10  -1.000000014901e-01   0.000000000000e+00  -2.515081198862e-10  -1.000000014901e-01 
  0.000000000000e+00   2.636795639992e-01  -2.049794942141e-01   2.129069268703e-01   2.375995963812e-01  -1.394525021315e-01   3.114596605301e-01   0.000000000000e+00  -1.000000014901e-01 
  3.114596605301e-01   0.000000000000e+00  -1.000000014901e-01   0.000000000000e+00   6.218826025724e-02  -3.989270627499e-01   0.000000000000e+00   6.218826025724e-02  -3.989270627499e-01 
 -4.933462478220e-03   5.509534850717e-02  -3.500300049782e-01  -4.668594151735e-02   5.551874265075e-02  -7.981225848198e-02   0.000000000000e+00   3.889904916286e-02  -1.000000014901e-01 
  0.000000000000e+00  -4.298929497600e-02  -1.417505294085e-01  -5.471306852996e-03  -5.545114167035e-03  -1.000000014901e-01  -4.763307049870e-03  -8.277459442616e-02  -1.998014599085e-01 
  1.687430404127e-02  -7.054717093706e-02  -3.192971646786e-01   1.687430404127e-02  -7.054717093706e-02  -3.192971646786e-01   0.000000000000e+00   6.218826025724e-02  -3.989270627499e-01 
  0.000000000000e+00   6.218826025724e-02  -3.989270627499e-01  -4.933462478220e-03   5.509534850717e-02  -3.500300049782e-01  -4.668594151735e-02   5.551874265075e-02  -7.981225848198e-02 
  0.000000000000e+00   3.889904916286e-02  -1.000000014901e-01   0.000000000000e+00  -4.298929497600e-02  -1.417505294085e-01  -5.471306852996e-03  -5.545114167035e-03  -1.000000014901e-01 
 -4.763307049870e-03  -8.277459442616e-02  -1.998014599085e-01   1.687430404127e-02  -7.054717093706e-02  -3.192971646786e-01   1.687430404127e-02  -7.054717093706e-02  -3.192971646786e-01 
  0.000000000000e+00   7.963605225086e-02  -3.014965951443e-01   0.000000000000e+00   7.963605225086e-02  -3.014965951443e-01   3.439316898584e-02   6.420697271824e-02  -3.420370519161e-01 
  1.286936644465e-02   5.819027870893e-02  -2.697260677814e-01   7.683988660574e-03   4.065895825624e-02  -2.305373251438e-01   3.463387954980e-03  -1.425787657499e-01  -1.000000014901e-01 
  0.000000000000e+00   0.000000000000e+00  -1.000000014901e-01   0.000000000000e+00  -9.985902160406e-02  -1.905874460936e-01   1.580569520593e-02  -4.034772887826e-02  -2.305481880903e-01 
  1.580569520593e-02  -4.034772887826e-02  -2.305481880903e-01   0.000000000000e+00  -1.979411952198e-02  -4.151831567287e-01   0.000000000000e+00  -1.979411952198e-02  -4.151831567287e-01 
  5.562970787287e-02  -3.556853160262e-02  -4.004860818386e-01   5.368843302131e-02  -2.006335929036e-02  -3.654553592205e-01   5.444026365876e-02  -1.245054975152e-02  -2.969726026058e-01 
  3.619134053588e-02  -1.247231885791e-01  -2.640605270863e-01  -5.128894466907e-03   0.000000000000e+00  -1.938789188862e-01  -5.376803688705e-03  -5.758700892329e-02  -1.000000014901e-01 
  0.000000000000e+00   0.000000000000e+00  -1.000000014901e-01   0.000000000000e+00   0.000000000000e+00  -1.000000014901e-01   0.000000000000e+00   5.711080878973e-02  -3.644484877586e-01 
  0.000000000000e+00   5.711080878973e-02  -3.644484877586e-01   6.351489573717e-02   5.622626468539e-02  -3.650220930576e-01   6.316734850407e-02   5.183430761099e-02  -3.286806046963e-01 
  4.946857690811e-02   4.398031160235e-02  -1.682214736938e-01   2.441084198654e-02  -1.789351552725e-02  -6.382936239243e-02  -7.109382655472e-03  -6.413060426712e-02  -5.250566005707e-01 
 -1.597476890311e-03  -4.534704983234e-02  -1.901028156281e-01   1.013231277466e-02   0.000000000000e+00  -1.000000014901e-01   1.013231277466e-02   0.000000000000e+00  -1.000000014901e-01 
  0.000000000000e+00   3.505886346102e-02  -4.556519985199e-01   0.000000000000e+00   3.505886346102e-02  -4.556519985199e-01   4.336514696479e-02   3.508208319545e-02  -4.556009471416e-01 
  0.000000000000e+00   3.706125169992e-02  -1.000000014901e-01   0.000000000000e+00   3.412304818630e-02  -1.000000014901e-01   0.000000000000e+00   2.944796532393e-02  -1.000000014901e-01 
  0.000000000000e+00   8.393348194659e-03  -3.800934255123e-01  -8.210314437747e-03  -2.428737934679e-03  -1.000000014901e-01  -5.420729517937e-03   0.000000000000e+00   1.020632609725e-01 
 -5.420729517937e-03   0.000000000000e+00   1.020632609725e-01   0.000000000000e+00  -9.188633412123e-03  -1.543693393469e-01   0.000000000000e+00  -9.188633412123e-03  -1.543693393469e-01 
  4.583627358079e-02  -9.188746102154e-03  -1.543704122305e-01   4.599667340517e-02  -8.272099308670e-03  -1.599110364914e-01   3.432358056307e-02   5.080434493721e-03  -1.216355189681e-01 
  1.062970701605e-02   1.412784587592e-02  -5.957603454590e-02  -4.423144273460e-03   1.047211289406e-01  -2.811286151409e-01  -4.114401061088e-03   0.000000000000e+00  -2.892917096615e-01 
 -9.172161109746e-03   1.164449751377e-01   3.435320854187e-01  -9.172161109746e-03   1.164449751377e-01   3.435320854187e-01   0.000000000000e+00   7.573587936349e-04  -3.760249912739e-01 
  0.000000000000e+00   7.573587936349e-04  -3.760249912739e-01   6.946486234665e-02   7.573545444757e-04  -3.760249614716e-01   6.852602213621e-02  -1.537156291306e-03  -3.196927905083e-01 
  5.477481335402e-02  -9.188237600029e-03  -2.299908921123e-02   2.783047966659e-02  -9.847694076598e-03   1.027788743377e-01   1.826628856361e-02   3.896814286709e-01  -1.000000014901e-01 
  0.000000000000e+00   4.154907464981e-01  -1.000000014901e-01   0.000000000000e+00   8.410756289959e-02   3.382357060909e-01   0.000000000000e+00   8.410756289959e-02   3.382357060909e-01 
  0.000000000000e+00   0.000000000000e+00  -4.153996407986e-01   0.000000000000e+00   0.000000000000e+00  -4.153996407986e-01   4.012382403016e-02  -1.405488738376e-18  -4.153996407986e-01 
  0.000000000000e+00  -2.078381911019e-10  -1.000000014901e-01   0.000000000000e+00  -3.630293843315e-10  -1.000000014901e-01   0.000000000000e+00  -2.937461107688e-10  -1.000000014901e-01 
  0.000000000000e+00   2.815311849117e-01  -1.619206070900e-01   1.930041015148e-01   2.496552020311e-01  -1.238483786583e-01   2.693982720375e-01   0.000000000000e+00  -1.000000014901e-01 
  2.693982720375e-01   0.000000000000e+00  -1.000000014901e-01   0.000000000000e+00   0.000000000000e+00  -4.153996407986e-01   0.000000000000e+00   0.000000000000e+00  -4.153996407986e-01 
  4.012382403016e-02  -1.405488738376e-18  -4.153996407986e-01   0.000000000000e+00  -2.078381911019e-10  -1.000000014901e-01   0.000000000000e+00  -3.630293843315e-10  -1.000000014901e-01 
  0.000000000000e+00  -2.937461107688e-10  -1.000000014901e-01   0.000000000000e+00   2.815311849117e-01  -1.619206070900e-01   1.930041015148e-01   2.496552020311e-01  -1.238483786583e-01 
  2.693982720375e-01   0.000000000000e+00  -1.000000014901e-01   2.693982720375e-01   0.000000000000e+00  -1.000000014901e-01   0.000000000000e+00   1.056734919548e-01   2.151646465063e-01 
  0.000000000000e+00   1.056734919548e-01   2.151646465063e-01  -5.436996370554e-02   7.137374579906e-02   2.111988067627e-01   0.000000000000e+00   7.076728343964e-02  -1.000000014901e-01 
  0.000000000000e+00   6.364504247904e-02  -1.000000014901e-01   0.000000000000e+00   2.907073125243e-02  -1.000000014901e-01  -2.775791101158e-03   8.413731120527e-03  -1.000000014901e-01 
 -3.328462596983e-03  -5.654526501894e-02  -1.663414984941e-01   1.335341203958e-02  -5.480444803834e-02  -2.606740593910e-01   1.335341203958e-02  -5.480444803834e-02  -2.606740593910e-01 
  0.000000000000e+00   1.056734919548e-01   2.151646465063e-01   0.000000000000e+00   1.056734919548e-01   2.151646465063e-01  -5.436996370554e-02   7.137374579906e-02   2.111988067627e-01 
  0.000000000000e+00   7.076728343964e-02  -1.000000014901e-01   0.000000000000e+00   6.364504247904e-02  -1.000000014901e-01   0.000000000000e+00   2.907073125243e-02  -1.000000014901e-01 
 -2.775791101158e-03   8.413731120527e-03  -1.000000014901e-01  -3.328462596983e-03  -5.654526501894e-02  -1.663414984941e-01   1.335341203958e-02  -5.480444803834e-02  -2.606740593910e-01 
  1.335341203958e-02  -5.480444803834e-02  -2.606740593910e-01   0.000000000000e+00   5.800379067659e-02  -1.781331300735e-01   0.000000000000e+00   5.800379067659e-02  -1.781331300735e-01 
 -7.538569625467e-03   5.920122936368e-02  -1.409764885902e-01  -5.430630408227e-03   5.976218730211e-02  -1.486717760563e-01  -3.158865962178e-03   5.602977052331e-02  -1.532836109400e-01 
 -1.177760888822e-03   1.776058040559e-02  -1.000000014901e-01   0.000000000000e+00   3.839003853500e-03  -1.000000014901e-01   0.000000000000e+00  -7.376223802567e-02  -1.614209115505e-01 
  1.287274993956e-02  -2.933264337480e-02  -1.910479217768e-01   1.287274993956e-02  -2.933264337480e-02  -1.910479217768e-01   0.000000000000e+00   3.581306710839e-02  -5.515486001968e-01 
  0.000000000000e+00   3.581306710839e-02  -5.515486001968e-01   1.886022649705e-02   3.387687355280e-02  -5.398483276367e-01   1.895177550614e-02   3.043241985142e-02  -5.099291205406e-01 
  2.011424116790e-02   2.655553817749e-02  -4.838573336601e-01   2.256946265697e-02  -1.071537006646e-02  -4.257470369339e-01   3.185272915289e-03  -1.044039730914e-03  -1.650102436543e-01 
 -4.545904695988e-03  -4.909446462989e-02  -1.000000014901e-01   0.000000000000e+00   0.000000000000e+00  -1.000000014901e-01   0.000000000000e+00   0.000000000000e+00  -1.000000014901e-01 
  0.000000000000e+00   7.955098897219e-02  -9.074302762747e-02   0.000000000000e+00   7.955098897219e-02  -9.074302762747e-02   8.671680465341e-03   7.952709496021e-02  -9.120088070631e-02 
  8.789083920419e-03   7.924848049879e-02  -9.235974401236e-02   1.106945984066e-02   7.650334388018e-02  -1.011006981134e-01   1.291932724416e-02   5.272955074906e-02  -9.165550023317e-02 
  4.030555952340e-03  -1.426223013550e-02  -4.871903657913e-01  -2.242566552013e-03  -3.731900453568e-02  -1.514189541340e-01   7.130003068596e-03   0.000000000000e+00  -1.000000014901e-01 
  7.130003068596e-03   0.000000000000e+00  -1.000000014901e-01   0.000000000000e+00   1.231629401445e-01   1.001448109746e-01   0.000000000000e+00   1.231629401445e-01   1.001448109746e-01 
 -8.389406837523e-03   1.231628283858e-01   1.001445576549e-01   0.000000000000e+00   1.214877963066e-01  -1.000000014901e-01   0.000000000000e+00   1.032272279263e-01  -1.000000014901e-01 
  0.000000000000e+00   7.368349283934e-02  -1.000000014901e-01   0.000000000000e+00   5.143693089485e-02  -9.925939887762e-02  -5.936305504292e-03  -4.650844726712e-03  -1.372290402651e-01 
 -5.793473683298e-03   0.000000000000e+00   1.637661159039e-01  -5.793473683298e-03   0.000000000000e+00   1.637661159039e-01   0.000000000000e+00  -1.254775468260e-02   2.994834259152e-02 
  0.000000000000e+00  -1.254775468260e-02   2.994834259152e-02   5.208222195506e-02  -1.254775468260e-02   2.994834259152e-02   5.204970389605e-02  -1.239341590554e-02   2.699280902743e-02 
  5.012089759111e-02  -6.269625853747e-03  -1.480646897107e-03   3.933443874121e-02   5.356357898563e-03  -2.996847033501e-02   2.126836962998e-02   1.074885129929e-01  -2.302650511265e-01 
 -3.564258106053e-03   0.000000000000e+00  -2.323399633169e-01  -6.583995185792e-03   9.506733715534e-02   3.419385850430e-01  -6.583995185792e-03   9.506733715534e-02   3.419385850430e-01 
  0.000000000000e+00  -2.628028159961e-04   7.141793519258e-02   0.000000000000e+00  -2.628028159961e-04   7.141793519258e-02   1.261032223701e-01  -2.628028159961e-04   7.141793519258e-02 
  1.259585618973e-01  -2.692113339435e-04   6.735371053219e-02   1.197566390038e-01  -1.276339287870e-03   4.142673313618e-02   9.430135041475e-02  -3.727433970198e-03   6.277581304312e-02 
  4.874548316002e-02   3.682769834995e-01  -1.000000014901e-01   0.000000000000e+00   3.698855042458e-01  -1.000000014901e-01   0.000000000000e+00   6.099238991737e-02   3.382357060909e-01 
  0.000000000000e+00   6.099238991737e-02   3.382357060909e-01   0.000000000000e+00   0.000000000000e+00   3.909393846989e-01   0.000000000000e+00   0.000000000000e+00   3.909393846989e-01 
  2.652688696980e-02  -1.747654618078e-32   3.909393846989e-01   0.000000000000e+00  -3.809645307551e-12  -1.000000014901e-01   0.000000000000e+00  -6.563782850577e-11  -1.000000014901e-01 
  0.000000000000e+00  -1.419622475130e-10  -1.000000014901e-01   0.000000000000e+00   2.820315957069e-01  -1.404711604118e-01   1.762783229351e-01   2.495501190424e-01  -1.158075407147e-01 
  2.382067888975e-01   0.000000000000e+00  -1.000000014901e-01   2.382067888975e-01   0.000000000000e+00  -1.000000014901e-01   0.000000000000e+00   0.000000000000e+00   3.909393846989e-01 
  0.000000000000e+00   0.000000000000e+00   3.909393846989e-01   2.652688696980e-02  -1.747654618078e-32   3.909393846989e-01   0.000000000000e+00  -3.809645307551e-12  -1.000000014901e-01 
  0.000000000000e+00  -6.563782850577e-11  -1.000000014901e-01   0.000000000000e+00  -1.419622475130e-10  -1.000000014901e-01   0.000000000000e+00   2.820315957069e-01  -1.404711604118e-01 
  1.762783229351e-01   2.495501190424e-01  -1.158075407147e-01   2.382067888975e-01   0.000000000000e+00  -1.000000014901e-01   2.382067888975e-01   0.000000000000e+00  -1.000000014901e-01 
  0.000000000000e+00   1.056734919548e-01   2.151646465063e-01   0.000000000000e+00   1.056734919548e-01   2.151646465063e-01  -5.436996370554e-02   7.137374579906e-02   2.111988067627e-01 
  0.000000000000e+00   7.076728343964e-02  -1.000000014901e-01   0.000000000000e+00   6.364504247904e-02  -1.000000014901e-01   0.000000000000e+00   2.907073125243e-02  -1.000000014901e-01 
 -2.775791101158e-03   8.413731120527e-03  -1.000000014901e-01  -3.328462596983e-03  -5.654526501894e-02  -1.663414984941e-01   1.335341203958e-02  -5.480444803834e-02  -2.606740593910e-01 
  1.335341203958e-02  -5.480444803834e-02  -2.606740593910e-01   0.000000000000e+00   1.056734919548e-01   2.151646465063e-01   0.000000000000e+00   1.056734919548e-01   2.151646465063e-01 
 -5.436996370554e-02   7.137374579906e-02   2.111988067627e-01   0.000000000000e+00   7.076728343964e-02  -1.000000014901e-01   0.000000000000e+00   6.364504247904e-02  -1.000000014901e-01 
  0.000000000000e+00   2.907073125243e-02  -1.000000014901e-01  -2.775791101158e-03   8.413731120527e-03  -1.000000014901e-01  -3.328462596983e-03  -5.654526501894e-02  -1.663414984941e-01 
  1.335341203958e-02  -5.480444803834e-02  -2.606740593910e-01   1.335341203958e-02  -5.480444803834e-02  -2.606740593910e-01   0.000000000000e+00   5.800379067659e-02  -1.781331300735e-01 
  0.000000000000e+00   5.800379067659e-02  -1.781331300735e-01  -7.538569625467e-03   5.920122936368e-02  -1.409764885902e-01  -5.430630408227e-03   5.976218730211e-02  -1.486717760563e-01 
 -3.158865962178e-03   5.602977052331e-02  -1.532836109400e-01  -1.177760888822e-03   1.776058040559e-02  -1.000000014901e-01   0.000000000000e+00   3.839003853500e-03  -1.000000014901e-01 
  0.000000000000e+00  -7.376223802567e-02  -1.614209115505e-01   1.287274993956e-02  -2.933264337480e-02  -1.910479217768e-01   1.287274993956e-02  -2.933264337480e-02  -1.910479217768e-01 
  0.000000000000e+00   3.581306710839e-02  -5.515486001968e-01   0.000000000000e+00   3.581306710839e-02  -5.515486001968e-01   1.886022649705e-02   3.387687355280e-02  -5.398483276367e-01 
  1.895177550614e-02   3.043241985142e-02  -5.099291205406e-01   2.011424116790e-02   2.655553817749e-02  -4.838573336601e-01   2.256946265697e-02  -1.071537006646e-02  -4.257470369339e-01 
  3.185272915289e-03  -1.044039730914e-03  -1.650102436543e-01  -4.545904695988e-03  -4.909446462989e-02  -1.000000014901e-01   0.000000000000e+00   0.000000000000e+00  -1.000000014901e-01 
  0.000000000000e+00   0.000000000000e+00  -1.000000014901e-01   0.000000000000e+00   7.955098897219e-02  -9.074302762747e-02   0.000000000000e+00   7.955098897219e-02  -9.074302762747e-02 
  8.671680465341e-03   7.952709496021e-02  -9.120088070631e-02   8.789083920419e-03   7.924848049879e-02  -9.235974401236e-02   1.106945984066e-02   7.650334388018e-02  -1.011006981134e-01 
  1.291932724416e-02   5.272955074906e-02  -9.165550023317e-02   4.030555952340e-03  -1.426223013550e-02  -4.871903657913e-01  -2.242566552013e-03  -3.731900453568e-02  -1.514189541340e-01 
  7.130003068596e-03   0.000000000000e+00  -1.000000014901e-01   7.130003068596e-03   0.000000000000e+00  -1.000000014901e-01   0.000000000000e+00   1.231629401445e-01   1.001448109746e-01 
  0.000000000000e+00   1.231629401445e-01   1.001448109746e-01  -8.389406837523e-03   1.231628283858e-01   1.001445576549e-01   0.000000000000e+00   1.214877963066e-01  -1.000000014901e-01 
  0.000000000000e+00   1.032272279263e-01  -1.000000014901e-01   0.000000000000e+00   7.368349283934e-02  -1.000000014901e-01   0.000000000000e+00   5.143693089485e-02  -9.925939887762e-02 
 -5.936305504292e-03  -4.650844726712e-03  -1.372290402651e-01  -5.793473683298e-03   0.000000000000e+00   1.637661159039e-01  -5.793473683298e-03   0.000000000000e+00   1.637661159039e-01 
  0.000000000000e+00  -1.254775468260e-02   2.994834259152e-02   0.000000000000e+00  -1.254775468260e-02   2.994834259152e-02   5.208222195506e-02  -1.254775468260e-02   2.994834259152e-02 
  5.204970389605e-02  -1.239341590554e-02   2.699280902743e-02   5.012089759111e-02  -6.269625853747e-03  -1.480646897107e-03   3.933443874121e-02   5.356357898563e-03  -2.996847033501e-02 
  2.126836962998e-02   1.074885129929e-01  -2.302650511265e-01  -3.564258106053e-03   0.000000000000e+00  -2.323399633169e-01  -6.583995185792e-03   9.506733715534e-02   3.419385850430e-01 
 -6.583995185792e-03   9.506733715534e-02   3.419385850430e-01   0.000000000000e+00  -2.628028159961e-04   7.141793519258e-02   0.000000000000e+00  -2.628028159961e-04   7.141793519258e-02 
  1.261032223701e-01  -2.628028159961e-04   7.141793519258e-02   1.259585618973e-01  -2.692113339435e-04   6.735371053219e-02   1.197566390038e-01  -1.276339287870e-03   4.142673313618e-02 
  9.430135041475e-02  -3.727433970198e-03   6.277581304312e-02   4.874548316002e-02   3.682769834995e-01  -1.000000014901e-01   0.000000000000e+00   3.698855042458e-01  -1.000000014901e-01 
  0.000000000000e+00   6.099238991737e-02   3.382357060909e-01   0.000000000000e+00   6.099238991737e-02   3.382357060909e-01   0.000000000000e+00   0.000000000000e+00   3.909393846989e-01 
  0.000000000000e+00   0.000000000000e+00   3.909393846989e-01   2.652688696980e-02  -1.747654618078e-32   3.909393846989e-01   0.000000000000e+00  -3.809645307551e-12  -1.000000014901e-01 
  0.000000000000e+00  -6.563782850577e-11  -1.000000014901e-01   0.000000000000e+00  -1.419622475130e-10  -1.000000014901e-01   0.000000000000e+00   2.820315957069e-01  -1.404711604118e-01 
  1.762783229351e-01   2.495501190424e-01  -1.158075407147e-01   2.382067888975e-01   0.000000000000e+00  -1.000000014901e-01   2.382067888975e-01   0.000000000000e+00  -1.000000014901e-01 
  0.000000000000e+00   0.000000000000e+00   3.909393846989e-01   0.000000000000e+00   0.000000000000e+00   3.909393846989e-01   2.652688696980e-02  -1.747654618078e-32   3.909393846989e-01 
  0.000000000000e+00  -3.809645307551e-12  -1.000000014901e-01   0.000000000000e+00  -6.563782850577e-11  -1.000000014901e-01   0.000000000000e+00  -1.419622475130e-10  -1.000000014901e-01 
  0.000000000000e+00   2.820315957069e-01  -1.404711604118e-01   1.762783229351e-01   2.495501190424e-01  -1.158075407147e-01   2.382067888975e-01   0.000000000000e+00  -1.000000014901e-01 
  2.382067888975e-01   0.000000000000e+00  -1.000000014901e-01 

