# vtk DataFile Version 2.0
Written using VisIt writer
ASCII
DATASET RECTILINEAR_GRID
DIMENSIONS 10 10 10
X_COORDINATES 10 float
  0.000000000000e+00   5.000000000000e-01   1.000000000000e+00   1.500000000000e+00   2.000000000000e+00   2.500000000000e+00   3.000000000000e+00   3.500000000000e+00   4.000000000000e+00 
  4.500000000000e+00 
Y_COORDINATES 10 float
  0.000000000000e+00   5.000000000000e-01   1.000000000000e+00   1.500000000000e+00   2.000000000000e+00   2.500000000000e+00   3.000000000000e+00   3.500000000000e+00   4.000000000000e+00 
  4.500000000000e+00 
Z_COORDINATES 10 float
  0.000000000000e+00   5.000000000000e-01   1.000000000000e+00   1.500000000000e+00   2.000000000000e+00   2.500000000000e+00   3.000000000000e+00   3.500000000000e+00   4.000000000000e+00 
  4.500000000000e+00 
CELL_DATA 729
POINT_DATA 1000
VECTORS velocity float
  0.000000000000e+00  -2.167788296938e-01  -5.566419959068e-01   6.409009434272e-10   2.330132531370e-09   2.665739184948e-09   2.685248091439e-06   6.409978658972e-10   6.235323368742e-10 
  1.037834137678e-01  -1.868232637644e-01  -3.850828707218e-01   6.700733301557e-10   8.142401683453e-13   1.357144891258e-19   6.337064206718e-10   1.724700808836e-07   6.410545982938e-10 
 -5.707147344947e-02  -2.175964564085e-01  -4.319168627262e-01   2.640485945449e-06   6.701442178958e-10   6.409694996989e-10   1.680083369138e-04   2.330132531370e-09   6.664347962371e-10 
 -1.746580004692e-01  -2.595112621784e-01  -6.891183257103e-01   0.000000000000e+00  -2.167788296938e-01  -5.566419959068e-01   6.409690556097e-10   8.142401683453e-13   1.356847106238e-19 
 -9.617845714092e-02  -2.300367802382e-01  -7.271113395691e-01   1.037834137678e-01  -1.868232637644e-01  -3.850828707218e-01   6.409689445874e-10   6.409690556097e-10   6.409690556097e-10 
 -8.348676562309e-02  -1.899131238461e-01  -3.184709846973e-01  -5.707147344947e-02  -2.175964564085e-01  -4.319168627262e-01   1.356847106238e-19   6.336922098171e-10   6.409690556097e-10 
 -1.746580004692e-01  -2.595112621784e-01  -6.891183257103e-01  -1.746580004692e-01  -2.595112621784e-01  -6.891183257103e-01   0.000000000000e+00   5.279698595405e-02  -3.305863142014e-01 
  0.000000000000e+00   5.279698595405e-02  -3.305863142014e-01  -1.579467952251e-01   4.496415611356e-03  -4.580191671848e-01  -4.728662967682e-02  -1.974255777895e-02  -4.885939955711e-01 
 -9.380642324686e-02  -1.016467735171e-01  -7.457076907158e-01   9.589267522097e-02  -7.478539645672e-02  -4.230526387691e-01   2.275511249900e-02  -2.355861477554e-02  -4.586807787418e-01 
 -5.343033373356e-02  -5.177861452103e-02  -3.669421672821e-01  -1.190624237061e-01  -4.740370437503e-02  -4.074388146400e-01  -1.190624237061e-01  -4.740370437503e-02  -4.074388146400e-01 
  0.000000000000e+00   5.016694590449e-02  -3.373981118202e-01   0.000000000000e+00   5.016694590449e-02  -3.373981118202e-01  -1.075811758637e-01   1.279614716768e-01  -4.463915824890e-01 
 -2.866649068892e-02   1.219935715199e-01  -3.249350488186e-01  -1.085367649794e-01   1.248598694801e-01  -3.420096933842e-01  -4.280836880207e-02   8.947576582432e-02  -4.018379151821e-01 
 -7.658322155476e-02   3.013775125146e-02  -7.519235014915e-01   3.770605847239e-02   2.235677093267e-02  -4.209327995777e-01  -4.166346043348e-02   4.784759075847e-04  -4.581846296787e-01 
 -4.166346043348e-02   4.784759075847e-04  -4.581846296787e-01   0.000000000000e+00  -6.765658501536e-03  -4.453790783882e-01   0.000000000000e+00  -6.765658501536e-03  -4.453790783882e-01 
 -1.513012796640e-01  -4.108582809567e-02  -7.736766934395e-01   8.856090903282e-02  -6.828338652849e-02  -4.743325412273e-01   2.168211340904e-02   2.254200540483e-02  -4.489416480064e-01 
 -3.022163175046e-02   2.576637081802e-02  -3.378854990005e-01  -1.094456166029e-01   8.300158381462e-02  -3.718144297600e-01  -6.949807703495e-02   3.088780492544e-02  -4.869717359543e-01 
 -1.271141320467e-01  -3.088914975524e-02  -8.004657030106e-01  -1.271141320467e-01  -3.088914975524e-02  -8.004657030106e-01   0.000000000000e+00   3.640716150403e-02  -3.100094497204e-01 
  0.000000000000e+00   3.640716150403e-02  -3.100094497204e-01  -2.071919143200e-01   5.027439072728e-02  -3.660312891006e-01  -4.998019337654e-02  -6.305655092001e-02  -4.973487555981e-01 
 -8.272815495729e-02  -5.270841345191e-02  -8.680804967880e-01   6.868123263121e-02  -8.308392763138e-02  -4.906154274940e-01   4.190422594547e-03   2.537728520110e-03  -4.169574081898e-01 
 -4.117788001895e-02  -2.423904091120e-02  -3.428840041161e-01  -1.151776090264e-01   1.488779112697e-02  -3.754479885101e-01  -1.151776090264e-01   1.488779112697e-02  -3.754479885101e-01 
  0.000000000000e+00  -1.182203888893e-01  -4.387241899967e-01   0.000000000000e+00  -1.182203888893e-01  -4.387241899967e-01  -9.055324643850e-02   7.771848142147e-02  -4.691279530525e-01 
 -2.874499559402e-02   1.192444562912e-01  -3.435187935829e-01  -1.342005282640e-01   1.227225661278e-01  -3.761218190193e-01  -1.244476065040e-01  -2.991709113121e-02  -5.702215433121e-01 
 -1.544941067696e-01  -6.091436371207e-02  -8.284296393394e-01   1.387536618859e-02  -6.940859556198e-02  -4.699830412865e-01  -4.449515789747e-02  -9.533214382827e-03  -5.299394130707e-01 
 -4.449515789747e-02  -9.533214382827e-03  -5.299394130707e-01   0.000000000000e+00  -1.217791140079e-01  -4.976229369640e-01   0.000000000000e+00  -1.217791140079e-01  -4.976229369640e-01 
 -1.487095654011e-01  -1.759441336617e-03  -7.841673493385e-01   3.061361983418e-02   9.595141559839e-02  -4.074961245060e-01   4.428626969457e-02   1.322013735771e-01  -3.772612810135e-01 
 -3.218724206090e-02   9.732241183519e-02  -3.326224088669e-01  -1.188133284450e-01   3.516280651093e-02  -3.543891906738e-01  -1.007528901100e-01  -6.872055679560e-02  -4.706361591816e-01 
 -1.171885728836e-01  -7.610326260328e-02  -6.778043508530e-01  -1.171885728836e-01  -7.610326260328e-02  -6.778043508530e-01   0.000000000000e+00   0.000000000000e+00  -3.171235620975e-01 
  0.000000000000e+00   0.000000000000e+00  -3.171235620975e-01  -2.558748424053e-01   0.000000000000e+00  -4.800631999969e-01  -1.417579054832e-01   0.000000000000e+00  -4.595045149326e-01 
 -4.139504209161e-02   0.000000000000e+00  -8.530197143555e-01   1.553275734186e-01   0.000000000000e+00  -4.425809681416e-01   1.587555855513e-01   0.000000000000e+00  -2.987255752087e-01 
  3.741074725986e-02   0.000000000000e+00  -3.013370335102e-01   2.162807434797e-02   0.000000000000e+00  -3.232582509518e-01   2.162807434797e-02   0.000000000000e+00  -3.232582509518e-01 
  0.000000000000e+00   0.000000000000e+00  -3.171235620975e-01   0.000000000000e+00   0.000000000000e+00  -3.171235620975e-01  -2.558748424053e-01   0.000000000000e+00  -4.800631999969e-01 
 -1.417579054832e-01   0.000000000000e+00  -4.595045149326e-01  -4.139504209161e-02   0.000000000000e+00  -8.530197143555e-01   1.553275734186e-01   0.000000000000e+00  -4.425809681416e-01 
  1.587555855513e-01   0.000000000000e+00  -2.987255752087e-01   3.741074725986e-02   0.000000000000e+00  -3.013370335102e-01   2.162807434797e-02   0.000000000000e+00  -3.232582509518e-01 
  2.162807434797e-02   0.000000000000e+00  -3.232582509518e-01   0.000000000000e+00  -2.167788296938e-01  -5.566419959068e-01   0.000000000000e+00  -2.167788296938e-01  -5.566419959068e-01 
 -9.617845714092e-02  -2.300367802382e-01  -7.271113395691e-01   1.037834137678e-01  -1.868232637644e-01  -3.850828707218e-01  -1.624802872539e-02  -1.869366914034e-01  -3.621412515640e-01 
 -8.348676562309e-02  -1.899131238461e-01  -3.184709846973e-01  -5.707147344947e-02  -2.175964564085e-01  -4.319168627262e-01  -1.056212633848e-01  -2.327143996954e-01  -4.890503883362e-01 
 -1.746580004692e-01  -2.595112621784e-01  -6.891183257103e-01  -1.746580004692e-01  -2.595112621784e-01  -6.891183257103e-01   0.000000000000e+00  -2.167788296938e-01  -5.566419959068e-01 
  0.000000000000e+00  -2.167788296938e-01  -5.566419959068e-01  -9.617845714092e-02  -2.300367802382e-01  -7.271113395691e-01   1.037834137678e-01  -1.868232637644e-01  -3.850828707218e-01 
 -1.624802872539e-02  -1.869366914034e-01  -3.621412515640e-01  -8.348676562309e-02  -1.899131238461e-01  -3.184709846973e-01  -5.707147344947e-02  -2.175964564085e-01  -4.319168627262e-01 
 -1.056212633848e-01  -2.327143996954e-01  -4.890503883362e-01  -1.746580004692e-01  -2.595112621784e-01  -6.891183257103e-01  -1.746580004692e-01  -2.595112621784e-01  -6.891183257103e-01 
  0.000000000000e+00   5.279698595405e-02  -3.305863142014e-01   0.000000000000e+00   5.279698595405e-02  -3.305863142014e-01  -1.579467952251e-01   4.496415611356e-03  -4.580191671848e-01 
 -4.728662967682e-02  -1.974255777895e-02  -4.885939955711e-01  -9.380642324686e-02  -1.016467735171e-01  -7.457076907158e-01   9.589267522097e-02  -7.478539645672e-02  -4.230526387691e-01 
  2.275511249900e-02  -2.355861477554e-02  -4.586807787418e-01  -5.343033373356e-02  -5.177861452103e-02  -3.669421672821e-01  -1.190624237061e-01  -4.740370437503e-02  -4.074388146400e-01 
 -1.190624237061e-01  -4.740370437503e-02  -4.074388146400e-01   0.000000000000e+00   5.016694590449e-02  -3.373981118202e-01   0.000000000000e+00   5.016694590449e-02  -3.373981118202e-01 
 -1.075811758637e-01   1.279614716768e-01  -4.463915824890e-01  -2.866649068892e-02   1.219935715199e-01  -3.249350488186e-01  -1.085367649794e-01   1.248598694801e-01  -3.420096933842e-01 
 -4.280836880207e-02   8.947576582432e-02  -4.018379151821e-01  -7.658322155476e-02   3.013775125146e-02  -7.519235014915e-01   3.770605847239e-02   2.235677093267e-02  -4.209327995777e-01 
 -4.166346043348e-02   4.784759075847e-04  -4.581846296787e-01  -4.166346043348e-02   4.784759075847e-04  -4.581846296787e-01   0.000000000000e+00  -6.765658501536e-03  -4.453790783882e-01 
  0.000000000000e+00  -6.765658501536e-03  -4.453790783882e-01  -1.513012796640e-01  -4.108582809567e-02  -7.736766934395e-01   8.856090903282e-02  -6.828338652849e-02  -4.743325412273e-01 
  2.168211340904e-02   2.254200540483e-02  -4.489416480064e-01  -3.022163175046e-02   2.576637081802e-02  -3.378854990005e-01  -1.094456166029e-01   8.300158381462e-02  -3.718144297600e-01 
 -6.949807703495e-02   3.088780492544e-02  -4.869717359543e-01  -1.271141320467e-01  -3.088914975524e-02  -8.004657030106e-01  -1.271141320467e-01  -3.088914975524e-02  -8.004657030106e-01 
  0.000000000000e+00   3.640716150403e-02  -3.100094497204e-01   0.000000000000e+00   3.640716150403e-02  -3.100094497204e-01  -2.071919143200e-01   5.027439072728e-02  -3.660312891006e-01 
 -4.998019337654e-02  -6.305655092001e-02  -4.973487555981e-01  -8.272815495729e-02  -5.270841345191e-02  -8.680804967880e-01   6.868123263121e-02  -8.308392763138e-02  -4.906154274940e-01 
  4.190422594547e-03   2.537728520110e-03  -4.169574081898e-01  -4.117788001895e-02  -2.423904091120e-02  -3.428840041161e-01  -1.151776090264e-01   1.488779112697e-02  -3.754479885101e-01 
 -1.151776090264e-01   1.488779112697e-02  -3.754479885101e-01   0.000000000000e+00  -1.182203888893e-01  -4.387241899967e-01   0.000000000000e+00  -1.182203888893e-01  -4.387241899967e-01 
 -9.055324643850e-02   7.771848142147e-02  -4.691279530525e-01  -2.874499559402e-02   1.192444562912e-01  -3.435187935829e-01  -1.342005282640e-01   1.227225661278e-01  -3.761218190193e-01 
 -1.244476065040e-01  -2.991709113121e-02  -5.702215433121e-01  -1.544941067696e-01  -6.091436371207e-02  -8.284296393394e-01   1.387536618859e-02  -6.940859556198e-02  -4.699830412865e-01 
 -4.449515789747e-02  -9.533214382827e-03  -5.299394130707e-01  -4.449515789747e-02  -9.533214382827e-03  -5.299394130707e-01   0.000000000000e+00  -1.217791140079e-01  -4.976229369640e-01 
  0.000000000000e+00  -1.217791140079e-01  -4.976229369640e-01  -1.487095654011e-01  -1.759441336617e-03  -7.841673493385e-01   3.061361983418e-02   9.595141559839e-02  -4.074961245060e-01 
  4.428626969457e-02   1.322013735771e-01  -3.772612810135e-01  -3.218724206090e-02   9.732241183519e-02  -3.326224088669e-01  -1.188133284450e-01   3.516280651093e-02  -3.543891906738e-01 
 -1.007528901100e-01  -6.872055679560e-02  -4.706361591816e-01  -1.171885728836e-01  -7.610326260328e-02  -6.778043508530e-01  -1.171885728836e-01  -7.610326260328e-02  -6.778043508530e-01 
  0.000000000000e+00   0.000000000000e+00  -3.171235620975e-01   0.000000000000e+00   0.000000000000e+00  -3.171235620975e-01  -2.558748424053e-01   0.000000000000e+00  -4.800631999969e-01 
 -1.417579054832e-01   0.000000000000e+00  -4.595045149326e-01  -4.139504209161e-02   0.000000000000e+00  -8.530197143555e-01   1.553275734186e-01   0.000000000000e+00  -4.425809681416e-01 
  1.587555855513e-01   0.000000000000e+00  -2.987255752087e-01   3.741074725986e-02   0.000000000000e+00  -3.013370335102e-01   2.162807434797e-02   0.000000000000e+00  -3.232582509518e-01 
  2.162807434797e-02   0.000000000000e+00  -3.232582509518e-01   0.000000000000e+00   0.000000000000e+00  -3.171235620975e-01   0.000000000000e+00   0.000000000000e+00  -3.171235620975e-01 
 -2.558748424053e-01   0.000000000000e+00  -4.800631999969e-01  -1.417579054832e-01   0.000000000000e+00  -4.595045149326e-01  -4.139504209161e-02   0.000000000000e+00  -8.530197143555e-01 
  1.553275734186e-01   0.000000000000e+00  -4.425809681416e-01   1.587555855513e-01   0.000000000000e+00  -2.987255752087e-01   3.741074725986e-02   0.000000000000e+00  -3.013370335102e-01 
  2.162807434797e-02   0.000000000000e+00  -3.232582509518e-01   2.162807434797e-02   0.000000000000e+00  -3.232582509518e-01   0.000000000000e+00  -2.556840479374e-01  -8.524167537689e-01 
  0.000000000000e+00  -2.556840479374e-01  -8.524167537689e-01  -1.038825139403e-01  -2.627002298832e-01  -8.598622083664e-01  -3.573224693537e-02  -2.644575238228e-01  -9.495018720627e-01 
 -3.896302357316e-02  -2.741930186749e-01  -9.920406341553e-01  -4.828319326043e-02  -2.831923663616e-01  -1.021656990051e+00  -5.705064535141e-02  -2.894947230816e-01  -9.551658034325e-01 
 -3.480867668986e-02  -2.916787862778e-01  -8.781611323357e-01  -3.715524449944e-02  -2.907300293446e-01  -7.917671203613e-01  -3.715524449944e-02  -2.907300293446e-01  -7.917671203613e-01 
  0.000000000000e+00  -2.556840479374e-01  -8.524167537689e-01   0.000000000000e+00  -2.556840479374e-01  -8.524167537689e-01  -1.038825139403e-01  -2.627002298832e-01  -8.598622083664e-01 
 -3.573224693537e-02  -2.644575238228e-01  -9.495018720627e-01  -3.896302357316e-02  -2.741930186749e-01  -9.920406341553e-01  -4.828319326043e-02  -2.831923663616e-01  -1.021656990051e+00 
 -5.705064535141e-02  -2.894947230816e-01  -9.551658034325e-01  -3.480867668986e-02  -2.916787862778e-01  -8.781611323357e-01  -3.715524449944e-02  -2.907300293446e-01  -7.917671203613e-01 
 -3.715524449944e-02  -2.907300293446e-01  -7.917671203613e-01   0.000000000000e+00  -6.403054110706e-03  -1.018511533737e+00   0.000000000000e+00  -6.403054110706e-03  -1.018511533737e+00 
 -1.111148297787e-01  -4.430436529219e-03  -9.502301812172e-01  -3.526645153761e-02   8.812065236270e-03  -9.091663956642e-01  -3.699555620551e-02   1.599751412868e-02  -8.401398658752e-01 
 -4.921236261725e-02   9.015620686114e-03  -9.821251630783e-01  -3.705301880836e-02  -3.959964495152e-03  -1.015848636627e+00  -2.795459143817e-02  -2.557141706347e-02  -1.024700760841e+00 
 -3.093785792589e-02  -3.004850074649e-02  -1.005444049835e+00  -3.093785792589e-02  -3.004850074649e-02  -1.005444049835e+00   0.000000000000e+00   2.551339380443e-02  -9.499731659889e-01 
  0.000000000000e+00   2.551339380443e-02  -9.499731659889e-01  -1.099507883191e-01   2.996644005179e-02  -8.665624856949e-01  -4.864252358675e-02   1.226011104882e-02  -9.766073226929e-01 
 -4.858881607652e-02   1.741205528378e-02  -1.028197646141e+00  -4.089535400271e-02   3.579044714570e-02  -9.790204167366e-01  -3.387529030442e-02   4.458615183830e-02  -7.795978784561e-01 
 -3.248156979680e-02   7.184141874313e-02  -9.063344001770e-01  -2.561125718057e-02   8.502502739429e-02  -9.168538451195e-01  -2.561125718057e-02   8.502502739429e-02  -9.168538451195e-01 
  0.000000000000e+00   5.395095422864e-02  -7.952070832253e-01   0.000000000000e+00   5.395095422864e-02  -7.952070832253e-01  -1.090241372585e-01   4.965003579855e-02  -6.741530895233e-01 
 -5.450149998069e-02   5.035509541631e-02  -9.158631563187e-01  -4.401480779052e-02   4.574713110924e-02  -9.836660623550e-01  -3.615945205092e-02   4.391153901815e-02  -1.022547245026e+00 
 -3.966230526567e-02   3.943785652518e-02  -9.956660866737e-01  -2.616450749338e-02   4.898211732507e-02  -9.301853179932e-01  -2.815430983901e-02   4.444884508848e-02  -7.344273328781e-01 
 -2.815430983901e-02   4.444884508848e-02  -7.344273328781e-01   0.000000000000e+00  -2.814145945013e-02  -1.022856473923e+00   0.000000000000e+00  -2.814145945013e-02  -1.022856473923e+00 
 -1.129912734032e-01  -3.030531667173e-02  -9.799631834030e-01  -3.866546601057e-02  -2.323389425874e-02  -9.651056528091e-01  -4.671598970890e-02  -2.970102056861e-02  -7.530459165573e-01 
 -4.111703112721e-02  -3.848504647613e-02  -9.164548516273e-01  -3.727968782187e-02  -2.552312426269e-02  -9.774854183197e-01  -2.434770204127e-02  -2.191021852195e-02  -1.013220548630e+00 
 -3.000076673925e-02  -2.576528675854e-02  -9.591907262802e-01  -3.000076673925e-02  -2.576528675854e-02  -9.591907262802e-01   0.000000000000e+00   4.574798978865e-03  -9.268693923950e-01 
  0.000000000000e+00   4.574798978865e-03  -9.268693923950e-01  -1.032038927078e-01   1.625379547477e-02  -9.507248401642e-01  -3.186964616179e-02   2.115511335433e-02  -1.036899685860e+00 
 -4.512760043144e-02   2.161306701601e-02  -1.007091760635e+00  -3.601559996605e-02   2.908336743712e-02  -9.199348688126e-01  -5.303249880672e-02   1.740941219032e-02  -8.059204816818e-01 
 -3.972372785211e-02   1.711461227387e-03  -9.237573146820e-01  -2.203420735896e-02   5.757197272032e-03  -9.207249879837e-01  -2.203420735896e-02   5.757197272032e-03  -9.207249879837e-01 
  0.000000000000e+00  -2.126467600465e-02  -7.807977199554e-01   0.000000000000e+00  -2.126467600465e-02  -7.807977199554e-01  -1.107166782022e-01  -2.421909384429e-02  -7.197878956795e-01 
 -3.152748569846e-02  -2.324635349214e-02  -9.472460746765e-01  -2.138719148934e-02   6.061917636544e-03  -1.008552551270e+00  -2.129366435111e-02   1.327317394316e-02  -1.034362196922e+00 
 -4.888154938817e-02   4.063506145030e-03  -1.005659699440e+00  -3.269816190004e-02   1.327835023403e-03  -9.149112105370e-01  -1.212160382420e-02   1.199786458164e-02  -7.417176961899e-01 
 -1.212160382420e-02   1.199786458164e-02  -7.417176961899e-01   0.000000000000e+00   0.000000000000e+00  -9.695068001747e-01   0.000000000000e+00   0.000000000000e+00  -9.695068001747e-01 
 -1.235563904047e-01   0.000000000000e+00  -9.126411676407e-01  -4.167525470257e-02   0.000000000000e+00  -8.506487011909e-01  -9.055404923856e-03   0.000000000000e+00  -6.858786344528e-01 
 -1.594151183963e-02   0.000000000000e+00  -9.702801704407e-01  -3.653106465936e-02   0.000000000000e+00  -1.067734122276e+00  -1.661665737629e-02   0.000000000000e+00  -1.014633297920e+00 
 -3.561041783541e-03   0.000000000000e+00  -9.663540124893e-01  -3.561041783541e-03   0.000000000000e+00  -9.663540124893e-01   0.000000000000e+00   0.000000000000e+00  -9.695068001747e-01 
  0.000000000000e+00   0.000000000000e+00  -9.695068001747e-01  -1.235563904047e-01   0.000000000000e+00  -9.126411676407e-01  -4.167525470257e-02   0.000000000000e+00  -8.506487011909e-01 
 -9.055404923856e-03   0.000000000000e+00  -6.858786344528e-01  -1.594151183963e-02   0.000000000000e+00  -9.702801704407e-01  -3.653106465936e-02   0.000000000000e+00  -1.067734122276e+00 
 -1.661665737629e-02   0.000000000000e+00  -1.014633297920e+00  -3.561041783541e-03   0.000000000000e+00  -9.663540124893e-01  -3.561041783541e-03   0.000000000000e+00  -9.663540124893e-01 
  0.000000000000e+00  -1.887535452843e-01  -6.230183839798e-01   0.000000000000e+00  -1.887535452843e-01  -6.230183839798e-01  -9.371448308229e-02  -2.095070779324e-01  -8.198002576828e-01 
 -5.274477973580e-02  -2.208679318428e-01  -9.562895894051e-01  -3.532761335373e-02  -2.285412997007e-01  -9.435407519341e-01  -3.064417093992e-02  -2.344528287649e-01  -9.263801574707e-01 
 -3.170501068234e-02  -2.413586825132e-01  -9.270827174187e-01  -2.644390426576e-02  -2.467902898788e-01  -9.127082228661e-01  -1.696885563433e-02  -2.502433359623e-01  -9.038818478584e-01 
 -1.696885563433e-02  -2.502433359623e-01  -9.038818478584e-01   0.000000000000e+00  -1.887535452843e-01  -6.230183839798e-01   0.000000000000e+00  -1.887535452843e-01  -6.230183839798e-01 
 -9.371448308229e-02  -2.095070779324e-01  -8.198002576828e-01  -5.274477973580e-02  -2.208679318428e-01  -9.562895894051e-01  -3.532761335373e-02  -2.285412997007e-01  -9.435407519341e-01 
 -3.064417093992e-02  -2.344528287649e-01  -9.263801574707e-01  -3.170501068234e-02  -2.413586825132e-01  -9.270827174187e-01  -2.644390426576e-02  -2.467902898788e-01  -9.127082228661e-01 
 -1.696885563433e-02  -2.502433359623e-01  -9.038818478584e-01  -1.696885563433e-02  -2.502433359623e-01  -9.038818478584e-01   0.000000000000e+00   3.112181462348e-02  -5.427431464195e-01 
  0.000000000000e+00   3.112181462348e-02  -5.427431464195e-01  -1.021852716804e-01   4.340602830052e-02  -7.930168509483e-01  -5.668276175857e-02   4.454917833209e-02  -9.517769813538e-01 
 -3.836619108915e-02   4.344175755978e-02  -9.536759257317e-01  -2.931787446141e-02   3.832973167300e-02  -9.372614026070e-01  -2.550316229463e-02   3.672745078802e-02  -9.329497218132e-01 
 -1.539633609354e-02   4.192193597555e-02  -9.144665598869e-01  -1.042595598847e-02   4.316362738609e-02  -9.025683999062e-01  -1.042595598847e-02   4.316362738609e-02  -9.025683999062e-01 
  0.000000000000e+00  -6.816132925451e-03  -4.625505805016e-01   0.000000000000e+00  -6.816132925451e-03  -4.625505805016e-01  -1.048412099481e-01  -2.884142845869e-02  -7.420839071274e-01 
 -4.529623314738e-02  -1.293852552772e-02  -9.337770938873e-01  -3.261417895555e-02  -8.095284923911e-03  -9.270908236504e-01  -3.741392493248e-02  -1.797453127801e-02  -9.305421710014e-01 
 -3.394167870283e-02  -2.398124895990e-02  -9.146785140038e-01  -1.674065366387e-02  -1.574622094631e-02  -9.114083051682e-01  -1.618364639580e-02  -1.246125157923e-02  -9.062288999557e-01 
 -1.618364639580e-02  -1.246125157923e-02  -9.062288999557e-01   0.000000000000e+00   4.437325894833e-02  -5.112298727036e-01   0.000000000000e+00   4.437325894833e-02  -5.112298727036e-01 
 -9.709502756596e-02   4.515888914466e-02  -7.597962021828e-01  -4.430571943521e-02   4.417040944099e-02  -9.335091114044e-01  -3.594134747982e-02   4.208999872208e-02  -9.428525567055e-01 
 -2.539855986834e-02   5.513288453221e-02  -9.267428517342e-01  -2.670099586248e-02   6.269887089729e-02  -9.182218909264e-01  -2.848330885172e-02   5.121609568596e-02  -9.239478707314e-01 
 -2.463924884796e-02   4.256893321872e-02  -8.951079845428e-01  -2.463924884796e-02   4.256893321872e-02  -8.951079845428e-01   0.000000000000e+00  -9.200151078403e-03  -4.267611503601e-01 
  0.000000000000e+00  -9.200151078403e-03  -4.267611503601e-01  -9.927044808865e-02  -1.194553170353e-02  -7.386795282364e-01  -6.057062372565e-02  -2.928248420358e-02  -9.443043470383e-01 
 -4.737374186516e-02  -3.651873022318e-02  -9.203585982323e-01  -2.363356761634e-02  -3.115655295551e-02  -9.274712204933e-01  -2.345201373100e-02  -2.553913183510e-02  -9.277417063713e-01 
 -1.602620445192e-02  -1.768813841045e-02  -9.081789255142e-01  -1.200666092336e-02  -5.340212024748e-03  -8.987684845924e-01  -1.200666092336e-02  -5.340212024748e-03  -8.987684845924e-01 
  0.000000000000e+00  -3.118725027889e-03  -4.955651760101e-01   0.000000000000e+00  -3.118725027889e-03  -4.955651760101e-01  -9.268815815449e-02   6.293063517660e-03  -7.584830522537e-01 
 -4.300914704800e-02   2.242852561176e-02  -9.338684082031e-01  -3.686945885420e-02   3.117746673524e-02  -9.392252564430e-01  -3.881460800767e-02   1.578188501298e-02  -9.488056302071e-01 
 -3.118059970438e-02   8.596894331276e-03  -9.289878010750e-01  -1.925456710160e-02   5.084648728371e-03  -9.118481874466e-01  -1.623846590519e-02   4.439131356776e-03  -9.012180566788e-01 
 -1.623846590519e-02   4.439131356776e-03  -9.012180566788e-01   0.000000000000e+00  -2.262265048921e-02  -5.241603255272e-01   0.000000000000e+00  -2.262265048921e-02  -5.241603255272e-01 
 -9.226626902819e-02  -2.332555502653e-02  -7.627167105675e-01  -4.146973788738e-02  -1.415981259197e-02  -9.268593192101e-01  -2.891228720546e-02  -2.516755601391e-03  -9.517392516136e-01 
 -1.831130310893e-02   1.080978382379e-02  -9.424452185631e-01  -2.727187052369e-02   1.218971237540e-02  -9.347402453423e-01  -3.243019431829e-02  -1.798421842977e-03  -9.316511154175e-01 
 -2.282267436385e-02  -9.494842961431e-03  -9.052261710167e-01  -2.282267436385e-02  -9.494842961431e-03  -9.052261710167e-01   0.000000000000e+00   0.000000000000e+00  -5.158049464226e-01 
  0.000000000000e+00   0.000000000000e+00  -5.158049464226e-01  -9.672038257122e-02   0.000000000000e+00  -7.924944162369e-01  -6.570260226727e-02   0.000000000000e+00  -9.398477673531e-01 
 -3.623287007213e-02   0.000000000000e+00  -9.359941482544e-01   5.179934203625e-03   0.000000000000e+00  -9.216552376747e-01  -2.154176123440e-02   0.000000000000e+00  -9.521206617355e-01 
 -2.971274778247e-02   0.000000000000e+00  -9.472206830978e-01  -7.778210565448e-03   0.000000000000e+00  -9.075900316238e-01  -7.778210565448e-03   0.000000000000e+00  -9.075900316238e-01 
  0.000000000000e+00   0.000000000000e+00  -5.158049464226e-01   0.000000000000e+00   0.000000000000e+00  -5.158049464226e-01  -9.672038257122e-02   0.000000000000e+00  -7.924944162369e-01 
 -6.570260226727e-02   0.000000000000e+00  -9.398477673531e-01  -3.623287007213e-02   0.000000000000e+00  -9.359941482544e-01   5.179934203625e-03   0.000000000000e+00  -9.216552376747e-01 
 -2.154176123440e-02   0.000000000000e+00  -9.521206617355e-01  -2.971274778247e-02   0.000000000000e+00  -9.472206830978e-01  -7.778210565448e-03   0.000000000000e+00  -9.075900316238e-01 
 -7.778210565448e-03   0.000000000000e+00  -9.075900316238e-01   0.000000000000e+00  -1.312037259340e-01  -4.243395924568e-01   0.000000000000e+00  -1.312037259340e-01  -4.243395924568e-01 
 -5.060013011098e-02  -1.476672291756e-01  -7.254799008369e-01  -4.137574136257e-02  -1.613104045391e-01  -9.593426585197e-01  -3.001162596047e-02  -1.691818237305e-01  -9.485881924629e-01 
 -2.897812426090e-02  -1.755080670118e-01  -9.437899589539e-01  -2.056300267577e-02  -1.797215640545e-01  -9.367730021477e-01  -1.691219583154e-02  -1.837752312422e-01  -9.282562732697e-01 
 -9.202111512423e-03  -1.861079931259e-01  -9.213612079620e-01  -9.202111512423e-03  -1.861079931259e-01  -9.213612079620e-01   0.000000000000e+00  -1.312037259340e-01  -4.243395924568e-01 
  0.000000000000e+00  -1.312037259340e-01  -4.243395924568e-01  -5.060013011098e-02  -1.476672291756e-01  -7.254799008369e-01  -4.137574136257e-02  -1.613104045391e-01  -9.593426585197e-01 
 -3.001162596047e-02  -1.691818237305e-01  -9.485881924629e-01  -2.897812426090e-02  -1.755080670118e-01  -9.437899589539e-01  -2.056300267577e-02  -1.797215640545e-01  -9.367730021477e-01 
 -1.691219583154e-02  -1.837752312422e-01  -9.282562732697e-01  -9.202111512423e-03  -1.861079931259e-01  -9.213612079620e-01  -9.202111512423e-03  -1.861079931259e-01  -9.213612079620e-01 
  0.000000000000e+00   6.076709926128e-02  -4.625740349293e-01   0.000000000000e+00   6.076709926128e-02  -4.625740349293e-01  -4.985791817307e-02   8.889691531658e-02  -7.464779615402e-01 
 -4.128111153841e-02   9.044776111841e-02  -9.552551507950e-01  -2.881419099867e-02   9.321767091751e-02  -9.419924020767e-01  -2.929983288050e-02   8.854125440121e-02  -9.387772679329e-01 
 -1.990724727511e-02   8.617005497217e-02  -9.335453510284e-01  -1.532470807433e-02   8.636566251516e-02  -9.302399754524e-01  -8.580728434026e-03   8.650629222393e-02  -9.291550517082e-01 
 -8.580728434026e-03   8.650629222393e-02  -9.291550517082e-01   0.000000000000e+00  -4.216795787215e-02  -4.955653548241e-01   0.000000000000e+00  -4.216795787215e-02  -4.955653548241e-01 
 -4.735730588436e-02  -5.577636510134e-02  -7.457939386368e-01  -4.067498072982e-02  -5.103512108326e-02  -9.359124898911e-01  -2.640302665532e-02  -4.708833247423e-02  -9.298149943352e-01 
 -2.666118368506e-02  -5.068823322654e-02  -9.211879968643e-01  -2.292184345424e-02  -4.975309222937e-02  -9.098259210587e-01  -1.549980044365e-02  -4.570354148746e-02  -9.079395532608e-01 
 -8.772423490882e-03  -4.408622160554e-02  -9.036895632744e-01  -8.772423490882e-03  -4.408622160554e-02  -9.036895632744e-01   0.000000000000e+00   4.341703280807e-02  -4.888996779919e-01 
  0.000000000000e+00   4.341703280807e-02  -4.888996779919e-01  -4.719151929021e-02   3.937475755811e-02  -7.332650423050e-01  -3.906781598926e-02   4.057759791613e-02  -9.451877474785e-01 
 -2.680296450853e-02   4.068497195840e-02  -9.388108849525e-01  -2.558683417737e-02   4.201798513532e-02  -9.341092109680e-01  -1.860393397510e-02   4.539874196053e-02  -9.289630651474e-01 
 -1.551923528314e-02   4.547289386392e-02  -9.196660518646e-01  -1.079335249960e-02   4.352949559689e-02  -9.088184833527e-01  -1.079335249960e-02   4.352949559689e-02  -9.088184833527e-01 
  0.000000000000e+00  -2.311224862933e-02  -4.609260559082e-01   0.000000000000e+00  -2.311224862933e-02  -4.609260559082e-01  -4.324075579643e-02  -2.453408390284e-02  -7.435945868492e-01 
 -3.864950686693e-02  -2.365462295711e-02  -9.490155577660e-01  -2.863330207765e-02  -2.551607042551e-02  -9.286018013954e-01  -2.585063315928e-02  -2.407882176340e-02  -9.237275719643e-01 
 -1.929171197116e-02  -2.123789116740e-02  -9.198448061943e-01  -1.550348754972e-02  -1.552910543978e-02  -9.167791604996e-01  -7.737507577986e-03  -1.174870599061e-02  -9.137711524963e-01 
 -7.737507577986e-03  -1.174870599061e-02  -9.137711524963e-01   0.000000000000e+00   4.372248891741e-03  -5.041326880455e-01   0.000000000000e+00   4.372248891741e-03  -5.041326880455e-01 
 -4.567722603679e-02   8.000217378139e-03  -7.601026892662e-01  -3.705238923430e-02   8.070702664554e-03  -9.531792402267e-01  -2.335423976183e-02   1.206482201815e-02  -9.429442882538e-01 
 -2.433434687555e-02   1.310863345861e-02  -9.300796389580e-01  -2.186874300241e-02   1.095273252577e-02  -9.196037054062e-01  -1.810761354864e-02   8.924409747124e-03  -9.161773920059e-01 
 -9.154769591987e-03   8.121140301228e-03  -9.055702090263e-01  -9.154769591987e-03   8.121140301228e-03  -9.055702090263e-01   0.000000000000e+00  -8.457040414214e-03  -4.847366511822e-01 
  0.000000000000e+00  -8.457040414214e-03  -4.847366511822e-01  -4.925717785954e-02  -7.505050394684e-03  -7.478547096252e-01  -3.894041478634e-02  -7.896938361228e-03  -9.442636966705e-01 
 -2.017304487526e-02  -2.726519014686e-03  -9.372935295105e-01  -1.869408227503e-02   2.947188215330e-03  -9.307273030281e-01  -1.523224636912e-02   6.777443923056e-03  -9.223175644875e-01 
 -1.741663552821e-02   7.231500465423e-03  -9.098280668259e-01  -9.905114769936e-03   6.577543914318e-03  -8.858906030655e-01  -9.905114769936e-03   6.577543914318e-03  -8.858906030655e-01 
  0.000000000000e+00   0.000000000000e+00  -4.516540169716e-01   0.000000000000e+00   0.000000000000e+00  -4.516540169716e-01  -5.168114975095e-02   0.000000000000e+00  -7.466602325439e-01 
 -4.492161050439e-02   0.000000000000e+00  -9.444751143456e-01  -2.446235157549e-02   0.000000000000e+00  -9.234336018562e-01  -1.487983576953e-02   0.000000000000e+00  -9.234796762466e-01 
 -9.965471923351e-03   0.000000000000e+00  -9.221473336220e-01  -1.658596657217e-02   0.000000000000e+00  -9.101691842079e-01  -8.864178322256e-03   0.000000000000e+00  -9.050733447075e-01 
 -8.864178322256e-03   0.000000000000e+00  -9.050733447075e-01   0.000000000000e+00   0.000000000000e+00  -4.516540169716e-01   0.000000000000e+00   0.000000000000e+00  -4.516540169716e-01 
 -5.168114975095e-02   0.000000000000e+00  -7.466602325439e-01  -4.492161050439e-02   0.000000000000e+00  -9.444751143456e-01  -2.446235157549e-02   0.000000000000e+00  -9.234336018562e-01 
 -1.487983576953e-02   0.000000000000e+00  -9.234796762466e-01  -9.965471923351e-03   0.000000000000e+00  -9.221473336220e-01  -1.658596657217e-02   0.000000000000e+00  -9.101691842079e-01 
 -8.864178322256e-03   0.000000000000e+00  -9.050733447075e-01  -8.864178322256e-03   0.000000000000e+00  -9.050733447075e-01   0.000000000000e+00  -1.064363345504e-01  -5.057814717293e-01 
  0.000000000000e+00  -1.064363345504e-01  -5.057814717293e-01  -2.276067249477e-02  -1.172748878598e-01  -7.562878727913e-01  -3.071368671954e-02  -1.254063993692e-01  -9.632933139801e-01 
 -1.652110740542e-02  -1.298591941595e-01  -9.527288675308e-01  -2.103192545474e-02  -1.349659413099e-01  -9.434244036674e-01  -1.185977365822e-02  -1.375277191401e-01  -9.346426725388e-01 
 -9.966488927603e-03  -1.400571912527e-01  -9.266343116760e-01  -4.535553045571e-03  -1.413193345070e-01  -9.210179448128e-01  -4.535553045571e-03  -1.413193345070e-01  -9.210179448128e-01 
  0.000000000000e+00  -1.064363345504e-01  -5.057814717293e-01   0.000000000000e+00  -1.064363345504e-01  -5.057814717293e-01  -2.276067249477e-02  -1.172748878598e-01  -7.562878727913e-01 
 -3.071368671954e-02  -1.254063993692e-01  -9.632933139801e-01  -1.652110740542e-02  -1.298591941595e-01  -9.527288675308e-01  -2.103192545474e-02  -1.349659413099e-01  -9.434244036674e-01 
 -1.185977365822e-02  -1.375277191401e-01  -9.346426725388e-01  -9.966488927603e-03  -1.400571912527e-01  -9.266343116760e-01  -4.535553045571e-03  -1.413193345070e-01  -9.210179448128e-01 
 -4.535553045571e-03  -1.413193345070e-01  -9.210179448128e-01   0.000000000000e+00   1.002230197191e-01  -4.489575922489e-01   0.000000000000e+00   1.002230197191e-01  -4.489575922489e-01 
 -2.418076805770e-02   1.157844737172e-01  -7.282410860062e-01  -3.311308100820e-02   1.142161414027e-01  -9.634460210800e-01  -1.609473489225e-02   1.104042828083e-01  -9.526646137238e-01 
 -2.080199308693e-02   1.110959276557e-01  -9.434030652046e-01  -1.157343667001e-02   1.126331388950e-01  -9.347816705704e-01  -9.260092861950e-03   1.147078946233e-01  -9.276018142700e-01 
 -4.112188704312e-03   1.156467124820e-01  -9.225074052811e-01  -4.112188704312e-03   1.156467124820e-01  -9.225074052811e-01   0.000000000000e+00  -5.301284790039e-02  -4.657709002495e-01 
  0.000000000000e+00  -5.301284790039e-02  -4.657709002495e-01  -2.231072634459e-02  -6.210132315755e-02  -7.281108498573e-01  -3.444101661444e-02  -6.170683354139e-02  -9.322116374969e-01 
 -1.455859467387e-02  -6.056566536427e-02  -9.209560751915e-01  -2.076562121511e-02  -6.062018126249e-02  -9.139199852943e-01  -1.257243938744e-02  -6.036853045225e-02  -9.053516983986e-01 
 -1.006199792027e-02  -5.956323444843e-02  -8.984648585320e-01  -4.213096108288e-03  -5.933669209480e-02  -8.931316733360e-01  -4.213096108288e-03  -5.933669209480e-02  -8.931316733360e-01 
  0.000000000000e+00   3.185007348657e-02  -4.430192112923e-01   0.000000000000e+00   3.185007348657e-02  -4.430192112923e-01  -2.398584596813e-02   2.615132182837e-02  -7.249928712845e-01 
 -3.192975744605e-02   2.783617563546e-02  -9.501047730446e-01  -1.487807370722e-02   2.783156745136e-02  -9.390443563461e-01  -2.006925269961e-02   2.853637374938e-02  -9.317269325256e-01 
 -1.164156384766e-02   2.937435917556e-02  -9.248760342598e-01  -9.912481531501e-03   2.955038100481e-02  -9.188809990883e-01  -4.507893230766e-03   2.929397672415e-02  -9.124500155449e-01 
 -4.507893230766e-03   2.929397672415e-02  -9.124500155449e-01   0.000000000000e+00  -2.045570500195e-02  -4.430663585663e-01   0.000000000000e+00  -2.045570500195e-02  -4.430663585663e-01 
 -2.053890191019e-02  -1.693136803806e-02  -7.188956141472e-01  -3.152148798108e-02  -1.583429239690e-02  -9.446130394936e-01  -1.534284465015e-02  -1.351866032928e-02  -9.324918389320e-01 
 -2.018768340349e-02  -1.090541481972e-02  -9.251118302345e-01  -1.162520982325e-02  -9.972088038921e-03  -9.176450371742e-01  -9.902967140079e-03  -9.579953737557e-03  -9.111105203629e-01 
 -4.481462296098e-03  -9.840059094131e-03  -9.065391421318e-01  -4.481462296098e-03  -9.840059094131e-03  -9.065391421318e-01   0.000000000000e+00   9.462446905673e-03  -4.432156085968e-01 
  0.000000000000e+00   9.462446905673e-03  -4.432156085968e-01  -2.283136546612e-02   6.608427036554e-03  -7.169067263603e-01  -3.275274112821e-02   5.393217317760e-03  -9.462046027184e-01 
 -1.526011992246e-02   5.360624287277e-03  -9.382647275925e-01  -2.054037153721e-02   4.852754529566e-03  -9.338935613632e-01  -1.239140890539e-02   4.085252992809e-03  -9.263677597046e-01 
 -1.057188957930e-02   3.496974473819e-03  -9.183672070503e-01  -4.964841529727e-03   3.045166609809e-03  -9.128139019012e-01  -4.964841529727e-03   3.045166609809e-03  -9.128139019012e-01 
  0.000000000000e+00  -5.297003313899e-03  -4.471954107285e-01   0.000000000000e+00  -5.297003313899e-03  -4.471954107285e-01  -2.257737889886e-02  -2.898948267102e-03  -7.218135595322e-01 
 -3.253207355738e-02  -1.691491925158e-03  -9.415132403374e-01  -1.364466175437e-02  -1.208274479723e-04  -9.336299300194e-01  -1.964884996414e-02   6.074608536437e-04  -9.330768585205e-01 
 -1.208079606295e-02   7.680996786803e-04  -9.322243332863e-01  -1.115168072283e-02   2.091088827001e-04  -9.276357293129e-01  -5.896405782551e-03  -5.577655974776e-04  -9.231839776039e-01 
 -5.896405782551e-03  -5.577655974776e-04  -9.231839776039e-01   0.000000000000e+00   0.000000000000e+00  -4.742047190666e-01   0.000000000000e+00   0.000000000000e+00  -4.742047190666e-01 
 -2.216478623450e-02   0.000000000000e+00  -7.392821907997e-01  -3.240367397666e-02   0.000000000000e+00  -9.419397115707e-01  -1.395936030895e-02   0.000000000000e+00  -9.295361042023e-01 
 -1.901802606881e-02   0.000000000000e+00  -9.302827119827e-01  -1.135672256351e-02   0.000000000000e+00  -9.349732398987e-01  -1.119138952345e-02   0.000000000000e+00  -9.332743883133e-01 
 -5.568513646722e-03   0.000000000000e+00  -9.298204779625e-01  -5.568513646722e-03   0.000000000000e+00  -9.298204779625e-01   0.000000000000e+00   0.000000000000e+00  -4.742047190666e-01 
  0.000000000000e+00   0.000000000000e+00  -4.742047190666e-01  -2.216478623450e-02   0.000000000000e+00  -7.392821907997e-01  -3.240367397666e-02   0.000000000000e+00  -9.419397115707e-01 
 -1.395936030895e-02   0.000000000000e+00  -9.295361042023e-01  -1.901802606881e-02   0.000000000000e+00  -9.302827119827e-01  -1.135672256351e-02   0.000000000000e+00  -9.349732398987e-01 
 -1.119138952345e-02   0.000000000000e+00  -9.332743883133e-01  -5.568513646722e-03   0.000000000000e+00  -9.298204779625e-01  -5.568513646722e-03   0.000000000000e+00  -9.298204779625e-01 
  0.000000000000e+00  -7.240211963654e-02  -5.004885196686e-01   0.000000000000e+00  -7.240211963654e-02  -5.004885196686e-01  -1.735609397292e-02  -8.733951300383e-02  -7.453756928444e-01 
 -2.439937181771e-02  -9.421841800213e-02  -9.673388600349e-01  -6.875327322632e-03  -9.727764129639e-02  -9.610242247581e-01  -1.333915442228e-02  -1.018603444099e-01  -9.509361386299e-01 
 -6.178534589708e-03  -1.040858030319e-01  -9.436638355255e-01  -5.655636079609e-03  -1.062327399850e-01  -9.378105401993e-01  -2.336998004466e-03  -1.071857586503e-01  -9.343804121017e-01 
 -2.336998004466e-03  -1.071857586503e-01  -9.343804121017e-01   0.000000000000e+00  -7.240211963654e-02  -5.004885196686e-01   0.000000000000e+00  -7.240211963654e-02  -5.004885196686e-01 
 -1.735609397292e-02  -8.733951300383e-02  -7.453756928444e-01  -2.439937181771e-02  -9.421841800213e-02  -9.673388600349e-01  -6.875327322632e-03  -9.727764129639e-02  -9.610242247581e-01 
 -1.333915442228e-02  -1.018603444099e-01  -9.509361386299e-01  -6.178534589708e-03  -1.040858030319e-01  -9.436638355255e-01  -5.655636079609e-03  -1.062327399850e-01  -9.378105401993e-01 
 -2.336998004466e-03  -1.071857586503e-01  -9.343804121017e-01  -2.336998004466e-03  -1.071857586503e-01  -9.343804121017e-01   0.000000000000e+00   6.193451210856e-02  -3.815099000931e-01 
  0.000000000000e+00   6.193451210856e-02  -3.815099000931e-01  -1.853791438043e-02   5.541595816612e-02  -6.808487772942e-01  -2.699225209653e-02   5.644896253943e-02  -9.746449589729e-01 
 -6.654731463641e-03   5.778380110860e-02  -9.663804173470e-01  -1.297877635807e-02   6.017618998885e-02  -9.575165510178e-01  -5.927514284849e-03   6.173191964626e-02  -9.504851102829e-01 
 -5.361591931432e-03   6.305503845215e-02  -9.451144337654e-01  -2.151988679543e-03   6.373531371355e-02  -9.420331120491e-01  -2.151988679543e-03   6.373531371355e-02  -9.420331120491e-01 
  0.000000000000e+00  -4.335477948189e-02  -4.631376564503e-01   0.000000000000e+00  -4.335477948189e-02  -4.631376564503e-01  -1.344058755785e-02  -4.077026993036e-02  -7.144150137901e-01 
 -2.945052459836e-02  -4.340139031410e-02  -9.415267109871e-01  -4.470174666494e-03  -4.152159392834e-02  -9.323014616966e-01  -1.278634183109e-02  -4.134817048907e-02  -9.231737256050e-01 
 -6.056667771190e-03  -4.150040447712e-02  -9.154815673828e-01  -5.769344512373e-03  -4.176883772016e-02  -9.096104502678e-01  -2.297020284459e-03  -4.194297268987e-02  -9.062235951424e-01 
 -2.297020284459e-03  -4.194297268987e-02  -9.062235951424e-01   0.000000000000e+00   1.891960017383e-02  -4.231174886227e-01   0.000000000000e+00   1.891960017383e-02  -4.231174886227e-01 
 -1.625767908990e-02   1.295064389706e-02  -6.993340849876e-01  -2.576429396868e-02   1.579445227981e-02  -9.583173394203e-01  -6.175603717566e-03   1.418105512857e-02  -9.506833553314e-01 
 -1.263515744358e-02   1.421502418816e-02  -9.421096444130e-01  -5.649192258716e-03   1.458599232137e-02  -9.348874092102e-01  -5.346949677914e-03   1.490996032953e-02  -9.289982914925e-01 
 -2.199080074206e-03   1.498628687114e-02  -9.253862500191e-01  -2.199080074206e-03   1.498628687114e-02  -9.253862500191e-01   0.000000000000e+00  -1.243652775884e-02  -4.351465106010e-01 
  0.000000000000e+00  -1.243652775884e-02  -4.351465106010e-01  -1.461263280362e-02  -9.241479448974e-03  -7.052739262581e-01  -2.539942041039e-02  -8.571445010602e-03  -9.534437656403e-01 
 -6.355533376336e-03  -6.841264199466e-03  -9.455060958862e-01  -1.235604379326e-02  -5.881733726710e-03  -9.367679357529e-01  -5.791096948087e-03  -5.296087358147e-03  -9.296283125877e-01 
 -5.524965934455e-03  -4.829848650843e-03  -9.238513112068e-01  -2.210521837696e-03  -4.578880034387e-03  -9.203353524208e-01  -2.210521837696e-03  -4.578880034387e-03  -9.203353524208e-01 
  0.000000000000e+00   4.164307378232e-03  -4.347755908966e-01   0.000000000000e+00   4.164307378232e-03  -4.347755908966e-01  -1.569685712457e-02   2.391814719886e-03  -7.059620022774e-01 
 -2.551262825727e-02   2.142476849258e-03  -9.572502374649e-01  -6.433707661927e-03   2.229878911749e-03  -9.492282271385e-01  -1.139424275607e-02   2.952060196549e-03  -9.394524693489e-01 
 -5.338267888874e-03   3.307083854452e-03  -9.312285780907e-01  -5.546143278480e-03   3.323631593958e-03  -9.248694777489e-01  -2.379775512964e-03   3.235795069486e-03  -9.209665656090e-01 
 -2.379775512964e-03   3.235795069486e-03  -9.209665656090e-01   0.000000000000e+00  -1.477235578932e-03  -4.307937324047e-01   0.000000000000e+00  -1.477235578932e-03  -4.307937324047e-01 
 -1.580893248320e-02  -9.935281705111e-04  -7.036644816399e-01  -2.617838419974e-02  -1.365623436868e-03  -9.564957022667e-01  -6.265354808420e-03  -6.674109608866e-04  -9.495776891708e-01 
 -1.036866661161e-02   2.360251673963e-04  -9.400460720062e-01  -4.174719564617e-03   1.133575919084e-03  -9.312574863434e-01  -4.909267183393e-03   1.596912159584e-03  -9.238376021385e-01 
 -2.184562617913e-03   1.741002546623e-03  -9.188653826714e-01  -2.184562617913e-03   1.741002546623e-03  -9.188653826714e-01   0.000000000000e+00   0.000000000000e+00  -4.290218651295e-01 
  0.000000000000e+00   0.000000000000e+00  -4.290218651295e-01  -1.661760546267e-02   0.000000000000e+00  -7.039245963097e-01  -2.706760540605e-02   0.000000000000e+00  -9.562730193138e-01 
 -6.682706531137e-03   0.000000000000e+00  -9.493281245232e-01  -1.002078782767e-02   0.000000000000e+00  -9.402536749840e-01  -3.436039667577e-03   0.000000000000e+00  -9.316174983978e-01 
 -4.459924530238e-03   0.000000000000e+00  -9.237315058708e-01  -1.938629196957e-03   0.000000000000e+00  -9.187119603157e-01  -1.938629196957e-03   0.000000000000e+00  -9.187119603157e-01 
  0.000000000000e+00   0.000000000000e+00  -4.290218651295e-01   0.000000000000e+00   0.000000000000e+00  -4.290218651295e-01  -1.661760546267e-02   0.000000000000e+00  -7.039245963097e-01 
 -2.706760540605e-02   0.000000000000e+00  -9.562730193138e-01  -6.682706531137e-03   0.000000000000e+00  -9.493281245232e-01  -1.002078782767e-02   0.000000000000e+00  -9.402536749840e-01 
 -3.436039667577e-03   0.000000000000e+00  -9.316174983978e-01  -4.459924530238e-03   0.000000000000e+00  -9.237315058708e-01  -1.938629196957e-03   0.000000000000e+00  -9.187119603157e-01 
 -1.938629196957e-03   0.000000000000e+00  -9.187119603157e-01   0.000000000000e+00   1.215996779501e-02  -3.112926483154e-01   0.000000000000e+00   1.215996779501e-02  -3.112926483154e-01 
 -2.123353816569e-02   8.027437143028e-03  -6.284544467926e-01  -2.413870580494e-02  -1.913176500238e-03  -9.583460092545e-01  -7.400366012007e-03  -6.877853302285e-04  -9.548436403275e-01 
 -1.328428927809e-02   1.626621116884e-03  -9.434483051300e-01  -6.178299896419e-03   1.844067010097e-03  -9.358758330345e-01  -5.655635613948e-03   1.913749496453e-03  -9.296707510948e-01 
 -2.336998004466e-03   1.978983171284e-03  -9.263238906860e-01  -2.336998004466e-03   1.978983171284e-03  -9.263238906860e-01   0.000000000000e+00   1.215996779501e-02  -3.112926483154e-01 
  0.000000000000e+00   1.215996779501e-02  -3.112926483154e-01  -2.123353816569e-02   8.027437143028e-03  -6.284544467926e-01  -2.413870580494e-02  -1.913176500238e-03  -9.583460092545e-01 
 -7.400366012007e-03  -6.877853302285e-04  -9.548436403275e-01  -1.328428927809e-02   1.626621116884e-03  -9.434483051300e-01  -6.178299896419e-03   1.844067010097e-03  -9.358758330345e-01 
 -5.655635613948e-03   1.913749496453e-03  -9.296707510948e-01  -2.336998004466e-03   1.978983171284e-03  -9.263238906860e-01  -2.336998004466e-03   1.978983171284e-03  -9.263238906860e-01 
  0.000000000000e+00   3.996790945530e-02  -1.752011328936e-01   0.000000000000e+00   3.996790945530e-02  -1.752011328936e-01  -2.206968888640e-02   4.769193381071e-02  -5.482444763184e-01 
 -2.812437340617e-02   3.788598999381e-02  -9.708800911903e-01  -4.650160670280e-03   5.120239034295e-02  -9.632731080055e-01  -1.195212174207e-02   5.972869694233e-02  -9.543078541756e-01 
 -5.902773700655e-03   6.172964721918e-02  -9.471192359924e-01  -5.361049436033e-03   6.305503100157e-02  -9.412820935249e-01  -2.151988679543e-03   6.373531371355e-02  -9.381602406502e-01 
 -2.151988679543e-03   6.373531371355e-02  -9.381602406502e-01   0.000000000000e+00  -2.491413801908e-02  -2.477213442326e-01   0.000000000000e+00  -2.491413801908e-02  -2.477213442326e-01 
 -1.417337264866e-02  -3.784264251590e-02  -5.837651491165e-01  -3.038861230016e-02  -3.198738768697e-02  -9.494206309319e-01   1.059494446963e-02  -3.088922984898e-02  -9.311105012894e-01 
 -7.518606260419e-03  -3.848610818386e-02  -9.222087860107e-01  -3.631417639554e-03  -4.141700267792e-02  -9.149972200394e-01  -3.418381791562e-03  -4.176872968674e-02  -9.091350436211e-01 
 -1.383523922414e-03  -4.194297268987e-02  -9.058495163918e-01  -1.383523922414e-03  -4.194297268987e-02  -9.058495163918e-01   0.000000000000e+00   1.109065022320e-02  -2.222560048103e-01 
  0.000000000000e+00   1.109065022320e-02  -2.222560048103e-01  -1.923874951899e-02   1.474004797637e-02  -5.743347406387e-01  -2.730573341250e-02   1.831885613501e-02  -9.553195238113e-01 
 -4.266223870218e-03   8.520351722836e-03  -9.480760693550e-01  -1.164625957608e-02   1.200965512544e-02  -9.392755031586e-01  -5.628855433315e-03   1.451023761183e-02  -9.323095083237e-01 
 -5.346410907805e-03   1.490983832628e-02  -9.265417456627e-01  -2.199080074206e-03   1.498628687114e-02  -9.232966303825e-01  -2.199080074206e-03   1.498628687114e-02  -9.232966303825e-01 
  0.000000000000e+00  -8.179869502783e-03  -2.274945378304e-01   0.000000000000e+00  -8.179869502783e-03  -2.274945378304e-01  -1.738990470767e-02  -8.710674941540e-03  -5.759698748589e-01 
 -2.398814819753e-02  -3.207307774574e-03  -9.502826333046e-01  -6.914549507201e-03  -5.677934736013e-03  -9.431695938110e-01  -1.232110615820e-02  -5.840728525072e-03  -9.348366856575e-01 
 -5.790973547846e-03  -5.296598654240e-03  -9.280754923820e-01  -5.524965468794e-03  -4.829849116504e-03  -9.222555160522e-01  -2.210521837696e-03  -4.578880034387e-03  -9.189699888229e-01 
 -2.210521837696e-03  -4.578880034387e-03  -9.189699888229e-01   0.000000000000e+00   2.633076161146e-03  -2.269003540277e-01   0.000000000000e+00   2.633076161146e-03  -2.269003540277e-01 
 -1.894840039313e-02   2.512445440516e-03  -5.761132836342e-01  -2.396265044808e-02   2.117087366059e-03  -9.524268507957e-01  -7.014021277428e-03   2.207148121670e-03  -9.451153874397e-01 
 -1.139284577221e-02   2.950699999928e-03  -9.372321963310e-01  -5.338270217180e-03   3.307082690299e-03  -9.311077594757e-01  -5.546143278480e-03   3.323631593958e-03  -9.255985021591e-01 
 -2.379775512964e-03   3.235795069486e-03  -9.222042560577e-01  -2.379775512964e-03   3.235795069486e-03  -9.222042560577e-01   0.000000000000e+00  -1.762494444847e-03  -2.293848097324e-01 
  0.000000000000e+00  -1.762494444847e-03  -2.293848097324e-01  -1.853319257498e-02  -1.378011307679e-03  -5.780711770058e-01  -2.437184564769e-02  -1.367631251924e-03  -9.515329599380e-01 
 -6.862494628876e-03  -6.901684682816e-04  -9.441555142403e-01  -1.036670338362e-02   2.355008909944e-04  -9.368514418602e-01  -4.174720495939e-03   1.133575686254e-03  -9.318263530731e-01 
 -4.909267183393e-03   1.596912159584e-03  -9.270911216736e-01  -2.184562617913e-03   1.741002546623e-03  -9.240484237671e-01  -2.184562617913e-03   1.741002546623e-03  -9.240484237671e-01 
  0.000000000000e+00   0.000000000000e+00  -2.314072996378e-01   0.000000000000e+00   0.000000000000e+00  -2.314072996378e-01  -1.905901171267e-02   0.000000000000e+00  -5.804191827774e-01 
 -2.517523802817e-02  -2.090799235133e-11  -9.517168402672e-01  -7.292560301721e-03  -1.114628354892e-12  -9.437506794930e-01  -1.001925580204e-02  -5.393019599894e-16  -9.366084933281e-01 
 -3.436040831730e-03  -8.502927224631e-23  -9.323060512543e-01  -4.459924530238e-03   0.000000000000e+00  -9.280856847763e-01  -1.938629196957e-03   0.000000000000e+00  -9.254586696625e-01 
 -1.938629196957e-03   0.000000000000e+00  -9.254586696625e-01   0.000000000000e+00   0.000000000000e+00  -2.314072996378e-01   0.000000000000e+00   0.000000000000e+00  -2.314072996378e-01 
 -1.905901171267e-02   0.000000000000e+00  -5.804191827774e-01  -2.517523802817e-02  -2.090799235133e-11  -9.517168402672e-01  -7.292560301721e-03  -1.114628354892e-12  -9.437506794930e-01 
 -1.001925580204e-02  -5.393019599894e-16  -9.366084933281e-01  -3.436040831730e-03  -8.502927224631e-23  -9.323060512543e-01  -4.459924530238e-03   0.000000000000e+00  -9.280856847763e-01 
 -1.938629196957e-03   0.000000000000e+00  -9.254586696625e-01  -1.938629196957e-03   0.000000000000e+00  -9.254586696625e-01   0.000000000000e+00   6.070685386658e-02   6.951747834682e-02 
  0.000000000000e+00   6.070685386658e-02   6.951747834682e-02  -5.619573220611e-02   2.513087168336e-02  -9.540774673223e-02  -4.195032268763e-02   1.558826491237e-02  -6.496912240982e-01 
 -1.569838076830e-02   1.396693661809e-02  -9.089454412460e-01  -1.319989282638e-02   2.004360780120e-02  -9.422113895416e-01  -6.185670848936e-03   2.204760164022e-02  -9.358815550804e-01 
 -5.655610933900e-03   2.252670191228e-02  -9.296707510948e-01  -2.336998004466e-03   2.277226746082e-02  -9.263238906860e-01  -2.336998004466e-03   2.277226746082e-02  -9.263238906860e-01 
  0.000000000000e+00   6.070685386658e-02   6.951747834682e-02   0.000000000000e+00   6.070685386658e-02   6.951747834682e-02  -5.619573220611e-02   2.513087168336e-02  -9.540774673223e-02 
 -4.195032268763e-02   1.558826491237e-02  -6.496912240982e-01  -1.569838076830e-02   1.396693661809e-02  -9.089454412460e-01  -1.319989282638e-02   2.004360780120e-02  -9.422113895416e-01 
 -6.185670848936e-03   2.204760164022e-02  -9.358815550804e-01  -5.655610933900e-03   2.252670191228e-02  -9.296707510948e-01  -2.336998004466e-03   2.277226746082e-02  -9.263238906860e-01 
 -2.336998004466e-03   2.277226746082e-02  -9.263238906860e-01   0.000000000000e+00   9.901694953442e-03   9.174331277609e-02   0.000000000000e+00   9.901694953442e-03   9.174331277609e-02 
 -4.674168676138e-02   1.788771152496e-02  -5.948071926832e-02  -3.033613599837e-02   2.286684885621e-02  -8.202410936356e-01  -9.716209955513e-03   3.801086917520e-02  -9.323231577873e-01 
 -9.970613755286e-03   5.635757371783e-02  -9.098924994469e-01  -5.727372132242e-03   6.166225671768e-02  -9.444939494133e-01  -5.348086357117e-03   6.305491179228e-02  -9.412769675255e-01 
 -2.151974942535e-03   6.373531371355e-02  -9.381602406502e-01  -2.151974942535e-03   6.373531371355e-02  -9.381602406502e-01   0.000000000000e+00  -9.170351549983e-03   9.105017781258e-02 
  0.000000000000e+00  -9.170351549983e-03   9.105017781258e-02  -4.690864682198e-02  -1.417280267924e-02  -7.885597944260e-01   0.000000000000e+00  -1.816378906369e-02  -9.459386467934e-01 
  0.000000000000e+00  -2.135547064245e-02  -9.585503339767e-01   0.000000000000e+00  -3.221904113889e-02  -1.000000014901e-01   0.000000000000e+00  -4.067730531096e-02  -1.000000014901e-01 
  0.000000000000e+00  -4.176519066095e-02  -1.000000014901e-01   0.000000000000e+00  -4.194297268987e-02  -1.000000014901e-01   0.000000000000e+00  -4.194297268987e-02  -1.000000014901e-01 
  0.000000000000e+00   6.455497350544e-03   9.617216140032e-02   0.000000000000e+00   6.455497350544e-03   9.617216140032e-02  -4.991992563009e-02   7.631551939994e-03  -6.226329132915e-02 
 -3.127098456025e-02   6.134175229818e-03  -8.132789731026e-01  -9.739500470459e-03   2.585497684777e-03  -9.215756058693e-01  -9.748758748174e-03   7.363637443632e-03  -8.960000872612e-01 
 -5.465586204082e-03   1.387940626591e-02  -9.297326803207e-01  -5.333442240953e-03   1.490645948797e-02  -9.265367388725e-01  -2.199066104367e-03   1.498628593981e-02  -9.232966303825e-01 
 -2.199066104367e-03   1.498628593981e-02  -9.232966303825e-01   0.000000000000e+00  -5.334689281881e-03   9.594610333443e-02   0.000000000000e+00  -5.334689281881e-03   9.594610333443e-02 
 -4.875438287854e-02  -6.048119161278e-03  -6.282230466604e-02  -3.794136270881e-02  -3.102592891082e-03  -6.336410045624e-01  -1.445744838566e-02  -4.335148725659e-03  -8.967021703720e-01 
 -1.226848177612e-02  -5.508514121175e-03  -9.334543347359e-01  -5.798501428217e-03  -5.295460112393e-03  -9.280799031258e-01  -5.524950101972e-03  -4.829887766391e-03  -9.222555160522e-01 
 -2.210521837696e-03  -4.578880034387e-03  -9.189699888229e-01  -2.210521837696e-03  -4.578880034387e-03  -9.189699888229e-01   0.000000000000e+00   1.637417008169e-03   9.629949182272e-02 
  0.000000000000e+00   1.637417008169e-03   9.629949182272e-02  -4.982598125935e-02   1.822332269512e-03  -6.258630007505e-02  -3.931344673038e-02   1.882461365312e-03  -5.922226309776e-01 
 -1.523933745921e-02   2.063516061753e-03  -8.948002457619e-01  -1.155350543559e-02   2.904555527493e-03  -9.363599419594e-01  -5.343740805984e-03   3.306585829705e-03  -9.311100244522e-01 
 -5.546143278480e-03   3.323631593958e-03  -9.255985021591e-01  -2.379775512964e-03   3.235795069486e-03  -9.222042560577e-01  -2.379775512964e-03   3.235795069486e-03  -9.222042560577e-01 
  0.000000000000e+00  -9.711777092889e-04   9.604057669640e-02   0.000000000000e+00  -9.711777092889e-04   9.604057669640e-02  -4.956249520183e-02  -1.057151705027e-03  -6.324667483568e-02 
 -3.933943808079e-02  -1.211691065691e-03  -5.910422801971e-01  -1.514170505106e-02  -8.093608194031e-04  -8.938534259796e-01  -1.055951323360e-02   1.940964866662e-04  -9.359718561172e-01 
 -4.180133808404e-03   1.132777077146e-03  -9.318281412125e-01  -4.909266717732e-03   1.596912043169e-03  -9.270911216736e-01  -2.184562617913e-03   1.741002546623e-03  -9.240484237671e-01 
 -2.184562617913e-03   1.741002546623e-03  -9.240484237671e-01   0.000000000000e+00   0.000000000000e+00   9.584141522646e-02   0.000000000000e+00   0.000000000000e+00   9.584141522646e-02 
 -4.988743737340e-02   0.000000000000e+00  -6.395358592272e-02  -3.985854983330e-02  -5.056669666326e-11  -5.914381742477e-01  -1.559444982558e-02  -2.577993200858e-11  -8.935626149178e-01 
 -1.024428661913e-02  -8.659121596838e-13  -9.357278943062e-01  -3.441809443757e-03   6.226766173626e-17  -9.323074817657e-01  -4.459924064577e-03   2.237142000713e-23  -9.280856847763e-01 
 -1.938629196957e-03   1.445528914528e-36  -9.254586696625e-01  -1.938629196957e-03   1.445528914528e-36  -9.254586696625e-01   0.000000000000e+00   0.000000000000e+00   9.584141522646e-02 
  0.000000000000e+00   0.000000000000e+00   9.584141522646e-02  -4.988743737340e-02   0.000000000000e+00  -6.395358592272e-02  -3.985854983330e-02  -5.056669666326e-11  -5.914381742477e-01 
 -1.559444982558e-02  -2.577993200858e-11  -8.935626149178e-01  -1.024428661913e-02  -8.659121596838e-13  -9.357278943062e-01  -3.441809443757e-03   6.226766173626e-17  -9.323074817657e-01 
 -4.459924064577e-03   2.237142000713e-23  -9.280856847763e-01  -1.938629196957e-03   1.445528914528e-36  -9.254586696625e-01  -1.938629196957e-03   1.445528914528e-36  -9.254586696625e-01 
  0.000000000000e+00   6.070685386658e-02   6.951747834682e-02   0.000000000000e+00   6.070685386658e-02   6.951747834682e-02  -5.619573220611e-02   2.513087168336e-02  -9.540774673223e-02 
 -4.195032268763e-02   1.558826491237e-02  -6.496912240982e-01  -1.569838076830e-02   1.396693661809e-02  -9.089454412460e-01  -1.319989282638e-02   2.004360780120e-02  -9.422113895416e-01 
 -6.185670848936e-03   2.204760164022e-02  -9.358815550804e-01  -5.655610933900e-03   2.252670191228e-02  -9.296707510948e-01  -2.336998004466e-03   2.277226746082e-02  -9.263238906860e-01 
 -2.336998004466e-03   2.277226746082e-02  -9.263238906860e-01   0.000000000000e+00   6.070685386658e-02   6.951747834682e-02   0.000000000000e+00   6.070685386658e-02   6.951747834682e-02 
 -5.619573220611e-02   2.513087168336e-02  -9.540774673223e-02  -4.195032268763e-02   1.558826491237e-02  -6.496912240982e-01  -1.569838076830e-02   1.396693661809e-02  -9.089454412460e-01 
 -1.319989282638e-02   2.004360780120e-02  -9.422113895416e-01  -6.185670848936e-03   2.204760164022e-02  -9.358815550804e-01  -5.655610933900e-03   2.252670191228e-02  -9.296707510948e-01 
 -2.336998004466e-03   2.277226746082e-02  -9.263238906860e-01  -2.336998004466e-03   2.277226746082e-02  -9.263238906860e-01   0.000000000000e+00   9.901694953442e-03   9.174331277609e-02 
  0.000000000000e+00   9.901694953442e-03   9.174331277609e-02  -4.674168676138e-02   1.788771152496e-02  -5.948071926832e-02  -3.033613599837e-02   2.286684885621e-02  -8.202410936356e-01 
 -9.716209955513e-03   3.801086917520e-02  -9.323231577873e-01  -9.970613755286e-03   5.635757371783e-02  -9.098924994469e-01  -5.727372132242e-03   6.166225671768e-02  -9.444939494133e-01 
 -5.348086357117e-03   6.305491179228e-02  -9.412769675255e-01  -2.151974942535e-03   6.373531371355e-02  -9.381602406502e-01  -2.151974942535e-03   6.373531371355e-02  -9.381602406502e-01 
  0.000000000000e+00  -9.170351549983e-03   9.105017781258e-02   0.000000000000e+00  -9.170351549983e-03   9.105017781258e-02  -4.690864682198e-02  -1.417280267924e-02  -7.885597944260e-01 
  0.000000000000e+00  -1.816378906369e-02  -9.459386467934e-01   0.000000000000e+00  -2.135547064245e-02  -9.585503339767e-01   0.000000000000e+00  -3.221904113889e-02  -1.000000014901e-01 
  0.000000000000e+00  -4.067730531096e-02  -1.000000014901e-01   0.000000000000e+00  -4.176519066095e-02  -1.000000014901e-01   0.000000000000e+00  -4.194297268987e-02  -1.000000014901e-01 
  0.000000000000e+00  -4.194297268987e-02  -1.000000014901e-01   0.000000000000e+00   6.455497350544e-03   9.617216140032e-02   0.000000000000e+00   6.455497350544e-03   9.617216140032e-02 
 -4.991992563009e-02   7.631551939994e-03  -6.226329132915e-02  -3.127098456025e-02   6.134175229818e-03  -8.132789731026e-01  -9.739500470459e-03   2.585497684777e-03  -9.215756058693e-01 
 -9.748758748174e-03   7.363637443632e-03  -8.960000872612e-01  -5.465586204082e-03   1.387940626591e-02  -9.297326803207e-01  -5.333442240953e-03   1.490645948797e-02  -9.265367388725e-01 
 -2.199066104367e-03   1.498628593981e-02  -9.232966303825e-01  -2.199066104367e-03   1.498628593981e-02  -9.232966303825e-01   0.000000000000e+00  -5.334689281881e-03   9.594610333443e-02 
  0.000000000000e+00  -5.334689281881e-03   9.594610333443e-02  -4.875438287854e-02  -6.048119161278e-03  -6.282230466604e-02  -3.794136270881e-02  -3.102592891082e-03  -6.336410045624e-01 
 -1.445744838566e-02  -4.335148725659e-03  -8.967021703720e-01  -1.226848177612e-02  -5.508514121175e-03  -9.334543347359e-01  -5.798501428217e-03  -5.295460112393e-03  -9.280799031258e-01 
 -5.524950101972e-03  -4.829887766391e-03  -9.222555160522e-01  -2.210521837696e-03  -4.578880034387e-03  -9.189699888229e-01  -2.210521837696e-03  -4.578880034387e-03  -9.189699888229e-01 
  0.000000000000e+00   1.637417008169e-03   9.629949182272e-02   0.000000000000e+00   1.637417008169e-03   9.629949182272e-02  -4.982598125935e-02   1.822332269512e-03  -6.258630007505e-02 
 -3.931344673038e-02   1.882461365312e-03  -5.922226309776e-01  -1.523933745921e-02   2.063516061753e-03  -8.948002457619e-01  -1.155350543559e-02   2.904555527493e-03  -9.363599419594e-01 
 -5.343740805984e-03   3.306585829705e-03  -9.311100244522e-01  -5.546143278480e-03   3.323631593958e-03  -9.255985021591e-01  -2.379775512964e-03   3.235795069486e-03  -9.222042560577e-01 
 -2.379775512964e-03   3.235795069486e-03  -9.222042560577e-01   0.000000000000e+00  -9.711777092889e-04   9.604057669640e-02   0.000000000000e+00  -9.711777092889e-04   9.604057669640e-02 
 -4.956249520183e-02  -1.057151705027e-03  -6.324667483568e-02  -3.933943808079e-02  -1.211691065691e-03  -5.910422801971e-01  -1.514170505106e-02  -8.093608194031e-04  -8.938534259796e-01 
 -1.055951323360e-02   1.940964866662e-04  -9.359718561172e-01  -4.180133808404e-03   1.132777077146e-03  -9.318281412125e-01  -4.909266717732e-03   1.596912043169e-03  -9.270911216736e-01 
 -2.184562617913e-03   1.741002546623e-03  -9.240484237671e-01  -2.184562617913e-03   1.741002546623e-03  -9.240484237671e-01   0.000000000000e+00   0.000000000000e+00   9.584141522646e-02 
  0.000000000000e+00   0.000000000000e+00   9.584141522646e-02  -4.988743737340e-02   0.000000000000e+00  -6.395358592272e-02  -3.985854983330e-02  -5.056669666326e-11  -5.914381742477e-01 
 -1.559444982558e-02  -2.577993200858e-11  -8.935626149178e-01  -1.024428661913e-02  -8.659121596838e-13  -9.357278943062e-01  -3.441809443757e-03   6.226766173626e-17  -9.323074817657e-01 
 -4.459924064577e-03   2.237142000713e-23  -9.280856847763e-01  -1.938629196957e-03   1.445528914528e-36  -9.254586696625e-01  -1.938629196957e-03   1.445528914528e-36  -9.254586696625e-01 
  0.000000000000e+00   0.000000000000e+00   9.584141522646e-02   0.000000000000e+00   0.000000000000e+00   9.584141522646e-02  -4.988743737340e-02   0.000000000000e+00  -6.395358592272e-02 
 -3.985854983330e-02  -5.056669666326e-11  -5.914381742477e-01  -1.559444982558e-02  -2.577993200858e-11  -8.935626149178e-01  -1.024428661913e-02  -8.659121596838e-13  -9.357278943062e-01 
 -3.441809443757e-03   6.226766173626e-17  -9.323074817657e-01  -4.459924064577e-03   2.237142000713e-23  -9.280856847763e-01  -1.938629196957e-03   1.445528914528e-36  -9.254586696625e-01 
 -1.938629196957e-03   1.445528914528e-36  -9.254586696625e-01 

