# vtk DataFile Version 2.0
Written using VisIt writer
ASCII
DATASET RECTILINEAR_GRID
DIMENSIONS 10 10 10
X_COORDINATES 10 float
  0.000000000000e+00   5.000000000000e-01   1.000000000000e+00   1.500000000000e+00   2.000000000000e+00   2.500000000000e+00   3.000000000000e+00   3.500000000000e+00   4.000000000000e+00 
  4.500000000000e+00 
Y_COORDINATES 10 float
  0.000000000000e+00   5.000000000000e-01   1.000000000000e+00   1.500000000000e+00   2.000000000000e+00   2.500000000000e+00   3.000000000000e+00   3.500000000000e+00   4.000000000000e+00 
  4.500000000000e+00 
Z_COORDINATES 10 float
  0.000000000000e+00   5.000000000000e-01   1.000000000000e+00   1.500000000000e+00   2.000000000000e+00   2.500000000000e+00   3.000000000000e+00   3.500000000000e+00   4.000000000000e+00 
  4.500000000000e+00 
CELL_DATA 729
POINT_DATA 1000
VECTORS velocity float
  0.000000000000e+00  -2.120502889156e-01  -5.753600001335e-01   6.409009434272e-10   2.330132531370e-09   2.665739184948e-09   2.685248091439e-06   6.409978658972e-10   6.235323368742e-10 
  1.047482416034e-01  -1.957960724831e-01  -4.948015213013e-01   6.700733301557e-10   8.142401683453e-13   1.357144891258e-19   6.337064206718e-10   1.724700808836e-07   6.410545982938e-10 
 -6.631708145142e-02  -2.230056524277e-01  -5.769259929657e-01   2.640485945449e-06   6.701442178958e-10   6.409694996989e-10   1.680083369138e-04   2.330132531370e-09   6.664347962371e-10 
 -1.704226434231e-01  -2.589907348156e-01  -7.176672816277e-01   0.000000000000e+00  -2.120502889156e-01  -5.753600001335e-01   6.409690556097e-10   8.142401683453e-13   1.356847106238e-19 
 -8.185669034719e-02  -2.253013998270e-01  -7.230426669121e-01   1.047482416034e-01  -1.957960724831e-01  -4.948015213013e-01   6.409689445874e-10   6.409690556097e-10   6.409690556097e-10 
 -7.102574408054e-02  -1.887463927269e-01  -3.986146450043e-01  -6.631708145142e-02  -2.230056524277e-01  -5.769259929657e-01   1.356847106238e-19   6.336922098171e-10   6.409690556097e-10 
 -1.704226434231e-01  -2.589907348156e-01  -7.176672816277e-01  -1.704226434231e-01  -2.589907348156e-01  -7.176672816277e-01   0.000000000000e+00   9.783360362053e-02  -4.179362952709e-01 
  0.000000000000e+00   9.783360362053e-02  -4.179362952709e-01  -1.601855307817e-01   4.863995313644e-02  -5.790489912033e-01  -4.041292890906e-02   2.020587772131e-02  -5.620056986809e-01 
 -9.827419370413e-02  -6.618979573250e-02  -7.923927307129e-01   1.032204329967e-01  -7.315681129694e-02  -5.356302261353e-01   1.643858850002e-02  -3.592066059355e-04  -6.104552745819e-01 
 -4.164016991854e-02  -1.892833597958e-02  -4.693662524223e-01  -1.263662874699e-01   1.675904728472e-03  -5.319436192513e-01  -1.263662874699e-01   1.675904728472e-03  -5.319436192513e-01 
  0.000000000000e+00   3.690982982516e-02  -4.470206797123e-01   0.000000000000e+00   3.690982982516e-02  -4.470206797123e-01  -1.026156470180e-01   8.886890113354e-02  -5.480998158455e-01 
 -1.229594741017e-02   1.203722506762e-01  -3.853008151054e-01  -1.043269112706e-01   1.037011444569e-01  -4.343153834343e-01  -6.807272136211e-02   5.985948443413e-02  -5.264936089516e-01 
 -8.001475036144e-02   1.287053991109e-02  -9.119110107422e-01   3.948688879609e-02  -1.023047603667e-02  -5.430620312691e-01  -4.445540159941e-02  -3.178174421191e-02  -5.769079327583e-01 
 -4.445540159941e-02  -3.178174421191e-02  -5.769079327583e-01   0.000000000000e+00  -2.442702092230e-02  -5.513983964920e-01   0.000000000000e+00  -2.442702092230e-02  -5.513983964920e-01 
 -1.366904973984e-01  -4.287778586149e-02  -8.291997313499e-01   8.889100700617e-02  -8.930403739214e-02  -5.982441306114e-01   3.358317539096e-02   2.138920314610e-02  -5.980896353722e-01 
 -1.352924853563e-02   5.889443308115e-02  -4.210895895958e-01  -1.203251406550e-01   9.626065194607e-02  -4.580900669098e-01  -8.286473900080e-02   1.016240101308e-02  -5.995246171951e-01 
 -1.239823773503e-01  -2.618013508618e-02  -9.003417491913e-01  -1.239823773503e-01  -2.618013508618e-02  -9.003417491913e-01   0.000000000000e+00   7.301575690508e-02  -3.689803779125e-01 
  0.000000000000e+00   7.301575690508e-02  -3.689803779125e-01  -2.131445705891e-01   6.151285767555e-02  -4.373200833797e-01  -6.270520389080e-02  -5.515828728676e-02  -6.045238971710e-01 
 -9.172292053699e-02  -6.345899403095e-02  -9.462788701057e-01   9.659531712532e-02  -1.037983447313e-01  -6.316584944725e-01   9.658856317401e-03   6.463859230280e-03  -5.721800327301e-01 
 -2.739211544394e-02   5.782973486930e-03  -4.194278419018e-01  -1.316718906164e-01   2.594975940883e-02  -4.516376852989e-01  -1.316718906164e-01   2.594975940883e-02  -4.516376852989e-01 
  0.000000000000e+00  -1.283306181431e-01  -5.121988058090e-01   0.000000000000e+00  -1.283306181431e-01  -5.121988058090e-01  -7.552389800549e-02   6.671898812056e-02  -5.895971655846e-01 
 -1.178105361760e-02   1.363229751587e-01  -4.202064871788e-01  -1.558815389872e-01   1.249375566840e-01  -4.823993444443e-01  -1.215873733163e-01  -3.465012460947e-02  -7.085932493210e-01 
 -1.386653780937e-01  -7.624667137861e-02  -8.791559934616e-01   2.509689331055e-02  -9.804538637400e-02  -5.707001686096e-01  -4.903844371438e-02  -1.411969028413e-02  -6.007684469223e-01 
 -4.903844371438e-02  -1.411969028413e-02  -6.007684469223e-01   0.000000000000e+00  -1.200935468078e-01  -5.284274220467e-01   0.000000000000e+00  -1.200935468078e-01  -5.284274220467e-01 
 -1.343719363213e-01  -1.257705502212e-02  -7.547129392624e-01   4.148080572486e-02   8.956479281187e-02  -5.085780024529e-01   5.230015143752e-02   1.485450565815e-01  -5.050667524338e-01 
 -1.384177990258e-02   1.258066594601e-01  -4.130957126617e-01  -1.365799009800e-01   4.995476827025e-02  -4.613247811794e-01  -1.017987057567e-01  -6.861352920532e-02  -5.562188029289e-01 
 -1.082939356565e-01  -6.023783236742e-02  -6.941962838173e-01  -1.082939356565e-01  -6.023783236742e-02  -6.941962838173e-01   0.000000000000e+00   0.000000000000e+00  -4.050227999687e-01 
  0.000000000000e+00   0.000000000000e+00  -4.050227999687e-01  -2.530681192875e-01   0.000000000000e+00  -5.193820595741e-01  -1.624197512865e-01   0.000000000000e+00  -5.221608281136e-01 
 -4.769741371274e-02   0.000000000000e+00  -8.786438703537e-01   2.093569785357e-01   0.000000000000e+00  -5.299676656723e-01   1.652850806713e-01   0.000000000000e+00  -4.312159121037e-01 
  3.566617146134e-02   0.000000000000e+00  -4.423982799053e-01   2.137012779713e-02   0.000000000000e+00  -4.679256677628e-01   2.137012779713e-02   0.000000000000e+00  -4.679256677628e-01 
  0.000000000000e+00   0.000000000000e+00  -4.050227999687e-01   0.000000000000e+00   0.000000000000e+00  -4.050227999687e-01  -2.530681192875e-01   0.000000000000e+00  -5.193820595741e-01 
 -1.624197512865e-01   0.000000000000e+00  -5.221608281136e-01  -4.769741371274e-02   0.000000000000e+00  -8.786438703537e-01   2.093569785357e-01   0.000000000000e+00  -5.299676656723e-01 
  1.652850806713e-01   0.000000000000e+00  -4.312159121037e-01   3.566617146134e-02   0.000000000000e+00  -4.423982799053e-01   2.137012779713e-02   0.000000000000e+00  -4.679256677628e-01 
  2.137012779713e-02   0.000000000000e+00  -4.679256677628e-01   0.000000000000e+00  -2.120502889156e-01  -5.753600001335e-01   0.000000000000e+00  -2.120502889156e-01  -5.753600001335e-01 
 -8.185669034719e-02  -2.253013998270e-01  -7.230426669121e-01   1.047482416034e-01  -1.957960724831e-01  -4.948015213013e-01  -1.629222370684e-02  -1.917648911476e-01  -4.421570897102e-01 
 -7.102574408054e-02  -1.887463927269e-01  -3.986146450043e-01  -6.631708145142e-02  -2.230056524277e-01  -5.769259929657e-01  -8.841398358345e-02  -2.324494719505e-01  -5.577591061592e-01 
 -1.704226434231e-01  -2.589907348156e-01  -7.176672816277e-01  -1.704226434231e-01  -2.589907348156e-01  -7.176672816277e-01   0.000000000000e+00  -2.120502889156e-01  -5.753600001335e-01 
  0.000000000000e+00  -2.120502889156e-01  -5.753600001335e-01  -8.185669034719e-02  -2.253013998270e-01  -7.230426669121e-01   1.047482416034e-01  -1.957960724831e-01  -4.948015213013e-01 
 -1.629222370684e-02  -1.917648911476e-01  -4.421570897102e-01  -7.102574408054e-02  -1.887463927269e-01  -3.986146450043e-01  -6.631708145142e-02  -2.230056524277e-01  -5.769259929657e-01 
 -8.841398358345e-02  -2.324494719505e-01  -5.577591061592e-01  -1.704226434231e-01  -2.589907348156e-01  -7.176672816277e-01  -1.704226434231e-01  -2.589907348156e-01  -7.176672816277e-01 
  0.000000000000e+00   9.783360362053e-02  -4.179362952709e-01   0.000000000000e+00   9.783360362053e-02  -4.179362952709e-01  -1.601855307817e-01   4.863995313644e-02  -5.790489912033e-01 
 -4.041292890906e-02   2.020587772131e-02  -5.620056986809e-01  -9.827419370413e-02  -6.618979573250e-02  -7.923927307129e-01   1.032204329967e-01  -7.315681129694e-02  -5.356302261353e-01 
  1.643858850002e-02  -3.592066059355e-04  -6.104552745819e-01  -4.164016991854e-02  -1.892833597958e-02  -4.693662524223e-01  -1.263662874699e-01   1.675904728472e-03  -5.319436192513e-01 
 -1.263662874699e-01   1.675904728472e-03  -5.319436192513e-01   0.000000000000e+00   3.690982982516e-02  -4.470206797123e-01   0.000000000000e+00   3.690982982516e-02  -4.470206797123e-01 
 -1.026156470180e-01   8.886890113354e-02  -5.480998158455e-01  -1.229594741017e-02   1.203722506762e-01  -3.853008151054e-01  -1.043269112706e-01   1.037011444569e-01  -4.343153834343e-01 
 -6.807272136211e-02   5.985948443413e-02  -5.264936089516e-01  -8.001475036144e-02   1.287053991109e-02  -9.119110107422e-01   3.948688879609e-02  -1.023047603667e-02  -5.430620312691e-01 
 -4.445540159941e-02  -3.178174421191e-02  -5.769079327583e-01  -4.445540159941e-02  -3.178174421191e-02  -5.769079327583e-01   0.000000000000e+00  -2.442702092230e-02  -5.513983964920e-01 
  0.000000000000e+00  -2.442702092230e-02  -5.513983964920e-01  -1.366904973984e-01  -4.287778586149e-02  -8.291997313499e-01   8.889100700617e-02  -8.930403739214e-02  -5.982441306114e-01 
  3.358317539096e-02   2.138920314610e-02  -5.980896353722e-01  -1.352924853563e-02   5.889443308115e-02  -4.210895895958e-01  -1.203251406550e-01   9.626065194607e-02  -4.580900669098e-01 
 -8.286473900080e-02   1.016240101308e-02  -5.995246171951e-01  -1.239823773503e-01  -2.618013508618e-02  -9.003417491913e-01  -1.239823773503e-01  -2.618013508618e-02  -9.003417491913e-01 
  0.000000000000e+00   7.301575690508e-02  -3.689803779125e-01   0.000000000000e+00   7.301575690508e-02  -3.689803779125e-01  -2.131445705891e-01   6.151285767555e-02  -4.373200833797e-01 
 -6.270520389080e-02  -5.515828728676e-02  -6.045238971710e-01  -9.172292053699e-02  -6.345899403095e-02  -9.462788701057e-01   9.659531712532e-02  -1.037983447313e-01  -6.316584944725e-01 
  9.658856317401e-03   6.463859230280e-03  -5.721800327301e-01  -2.739211544394e-02   5.782973486930e-03  -4.194278419018e-01  -1.316718906164e-01   2.594975940883e-02  -4.516376852989e-01 
 -1.316718906164e-01   2.594975940883e-02  -4.516376852989e-01   0.000000000000e+00  -1.283306181431e-01  -5.121988058090e-01   0.000000000000e+00  -1.283306181431e-01  -5.121988058090e-01 
 -7.552389800549e-02   6.671898812056e-02  -5.895971655846e-01  -1.178105361760e-02   1.363229751587e-01  -4.202064871788e-01  -1.558815389872e-01   1.249375566840e-01  -4.823993444443e-01 
 -1.215873733163e-01  -3.465012460947e-02  -7.085932493210e-01  -1.386653780937e-01  -7.624667137861e-02  -8.791559934616e-01   2.509689331055e-02  -9.804538637400e-02  -5.707001686096e-01 
 -4.903844371438e-02  -1.411969028413e-02  -6.007684469223e-01  -4.903844371438e-02  -1.411969028413e-02  -6.007684469223e-01   0.000000000000e+00  -1.200935468078e-01  -5.284274220467e-01 
  0.000000000000e+00  -1.200935468078e-01  -5.284274220467e-01  -1.343719363213e-01  -1.257705502212e-02  -7.547129392624e-01   4.148080572486e-02   8.956479281187e-02  -5.085780024529e-01 
  5.230015143752e-02   1.485450565815e-01  -5.050667524338e-01  -1.384177990258e-02   1.258066594601e-01  -4.130957126617e-01  -1.365799009800e-01   4.995476827025e-02  -4.613247811794e-01 
 -1.017987057567e-01  -6.861352920532e-02  -5.562188029289e-01  -1.082939356565e-01  -6.023783236742e-02  -6.941962838173e-01  -1.082939356565e-01  -6.023783236742e-02  -6.941962838173e-01 
  0.000000000000e+00   0.000000000000e+00  -4.050227999687e-01   0.000000000000e+00   0.000000000000e+00  -4.050227999687e-01  -2.530681192875e-01   0.000000000000e+00  -5.193820595741e-01 
 -1.624197512865e-01   0.000000000000e+00  -5.221608281136e-01  -4.769741371274e-02   0.000000000000e+00  -8.786438703537e-01   2.093569785357e-01   0.000000000000e+00  -5.299676656723e-01 
  1.652850806713e-01   0.000000000000e+00  -4.312159121037e-01   3.566617146134e-02   0.000000000000e+00  -4.423982799053e-01   2.137012779713e-02   0.000000000000e+00  -4.679256677628e-01 
  2.137012779713e-02   0.000000000000e+00  -4.679256677628e-01   0.000000000000e+00   0.000000000000e+00  -4.050227999687e-01   0.000000000000e+00   0.000000000000e+00  -4.050227999687e-01 
 -2.530681192875e-01   0.000000000000e+00  -5.193820595741e-01  -1.624197512865e-01   0.000000000000e+00  -5.221608281136e-01  -4.769741371274e-02   0.000000000000e+00  -8.786438703537e-01 
  2.093569785357e-01   0.000000000000e+00  -5.299676656723e-01   1.652850806713e-01   0.000000000000e+00  -4.312159121037e-01   3.566617146134e-02   0.000000000000e+00  -4.423982799053e-01 
  2.137012779713e-02   0.000000000000e+00  -4.679256677628e-01   2.137012779713e-02   0.000000000000e+00  -4.679256677628e-01   0.000000000000e+00  -2.405807673931e-01  -8.156843185425e-01 
  0.000000000000e+00  -2.405807673931e-01  -8.156843185425e-01  -8.621820062399e-02  -2.469652146101e-01  -8.140529990196e-01  -2.527154609561e-02  -2.473276406527e-01  -8.821603655815e-01 
 -3.334656357765e-02  -2.576999366283e-01  -9.110482335091e-01  -4.197981581092e-02  -2.666827440262e-01  -9.561004042625e-01  -5.501700192690e-02  -2.722432017326e-01  -8.978819251060e-01 
 -3.487073257565e-02  -2.775967419147e-01  -8.383285403252e-01  -4.115710034966e-02  -2.794634699821e-01  -7.588115930557e-01  -4.115710034966e-02  -2.794634699821e-01  -7.588115930557e-01 
  0.000000000000e+00  -2.405807673931e-01  -8.156843185425e-01   0.000000000000e+00  -2.405807673931e-01  -8.156843185425e-01  -8.621820062399e-02  -2.469652146101e-01  -8.140529990196e-01 
 -2.527154609561e-02  -2.473276406527e-01  -8.821603655815e-01  -3.334656357765e-02  -2.576999366283e-01  -9.110482335091e-01  -4.197981581092e-02  -2.666827440262e-01  -9.561004042625e-01 
 -5.501700192690e-02  -2.722432017326e-01  -8.978819251060e-01  -3.487073257565e-02  -2.775967419147e-01  -8.383285403252e-01  -4.115710034966e-02  -2.794634699821e-01  -7.588115930557e-01 
 -4.115710034966e-02  -2.794634699821e-01  -7.588115930557e-01   0.000000000000e+00   3.726045787334e-02  -9.152523875237e-01   0.000000000000e+00   3.726045787334e-02  -9.152523875237e-01 
 -9.544942528009e-02   4.476743564010e-02  -8.713443279266e-01  -3.209239244461e-02   5.208687484264e-02  -8.493629097939e-01  -3.451661393046e-02   5.702296271920e-02  -7.794109582901e-01 
 -3.784131631255e-02   5.225641280413e-02  -9.152875542641e-01  -3.492404520512e-02   3.420606628060e-02  -9.364283680916e-01  -2.853559702635e-02   1.346491649747e-02  -9.578168988228e-01 
 -3.374503552914e-02   1.129112672061e-02  -9.513621330261e-01  -3.374503552914e-02   1.129112672061e-02  -9.513621330261e-01   0.000000000000e+00   7.230676244944e-03  -8.271651864052e-01 
  0.000000000000e+00   7.230676244944e-03  -8.271651864052e-01  -9.635956585407e-02  -7.233461365104e-04  -7.733139395714e-01  -4.607352614403e-02  -1.718684099615e-02  -9.063060879707e-01 
 -4.354500770569e-02  -1.188641507179e-02  -9.691849946976e-01  -3.396043553948e-02   5.730456672609e-03  -9.158890843391e-01  -3.300304338336e-02   1.745992153883e-02  -7.092206478119e-01 
 -3.681831806898e-02   3.596312925220e-02  -8.509331345558e-01  -2.813300676644e-02   4.600740969181e-02  -8.450122475624e-01  -2.813300676644e-02   4.600740969181e-02  -8.450122475624e-01 
  0.000000000000e+00   5.604464188218e-02  -7.085569500923e-01   0.000000000000e+00   5.604464188218e-02  -7.085569500923e-01  -9.739189594984e-02   5.267585068941e-02  -5.961984395981e-01 
 -4.635989293456e-02   5.566902831197e-02  -8.366732597351e-01  -3.611994907260e-02   5.254912003875e-02  -9.088372588158e-01  -3.330624848604e-02   4.679159820080e-02  -9.520014524460e-01 
 -3.725000843406e-02   4.196082800627e-02  -9.347674846649e-01  -2.471137233078e-02   5.583097413182e-02  -8.715036511421e-01  -2.877383306623e-02   5.436161160469e-02  -6.661528348923e-01 
 -2.877383306623e-02   5.436161160469e-02  -6.661528348923e-01   0.000000000000e+00  -1.960079371929e-02  -8.840485215187e-01   0.000000000000e+00  -1.960079371929e-02  -8.840485215187e-01 
 -9.925301373005e-02  -2.213582396507e-02  -8.899973034859e-01  -3.379300981760e-02  -1.705733500421e-02  -8.959923386574e-01  -4.290760308504e-02  -2.594003267586e-02  -6.755031347275e-01 
 -3.774103522301e-02  -3.539735451341e-02  -8.446998596191e-01  -3.536173328757e-02  -2.194743417203e-02  -9.071204066277e-01  -2.464245818555e-02  -1.813939772546e-02  -9.475172758102e-01 
 -3.009523823857e-02  -2.334165573120e-02  -8.986471891403e-01  -3.009523823857e-02  -2.334165573120e-02  -8.986471891403e-01   0.000000000000e+00  -8.770323358476e-03  -8.185780048370e-01 
  0.000000000000e+00  -8.770323358476e-03  -8.185780048370e-01  -8.644939213991e-02   1.096007507294e-02  -8.549423813820e-01  -2.876985073090e-02   1.623493805528e-02  -9.604757428169e-01 
 -3.780747950077e-02   1.823126710951e-02  -9.378995299339e-01  -3.090401738882e-02   3.080104291439e-02  -8.408208489418e-01  -5.575930699706e-02   1.553460117429e-02  -7.376484274864e-01 
 -4.321491345763e-02  -1.783700077794e-03  -8.552911877632e-01  -2.617180719972e-02  -4.297664418118e-05  -8.550948500633e-01  -2.617180719972e-02  -4.297664418118e-05  -8.550948500633e-01 
  0.000000000000e+00  -2.338968217373e-02  -7.239632010460e-01   0.000000000000e+00  -2.338968217373e-02  -7.239632010460e-01  -9.816354513168e-02  -2.492151781917e-02  -6.432280540466e-01 
 -2.670993097126e-02  -2.234235964715e-02  -8.647639751434e-01  -1.468903105706e-02   7.026270031929e-03  -9.346435070038e-01  -1.169033255428e-02   1.550974231213e-02  -9.515715241432e-01 
 -4.403224587440e-02   9.062063880265e-03  -9.357442855835e-01  -3.490684181452e-02   7.712901569903e-03  -8.395693898201e-01  -1.792516745627e-02   1.868436671793e-02  -6.830584406853e-01 
 -1.792516745627e-02   1.868436671793e-02  -6.830584406853e-01   0.000000000000e+00   0.000000000000e+00  -8.720503449440e-01   0.000000000000e+00   0.000000000000e+00  -8.720503449440e-01 
 -1.161333546042e-01   0.000000000000e+00  -8.490634560585e-01  -3.680265694857e-02   0.000000000000e+00  -8.027541041374e-01  -3.377421526238e-03   0.000000000000e+00  -6.421467065811e-01 
  4.304245579988e-03   0.000000000000e+00  -8.839264512062e-01  -2.513178251684e-02   0.000000000000e+00  -9.795879125595e-01  -1.665948703885e-02   0.000000000000e+00  -9.240872263908e-01 
 -2.389724366367e-03   0.000000000000e+00  -8.862100839615e-01  -2.389724366367e-03   0.000000000000e+00  -8.862100839615e-01   0.000000000000e+00   0.000000000000e+00  -8.720503449440e-01 
  0.000000000000e+00   0.000000000000e+00  -8.720503449440e-01  -1.161333546042e-01   0.000000000000e+00  -8.490634560585e-01  -3.680265694857e-02   0.000000000000e+00  -8.027541041374e-01 
 -3.377421526238e-03   0.000000000000e+00  -6.421467065811e-01   4.304245579988e-03   0.000000000000e+00  -8.839264512062e-01  -2.513178251684e-02   0.000000000000e+00  -9.795879125595e-01 
 -1.665948703885e-02   0.000000000000e+00  -9.240872263908e-01  -2.389724366367e-03   0.000000000000e+00  -8.862100839615e-01  -2.389724366367e-03   0.000000000000e+00  -8.862100839615e-01 
  0.000000000000e+00  -1.792781203985e-01  -4.907775819302e-01   0.000000000000e+00  -1.792781203985e-01  -4.907775819302e-01  -7.264287769794e-02  -2.000903189182e-01  -7.166029214859e-01 
 -4.627934470773e-02  -2.149630486965e-01  -9.069026112556e-01  -3.158714249730e-02  -2.238041907549e-01  -8.936377763748e-01  -2.647701837122e-02  -2.290260046721e-01  -8.770428299904e-01 
 -2.951461635530e-02  -2.354150414467e-01  -8.812062144279e-01  -2.486461773515e-02  -2.411359399557e-01  -8.660145998001e-01  -1.790964975953e-02  -2.452076822519e-01  -8.550605773926e-01 
 -1.790964975953e-02  -2.452076822519e-01  -8.550605773926e-01   0.000000000000e+00  -1.792781203985e-01  -4.907775819302e-01   0.000000000000e+00  -1.792781203985e-01  -4.907775819302e-01 
 -7.264287769794e-02  -2.000903189182e-01  -7.166029214859e-01  -4.627934470773e-02  -2.149630486965e-01  -9.069026112556e-01  -3.158714249730e-02  -2.238041907549e-01  -8.936377763748e-01 
 -2.647701837122e-02  -2.290260046721e-01  -8.770428299904e-01  -2.951461635530e-02  -2.354150414467e-01  -8.812062144279e-01  -2.486461773515e-02  -2.411359399557e-01  -8.660145998001e-01 
 -1.790964975953e-02  -2.452076822519e-01  -8.550605773926e-01  -1.790964975953e-02  -2.452076822519e-01  -8.550605773926e-01   0.000000000000e+00   6.747671216726e-02  -4.644819200039e-01 
  0.000000000000e+00   6.747671216726e-02  -4.644819200039e-01  -7.845071703196e-02   7.839610427618e-02  -7.119065523148e-01  -4.873532056808e-02   7.993298023939e-02  -9.021931290627e-01 
 -3.437851369381e-02   7.869590073824e-02  -9.051252603531e-01  -2.589478157461e-02   7.542158663273e-02  -8.898181319237e-01  -2.397518977523e-02   7.417781651020e-02  -8.885352611542e-01 
 -1.522094290704e-02   7.961087673903e-02  -8.678001761436e-01  -1.216942071915e-02   8.232564479113e-02  -8.549590110779e-01  -1.216942071915e-02   8.232564479113e-02  -8.549590110779e-01 
  0.000000000000e+00  -3.723423182964e-02  -4.549132883549e-01   0.000000000000e+00  -3.723423182964e-02  -4.549132883549e-01  -7.958547025919e-02  -4.909992218018e-02  -7.033386826515e-01 
 -3.947510570288e-02  -3.388660028577e-02  -8.806195855141e-01  -2.883345447481e-02  -2.864406630397e-02  -8.720512390137e-01  -3.345457836986e-02  -3.751328960061e-02  -8.801297545433e-01 
 -3.146521002054e-02  -4.425198584795e-02  -8.708986639977e-01  -1.614333316684e-02  -3.458898887038e-02  -8.629440665245e-01  -1.497589796782e-02  -3.171029686928e-02  -8.609332442284e-01 
 -1.497589796782e-02  -3.171029686928e-02  -8.609332442284e-01   0.000000000000e+00   4.443202912807e-02  -4.734596908092e-01   0.000000000000e+00   4.443202912807e-02  -4.734596908092e-01 
 -7.335992902517e-02   4.319667443633e-02  -6.959559321404e-01  -3.701479360461e-02   4.379656538367e-02  -8.880029916763e-01  -3.058866225183e-02   4.239320755005e-02  -9.002649188042e-01 
 -2.332540415227e-02   5.267722159624e-02  -8.795731067657e-01  -2.540695294738e-02   5.874929949641e-02  -8.703269958496e-01  -2.608437091112e-02   4.877217113972e-02  -8.782517313957e-01 
 -2.214505337179e-02   4.160548001528e-02  -8.582253456116e-01  -2.214505337179e-02   4.160548001528e-02  -8.582253456116e-01   0.000000000000e+00  -8.200143463910e-03  -4.249355792999e-01 
  0.000000000000e+00  -8.200143463910e-03  -4.249355792999e-01  -7.623130083084e-02  -1.025878451765e-02  -6.923933625221e-01  -4.922019690275e-02  -2.256502397358e-02  -8.951017260551e-01 
 -4.171904176474e-02  -2.924975380301e-02  -8.866604566574e-01  -2.137696184218e-02  -2.525790408254e-02  -8.845928907394e-01  -2.207454293966e-02  -1.920555345714e-02  -8.840566277504e-01 
 -1.627941057086e-02  -1.538795046508e-02  -8.622305989265e-01  -1.371451932937e-02  -7.012055255473e-03  -8.523157835007e-01  -1.371451932937e-02  -7.012055255473e-03  -8.523157835007e-01 
  0.000000000000e+00  -2.310176612809e-03  -4.659084677696e-01   0.000000000000e+00  -2.310176612809e-03  -4.659084677696e-01  -7.054156064987e-02   5.003039725125e-03  -7.109295129776e-01 
 -3.593314066529e-02   1.821676827967e-02  -8.828718662262e-01  -3.259722143412e-02   2.648172900081e-02  -8.870598077774e-01  -3.465558588505e-02   1.269189734012e-02  -9.007123708725e-01 
 -3.011578507721e-02   4.994891583920e-03  -8.827858567238e-01  -1.868179440498e-02   1.771979499608e-03  -8.699419498444e-01  -1.379774790257e-02   3.085816744715e-03  -8.577103018761e-01 
 -1.379774790257e-02   3.085816744715e-03  -8.577103018761e-01   0.000000000000e+00  -1.704257912934e-02  -4.623977541924e-01   0.000000000000e+00  -1.704257912934e-02  -4.623977541924e-01 
 -7.080212980509e-02  -1.839428395033e-02  -6.933925747871e-01  -3.383152559400e-02  -1.151357404888e-02  -8.801513910294e-01  -2.369944006205e-02  -4.729292704724e-04  -9.020030498505e-01 
 -1.735297590494e-02   1.019058190286e-02  -8.904784321785e-01  -2.665888704360e-02   1.133164670318e-02  -8.832290172577e-01  -3.080280311406e-02  -6.750642205589e-04  -8.855420947075e-01 
 -1.953633129597e-02  -7.128627970815e-03  -8.641598224640e-01  -1.953633129597e-02  -7.128627970815e-03  -8.641598224640e-01   0.000000000000e+00   0.000000000000e+00  -4.563696086407e-01 
  0.000000000000e+00   0.000000000000e+00  -4.563696086407e-01  -7.504544407129e-02   0.000000000000e+00  -7.117318511009e-01  -5.231721326709e-02   0.000000000000e+00  -8.917964696884e-01 
 -2.946771867573e-02   0.000000000000e+00  -8.737780451775e-01   2.479315269738e-03   0.000000000000e+00  -8.683312535286e-01  -1.882299035788e-02   0.000000000000e+00  -9.021959900856e-01 
 -2.870612218976e-02   0.000000000000e+00  -8.983095288277e-01  -9.101737290621e-03   0.000000000000e+00  -8.736974000931e-01  -9.101737290621e-03   0.000000000000e+00  -8.736974000931e-01 
  0.000000000000e+00   0.000000000000e+00  -4.563696086407e-01   0.000000000000e+00   0.000000000000e+00  -4.563696086407e-01  -7.504544407129e-02   0.000000000000e+00  -7.117318511009e-01 
 -5.231721326709e-02   0.000000000000e+00  -8.917964696884e-01  -2.946771867573e-02   0.000000000000e+00  -8.737780451775e-01   2.479315269738e-03   0.000000000000e+00  -8.683312535286e-01 
 -1.882299035788e-02   0.000000000000e+00  -9.021959900856e-01  -2.870612218976e-02   0.000000000000e+00  -8.983095288277e-01  -9.101737290621e-03   0.000000000000e+00  -8.736974000931e-01 
 -9.101737290621e-03   0.000000000000e+00  -8.736974000931e-01   0.000000000000e+00  -1.475303620100e-01  -5.092278122902e-01   0.000000000000e+00  -1.475303620100e-01  -5.092278122902e-01 
 -3.879781812429e-02  -1.592804640532e-01  -7.416609525681e-01  -3.017638809979e-02  -1.693712323904e-01  -9.245794415474e-01  -2.586502768099e-02  -1.775006800890e-01  -9.144027233124e-01 
 -2.487201057374e-02  -1.838781386614e-01  -9.117012023926e-01  -1.939323730767e-02  -1.882387846708e-01  -9.047593474388e-01  -1.572259888053e-02  -1.923621445894e-01  -8.963724374771e-01 
 -8.732495829463e-03  -1.949172765017e-01  -8.882122635841e-01  -8.732495829463e-03  -1.949172765017e-01  -8.882122635841e-01   0.000000000000e+00  -1.475303620100e-01  -5.092278122902e-01 
  0.000000000000e+00  -1.475303620100e-01  -5.092278122902e-01  -3.879781812429e-02  -1.592804640532e-01  -7.416609525681e-01  -3.017638809979e-02  -1.693712323904e-01  -9.245794415474e-01 
 -2.586502768099e-02  -1.775006800890e-01  -9.144027233124e-01  -2.487201057374e-02  -1.838781386614e-01  -9.117012023926e-01  -1.939323730767e-02  -1.882387846708e-01  -9.047593474388e-01 
 -1.572259888053e-02  -1.923621445894e-01  -8.963724374771e-01  -8.732495829463e-03  -1.949172765017e-01  -8.882122635841e-01  -8.732495829463e-03  -1.949172765017e-01  -8.882122635841e-01 
  0.000000000000e+00   1.028331294656e-01  -4.642501175404e-01   0.000000000000e+00   1.028331294656e-01  -4.642501175404e-01  -4.113593325019e-02   1.178120076656e-01  -7.201716303825e-01 
 -3.238727524877e-02   1.178073137999e-01  -9.208232164383e-01  -2.528542838991e-02   1.209908574820e-01  -9.086180925369e-01  -2.529149316251e-02   1.146979928017e-01  -9.066751599312e-01 
 -1.891956664622e-02   1.126427948475e-01  -9.014437794685e-01  -1.442876923829e-02   1.137072890997e-01  -8.991339206696e-01  -7.770197000355e-03   1.142317950726e-01  -8.972720503807e-01 
 -7.770197000355e-03   1.142317950726e-01  -8.972720503807e-01   0.000000000000e+00  -5.516717582941e-02  -5.048997402191e-01   0.000000000000e+00  -5.516717582941e-02  -5.048997402191e-01 
 -4.006609693170e-02  -6.608532369137e-02  -7.239985466003e-01  -3.404937684536e-02  -6.405809521675e-02  -8.999155163765e-01  -2.327768318355e-02  -6.050450354815e-02  -8.962233066559e-01 
 -2.248259261250e-02  -6.208743527532e-02  -8.878175020218e-01  -2.165605500340e-02  -6.130552291870e-02  -8.761211037636e-01  -1.495980005711e-02  -5.765562504530e-02  -8.741661310196e-01 
 -8.191948756576e-03  -5.606591328979e-02  -8.685220479965e-01  -8.191948756576e-03  -5.606591328979e-02  -8.685220479965e-01   0.000000000000e+00   3.939741104841e-02  -4.897783696651e-01 
  0.000000000000e+00   3.939741104841e-02  -4.897783696651e-01  -4.135009273887e-02   3.528292849660e-02  -7.197121977806e-01  -3.121300041676e-02   3.712382912636e-02  -9.104031920433e-01 
 -2.377297915518e-02   3.718583285809e-02  -9.051104187965e-01  -2.203984186053e-02   3.813071548939e-02  -9.025294780731e-01  -1.732164248824e-02   4.153520613909e-02  -8.981932401657e-01 
 -1.463155634701e-02   4.190674051642e-02  -8.887896537781e-01  -1.053092256188e-02   4.011194035411e-02  -8.768888711929e-01  -1.053092256188e-02   4.011194035411e-02  -8.768888711929e-01 
  0.000000000000e+00  -1.687094941735e-02  -4.625449776649e-01   0.000000000000e+00  -1.687094941735e-02  -4.625449776649e-01  -3.763300180435e-02  -1.650875993073e-02  -7.132615447044e-01 
 -3.201603144407e-02  -1.731055416167e-02  -9.139740467072e-01  -2.530489675701e-02  -1.958708465099e-02  -8.948507905006e-01  -2.194947190583e-02  -1.786585338414e-02  -8.910539150238e-01 
 -1.803615689278e-02  -1.470517087728e-02  -8.877346515656e-01  -1.442537643015e-02  -9.671917185187e-03  -8.854765295982e-01  -7.567978464067e-03  -7.159720640630e-03  -8.816299438477e-01 
 -7.567978464067e-03  -7.159720640630e-03  -8.816299438477e-01   0.000000000000e+00   9.858704870567e-04  -5.046776533127e-01   0.000000000000e+00   9.858704870567e-04  -5.046776533127e-01 
 -3.841057792306e-02   4.411099478602e-03  -7.317272424698e-01  -2.982790768147e-02   5.275219678879e-03  -9.201408624649e-01  -2.013258263469e-02   9.191417135298e-03  -9.112707972527e-01 
 -1.994321681559e-02   1.078391168267e-02  -8.980380296707e-01  -1.979636773467e-02   9.293608367443e-03  -8.856052756310e-01  -1.671990007162e-02   7.630981970578e-03  -8.809617757797e-01 
 -9.775069542229e-03   6.489158608019e-03  -8.728164434433e-01  -9.775069542229e-03   6.489158608019e-03  -8.728164434433e-01   0.000000000000e+00  -8.126670494676e-03  -4.977255165577e-01 
  0.000000000000e+00  -8.126670494676e-03  -4.977255165577e-01  -4.140910878778e-02  -7.875092327595e-03  -7.307912111282e-01  -3.066854365170e-02  -7.494536228478e-03  -9.123612046242e-01 
 -1.737616583705e-02  -2.990038599819e-03  -9.072283506393e-01  -1.408418174833e-02   2.836538013071e-03  -9.016985893250e-01  -1.316730491817e-02   6.723006255925e-03  -8.923008441925e-01 
 -1.614683121443e-02   6.929223425686e-03  -8.784650564194e-01  -1.006317324936e-02   6.184370256960e-03  -8.581967353821e-01  -1.006317324936e-02   6.184370256960e-03  -8.581967353821e-01 
  0.000000000000e+00   0.000000000000e+00  -4.853185117245e-01   0.000000000000e+00   0.000000000000e+00  -4.853185117245e-01  -4.294186830521e-02   0.000000000000e+00  -7.366167902946e-01 
 -3.584684804082e-02   0.000000000000e+00  -9.096923470497e-01  -2.195531874895e-02   0.000000000000e+00  -8.953321576118e-01  -1.003017369658e-02   0.000000000000e+00  -8.984678983688e-01 
 -7.637141738087e-03   0.000000000000e+00  -8.933167457581e-01  -1.460329350084e-02   0.000000000000e+00  -8.806536793709e-01  -6.819295696914e-03   0.000000000000e+00  -8.736596107483e-01 
 -6.819295696914e-03   0.000000000000e+00  -8.736596107483e-01   0.000000000000e+00   0.000000000000e+00  -4.853185117245e-01   0.000000000000e+00   0.000000000000e+00  -4.853185117245e-01 
 -4.294186830521e-02   0.000000000000e+00  -7.366167902946e-01  -3.584684804082e-02   0.000000000000e+00  -9.096923470497e-01  -2.195531874895e-02   0.000000000000e+00  -8.953321576118e-01 
 -1.003017369658e-02   0.000000000000e+00  -8.984678983688e-01  -7.637141738087e-03   0.000000000000e+00  -8.933167457581e-01  -1.460329350084e-02   0.000000000000e+00  -8.806536793709e-01 
 -6.819295696914e-03   0.000000000000e+00  -8.736596107483e-01  -6.819295696914e-03   0.000000000000e+00  -8.736596107483e-01   0.000000000000e+00  -1.297027170658e-01  -4.951336085796e-01 
  0.000000000000e+00  -1.297027170658e-01  -4.951336085796e-01  -1.799582876265e-02  -1.446653008461e-01  -7.148334980011e-01  -2.562121488154e-02  -1.549671143293e-01  -9.155352711678e-01 
 -1.604005321860e-02  -1.614485681057e-01  -9.076660871506e-01  -1.862765848637e-02  -1.675520986319e-01  -9.000825881958e-01  -1.233587507159e-02  -1.712155044079e-01  -8.932965993881e-01 
 -9.615046903491e-03  -1.741945296526e-01  -8.863666653633e-01  -5.037412978709e-03  -1.758824586868e-01  -8.817901611328e-01  -5.037412978709e-03  -1.758824586868e-01  -8.817901611328e-01 
  0.000000000000e+00  -1.297027170658e-01  -4.951336085796e-01   0.000000000000e+00  -1.297027170658e-01  -4.951336085796e-01  -1.799582876265e-02  -1.446653008461e-01  -7.148334980011e-01 
 -2.562121488154e-02  -1.549671143293e-01  -9.155352711678e-01  -1.604005321860e-02  -1.614485681057e-01  -9.076660871506e-01  -1.862765848637e-02  -1.675520986319e-01  -9.000825881958e-01 
 -1.233587507159e-02  -1.712155044079e-01  -8.932965993881e-01  -9.615046903491e-03  -1.741945296526e-01  -8.863666653633e-01  -5.037412978709e-03  -1.758824586868e-01  -8.817901611328e-01 
 -5.037412978709e-03  -1.758824586868e-01  -8.817901611328e-01   0.000000000000e+00   1.175905317068e-01  -4.321926236153e-01   0.000000000000e+00   1.175905317068e-01  -4.321926236153e-01 
 -1.813808269799e-02   1.245724111795e-01  -6.812317967415e-01  -2.644563280046e-02   1.264064311981e-01  -9.163082838058e-01  -1.565253548324e-02   1.294478476048e-01  -9.078383445740e-01 
 -1.834579184651e-02   1.290463507175e-01  -9.000545144081e-01  -1.194254960865e-02   1.307687908411e-01  -8.928748965263e-01  -8.878667838871e-03   1.337257325649e-01  -8.863115310669e-01 
 -4.644840024412e-03   1.349157243967e-01  -8.822818994522e-01  -4.644840024412e-03   1.349157243967e-01  -8.822818994522e-01   0.000000000000e+00  -6.169623881578e-02  -4.594303965569e-01 
  0.000000000000e+00  -6.169623881578e-02  -4.594303965569e-01  -1.559044420719e-02  -6.667324900627e-02  -6.871765851974e-01  -2.793857455254e-02  -6.657618284225e-02  -8.851746916771e-01 
 -1.510443910956e-02  -6.517813354731e-02  -8.762429356575e-01  -1.823479868472e-02  -6.604216247797e-02  -8.709763884544e-01  -1.318220421672e-02  -6.638202071190e-02  -8.644801974297e-01 
 -9.898168966174e-03  -6.580418348312e-02  -8.587631583214e-01  -4.677002318203e-03  -6.556873023510e-02  -8.545422554016e-01  -4.677002318203e-03  -6.556873023510e-02  -8.545422554016e-01 
  0.000000000000e+00   2.751722373068e-02  -4.424787461758e-01   0.000000000000e+00   2.751722373068e-02  -4.424787461758e-01  -1.736167632043e-02   2.300780825317e-02  -6.850066184998e-01 
 -2.608561143279e-02   2.414272539318e-02  -9.034366011620e-01  -1.484448462725e-02   2.444335445762e-02  -8.947944641113e-01  -1.754244230688e-02   2.509447932243e-02  -8.882500529289e-01 
 -1.203087717295e-02   2.606745809317e-02  -8.827136158943e-01  -9.530265815556e-03   2.631334215403e-02  -8.776750564575e-01  -5.018397700042e-03   2.605976723135e-02  -8.723040223122e-01 
 -5.018397700042e-03   2.605976723135e-02  -8.723040223122e-01   0.000000000000e+00  -1.683304458857e-02  -4.506839811802e-01   0.000000000000e+00  -1.683304458857e-02  -4.506839811802e-01 
 -1.510188728571e-02  -1.422237325460e-02  -6.873114109039e-01  -2.500449493527e-02  -1.247091311961e-02  -8.992581367493e-01  -1.497992593795e-02  -9.817888960242e-03  -8.895362615585e-01 
 -1.767294853926e-02  -7.735870778561e-03  -8.836851119995e-01  -1.199333369732e-02  -6.821953225881e-03  -8.777839541435e-01  -9.402102790773e-03  -5.763928405941e-03  -8.715936541557e-01 
 -4.763314500451e-03  -5.949392914772e-03  -8.675272464752e-01  -4.763314500451e-03  -5.949392914772e-03  -8.675272464752e-01   0.000000000000e+00   6.797790061682e-03  -4.398887455463e-01 
  0.000000000000e+00   6.797790061682e-03  -4.398887455463e-01  -1.647379435599e-02   4.950826987624e-03  -6.794123053551e-01  -2.573218010366e-02   4.099164158106e-03  -8.991268873215e-01 
 -1.449153013527e-02   4.443046171218e-03  -8.927138447762e-01  -1.774094253778e-02   4.225045442581e-03  -8.899787068367e-01  -1.281581353396e-02   3.467331640422e-03  -8.848310709000e-01 
 -1.010364852846e-02   2.906612353399e-03  -8.784514665604e-01  -4.751109052449e-03   2.822893671691e-03  -8.729485869408e-01  -4.751109052449e-03   2.822893671691e-03  -8.729485869408e-01 
  0.000000000000e+00  -3.017721930519e-03  -4.380509257317e-01   0.000000000000e+00  -3.017721930519e-03  -4.380509257317e-01  -1.702167652547e-02  -2.055910183117e-03  -6.775636076927e-01 
 -2.599502541125e-02  -1.545450999402e-03  -8.952115774155e-01  -1.260680798441e-02   1.150379903265e-04  -8.885314464569e-01  -1.640596054494e-02   1.183988177218e-03  -8.882480859756e-01 
 -1.211621053517e-02   1.584835466929e-03  -8.888136744499e-01  -1.049691066146e-02   1.232360838912e-03  -8.855929374695e-01  -5.444709211588e-03   7.931177970022e-04  -8.810238242149e-01 
 -5.444709211588e-03   7.931177970022e-04  -8.810238242149e-01   0.000000000000e+00   0.000000000000e+00  -4.507022500038e-01   0.000000000000e+00   0.000000000000e+00  -4.507022500038e-01 
 -1.788541302085e-02   0.000000000000e+00  -6.862052679062e-01  -2.664699964225e-02   0.000000000000e+00  -8.957104086876e-01  -1.273177936673e-02   0.000000000000e+00  -8.844449520111e-01 
 -1.547452062368e-02   0.000000000000e+00  -8.852348327637e-01  -1.109012030065e-02   0.000000000000e+00  -8.908079266548e-01  -1.043530274183e-02   0.000000000000e+00  -8.894377350807e-01 
 -5.575958639383e-03   0.000000000000e+00  -8.867904543877e-01  -5.575958639383e-03   0.000000000000e+00  -8.867904543877e-01   0.000000000000e+00   0.000000000000e+00  -4.507022500038e-01 
  0.000000000000e+00   0.000000000000e+00  -4.507022500038e-01  -1.788541302085e-02   0.000000000000e+00  -6.862052679062e-01  -2.664699964225e-02   0.000000000000e+00  -8.957104086876e-01 
 -1.273177936673e-02   0.000000000000e+00  -8.844449520111e-01  -1.547452062368e-02   0.000000000000e+00  -8.852348327637e-01  -1.109012030065e-02   0.000000000000e+00  -8.908079266548e-01 
 -1.043530274183e-02   0.000000000000e+00  -8.894377350807e-01  -5.575958639383e-03   0.000000000000e+00  -8.867904543877e-01  -5.575958639383e-03   0.000000000000e+00  -8.867904543877e-01 
  0.000000000000e+00  -9.682131558657e-02  -4.904204010963e-01   0.000000000000e+00  -9.682131558657e-02  -4.904204010963e-01  -1.134673506021e-02  -1.131308376789e-01  -7.133620977402e-01 
 -2.220587246120e-02  -1.230422630906e-01  -9.206156134605e-01  -7.828618399799e-03  -1.288495212793e-01  -9.155073761940e-01  -1.273400243372e-02  -1.350631564856e-01  -9.081826806068e-01 
 -7.105039432645e-03  -1.386114358902e-01  -9.021057486534e-01  -5.693073384464e-03  -1.413902491331e-01  -8.971237540245e-01  -2.572843339294e-03  -1.427319347858e-01  -8.938517570496e-01 
 -2.572843339294e-03  -1.427319347858e-01  -8.938517570496e-01   0.000000000000e+00  -9.682131558657e-02  -4.904204010963e-01   0.000000000000e+00  -9.682131558657e-02  -4.904204010963e-01 
 -1.134673506021e-02  -1.131308376789e-01  -7.133620977402e-01  -2.220587246120e-02  -1.230422630906e-01  -9.206156134605e-01  -7.828618399799e-03  -1.288495212793e-01  -9.155073761940e-01 
 -1.273400243372e-02  -1.350631564856e-01  -9.081826806068e-01  -7.105039432645e-03  -1.386114358902e-01  -9.021057486534e-01  -5.693073384464e-03  -1.413902491331e-01  -8.971237540245e-01 
 -2.572843339294e-03  -1.427319347858e-01  -8.938517570496e-01  -2.572843339294e-03  -1.427319347858e-01  -8.938517570496e-01   0.000000000000e+00   6.565924733877e-02  -4.096762239933e-01 
  0.000000000000e+00   6.565924733877e-02  -4.096762239933e-01  -1.245059072971e-02   5.152227729559e-02  -6.709638237953e-01  -2.295962348580e-02   5.309564247727e-02  -9.293674826622e-01 
 -7.518418133259e-03   5.439878255129e-02  -9.232912063599e-01  -1.247352361679e-02   5.608852580190e-02  -9.166917204857e-01  -6.942956242710e-03   5.728762224317e-02  -9.108823537827e-01 
 -5.380962975323e-03   5.839673429728e-02  -9.064351320267e-01  -2.362082013860e-03   5.898937210441e-02  -9.034814238548e-01  -2.362082013860e-03   5.898937210441e-02  -9.034814238548e-01 
  0.000000000000e+00  -4.263158142567e-02  -4.483903944492e-01   0.000000000000e+00  -4.263158142567e-02  -4.483903944492e-01  -8.047034963965e-03  -3.769695386291e-02  -6.799976229668e-01 
 -2.428473159671e-02  -3.910195454955e-02  -8.961983919144e-01  -7.275886833668e-03  -3.891199082136e-02  -8.901592493057e-01  -1.249688398093e-02  -3.891746327281e-02  -8.835704922676e-01 
 -7.103938143700e-03  -3.904661536217e-02  -8.770064711571e-01  -5.712435115129e-03  -3.923831135035e-02  -8.716864585876e-01  -2.541977679357e-03  -3.942038118839e-02  -8.683834075928e-01 
 -2.541977679357e-03  -3.942038118839e-02  -8.683834075928e-01   0.000000000000e+00   1.484385598451e-02  -4.342341423035e-01   0.000000000000e+00   1.484385598451e-02  -4.342341423035e-01 
 -1.044603530318e-02   1.086144521832e-02  -6.786608099937e-01  -2.260294929147e-02   1.195972505957e-02  -9.126417636871e-01  -7.199340499938e-03   1.207862049341e-02  -9.067422151566e-01 
 -1.221492420882e-02   1.226220931858e-02  -9.005324244499e-01  -6.715526804328e-03   1.259310357273e-02  -8.946728110313e-01  -5.449357442558e-03   1.278880797327e-02  -8.897058367729e-01 
 -2.502427436411e-03   1.280871499330e-02  -8.863659501076e-01  -2.502427436411e-03   1.280871499330e-02  -8.863659501076e-01   0.000000000000e+00  -9.319351986051e-03  -4.360639750957e-01 
  0.000000000000e+00  -9.319351986051e-03  -4.360639750957e-01  -9.467890486121e-03  -7.452485617250e-03  -6.785849928856e-01  -2.269650995731e-02  -7.151714526117e-03  -9.091910719872e-01 
 -7.161862216890e-03  -5.143320187926e-03  -9.031224250793e-01  -1.178889349103e-02  -3.984868526459e-03  -8.964347839355e-01  -6.713927257806e-03  -3.369664773345e-03  -8.904212117195e-01 
 -5.582776851952e-03  -3.045589663088e-03  -8.856291174889e-01  -2.513377461582e-03  -2.967816311866e-03  -8.825032711029e-01  -2.513377461582e-03  -2.967816311866e-03  -8.825032711029e-01 
  0.000000000000e+00   2.305616391823e-03  -4.396497905254e-01   0.000000000000e+00   2.305616391823e-03  -4.396497905254e-01  -1.000149361789e-02   1.619360758923e-03  -6.814596056938e-01 
 -2.265393361449e-02   1.542965066619e-03  -9.119060039520e-01  -7.437046617270e-03   1.614208682440e-03  -9.061151742935e-01  -1.112286560237e-02   2.131250919774e-03  -8.990395665169e-01 
 -6.328184623271e-03   2.425626153126e-03  -8.921679854393e-01  -5.558116827160e-03   2.461123513058e-03  -8.865519762039e-01  -2.721590688452e-03   2.354129450396e-03  -8.832697868347e-01 
 -2.721590688452e-03   2.354129450396e-03  -8.832697868347e-01   0.000000000000e+00  -1.392206759192e-03  -4.396035969257e-01   0.000000000000e+00  -1.392206759192e-03  -4.396035969257e-01 
 -9.962836280465e-03  -1.074164407328e-03  -6.817610263824e-01  -2.271616272628e-02  -9.690949227661e-04  -9.110794067383e-01  -7.376686204225e-03  -4.390408576000e-04  -9.061725139618e-01 
 -1.039767730981e-02   1.951616286533e-04  -9.000324606895e-01  -5.513551179320e-03   8.396496414207e-04  -8.933953642845e-01  -5.166628863662e-03   1.127633615397e-03  -8.873074054718e-01 
 -2.643887419254e-03   1.170981209725e-03  -8.834250569344e-01  -2.643887419254e-03   1.170981209725e-03  -8.834250569344e-01   0.000000000000e+00   0.000000000000e+00  -4.415802359581e-01 
  0.000000000000e+00   0.000000000000e+00  -4.415802359581e-01  -1.025917939842e-02   0.000000000000e+00  -6.838486194611e-01  -2.313894964755e-02   0.000000000000e+00  -9.108458161354e-01 
 -7.782655302435e-03   0.000000000000e+00  -9.057273864746e-01  -1.005486585200e-02   0.000000000000e+00  -9.002151489258e-01  -4.982412327081e-03   0.000000000000e+00  -8.940944671631e-01 
 -4.893095698208e-03   0.000000000000e+00  -8.880671262741e-01  -2.385511994362e-03   0.000000000000e+00  -8.840857148170e-01  -2.385511994362e-03   0.000000000000e+00  -8.840857148170e-01 
  0.000000000000e+00   0.000000000000e+00  -4.415802359581e-01   0.000000000000e+00   0.000000000000e+00  -4.415802359581e-01  -1.025917939842e-02   0.000000000000e+00  -6.838486194611e-01 
 -2.313894964755e-02   0.000000000000e+00  -9.108458161354e-01  -7.782655302435e-03   0.000000000000e+00  -9.057273864746e-01  -1.005486585200e-02   0.000000000000e+00  -9.002151489258e-01 
 -4.982412327081e-03   0.000000000000e+00  -8.940944671631e-01  -4.893095698208e-03   0.000000000000e+00  -8.880671262741e-01  -2.385511994362e-03   0.000000000000e+00  -8.840857148170e-01 
 -2.385511994362e-03   0.000000000000e+00  -8.840857148170e-01   0.000000000000e+00  -3.550664708018e-02  -3.864185810089e-01   0.000000000000e+00  -3.550664708018e-02  -3.864185810089e-01 
 -1.532016880810e-02  -3.941988199949e-02  -6.457794308662e-01  -1.917312480509e-02  -4.801560938358e-02  -9.134107828140e-01  -4.359703511000e-03  -5.193876847625e-02  -9.101983904839e-01 
 -8.737638592720e-03  -5.541094765067e-02  -9.025421738625e-01  -4.580106120557e-03  -5.699290335178e-02  -8.963283300400e-01  -3.584532765672e-03  -5.831035226583e-02  -8.914297223091e-01 
 -1.759430742823e-03  -5.885710939765e-02  -8.887214064598e-01  -1.759430742823e-03  -5.885710939765e-02  -8.887214064598e-01   0.000000000000e+00  -3.550664708018e-02  -3.864185810089e-01 
  0.000000000000e+00  -3.550664708018e-02  -3.864185810089e-01  -1.532016880810e-02  -3.941988199949e-02  -6.457794308662e-01  -1.917312480509e-02  -4.801560938358e-02  -9.134107828140e-01 
 -4.359703511000e-03  -5.193876847625e-02  -9.101983904839e-01  -8.737638592720e-03  -5.541094765067e-02  -9.025421738625e-01  -4.580106120557e-03  -5.699290335178e-02  -8.963283300400e-01 
 -3.584532765672e-03  -5.831035226583e-02  -8.914297223091e-01  -1.759430742823e-03  -5.885710939765e-02  -8.887214064598e-01  -1.759430742823e-03  -5.885710939765e-02  -8.887214064598e-01 
  0.000000000000e+00   3.887958079576e-02  -3.028750121593e-01   0.000000000000e+00   3.887958079576e-02  -3.028750121593e-01  -1.605029776692e-02   1.902536675334e-02  -5.995610952377e-01 
 -1.943525671959e-02   2.066288329661e-02  -9.225640296936e-01  -4.333727527410e-03   2.095174975693e-02  -9.171501398087e-01  -8.537689223886e-03   2.139928750694e-02  -9.108279943466e-01 
 -4.383768886328e-03   2.160004526377e-02  -9.048314690590e-01  -3.385658608750e-03   2.204934693873e-02  -9.001325368881e-01  -1.687608426437e-03   2.231023646891e-02  -8.975754976273e-01 
 -1.687608426437e-03   2.231023646891e-02  -8.975754976273e-01   0.000000000000e+00  -2.518147416413e-02  -3.376985788345e-01   0.000000000000e+00  -2.518147416413e-02  -3.376985788345e-01 
 -1.156411040574e-02  -1.842815801501e-02  -6.116200685501e-01  -2.042562887073e-02  -2.088060975075e-02  -8.988656401634e-01  -4.081517457962e-03  -2.092341706157e-02  -8.933990001678e-01 
 -8.456325158477e-03  -2.080132253468e-02  -8.869287371635e-01  -4.551090765744e-03  -2.090932428837e-02  -8.809380531311e-01  -3.825776744634e-03  -2.105289883912e-02  -8.763641715050e-01 
 -1.721614738926e-03  -2.112915366888e-02  -8.737393021584e-01  -1.721614738926e-03  -2.112915366888e-02  -8.737393021584e-01   0.000000000000e+00   8.534140884876e-03  -3.287095427513e-01 
  0.000000000000e+00   8.534140884876e-03  -3.287095427513e-01  -1.403465773910e-02   5.731363315135e-03  -6.109182834625e-01  -1.904351636767e-02   6.851195823401e-03  -9.097408056259e-01 
 -4.063251893967e-03   6.959225051105e-03  -9.044709205627e-01  -8.176944218576e-03   7.144151255488e-03  -8.981667160988e-01  -4.120688885450e-03   7.512439973652e-03  -8.922653198242e-01 
 -3.386441152543e-03   7.851781323552e-03  -8.876287341118e-01  -1.581232296303e-03   7.979283109307e-03  -8.849653005600e-01  -1.581232296303e-03   7.979283109307e-03  -8.849653005600e-01 
  0.000000000000e+00  -6.305627990514e-03  -3.311678171158e-01   0.000000000000e+00  -6.305627990514e-03  -3.311678171158e-01  -1.329458691180e-02  -4.977278877050e-03  -6.111446022987e-01 
 -1.906413026154e-02  -4.795244429260e-03  -9.064756631851e-01  -3.891403088346e-03  -3.273620270193e-03  -9.014888405800e-01  -8.026323281229e-03  -2.636211924255e-03  -8.957232236862e-01 
 -4.143917001784e-03  -2.253125654534e-03  -8.901325464249e-01  -3.382929135114e-03  -1.955962274224e-03  -8.854787945747e-01  -1.516309683211e-03  -1.824123435654e-03  -8.827428817749e-01 
 -1.516309683211e-03  -1.824123435654e-03  -8.827428817749e-01   0.000000000000e+00   1.815800089389e-03  -3.302808105946e-01   0.000000000000e+00   1.815800089389e-03  -3.302808105946e-01 
 -1.384235918522e-02   1.097645144910e-03  -6.105268001556e-01  -1.930528879166e-02   8.988541085273e-04  -9.074800610542e-01  -3.538292367011e-03   1.280621392652e-03  -9.023538231850e-01 
 -7.231784053147e-03   1.883105142042e-03  -8.968017697334e-01  -3.852502210066e-03   2.131319139153e-03  -8.916848897934e-01  -3.448293311521e-03   2.150502055883e-03  -8.874026536942e-01 
 -1.406980212778e-03   2.239871537313e-03  -8.846126794815e-01  -1.406980212778e-03   2.239871537313e-03  -8.846126794815e-01   0.000000000000e+00  -1.094798906706e-03  -3.306017816067e-01 
  0.000000000000e+00  -1.094798906706e-03  -3.306017816067e-01  -1.377631165087e-02  -7.907579420134e-04  -6.106826066971e-01  -1.956667378545e-02  -8.237533620559e-04  -9.070802330971e-01 
 -3.145319875330e-03  -1.303875615122e-04  -9.020437002182e-01  -6.311940494925e-03   6.301701650955e-04  -8.967182040215e-01  -3.093348117545e-03   1.191926305182e-03  -8.921145200729e-01 
 -2.978129545227e-03   1.431869226508e-03  -8.881960511208e-01  -1.243639038876e-03   1.548389671370e-03  -8.855343461037e-01  -1.243639038876e-03   1.548389671370e-03  -8.855343461037e-01 
  0.000000000000e+00   0.000000000000e+00  -3.311494290829e-01   0.000000000000e+00   0.000000000000e+00  -3.311494290829e-01  -1.403893157840e-02   0.000000000000e+00  -6.114025712013e-01 
 -1.988218165934e-02   0.000000000000e+00  -9.070758223534e-01  -3.313884604722e-03   0.000000000000e+00  -9.018313884735e-01  -6.052037235349e-03   0.000000000000e+00  -8.966855406761e-01 
 -2.644061110914e-03   0.000000000000e+00  -8.924878835678e-01  -2.580400789157e-03   0.000000000000e+00  -8.887354731560e-01  -1.179296756163e-03   0.000000000000e+00  -8.862718939781e-01 
 -1.179296756163e-03   0.000000000000e+00  -8.862718939781e-01   0.000000000000e+00   0.000000000000e+00  -3.311494290829e-01   0.000000000000e+00   0.000000000000e+00  -3.311494290829e-01 
 -1.403893157840e-02   0.000000000000e+00  -6.114025712013e-01  -1.988218165934e-02   0.000000000000e+00  -9.070758223534e-01  -3.313884604722e-03   0.000000000000e+00  -9.018313884735e-01 
 -6.052037235349e-03   0.000000000000e+00  -8.966855406761e-01  -2.644061110914e-03   0.000000000000e+00  -8.924878835678e-01  -2.580400789157e-03   0.000000000000e+00  -8.887354731560e-01 
 -1.179296756163e-03   0.000000000000e+00  -8.862718939781e-01  -1.179296756163e-03   0.000000000000e+00  -8.862718939781e-01   0.000000000000e+00   4.433386027813e-02   7.513329386711e-02 
  0.000000000000e+00   4.433386027813e-02   7.513329386711e-02  -4.353549703956e-02   8.988347835839e-03  -5.686226487160e-02  -2.492976002395e-02   3.817008342594e-03  -9.173967838287e-01 
 -5.038071423769e-03   3.011031774804e-03  -9.114667773247e-01  -8.735561743379e-03   3.022158285603e-03  -9.037632942200e-01  -4.580106586218e-03   2.963463310152e-03  -8.973430395126e-01 
 -3.584532765672e-03   2.997496398166e-03  -8.923516869545e-01  -1.759430742823e-03   3.077374771237e-03  -8.894481062889e-01  -1.759430742823e-03   3.077374771237e-03  -8.894481062889e-01 
  0.000000000000e+00   4.433386027813e-02   7.513329386711e-02   0.000000000000e+00   4.433386027813e-02   7.513329386711e-02  -4.353549703956e-02   8.988347835839e-03  -5.686226487160e-02 
 -2.492976002395e-02   3.817008342594e-03  -9.173967838287e-01  -5.038071423769e-03   3.011031774804e-03  -9.114667773247e-01  -8.735561743379e-03   3.022158285603e-03  -9.037632942200e-01 
 -4.580106586218e-03   2.963463310152e-03  -8.973430395126e-01  -3.584532765672e-03   2.997496398166e-03  -8.923516869545e-01  -1.759430742823e-03   3.077374771237e-03  -8.894481062889e-01 
 -1.759430742823e-03   3.077374771237e-03  -8.894481062889e-01   0.000000000000e+00   9.202930144966e-03   8.143691718578e-02   0.000000000000e+00   9.202930144966e-03   8.143691718578e-02 
 -3.830908238888e-02   1.411414891481e-02  -3.944709524512e-02  -2.389499172568e-02   1.927897334099e-02  -9.237328767776e-01  -4.978826735169e-03   2.089747972786e-02  -9.151067137718e-01 
 -8.535691536963e-03   2.139900624752e-02  -9.090200066566e-01  -4.383769351989e-03   2.160004526377e-02  -9.027890563011e-01  -3.385658608750e-03   2.204934693873e-02  -8.980320692062e-01 
 -1.687608426437e-03   2.231023646891e-02  -8.952677249908e-01  -1.687608426437e-03   2.231023646891e-02  -8.952677249908e-01   0.000000000000e+00  -9.632674045861e-03   7.474084198475e-02 
  0.000000000000e+00  -9.632674045861e-03   7.474084198475e-02  -3.620121255517e-02  -1.403041649610e-02  -5.547944828868e-02  -2.415327355266e-02  -1.943299360573e-02  -9.023955464363e-01 
 -4.743451718241e-03  -2.087506279349e-02  -8.938677310944e-01  -8.454240858555e-03  -2.080136537552e-02  -8.878339529037e-01  -4.551091231406e-03  -2.090932428837e-02  -8.815990686417e-01 
 -3.825776744634e-03  -2.105289883912e-02  -8.766266703606e-01  -1.721614738926e-03  -2.112915366888e-02  -8.736969828606e-01  -1.721614738926e-03  -2.112915366888e-02  -8.736969828606e-01 
  0.000000000000e+00   5.146418232471e-03   8.312200754881e-02   0.000000000000e+00   5.146418232471e-03   8.312200754881e-02  -3.914714977145e-02   5.438890773803e-03  -4.484784230590e-02 
 -2.379384450614e-02   6.552740465850e-03  -9.145460128784e-01  -4.713935311884e-03   6.946037523448e-03  -9.060676097870e-01  -8.174999617040e-03   7.144039962441e-03  -9.002373218536e-01 
 -4.120689351112e-03   7.512439973652e-03  -8.943344354630e-01  -3.386441152543e-03   7.851781323552e-03  -8.896540999413e-01  -1.581232296303e-03   7.979283109307e-03  -8.869145512581e-01 
 -1.581232296303e-03   7.979283109307e-03  -8.869145512581e-01   0.000000000000e+00  -3.984655253589e-03   8.174241334200e-02   0.000000000000e+00  -3.984655253589e-03   8.174241334200e-02 
 -3.803480044007e-02  -4.480967298150e-03  -4.751599207520e-02  -2.354674972594e-02  -4.728829953820e-03  -9.103338718414e-01  -4.539605230093e-03  -3.320832271129e-03  -9.022537469864e-01 
 -8.024365641177e-03  -2.636596327648e-03  -8.966897130013e-01  -4.143917933106e-03  -2.253125887364e-03  -8.907955288887e-01  -3.382929135114e-03  -1.955962274224e-03  -8.861085176468e-01 
 -1.516309683211e-03  -1.824123435654e-03  -8.834292292595e-01  -1.516309683211e-03  -1.824123435654e-03  -8.834292292595e-01   0.000000000000e+00   1.038738526404e-03   8.192913979292e-02 
  0.000000000000e+00   1.038738526404e-03   8.192913979292e-02  -3.877964243293e-02   1.068191835657e-03  -4.719771072268e-02  -2.390692383051e-02   9.346393635496e-04  -9.115902185440e-01 
 -4.210017155856e-03   1.269396510907e-03  -9.035472869873e-01  -7.230087649077e-03   1.882760785520e-03  -8.986948132515e-01  -3.852502675727e-03   2.131319139153e-03  -8.934062719345e-01 
 -3.448293311521e-03   2.150502055883e-03  -8.888437151909e-01  -1.406980212778e-03   2.239871537313e-03  -8.861692547798e-01  -1.406980212778e-03   2.239871537313e-03  -8.861692547798e-01 
  0.000000000000e+00  -5.949872429483e-04   8.181023597717e-02   0.000000000000e+00  -5.949872429483e-04   8.181023597717e-02  -3.856832534075e-02  -6.928725633770e-04  -4.752290621400e-02 
 -2.405661344528e-02  -7.960949442349e-04  -9.106410145760e-01  -3.834940958768e-03  -1.519853976788e-04  -9.026737809181e-01  -6.310550030321e-03   6.297312211245e-04  -8.986601829529e-01 
 -3.093348816037e-03   1.191926188767e-03  -8.944678902626e-01  -2.978129545227e-03   1.431869226508e-03  -8.906778693199e-01  -1.243639038876e-03   1.548389671370e-03  -8.883966803551e-01 
 -1.243639038876e-03   1.548389671370e-03  -8.883966803551e-01   0.000000000000e+00   0.000000000000e+00   8.151243627071e-02   0.000000000000e+00   0.000000000000e+00   8.151243627071e-02 
 -3.875556588173e-02   0.000000000000e+00  -4.788109287620e-02  -2.434181235731e-02   0.000000000000e+00  -9.106923937798e-01  -4.007352050394e-03   0.000000000000e+00  -9.023751616478e-01 
 -6.050889380276e-03   0.000000000000e+00  -8.985391855240e-01  -2.644061576575e-03   0.000000000000e+00  -8.948940038681e-01  -2.580400789157e-03   0.000000000000e+00  -8.916775584221e-01 
 -1.179296756163e-03   0.000000000000e+00  -8.897632956505e-01  -1.179296756163e-03   0.000000000000e+00  -8.897632956505e-01   0.000000000000e+00   0.000000000000e+00   8.151243627071e-02 
  0.000000000000e+00   0.000000000000e+00   8.151243627071e-02  -3.875556588173e-02   0.000000000000e+00  -4.788109287620e-02  -2.434181235731e-02   0.000000000000e+00  -9.106923937798e-01 
 -4.007352050394e-03   0.000000000000e+00  -9.023751616478e-01  -6.050889380276e-03   0.000000000000e+00  -8.985391855240e-01  -2.644061576575e-03   0.000000000000e+00  -8.948940038681e-01 
 -2.580400789157e-03   0.000000000000e+00  -8.916775584221e-01  -1.179296756163e-03   0.000000000000e+00  -8.897632956505e-01  -1.179296756163e-03   0.000000000000e+00  -8.897632956505e-01 
  0.000000000000e+00   4.433386027813e-02   7.513329386711e-02   0.000000000000e+00   4.433386027813e-02   7.513329386711e-02  -4.353549703956e-02   8.988347835839e-03  -5.686226487160e-02 
 -2.492976002395e-02   3.817008342594e-03  -9.173967838287e-01  -5.038071423769e-03   3.011031774804e-03  -9.114667773247e-01  -8.735561743379e-03   3.022158285603e-03  -9.037632942200e-01 
 -4.580106586218e-03   2.963463310152e-03  -8.973430395126e-01  -3.584532765672e-03   2.997496398166e-03  -8.923516869545e-01  -1.759430742823e-03   3.077374771237e-03  -8.894481062889e-01 
 -1.759430742823e-03   3.077374771237e-03  -8.894481062889e-01   0.000000000000e+00   4.433386027813e-02   7.513329386711e-02   0.000000000000e+00   4.433386027813e-02   7.513329386711e-02 
 -4.353549703956e-02   8.988347835839e-03  -5.686226487160e-02  -2.492976002395e-02   3.817008342594e-03  -9.173967838287e-01  -5.038071423769e-03   3.011031774804e-03  -9.114667773247e-01 
 -8.735561743379e-03   3.022158285603e-03  -9.037632942200e-01  -4.580106586218e-03   2.963463310152e-03  -8.973430395126e-01  -3.584532765672e-03   2.997496398166e-03  -8.923516869545e-01 
 -1.759430742823e-03   3.077374771237e-03  -8.894481062889e-01  -1.759430742823e-03   3.077374771237e-03  -8.894481062889e-01   0.000000000000e+00   9.202930144966e-03   8.143691718578e-02 
  0.000000000000e+00   9.202930144966e-03   8.143691718578e-02  -3.830908238888e-02   1.411414891481e-02  -3.944709524512e-02  -2.389499172568e-02   1.927897334099e-02  -9.237328767776e-01 
 -4.978826735169e-03   2.089747972786e-02  -9.151067137718e-01  -8.535691536963e-03   2.139900624752e-02  -9.090200066566e-01  -4.383769351989e-03   2.160004526377e-02  -9.027890563011e-01 
 -3.385658608750e-03   2.204934693873e-02  -8.980320692062e-01  -1.687608426437e-03   2.231023646891e-02  -8.952677249908e-01  -1.687608426437e-03   2.231023646891e-02  -8.952677249908e-01 
  0.000000000000e+00  -9.632674045861e-03   7.474084198475e-02   0.000000000000e+00  -9.632674045861e-03   7.474084198475e-02  -3.620121255517e-02  -1.403041649610e-02  -5.547944828868e-02 
 -2.415327355266e-02  -1.943299360573e-02  -9.023955464363e-01  -4.743451718241e-03  -2.087506279349e-02  -8.938677310944e-01  -8.454240858555e-03  -2.080136537552e-02  -8.878339529037e-01 
 -4.551091231406e-03  -2.090932428837e-02  -8.815990686417e-01  -3.825776744634e-03  -2.105289883912e-02  -8.766266703606e-01  -1.721614738926e-03  -2.112915366888e-02  -8.736969828606e-01 
 -1.721614738926e-03  -2.112915366888e-02  -8.736969828606e-01   0.000000000000e+00   5.146418232471e-03   8.312200754881e-02   0.000000000000e+00   5.146418232471e-03   8.312200754881e-02 
 -3.914714977145e-02   5.438890773803e-03  -4.484784230590e-02  -2.379384450614e-02   6.552740465850e-03  -9.145460128784e-01  -4.713935311884e-03   6.946037523448e-03  -9.060676097870e-01 
 -8.174999617040e-03   7.144039962441e-03  -9.002373218536e-01  -4.120689351112e-03   7.512439973652e-03  -8.943344354630e-01  -3.386441152543e-03   7.851781323552e-03  -8.896540999413e-01 
 -1.581232296303e-03   7.979283109307e-03  -8.869145512581e-01  -1.581232296303e-03   7.979283109307e-03  -8.869145512581e-01   0.000000000000e+00  -3.984655253589e-03   8.174241334200e-02 
  0.000000000000e+00  -3.984655253589e-03   8.174241334200e-02  -3.803480044007e-02  -4.480967298150e-03  -4.751599207520e-02  -2.354674972594e-02  -4.728829953820e-03  -9.103338718414e-01 
 -4.539605230093e-03  -3.320832271129e-03  -9.022537469864e-01  -8.024365641177e-03  -2.636596327648e-03  -8.966897130013e-01  -4.143917933106e-03  -2.253125887364e-03  -8.907955288887e-01 
 -3.382929135114e-03  -1.955962274224e-03  -8.861085176468e-01  -1.516309683211e-03  -1.824123435654e-03  -8.834292292595e-01  -1.516309683211e-03  -1.824123435654e-03  -8.834292292595e-01 
  0.000000000000e+00   1.038738526404e-03   8.192913979292e-02   0.000000000000e+00   1.038738526404e-03   8.192913979292e-02  -3.877964243293e-02   1.068191835657e-03  -4.719771072268e-02 
 -2.390692383051e-02   9.346393635496e-04  -9.115902185440e-01  -4.210017155856e-03   1.269396510907e-03  -9.035472869873e-01  -7.230087649077e-03   1.882760785520e-03  -8.986948132515e-01 
 -3.852502675727e-03   2.131319139153e-03  -8.934062719345e-01  -3.448293311521e-03   2.150502055883e-03  -8.888437151909e-01  -1.406980212778e-03   2.239871537313e-03  -8.861692547798e-01 
 -1.406980212778e-03   2.239871537313e-03  -8.861692547798e-01   0.000000000000e+00  -5.949872429483e-04   8.181023597717e-02   0.000000000000e+00  -5.949872429483e-04   8.181023597717e-02 
 -3.856832534075e-02  -6.928725633770e-04  -4.752290621400e-02  -2.405661344528e-02  -7.960949442349e-04  -9.106410145760e-01  -3.834940958768e-03  -1.519853976788e-04  -9.026737809181e-01 
 -6.310550030321e-03   6.297312211245e-04  -8.986601829529e-01  -3.093348816037e-03   1.191926188767e-03  -8.944678902626e-01  -2.978129545227e-03   1.431869226508e-03  -8.906778693199e-01 
 -1.243639038876e-03   1.548389671370e-03  -8.883966803551e-01  -1.243639038876e-03   1.548389671370e-03  -8.883966803551e-01   0.000000000000e+00   0.000000000000e+00   8.151243627071e-02 
  0.000000000000e+00   0.000000000000e+00   8.151243627071e-02  -3.875556588173e-02   0.000000000000e+00  -4.788109287620e-02  -2.434181235731e-02   0.000000000000e+00  -9.106923937798e-01 
 -4.007352050394e-03   0.000000000000e+00  -9.023751616478e-01  -6.050889380276e-03   0.000000000000e+00  -8.985391855240e-01  -2.644061576575e-03   0.000000000000e+00  -8.948940038681e-01 
 -2.580400789157e-03   0.000000000000e+00  -8.916775584221e-01  -1.179296756163e-03   0.000000000000e+00  -8.897632956505e-01  -1.179296756163e-03   0.000000000000e+00  -8.897632956505e-01 
  0.000000000000e+00   0.000000000000e+00   8.151243627071e-02   0.000000000000e+00   0.000000000000e+00   8.151243627071e-02  -3.875556588173e-02   0.000000000000e+00  -4.788109287620e-02 
 -2.434181235731e-02   0.000000000000e+00  -9.106923937798e-01  -4.007352050394e-03   0.000000000000e+00  -9.023751616478e-01  -6.050889380276e-03   0.000000000000e+00  -8.985391855240e-01 
 -2.644061576575e-03   0.000000000000e+00  -8.948940038681e-01  -2.580400789157e-03   0.000000000000e+00  -8.916775584221e-01  -1.179296756163e-03   0.000000000000e+00  -8.897632956505e-01 
 -1.179296756163e-03   0.000000000000e+00  -8.897632956505e-01 

