# vtk DataFile Version 2.0
Written using VisIt writer
ASCII
DATASET RECTILINEAR_GRID
DIMENSIONS 10 10 10
X_COORDINATES 10 float
  0.000000000000e+00   5.000000000000e-01   1.000000000000e+00   1.500000000000e+00   2.000000000000e+00   2.500000000000e+00   3.000000000000e+00   3.500000000000e+00   4.000000000000e+00 
  4.500000000000e+00 
Y_COORDINATES 10 float
  0.000000000000e+00   5.000000000000e-01   1.000000000000e+00   1.500000000000e+00   2.000000000000e+00   2.500000000000e+00   3.000000000000e+00   3.500000000000e+00   4.000000000000e+00 
  4.500000000000e+00 
Z_COORDINATES 10 float
  0.000000000000e+00   5.000000000000e-01   1.000000000000e+00   1.500000000000e+00   2.000000000000e+00   2.500000000000e+00   3.000000000000e+00   3.500000000000e+00   4.000000000000e+00 
  4.500000000000e+00 
CELL_DATA 729
POINT_DATA 1000
VECTORS velocity float
  0.000000000000e+00  -1.416297405958e-01  -3.554518520832e-01   1.750000000000e+00   0.000000000000e+00   1.750000000000e+00  -5.816088394553e-28   1.019658565521e+00  -4.316173614070e-35 
  7.664499431849e-02  -1.469138860703e-01  -3.466739058495e-01  -1.052202033997e+01   1.750203251839e+00   0.000000000000e+00   1.750000000000e+00   0.000000000000e+00   1.750000000000e+00 
 -9.134487062693e-02  -1.404927968979e-01  -3.718047142029e-01  -1.516096591949e+00                  nan  -1.615736484528e+00  -2.539590778880e+12   1.750158905983e+00   0.000000000000e+00 
 -7.658385485411e-02  -1.676151752472e-01  -3.875014781952e-01   0.000000000000e+00  -1.416297405958e-01  -3.554518520832e-01  -1.514639854431e+00  -1.150439977301e-35  -1.775111556053e+00 
 -1.413937378675e-02  -1.652782410383e-01  -3.610048592091e-01   7.664499431849e-02  -1.469138860703e-01  -3.466739058495e-01  -5.816088394553e-28   1.019658565521e+00  -4.316173614070e-35 
  4.111926071346e-03  -1.167798787355e-01  -3.514974713326e-01  -9.134487062693e-02  -1.404927968979e-01  -3.718047142029e-01   1.750000000000e+00   0.000000000000e+00   1.750000000000e+00 
 -7.658385485411e-02  -1.676151752472e-01  -3.875014781952e-01  -7.658385485411e-02  -1.676151752472e-01  -3.875014781952e-01   0.000000000000e+00   1.066859886050e-01  -3.395342528820e-01 
  0.000000000000e+00   1.066859886050e-01  -3.395342528820e-01  -7.896579056978e-02   5.963791534305e-02  -3.585516214371e-01  -5.726995877922e-03  -1.805321499705e-02  -3.584776520729e-01 
 -3.051245957613e-02  -4.047600924969e-02  -3.661917448044e-01   6.930013746023e-02   8.533842861652e-03  -3.462787270546e-01  -3.338655456901e-02   5.790948867798e-02  -3.536068201065e-01 
  2.926650643349e-02   1.216361448169e-01  -3.567571938038e-01  -6.357485800982e-02   1.370041519403e-01  -3.731895685196e-01  -6.357485800982e-02   1.370041519403e-01  -3.731895685196e-01 
  0.000000000000e+00  -6.813368760049e-03  -3.352770209312e-01   0.000000000000e+00  -6.813368760049e-03  -3.352770209312e-01  -4.019235447049e-02   2.146019414067e-02  -3.431501090527e-01 
  4.143106192350e-02   6.937167793512e-02  -3.518731594086e-01  -4.789910838008e-02   4.320277273655e-02  -3.672397136688e-01  -3.601168841124e-02  -7.180649787188e-02  -3.624594807625e-01 
 -9.301671385765e-02  -1.220938563347e-01  -3.850112855434e-01   8.623805642128e-02  -3.768133744597e-02  -3.566425144672e-01  -5.410972237587e-02  -3.078106977046e-02  -3.652564883232e-01 
 -5.410972237587e-02  -3.078106977046e-02  -3.652564883232e-01   0.000000000000e+00  -6.386344134808e-02  -3.460636138916e-01   0.000000000000e+00  -6.386344134808e-02  -3.460636138916e-01 
 -1.088527143002e-01  -1.266111731529e-01  -3.770641088486e-01   1.094902008772e-01  -3.731158003211e-02  -3.479879796505e-01  -1.079452224076e-02  -1.676066895016e-03  -3.521091043949e-01 
  3.908264264464e-02   6.656482070684e-02  -3.511566519737e-01  -5.791461095214e-02   8.310015499592e-02  -3.704455196857e-01  -5.178454518318e-02  -6.796344369650e-02  -3.695617020130e-01 
 -1.226848140359e-01  -1.323558390141e-01  -3.901813328266e-01  -1.226848140359e-01  -1.323558390141e-01  -3.901813328266e-01   0.000000000000e+00   6.994970887899e-02  -3.353034257889e-01 
  0.000000000000e+00   6.994970887899e-02  -3.353034257889e-01  -6.105984374881e-02   9.569410234690e-02  -3.569738566875e-01  -4.710688441992e-02  -7.195713371038e-02  -3.623324930668e-01 
 -7.337219268084e-02  -1.180477440357e-01  -3.789386749268e-01   9.678672254086e-02  -3.995591402054e-02  -3.485759496689e-01  -4.987483378500e-03   1.197364274412e-02  -3.543899059296e-01 
  2.860623411834e-02   8.135768026114e-02  -3.558374047279e-01  -6.270224601030e-02   1.276707798243e-01  -3.720583319664e-01  -6.270224601030e-02   1.276707798243e-01  -3.720583319664e-01 
  0.000000000000e+00  -4.077825695276e-02  -3.322183489799e-01   0.000000000000e+00  -4.077825695276e-02  -3.322183489799e-01  -1.998286135495e-02   5.858816206455e-03  -3.397186100483e-01 
  3.886540606618e-02   7.966137677431e-02  -3.492462933064e-01  -6.033263728023e-02   7.799994200468e-02  -3.673195242882e-01  -4.615150764585e-02  -7.731802761555e-02  -3.666991591454e-01 
 -5.303186923265e-02  -1.102294102311e-01  -3.778674304485e-01   6.171057373285e-02  -5.586972460151e-02  -3.539963662624e-01  -6.217333674431e-02  -4.970826581120e-02  -3.611054122448e-01 
 -6.217333674431e-02  -4.970826581120e-02  -3.611054122448e-01   0.000000000000e+00  -1.116215512156e-01  -3.546538054943e-01   0.000000000000e+00  -1.116215512156e-01  -3.546538054943e-01 
 -6.747248023748e-02  -1.338809579611e-01  -3.729318976402e-01   1.137593090534e-01  -4.372111987323e-03  -3.470603525639e-01  -7.014133501798e-03   4.524540156126e-02  -3.515296280384e-01 
  4.472400248051e-02   8.815871924162e-02  -3.522311747074e-01  -6.581564992666e-02   5.316716060042e-02  -3.706991076469e-01  -7.484521716833e-02  -1.085627749562e-01  -3.738388121128e-01 
 -1.201077625155e-01  -1.852063387632e-01  -4.014625847340e-01  -1.201077625155e-01  -1.852063387632e-01  -4.014625847340e-01   0.000000000000e+00   0.000000000000e+00  -3.419389426708e-01 
  0.000000000000e+00   0.000000000000e+00  -3.419389426708e-01  -8.983568102121e-02   0.000000000000e+00  -3.608550131321e-01  -3.057156689465e-02   0.000000000000e+00  -3.529168069363e-01 
 -6.530486047268e-02   0.000000000000e+00  -3.654341995716e-01   1.755219399929e-01   0.000000000000e+00  -3.470098376274e-01   1.301366928965e-02   0.000000000000e+00  -3.655408918858e-01 
  3.641818650067e-03   0.000000000000e+00  -3.630538880825e-01  -7.535353302956e-03   0.000000000000e+00  -3.756624460220e-01  -7.535353302956e-03   0.000000000000e+00  -3.756624460220e-01 
  0.000000000000e+00   0.000000000000e+00  -3.419389426708e-01   0.000000000000e+00   0.000000000000e+00  -3.419389426708e-01  -8.983568102121e-02   0.000000000000e+00  -3.608550131321e-01 
 -3.057156689465e-02   0.000000000000e+00  -3.529168069363e-01  -6.530486047268e-02   0.000000000000e+00  -3.654341995716e-01   1.755219399929e-01   0.000000000000e+00  -3.470098376274e-01 
  1.301366928965e-02   0.000000000000e+00  -3.655408918858e-01   3.641818650067e-03   0.000000000000e+00  -3.630538880825e-01  -7.535353302956e-03   0.000000000000e+00  -3.756624460220e-01 
 -7.535353302956e-03   0.000000000000e+00  -3.756624460220e-01   0.000000000000e+00  -1.416297405958e-01  -3.554518520832e-01   0.000000000000e+00  -1.416297405958e-01  -3.554518520832e-01 
 -1.413937378675e-02  -1.652782410383e-01  -3.610048592091e-01   7.664499431849e-02  -1.469138860703e-01  -3.466739058495e-01   4.610325675458e-03  -1.435973346233e-01  -3.492664694786e-01 
  4.111926071346e-03  -1.167798787355e-01  -3.514974713326e-01  -9.134487062693e-02  -1.404927968979e-01  -3.718047142029e-01  -2.006120979786e-02  -1.429044157267e-01  -3.723784387112e-01 
 -7.658385485411e-02  -1.676151752472e-01  -3.875014781952e-01  -7.658385485411e-02  -1.676151752472e-01  -3.875014781952e-01   0.000000000000e+00  -1.416297405958e-01  -3.554518520832e-01 
  0.000000000000e+00  -1.416297405958e-01  -3.554518520832e-01  -1.413937378675e-02  -1.652782410383e-01  -3.610048592091e-01   7.664499431849e-02  -1.469138860703e-01  -3.466739058495e-01 
  4.610325675458e-03  -1.435973346233e-01  -3.492664694786e-01   4.111926071346e-03  -1.167798787355e-01  -3.514974713326e-01  -9.134487062693e-02  -1.404927968979e-01  -3.718047142029e-01 
 -2.006120979786e-02  -1.429044157267e-01  -3.723784387112e-01  -7.658385485411e-02  -1.676151752472e-01  -3.875014781952e-01  -7.658385485411e-02  -1.676151752472e-01  -3.875014781952e-01 
  0.000000000000e+00   1.066859886050e-01  -3.395342528820e-01   0.000000000000e+00   1.066859886050e-01  -3.395342528820e-01  -7.896579056978e-02   5.963791534305e-02  -3.585516214371e-01 
 -5.726995877922e-03  -1.805321499705e-02  -3.584776520729e-01  -3.051245957613e-02  -4.047600924969e-02  -3.661917448044e-01   6.930013746023e-02   8.533842861652e-03  -3.462787270546e-01 
 -3.338655456901e-02   5.790948867798e-02  -3.536068201065e-01   2.926650643349e-02   1.216361448169e-01  -3.567571938038e-01  -6.357485800982e-02   1.370041519403e-01  -3.731895685196e-01 
 -6.357485800982e-02   1.370041519403e-01  -3.731895685196e-01   0.000000000000e+00  -6.813368760049e-03  -3.352770209312e-01   0.000000000000e+00  -6.813368760049e-03  -3.352770209312e-01 
 -4.019235447049e-02   2.146019414067e-02  -3.431501090527e-01   4.143106192350e-02   6.937167793512e-02  -3.518731594086e-01  -4.789910838008e-02   4.320277273655e-02  -3.672397136688e-01 
 -3.601168841124e-02  -7.180649787188e-02  -3.624594807625e-01  -9.301671385765e-02  -1.220938563347e-01  -3.850112855434e-01   8.623805642128e-02  -3.768133744597e-02  -3.566425144672e-01 
 -5.410972237587e-02  -3.078106977046e-02  -3.652564883232e-01  -5.410972237587e-02  -3.078106977046e-02  -3.652564883232e-01   0.000000000000e+00  -6.386344134808e-02  -3.460636138916e-01 
  0.000000000000e+00  -6.386344134808e-02  -3.460636138916e-01  -1.088527143002e-01  -1.266111731529e-01  -3.770641088486e-01   1.094902008772e-01  -3.731158003211e-02  -3.479879796505e-01 
 -1.079452224076e-02  -1.676066895016e-03  -3.521091043949e-01   3.908264264464e-02   6.656482070684e-02  -3.511566519737e-01  -5.791461095214e-02   8.310015499592e-02  -3.704455196857e-01 
 -5.178454518318e-02  -6.796344369650e-02  -3.695617020130e-01  -1.226848140359e-01  -1.323558390141e-01  -3.901813328266e-01  -1.226848140359e-01  -1.323558390141e-01  -3.901813328266e-01 
  0.000000000000e+00   6.994970887899e-02  -3.353034257889e-01   0.000000000000e+00   6.994970887899e-02  -3.353034257889e-01  -6.105984374881e-02   9.569410234690e-02  -3.569738566875e-01 
 -4.710688441992e-02  -7.195713371038e-02  -3.623324930668e-01  -7.337219268084e-02  -1.180477440357e-01  -3.789386749268e-01   9.678672254086e-02  -3.995591402054e-02  -3.485759496689e-01 
 -4.987483378500e-03   1.197364274412e-02  -3.543899059296e-01   2.860623411834e-02   8.135768026114e-02  -3.558374047279e-01  -6.270224601030e-02   1.276707798243e-01  -3.720583319664e-01 
 -6.270224601030e-02   1.276707798243e-01  -3.720583319664e-01   0.000000000000e+00  -4.077825695276e-02  -3.322183489799e-01   0.000000000000e+00  -4.077825695276e-02  -3.322183489799e-01 
 -1.998286135495e-02   5.858816206455e-03  -3.397186100483e-01   3.886540606618e-02   7.966137677431e-02  -3.492462933064e-01  -6.033263728023e-02   7.799994200468e-02  -3.673195242882e-01 
 -4.615150764585e-02  -7.731802761555e-02  -3.666991591454e-01  -5.303186923265e-02  -1.102294102311e-01  -3.778674304485e-01   6.171057373285e-02  -5.586972460151e-02  -3.539963662624e-01 
 -6.217333674431e-02  -4.970826581120e-02  -3.611054122448e-01  -6.217333674431e-02  -4.970826581120e-02  -3.611054122448e-01   0.000000000000e+00  -1.116215512156e-01  -3.546538054943e-01 
  0.000000000000e+00  -1.116215512156e-01  -3.546538054943e-01  -6.747248023748e-02  -1.338809579611e-01  -3.729318976402e-01   1.137593090534e-01  -4.372111987323e-03  -3.470603525639e-01 
 -7.014133501798e-03   4.524540156126e-02  -3.515296280384e-01   4.472400248051e-02   8.815871924162e-02  -3.522311747074e-01  -6.581564992666e-02   5.316716060042e-02  -3.706991076469e-01 
 -7.484521716833e-02  -1.085627749562e-01  -3.738388121128e-01  -1.201077625155e-01  -1.852063387632e-01  -4.014625847340e-01  -1.201077625155e-01  -1.852063387632e-01  -4.014625847340e-01 
  0.000000000000e+00   0.000000000000e+00  -3.419389426708e-01   0.000000000000e+00   0.000000000000e+00  -3.419389426708e-01  -8.983568102121e-02   0.000000000000e+00  -3.608550131321e-01 
 -3.057156689465e-02   0.000000000000e+00  -3.529168069363e-01  -6.530486047268e-02   0.000000000000e+00  -3.654341995716e-01   1.755219399929e-01   0.000000000000e+00  -3.470098376274e-01 
  1.301366928965e-02   0.000000000000e+00  -3.655408918858e-01   3.641818650067e-03   0.000000000000e+00  -3.630538880825e-01  -7.535353302956e-03   0.000000000000e+00  -3.756624460220e-01 
 -7.535353302956e-03   0.000000000000e+00  -3.756624460220e-01   0.000000000000e+00   0.000000000000e+00  -3.419389426708e-01   0.000000000000e+00   0.000000000000e+00  -3.419389426708e-01 
 -8.983568102121e-02   0.000000000000e+00  -3.608550131321e-01  -3.057156689465e-02   0.000000000000e+00  -3.529168069363e-01  -6.530486047268e-02   0.000000000000e+00  -3.654341995716e-01 
  1.755219399929e-01   0.000000000000e+00  -3.470098376274e-01   1.301366928965e-02   0.000000000000e+00  -3.655408918858e-01   3.641818650067e-03   0.000000000000e+00  -3.630538880825e-01 
 -7.535353302956e-03   0.000000000000e+00  -3.756624460220e-01  -7.535353302956e-03   0.000000000000e+00  -3.756624460220e-01   0.000000000000e+00  -1.428201347589e-01  -2.299697548151e-01 
  0.000000000000e+00  -1.428201347589e-01  -2.299697548151e-01  -1.126727554947e-03  -1.450241059065e-01  -2.191802263260e-01   8.688727393746e-03  -1.401241719723e-01  -3.259856998920e-01 
  1.921414863318e-03  -1.405573040247e-01  -3.448503613472e-01  -5.727276671678e-03  -1.420770287514e-01  -3.730425536633e-01  -1.957136578858e-02  -1.488958597183e-01  -2.963303029537e-01 
 -1.239797659218e-02  -1.512008905411e-01  -2.663211524487e-01  -1.535649970174e-02  -1.570005267859e-01  -2.146835625172e-01  -1.535649970174e-02  -1.570005267859e-01  -2.146835625172e-01 
  0.000000000000e+00  -1.428201347589e-01  -2.299697548151e-01   0.000000000000e+00  -1.428201347589e-01  -2.299697548151e-01  -1.126727554947e-03  -1.450241059065e-01  -2.191802263260e-01 
  8.688727393746e-03  -1.401241719723e-01  -3.259856998920e-01   1.921414863318e-03  -1.405573040247e-01  -3.448503613472e-01  -5.727276671678e-03  -1.420770287514e-01  -3.730425536633e-01 
 -1.957136578858e-02  -1.488958597183e-01  -2.963303029537e-01  -1.239797659218e-02  -1.512008905411e-01  -2.663211524487e-01  -1.535649970174e-02  -1.570005267859e-01  -2.146835625172e-01 
 -1.535649970174e-02  -1.570005267859e-01  -2.146835625172e-01   0.000000000000e+00   3.751557320356e-02  -3.321504294872e-01   0.000000000000e+00   3.751557320356e-02  -3.321504294872e-01 
 -1.043642126024e-02   2.655453048646e-02  -2.755597233772e-01   1.769569120370e-03   2.934811823070e-02  -2.794470787048e-01  -3.865622915328e-03   2.562443166971e-02  -2.424830049276e-01 
 -1.646738615818e-03   3.138797730207e-02  -3.330685794353e-01  -1.022960618138e-02   3.198819607496e-02  -3.223163485527e-01  -5.964378360659e-03   3.966814652085e-02  -3.656818568707e-01 
 -1.108224596828e-02   4.387672245502e-02  -3.386553525925e-01  -1.108224596828e-02   4.387672245502e-02  -3.386553525925e-01   0.000000000000e+00  -1.937129651196e-03  -3.176119625568e-01 
  0.000000000000e+00  -1.937129651196e-03  -3.176119625568e-01  -1.070700865239e-02  -4.399681463838e-03  -2.961422801018e-01  -1.764100044966e-03  -7.309427019209e-03  -3.690365254879e-01 
 -6.487133447081e-03  -9.649059735239e-03  -3.476570844650e-01  -4.492195788771e-03  -1.394397579134e-02  -3.191464543343e-01  -1.377337425947e-02  -1.809876598418e-02  -2.182148098946e-01 
 -3.449009498581e-03  -9.345699101686e-03  -3.146146237850e-01  -8.978948928416e-03  -6.141362711787e-03  -3.039421737194e-01  -8.978948928416e-03  -6.141362711787e-03  -3.039421737194e-01 
  0.000000000000e+00  -5.650191102177e-03  -2.719405591488e-01   0.000000000000e+00  -5.650191102177e-03  -2.719405591488e-01  -1.538337115198e-02  -1.037318445742e-02  -1.891475766897e-01 
  2.004172187299e-03  -1.860483083874e-03  -3.150110840797e-01  -1.576041220687e-03   3.092509694397e-03  -3.204005658627e-01  -2.452478045598e-03   3.310858970508e-03  -3.719959557056e-01 
 -1.148007344455e-02   4.047380294651e-03  -3.466005921364e-01  -7.930334657431e-03  -1.959261251613e-03  -3.013555705547e-01  -1.628705672920e-02  -1.003190316260e-02  -2.028343528509e-01 
 -1.628705672920e-02  -1.003190316260e-02  -2.028343528509e-01   0.000000000000e+00   4.389522131532e-03  -3.459765315056e-01   0.000000000000e+00   4.389522131532e-03  -3.459765315056e-01 
 -1.403743214905e-02   2.260948298499e-03  -3.225732445717e-01  -3.623217111453e-03  -5.154924932867e-03  -3.029855191708e-01  -8.873511105776e-03  -1.195993274450e-02  -2.133742272854e-01 
  2.209230558947e-03  -2.921026898548e-03  -3.115105330944e-01  -3.708870615810e-03   4.850053228438e-03  -3.250094950199e-01  -5.269970279187e-03   4.612354561687e-03  -3.707503080368e-01 
 -1.231100130826e-02   6.372065749019e-03  -3.436065614223e-01  -1.231100130826e-02   6.372065749019e-03  -3.436065614223e-01   0.000000000000e+00  -4.546901211143e-03  -2.989394962788e-01 
  0.000000000000e+00  -4.546901211143e-03  -2.989394962788e-01  -7.467625662684e-03   2.420162782073e-03  -2.942900955677e-01  -1.683543785475e-03   1.431722077541e-03  -3.715994060040e-01 
 -7.676081731915e-03   2.052944153547e-03  -3.428761661053e-01  -2.043025335297e-03  -3.886261954904e-03  -2.891701161861e-01  -9.370424784720e-03  -9.573801420629e-03  -2.202166318893e-01 
 -4.323186352849e-03  -4.511803854257e-03  -2.989487648010e-01  -1.105622574687e-02  -8.403291576542e-04  -2.834183871746e-01  -1.105622574687e-02  -8.403291576542e-04  -2.834183871746e-01 
  0.000000000000e+00  -1.517754327506e-02  -2.295517176390e-01   0.000000000000e+00  -1.517754327506e-02  -2.295517176390e-01  -9.814713150263e-03  -1.530308462679e-02  -1.802552640438e-01 
  5.747300107032e-03  -3.371394937858e-03  -3.181901276112e-01   2.165583427995e-03   5.519814789295e-03  -3.266049623489e-01   2.569052856416e-03   5.678219255060e-03  -3.809356391430e-01 
 -1.003656256944e-02   3.874560585245e-03  -3.517695069313e-01  -1.218801550567e-02  -5.413198377937e-03  -2.809615135193e-01  -1.733431406319e-02  -1.338312495500e-02  -1.875818669796e-01 
 -1.733431406319e-02  -1.338312495500e-02  -1.875818669796e-01   0.000000000000e+00   0.000000000000e+00  -3.392181396484e-01   0.000000000000e+00   0.000000000000e+00  -3.392181396484e-01 
 -1.419321354479e-02   0.000000000000e+00  -2.822267711163e-01   1.738500548527e-03   0.000000000000e+00  -2.712087631226e-01  -5.742068751715e-04   0.000000000000e+00  -1.782218962908e-01 
  1.242624968290e-02   0.000000000000e+00  -3.458681106567e-01   1.016669673845e-03   0.000000000000e+00  -4.133825004101e-01  -9.163830429316e-03   0.000000000000e+00  -4.168665111065e-01 
 -1.097461767495e-02   0.000000000000e+00  -4.181870222092e-01  -1.097461767495e-02   0.000000000000e+00  -4.181870222092e-01   0.000000000000e+00   0.000000000000e+00  -3.392181396484e-01 
  0.000000000000e+00   0.000000000000e+00  -3.392181396484e-01  -1.419321354479e-02   0.000000000000e+00  -2.822267711163e-01   1.738500548527e-03   0.000000000000e+00  -2.712087631226e-01 
 -5.742068751715e-04   0.000000000000e+00  -1.782218962908e-01   1.242624968290e-02   0.000000000000e+00  -3.458681106567e-01   1.016669673845e-03   0.000000000000e+00  -4.133825004101e-01 
 -9.163830429316e-03   0.000000000000e+00  -4.168665111065e-01  -1.097461767495e-02   0.000000000000e+00  -4.181870222092e-01  -1.097461767495e-02   0.000000000000e+00  -4.181870222092e-01 
  0.000000000000e+00  -1.314425766468e-01  -3.060253262520e-01   0.000000000000e+00  -1.314425766468e-01  -3.060253262520e-01  -1.759090577252e-03  -1.336631923914e-01  -3.278171718121e-01 
  5.529165733606e-03  -1.307441443205e-01  -3.472712934017e-01   1.472165691666e-03  -1.300744861364e-01  -3.477252125740e-01  -2.368255751207e-03  -1.298051625490e-01  -3.450717628002e-01 
 -1.172292139381e-02  -1.346940100193e-01  -3.429285883904e-01  -8.216626010835e-03  -1.377600878477e-01  -3.401632905006e-01  -8.441009558737e-03  -1.416895091534e-01  -3.361253738403e-01 
 -8.441009558737e-03  -1.416895091534e-01  -3.361253738403e-01   0.000000000000e+00  -1.314425766468e-01  -3.060253262520e-01   0.000000000000e+00  -1.314425766468e-01  -3.060253262520e-01 
 -1.759090577252e-03  -1.336631923914e-01  -3.278171718121e-01   5.529165733606e-03  -1.307441443205e-01  -3.472712934017e-01   1.472165691666e-03  -1.300744861364e-01  -3.477252125740e-01 
 -2.368255751207e-03  -1.298051625490e-01  -3.450717628002e-01  -1.172292139381e-02  -1.346940100193e-01  -3.429285883904e-01  -8.216626010835e-03  -1.377600878477e-01  -3.401632905006e-01 
 -8.441009558737e-03  -1.416895091534e-01  -3.361253738403e-01  -8.441009558737e-03  -1.416895091534e-01  -3.361253738403e-01   0.000000000000e+00   2.934954687953e-02  -3.076531291008e-01 
  0.000000000000e+00   2.934954687953e-02  -3.076531291008e-01  -6.668750196695e-03   2.278564497828e-02  -3.270061910152e-01   2.225950447610e-05   2.743834815919e-02  -3.475954532623e-01 
 -2.428423147649e-03   2.531338855624e-02  -3.498253822327e-01  -4.057215701323e-04   2.908818423748e-02  -3.470719158649e-01  -6.981696933508e-03   2.402084879577e-02  -3.450609743595e-01 
 -1.612706459127e-03   2.984479628503e-02  -3.396151065826e-01  -5.340669304132e-03   3.291973099113e-02  -3.359032571316e-01  -5.340669304132e-03   3.291973099113e-02  -3.359032571316e-01 
  0.000000000000e+00  -4.694771021605e-03  -3.107352852821e-01   0.000000000000e+00  -4.694771021605e-03  -3.107352852821e-01  -6.284026429057e-03  -4.612549673766e-03  -3.294650912285e-01 
  1.236853073351e-03  -3.118498949334e-03  -3.428622484207e-01  -3.253761213273e-03  -3.991131205112e-03  -3.409206867218e-01  -4.454244393855e-03  -8.688692003489e-03  -3.435801267624e-01 
 -8.549134247005e-03  -1.073173899204e-02  -3.447819650173e-01  -1.469875685871e-03  -8.712111040950e-03  -3.425193727016e-01  -5.449246149510e-03  -8.629814721644e-03  -3.400223553181e-01 
 -5.449246149510e-03  -8.629814721644e-03  -3.400223553181e-01   0.000000000000e+00  -1.122171292081e-03  -3.095309734344e-01   0.000000000000e+00  -1.122171292081e-03  -3.095309734344e-01 
 -8.350624702871e-03  -3.262551268563e-03  -3.297472298145e-01   1.552409841679e-03  -2.088434528559e-03  -3.475670814514e-01  -1.350672566332e-03  -2.535768144298e-04  -3.469309508801e-01 
  7.869400433265e-04   4.824028350413e-03  -3.430465459824e-01  -5.590206477791e-03   7.553420029581e-03  -3.383691012859e-01  -6.628779694438e-03   2.219466958195e-03  -3.405075073242e-01 
 -9.711502119899e-03  -2.135345945135e-03  -3.393279314041e-01  -9.711502119899e-03  -2.135345945135e-03  -3.393279314041e-01   0.000000000000e+00   4.429534543306e-03  -3.098818063736e-01 
  0.000000000000e+00   4.429534543306e-03  -3.098818063736e-01  -6.881172768772e-03   5.494578741491e-03  -3.238010406494e-01  -3.493067808449e-03  -3.419024578761e-04  -3.443806171417e-01 
 -5.974803585559e-03  -5.102842580527e-03  -3.468233942986e-01   1.337755937129e-03  -3.873320762068e-03  -3.470269739628e-01  -2.000737236813e-03  -5.733372381655e-05  -3.455176651478e-01 
 -9.510625386611e-04   5.290759727359e-03  -3.399085104465e-01  -5.554594099522e-03   9.051251225173e-03  -3.352496325970e-01  -5.554594099522e-03   9.051251225173e-03  -3.352496325970e-01 
  0.000000000000e+00  -6.088440772146e-03  -3.122351765633e-01   0.000000000000e+00  -6.088440772146e-03  -3.122351765633e-01  -4.204591736197e-03  -2.821982372552e-03  -3.305892050266e-01 
  2.578707644716e-03   3.301575314254e-03  -3.432144522667e-01  -2.866445109248e-03   6.245938595384e-03  -3.396810889244e-01  -3.070312086493e-03   1.212631934322e-03  -3.442947566509e-01 
 -6.289956625551e-03  -3.231873735785e-03  -3.459331393242e-01  -2.332296455279e-03  -3.750793868676e-03  -3.436255753040e-01  -5.906942766160e-03  -3.695121267810e-03  -3.416902124882e-01 
 -5.906942766160e-03  -3.695121267810e-03  -3.416902124882e-01   0.000000000000e+00  -6.849919445813e-03  -3.074485957623e-01   0.000000000000e+00  -6.849919445813e-03  -3.074485957623e-01 
 -6.176036316901e-03  -8.213044144213e-03  -3.280619680882e-01   4.019498359412e-03  -5.121357273310e-03  -3.468395173550e-01   2.128886990249e-03   3.780084080063e-05  -3.475456237793e-01 
  6.037198938429e-03   7.453280966729e-03  -3.430679440498e-01  -3.202646505088e-03   9.316128678620e-03  -3.383463025093e-01  -8.705139160156e-03   2.419007476419e-03  -3.397172093391e-01 
 -8.946913294494e-03  -1.482731313445e-03  -3.369255363941e-01  -8.946913294494e-03  -1.482731313445e-03  -3.369255363941e-01   0.000000000000e+00   0.000000000000e+00  -3.042851090431e-01 
  0.000000000000e+00   0.000000000000e+00  -3.042851090431e-01  -9.527243673801e-03   0.000000000000e+00  -3.219742774963e-01  -3.704808186740e-03   0.000000000000e+00  -3.471119999886e-01 
 -1.134601305239e-03   0.000000000000e+00  -3.541665673256e-01   1.469913963228e-02   0.000000000000e+00  -3.486905395985e-01   5.893656518310e-03   0.000000000000e+00  -3.404564857483e-01 
 -3.883233992383e-03   0.000000000000e+00  -3.355998098850e-01  -3.270718036219e-03   0.000000000000e+00  -3.269552886486e-01  -3.270718036219e-03   0.000000000000e+00  -3.269552886486e-01 
  0.000000000000e+00   0.000000000000e+00  -3.042851090431e-01   0.000000000000e+00   0.000000000000e+00  -3.042851090431e-01  -9.527243673801e-03   0.000000000000e+00  -3.219742774963e-01 
 -3.704808186740e-03   0.000000000000e+00  -3.471119999886e-01  -1.134601305239e-03   0.000000000000e+00  -3.541665673256e-01   1.469913963228e-02   0.000000000000e+00  -3.486905395985e-01 
  5.893656518310e-03   0.000000000000e+00  -3.404564857483e-01  -3.883233992383e-03   0.000000000000e+00  -3.355998098850e-01  -3.270718036219e-03   0.000000000000e+00  -3.269552886486e-01 
 -3.270718036219e-03   0.000000000000e+00  -3.269552886486e-01   0.000000000000e+00  -1.091400608420e-01  -2.973254323006e-01   0.000000000000e+00  -1.091400608420e-01  -2.973254323006e-01 
 -2.727573737502e-04  -1.095391884446e-01  -3.140580356121e-01   8.586295880377e-04  -1.090038865805e-01  -3.367299139500e-01  -3.381014685147e-04  -1.090878173709e-01  -3.389094769955e-01 
 -2.732157707214e-03  -1.099424138665e-01  -3.403623402119e-01  -4.881624132395e-03  -1.119255498052e-01  -3.349082171917e-01  -4.227081779391e-03  -1.136878132820e-01  -3.304691314697e-01 
 -3.195475786924e-03  -1.152127757668e-01  -3.257096707821e-01  -3.195475786924e-03  -1.152127757668e-01  -3.257096707821e-01   0.000000000000e+00  -1.091400608420e-01  -2.973254323006e-01 
  0.000000000000e+00  -1.091400608420e-01  -2.973254323006e-01  -2.727573737502e-04  -1.095391884446e-01  -3.140580356121e-01   8.586295880377e-04  -1.090038865805e-01  -3.367299139500e-01 
 -3.381014685147e-04  -1.090878173709e-01  -3.389094769955e-01  -2.732157707214e-03  -1.099424138665e-01  -3.403623402119e-01  -4.881624132395e-03  -1.119255498052e-01  -3.349082171917e-01 
 -4.227081779391e-03  -1.136878132820e-01  -3.304691314697e-01  -3.195475786924e-03  -1.152127757668e-01  -3.257096707821e-01  -3.195475786924e-03  -1.152127757668e-01  -3.257096707821e-01 
  0.000000000000e+00   1.861741207540e-02  -3.046835660934e-01   0.000000000000e+00   1.861741207540e-02  -3.046835660934e-01  -1.628819387406e-03   1.524943858385e-02  -3.186165988445e-01 
 -1.346291828668e-04   2.194164693356e-02  -3.368081748486e-01  -1.090210629627e-03   2.387519553304e-02  -3.357804119587e-01  -2.373829716817e-03   2.266545034945e-02  -3.379908800125e-01 
 -3.820176236331e-03   1.759315840900e-02  -3.353289961815e-01  -2.894577337429e-03   1.903429813683e-02  -3.360622823238e-01  -2.366814995185e-03   1.983917504549e-02  -3.342368304729e-01 
 -2.366814995185e-03   1.983917504549e-02  -3.342368304729e-01   0.000000000000e+00  -3.304722020403e-03  -3.030256927013e-01   0.000000000000e+00  -3.304722020403e-03  -3.030256927013e-01 
 -1.981646521017e-03  -3.919115290046e-03  -3.174248337746e-01  -1.622607582249e-03  -5.516795441508e-03  -3.382501900196e-01  -1.779251848347e-03  -6.432708818465e-03  -3.380596041679e-01 
 -1.984846312553e-03  -5.926522426307e-03  -3.361871540546e-01  -3.069284837693e-03  -5.124041344970e-03  -3.310284316540e-01  -2.589944750071e-03  -4.127318505198e-03  -3.316124379635e-01 
 -2.218575216830e-03  -3.917855676264e-03  -3.291641473770e-01  -2.218575216830e-03  -3.917855676264e-03  -3.291641473770e-01   0.000000000000e+00   7.802050095052e-04  -3.018457293510e-01 
  0.000000000000e+00   7.802050095052e-04  -3.018457293510e-01  -2.230551559478e-03   5.888203158975e-04  -3.149957060814e-01  -1.071302685887e-03   1.179952407256e-03  -3.354530632496e-01 
 -1.345337252133e-03   1.435139914975e-03  -3.354079425335e-01  -1.683749142103e-03   1.602160627954e-03  -3.380415439606e-01  -2.842574845999e-03   1.726415241137e-03  -3.367910385132e-01 
 -2.789659658447e-03   1.608113991097e-03  -3.335342407227e-01  -2.727237064391e-03   1.329763093963e-03  -3.272901475430e-01  -2.727237064391e-03   1.329763093963e-03  -3.272901475430e-01 
  0.000000000000e+00   3.546531370375e-04  -3.056558370590e-01   0.000000000000e+00   3.546531370375e-04  -3.056558370590e-01  -2.304249210283e-03   2.112575457431e-04  -3.203960061073e-01 
 -1.319314469583e-03  -6.287555879680e-05  -3.367049694061e-01  -1.663304283284e-03  -4.292200901546e-04  -3.324561715126e-01  -1.201571663842e-03   2.087989414576e-04  -3.344185650349e-01 
 -1.958492211998e-03   1.167163485661e-03  -3.345418274403e-01  -2.254205988720e-03   1.495770527981e-03  -3.360719978809e-01  -2.281961031258e-03   1.744164386764e-03  -3.339795768261e-01 
 -2.281961031258e-03   1.744164386764e-03  -3.339795768261e-01   0.000000000000e+00  -1.361347036436e-03  -3.012717366219e-01   0.000000000000e+00  -1.361347036436e-03  -3.012717366219e-01 
 -1.540608122014e-03  -5.479610408656e-04  -3.170011043549e-01  -6.234776810743e-04   1.135344136856e-04  -3.384685218334e-01  -9.806981543079e-04   7.534149917774e-04  -3.378969132900e-01 
 -9.015204850584e-04   1.076548825949e-03  -3.362131416798e-01  -2.185896039009e-03   8.579317945987e-04  -3.325584828854e-01  -2.317029517144e-03   9.496558923274e-04  -3.323093056679e-01 
 -2.128628781065e-03   1.124977017753e-03  -3.291738331318e-01  -2.128628781065e-03   1.124977017753e-03  -3.291738331318e-01   0.000000000000e+00  -1.853639492765e-03  -2.981877923012e-01 
  0.000000000000e+00  -1.853639492765e-03  -2.981877923012e-01  -1.557499403134e-03  -1.778569654562e-03  -3.122387528419e-01   1.141658067354e-04  -8.269737008959e-04  -3.336454331875e-01 
  5.845247069374e-04   6.403889274225e-04  -3.345781266689e-01   5.216781282797e-04   1.676632906310e-03  -3.405623733997e-01  -1.452775555663e-03   2.223767107353e-03  -3.417031764984e-01 
 -2.778734546155e-03   1.888400060125e-03  -3.368790447712e-01  -2.565205562860e-03   1.448685303330e-03  -3.306644558907e-01  -2.565205562860e-03   1.448685303330e-03  -3.306644558907e-01 
  0.000000000000e+00   0.000000000000e+00  -3.048577904701e-01   0.000000000000e+00   0.000000000000e+00  -3.048577904701e-01  -2.316683996469e-03   0.000000000000e+00  -3.171839714050e-01 
 -2.432130277157e-04   0.000000000000e+00  -3.310717642307e-01   8.483994170092e-04   0.000000000000e+00  -3.267210423946e-01   1.943728188053e-03   0.000000000000e+00  -3.386726081371e-01 
  4.040873318445e-04   0.000000000000e+00  -3.473987877369e-01  -2.207471290603e-03   0.000000000000e+00  -3.479010164738e-01  -2.177872462198e-03   0.000000000000e+00  -3.468981385231e-01 
 -2.177872462198e-03   0.000000000000e+00  -3.468981385231e-01   0.000000000000e+00   0.000000000000e+00  -3.048577904701e-01   0.000000000000e+00   0.000000000000e+00  -3.048577904701e-01 
 -2.316683996469e-03   0.000000000000e+00  -3.171839714050e-01  -2.432130277157e-04   0.000000000000e+00  -3.310717642307e-01   8.483994170092e-04   0.000000000000e+00  -3.267210423946e-01 
  1.943728188053e-03   0.000000000000e+00  -3.386726081371e-01   4.040873318445e-04   0.000000000000e+00  -3.473987877369e-01  -2.207471290603e-03   0.000000000000e+00  -3.479010164738e-01 
 -2.177872462198e-03   0.000000000000e+00  -3.468981385231e-01  -2.177872462198e-03   0.000000000000e+00  -3.468981385231e-01   0.000000000000e+00  -8.698697388172e-02  -2.998343110085e-01 
  0.000000000000e+00  -8.698697388172e-02  -2.998343110085e-01  -3.619487688411e-04  -8.725329488516e-02  -3.185984194279e-01  -6.215450412128e-05  -8.724258840084e-02  -3.379855453968e-01 
 -7.250266498886e-04  -8.748814463615e-02  -3.384458720684e-01  -1.839850214310e-03  -8.816157281399e-02  -3.378720879555e-01  -2.540564863011e-03  -8.921501040459e-02  -3.360335826874e-01 
 -2.236173255369e-03  -9.021004289389e-02  -3.340487480164e-01  -1.517526456155e-03  -9.095520526171e-02  -3.324964046478e-01  -1.517526456155e-03  -9.095520526171e-02  -3.324964046478e-01 
  0.000000000000e+00  -8.698697388172e-02  -2.998343110085e-01   0.000000000000e+00  -8.698697388172e-02  -2.998343110085e-01  -3.619487688411e-04  -8.725329488516e-02  -3.185984194279e-01 
 -6.215450412128e-05  -8.724258840084e-02  -3.379855453968e-01  -7.250266498886e-04  -8.748814463615e-02  -3.384458720684e-01  -1.839850214310e-03  -8.816157281399e-02  -3.378720879555e-01 
 -2.540564863011e-03  -8.921501040459e-02  -3.360335826874e-01  -2.236173255369e-03  -9.021004289389e-02  -3.340487480164e-01  -1.517526456155e-03  -9.095520526171e-02  -3.324964046478e-01 
 -1.517526456155e-03  -9.095520526171e-02  -3.324964046478e-01   0.000000000000e+00   1.314219925553e-02  -3.015105128288e-01   0.000000000000e+00   1.314219925553e-02  -3.015105128288e-01 
 -8.813243475743e-04   9.810532443225e-03  -3.197569251060e-01  -3.795852244366e-04   1.302632689476e-02  -3.386389613152e-01  -8.935144869611e-04   1.596722938120e-02  -3.386900126934e-01 
 -1.838549738750e-03   1.062582619488e-02  -3.382754325867e-01  -2.143212826923e-03   1.132054813206e-02  -3.368528187275e-01  -1.700589666143e-03   1.347833406180e-02  -3.353708684444e-01 
 -1.202208688483e-03   1.386669185013e-02  -3.341520130634e-01  -1.202208688483e-03   1.386669185013e-02  -3.341520130634e-01   0.000000000000e+00  -2.851156517863e-03  -3.010778427124e-01 
  0.000000000000e+00  -2.851156517863e-03  -3.010778427124e-01  -8.516847155988e-04  -3.046928672120e-03  -3.190653622150e-01  -1.082896254957e-03  -3.922195173800e-03  -3.368704617023e-01 
 -1.197323785163e-03  -4.163776990026e-03  -3.362412750721e-01  -1.183004933409e-03  -3.542707301676e-03  -3.356601595879e-01  -2.026936504990e-03  -3.255486255512e-03  -3.350934684277e-01 
 -1.777580822818e-03  -2.954786876217e-03  -3.342626392841e-01  -1.176974154077e-03  -2.977213123813e-03  -3.333390653133e-01  -1.176974154077e-03  -2.977213123813e-03  -3.333390653133e-01 
  0.000000000000e+00   5.706293159164e-04  -3.012211322784e-01   0.000000000000e+00   5.706293159164e-04  -3.012211322784e-01  -1.047881203704e-03   4.911930882372e-04  -3.192680180073e-01 
 -8.712182170711e-04   5.895164213143e-04  -3.375211060047e-01  -1.046036602929e-03   7.469439879060e-04  -3.371895849705e-01  -1.203321851790e-03   7.070014253259e-04  -3.366277217865e-01 
 -1.637762994505e-03   1.007718150504e-03  -3.355382382870e-01  -1.613580854610e-03   1.142170629464e-03  -3.345803916454e-01  -1.259262324311e-03   1.099633867852e-03  -3.336123228073e-01 
 -1.259262324311e-03   1.099633867852e-03  -3.336123228073e-01   0.000000000000e+00   3.368188481545e-05  -3.014781475067e-01   0.000000000000e+00   3.368188481545e-05  -3.014781475067e-01 
 -1.015200512484e-03   6.739136733813e-05  -3.191592991352e-01  -8.462243131362e-04   7.964551332407e-05  -3.372758924961e-01  -9.903308236971e-04   1.129787706304e-04  -3.369587659836e-01 
 -9.862035512924e-04   3.382648574188e-04  -3.367847502232e-01  -1.319612725638e-03   6.607381510548e-04  -3.362176418304e-01  -1.320169656537e-03   9.626381215639e-04  -3.351840078831e-01 
 -1.043943106197e-03   1.157787744887e-03  -3.340624868870e-01  -1.043943106197e-03   1.157787744887e-03  -3.340624868870e-01   0.000000000000e+00  -6.569833494723e-04  -3.010951578617e-01 
  0.000000000000e+00  -6.569833494723e-04  -3.010951578617e-01  -7.802802138031e-04  -4.037134058308e-04  -3.192100524902e-01  -4.449868865777e-04   7.878387805249e-06  -3.373228311539e-01 
 -5.204281769693e-04   4.552158643492e-04  -3.368784487247e-01  -6.505291094072e-04   7.884188089520e-04  -3.369040489197e-01  -1.191687886603e-03   9.254873148166e-04  -3.364595770836e-01 
 -1.332724350505e-03   9.447417687625e-04  -3.355853855610e-01  -1.048731734045e-03   9.567744564265e-04  -3.346924185753e-01  -1.048731734045e-03   9.567744564265e-04  -3.346924185753e-01 
  0.000000000000e+00  -5.919987452216e-04  -3.000506758690e-01   0.000000000000e+00  -5.919987452216e-04  -3.000506758690e-01  -7.682187133469e-04  -5.663092597388e-04  -3.182797431946e-01 
 -2.622716419864e-04  -3.447525668889e-04  -3.369756639004e-01   1.063064610207e-05   1.558688818477e-04  -3.374339938164e-01   1.282663142774e-04   8.289954857901e-04  -3.377160727978e-01 
 -6.175715243444e-04   1.326444209553e-03  -3.371664583683e-01  -1.299304771237e-03   1.357921748422e-03  -3.362715840340e-01  -1.110419048928e-03   1.304923789576e-03  -3.352539837360e-01 
 -1.110419048928e-03   1.304923789576e-03  -3.352539837360e-01   0.000000000000e+00   0.000000000000e+00  -2.999520003796e-01   0.000000000000e+00   0.000000000000e+00  -2.999520003796e-01 
 -9.657840128057e-04   0.000000000000e+00  -3.177098333836e-01  -4.365645290818e-04   0.000000000000e+00  -3.364782929420e-01   8.902269473765e-05   0.000000000000e+00  -3.375497758389e-01 
  7.189986645244e-04   0.000000000000e+00  -3.384535610676e-01   1.209462643601e-04   0.000000000000e+00  -3.384079039097e-01  -9.425939060748e-04   0.000000000000e+00  -3.375082910061e-01 
 -8.868272416294e-04   0.000000000000e+00  -3.362531065941e-01  -8.868272416294e-04   0.000000000000e+00  -3.362531065941e-01   0.000000000000e+00   0.000000000000e+00  -2.999520003796e-01 
  0.000000000000e+00   0.000000000000e+00  -2.999520003796e-01  -9.657840128057e-04   0.000000000000e+00  -3.177098333836e-01  -4.365645290818e-04   0.000000000000e+00  -3.364782929420e-01 
  8.902269473765e-05   0.000000000000e+00  -3.375497758389e-01   7.189986645244e-04   0.000000000000e+00  -3.384535610676e-01   1.209462643601e-04   0.000000000000e+00  -3.384079039097e-01 
 -9.425939060748e-04   0.000000000000e+00  -3.375082910061e-01  -8.868272416294e-04   0.000000000000e+00  -3.362531065941e-01  -8.868272416294e-04   0.000000000000e+00  -3.362531065941e-01 
  0.000000000000e+00  -6.486334651709e-02  -3.001148700714e-01   0.000000000000e+00  -6.486334651709e-02  -3.001148700714e-01  -3.194688470103e-04  -6.502596288919e-02  -3.186661899090e-01 
 -3.220706130378e-04  -6.516655534506e-02  -3.374660909176e-01  -6.625334499404e-04  -6.543282419443e-02  -3.375043570995e-01  -1.160991261713e-03  -6.591134518385e-02  -3.370053172112e-01 
 -1.372187165543e-03  -6.650409847498e-02  -3.360044658184e-01  -1.175621524453e-03  -6.705231964588e-02  -3.349545598030e-01  -7.495526224375e-04  -6.742490082979e-02  -3.341823518276e-01 
 -7.495526224375e-04  -6.742490082979e-02  -3.341823518276e-01   0.000000000000e+00  -6.486334651709e-02  -3.001148700714e-01   0.000000000000e+00  -6.486334651709e-02  -3.001148700714e-01 
 -3.194688470103e-04  -6.502596288919e-02  -3.186661899090e-01  -3.220706130378e-04  -6.516655534506e-02  -3.374660909176e-01  -6.625334499404e-04  -6.543282419443e-02  -3.375043570995e-01 
 -1.160991261713e-03  -6.591134518385e-02  -3.370053172112e-01  -1.372187165543e-03  -6.650409847498e-02  -3.360044658184e-01  -1.175621524453e-03  -6.705231964588e-02  -3.349545598030e-01 
 -7.495526224375e-04  -6.742490082979e-02  -3.341823518276e-01  -7.495526224375e-04  -6.742490082979e-02  -3.341823518276e-01   0.000000000000e+00   8.687929250300e-03  -3.010825514793e-01 
  0.000000000000e+00   8.687929250300e-03  -3.010825514793e-01  -5.189995863475e-04   6.198419257998e-03  -3.194178044796e-01  -4.553666221909e-04   6.255863700062e-03  -3.380774855614e-01 
 -6.970776012167e-04   7.155654020607e-03  -3.379833698273e-01  -1.146388589405e-03   5.329831503332e-03  -3.374018967152e-01  -1.213051844388e-03   6.040240637958e-03  -3.365534245968e-01 
 -9.692383464426e-04   8.255318738520e-03  -3.357642292976e-01  -6.435175891966e-04   8.524537086487e-03  -3.351741731167e-01  -6.435175891966e-04   8.524537086487e-03  -3.351741731167e-01 
  0.000000000000e+00  -2.095643430948e-03  -3.002392649651e-01   0.000000000000e+00  -2.095643430948e-03  -3.002392649651e-01  -3.240031655878e-04  -2.059942344204e-03  -3.184982538223e-01 
 -6.255948101170e-04  -2.213296946138e-03  -3.366316854954e-01  -7.989199948497e-04  -2.292261691764e-03  -3.361822962761e-01  -8.590163779445e-04  -2.036071848124e-03  -3.359169960022e-01 
 -1.193247269839e-03  -1.950367819518e-03  -3.352550566196e-01  -1.099971123040e-03  -1.877088681795e-03  -3.345462381840e-01  -6.234478787519e-04  -1.853887340985e-03  -3.339873850346e-01 
 -6.234478787519e-04  -1.853887340985e-03  -3.339873850346e-01   0.000000000000e+00   3.300047828816e-04  -3.005075156689e-01   0.000000000000e+00   3.300047828816e-04  -3.005075156689e-01 
 -4.871539422311e-04   2.301812201040e-04  -3.187301456928e-01  -5.880069802515e-04   2.956094685942e-04  -3.370016515255e-01  -7.173475460149e-04   3.106998628937e-04  -3.366617560387e-01 
 -8.454971830361e-04   3.064037009608e-04  -3.363095819950e-01  -9.968893136829e-04   4.766466445290e-04  -3.357428014278e-01  -9.115355205722e-04   6.404941086657e-04  -3.350847065449e-01 
 -5.897866212763e-04   6.809750921093e-04  -3.345047533512e-01  -5.897866212763e-04   6.809750921093e-04  -3.345047533512e-01   0.000000000000e+00  -6.456043047365e-05  -3.005671799183e-01 
  0.000000000000e+00  -6.456043047365e-05  -3.005671799183e-01  -4.765422199853e-04  -4.339595398051e-05  -3.187724947929e-01  -5.210774834268e-04   1.861649070634e-05  -3.370297551155e-01 
 -5.969800404273e-04   1.273959351238e-04  -3.366846442223e-01  -6.897748680785e-04   2.731716376729e-04  -3.364000618458e-01  -8.266177610494e-04   4.424450744409e-04  -3.359612822533e-01 
 -7.896966417320e-04   5.705147632398e-04  -3.354350626469e-01  -5.301752826199e-04   6.304620765150e-04  -3.349480032921e-01  -5.301752826199e-04   6.304620765150e-04  -3.349480032921e-01 
  0.000000000000e+00  -2.502283023205e-04  -3.002611994743e-01   0.000000000000e+00  -2.502283023205e-04  -3.002611994743e-01  -3.859681892209e-04  -1.523575338069e-04  -3.185493350029e-01 
 -3.677658969536e-04   2.629982645885e-06  -3.369695544243e-01  -3.835031529889e-04   2.058042155113e-04  -3.368205428123e-01  -4.618464154191e-04   4.234863736201e-04  -3.366920650005e-01 
 -6.626310059801e-04   5.882856203243e-04  -3.363268077374e-01  -7.113864412531e-04   6.750932079740e-04  -3.357834815979e-01  -4.959907382727e-04   7.138233631849e-04  -3.352794647217e-01 
 -4.959907382727e-04   7.138233631849e-04  -3.352794647217e-01   0.000000000000e+00  -2.230960526504e-04  -2.999643981457e-01   0.000000000000e+00  -2.230960526504e-04  -2.999643981457e-01 
 -3.407606272958e-04  -1.838763710111e-04  -3.182384967804e-01  -2.432450564811e-04  -7.043228106340e-05  -3.367073833942e-01  -1.497517660027e-04   1.467238180339e-04  -3.367788791656e-01 
 -1.739456492942e-04   4.027170944028e-04  -3.370546102524e-01  -4.335471312515e-04   6.032519740984e-04  -3.370160758495e-01  -6.125814397819e-04   6.956906290725e-04  -3.365277349949e-01 
 -4.705071332864e-04   7.243970176205e-04  -3.360036909580e-01  -4.705071332864e-04   7.243970176205e-04  -3.360036909580e-01   0.000000000000e+00   0.000000000000e+00  -3.000730574131e-01 
  0.000000000000e+00   0.000000000000e+00  -3.000730574131e-01  -3.682106034830e-04   0.000000000000e+00  -3.182266652584e-01  -2.195118140662e-04   0.000000000000e+00  -3.365409672260e-01 
 -4.227310273563e-05   0.000000000000e+00  -3.366237282753e-01   2.385646257608e-05   0.000000000000e+00  -3.372237086296e-01  -2.226047508884e-04   0.000000000000e+00  -3.375763893127e-01 
 -5.010823369958e-04   0.000000000000e+00  -3.373154103756e-01  -4.226274031680e-04   0.000000000000e+00  -3.369216620922e-01  -4.226274031680e-04   0.000000000000e+00  -3.369216620922e-01 
  0.000000000000e+00   0.000000000000e+00  -3.000730574131e-01   0.000000000000e+00   0.000000000000e+00  -3.000730574131e-01  -3.682106034830e-04   0.000000000000e+00  -3.182266652584e-01 
 -2.195118140662e-04   0.000000000000e+00  -3.365409672260e-01  -4.227310273563e-05   0.000000000000e+00  -3.366237282753e-01   2.385646257608e-05   0.000000000000e+00  -3.372237086296e-01 
 -2.226047508884e-04   0.000000000000e+00  -3.375763893127e-01  -5.010823369958e-04   0.000000000000e+00  -3.373154103756e-01  -4.226274031680e-04   0.000000000000e+00  -3.369216620922e-01 
 -4.226274031680e-04   0.000000000000e+00  -3.369216620922e-01   0.000000000000e+00  -4.283146187663e-02  -3.001219034195e-01   0.000000000000e+00  -4.283146187663e-02  -3.001219034195e-01 
 -2.334296441404e-04  -4.293943569064e-02  -3.186562955379e-01  -3.004493482877e-04  -4.308709874749e-02  -3.372027575970e-01  -4.450044943951e-04  -4.329000413418e-02  -3.370372056961e-01 
 -6.416306132451e-04  -4.358205199242e-02  -3.366082012653e-01  -7.148110889830e-04  -4.391589388251e-02  -3.360101878643e-01  -5.973017541692e-04  -4.421485587955e-02  -3.354285359383e-01 
 -3.627102414612e-04  -4.440500587225e-02  -3.350303471088e-01  -3.627102414612e-04  -4.440500587225e-02  -3.350303471088e-01   0.000000000000e+00  -4.283146187663e-02  -3.001219034195e-01 
  0.000000000000e+00  -4.283146187663e-02  -3.001219034195e-01  -2.334296441404e-04  -4.293943569064e-02  -3.186562955379e-01  -3.004493482877e-04  -4.308709874749e-02  -3.372027575970e-01 
 -4.450044943951e-04  -4.329000413418e-02  -3.370372056961e-01  -6.416306132451e-04  -4.358205199242e-02  -3.366082012653e-01  -7.148110889830e-04  -4.391589388251e-02  -3.360101878643e-01 
 -5.973017541692e-04  -4.421485587955e-02  -3.354285359383e-01  -3.627102414612e-04  -4.440500587225e-02  -3.350303471088e-01  -3.627102414612e-04  -4.440500587225e-02  -3.350303471088e-01 
  0.000000000000e+00   4.780405666679e-03  -3.007068634033e-01   0.000000000000e+00   4.780405666679e-03  -3.007068634033e-01  -3.071851388086e-04   3.502770792693e-03  -3.191483318806e-01 
 -3.561654593796e-04   3.010671352968e-03  -3.376544713974e-01  -4.556946223602e-04   3.059925045818e-03  -3.374593853951e-01  -6.161701167002e-04   3.021755954251e-03  -3.369948565960e-01 
 -6.568848039024e-04   3.126127412543e-03  -3.364730179310e-01  -5.344858509488e-04   3.314662957564e-03  -3.360166847706e-01  -3.272454196122e-04   3.362419782206e-03  -3.356807827950e-01 
 -3.272454196122e-04   3.362419782206e-03  -3.356807827950e-01   0.000000000000e+00  -1.345376134850e-03  -2.998922467232e-01   0.000000000000e+00  -1.345376134850e-03  -2.998922467232e-01 
 -1.556407369208e-04  -1.178305479698e-03  -3.184015750885e-01  -3.219922946300e-04  -1.128608942963e-03  -3.367500305176e-01  -4.683808365371e-04  -1.134379301220e-03  -3.364316225052e-01 
 -5.506923771463e-04  -1.074594911188e-03  -3.361458182335e-01  -6.307692965493e-04  -1.024763449095e-03  -3.356540799141e-01  -5.501644336618e-04  -9.388229809701e-04  -3.350810110569e-01 
 -3.150296979584e-04  -9.232027805410e-04  -3.347318470478e-01  -3.150296979584e-04  -9.232027805410e-04  -3.347318470478e-01   0.000000000000e+00   1.708437048364e-04  -3.000993430614e-01 
  0.000000000000e+00   1.708437048364e-04  -3.000993430614e-01  -2.509763871785e-04   9.579226025380e-05  -3.185441195965e-01  -3.466884081718e-04   8.664236520417e-05  -3.369122743607e-01 
 -4.267838376109e-04   1.016593450913e-04  -3.366346061230e-01  -4.972406313755e-04   1.503524690634e-04  -3.363060951233e-01  -5.474716890603e-04   2.265992225148e-04  -3.358862400055e-01 
 -4.792589752469e-04   2.908277674578e-04  -3.354548215866e-01  -2.895520883612e-04   3.164933586959e-04  -3.351561427116e-01  -2.895520883612e-04   3.164933586959e-04  -3.351561427116e-01 
  0.000000000000e+00  -4.814530620934e-05  -3.000803589821e-01   0.000000000000e+00  -4.814530620934e-05  -3.000803589821e-01  -2.408209111309e-04  -3.174275479978e-05  -3.185098171234e-01 
 -3.071119135711e-04   7.391454346362e-06  -3.368983566761e-01  -3.553087590262e-04   7.075179746607e-05  -3.366735875607e-01  -4.112331371289e-04   1.520904334029e-04  -3.364142477512e-01 
 -4.593557678163e-04   2.387200074736e-04  -3.360771536827e-01  -4.148455336690e-04   3.044749610126e-04  -3.357046544552e-01  -2.595633559395e-04   3.343705029693e-04  -3.354313671589e-01 
 -2.595633559395e-04   3.343705029693e-04  -3.354313671589e-01   0.000000000000e+00  -1.006854290608e-04  -2.999666929245e-01   0.000000000000e+00  -1.006854290608e-04  -2.999666929245e-01 
 -2.043886197498e-04  -6.107622175477e-05  -3.184246718884e-01  -2.386599808233e-04   7.547840141342e-06  -3.368658423424e-01  -2.527394972276e-04   1.038011323544e-04  -3.367257118225e-01 
 -2.943887957372e-04   2.165992627852e-04  -3.365762233734e-01  -3.625868994277e-04   3.131798002869e-04  -3.363308012486e-01  -3.576626768336e-04   3.730120661203e-04  -3.360091149807e-01 
 -2.341095678275e-04   3.996543528046e-04  -3.357601463795e-01  -2.341095678275e-04   3.996543528046e-04  -3.357601463795e-01   0.000000000000e+00  -8.441224781564e-05  -2.998343706131e-01 
  0.000000000000e+00  -8.441224781564e-05  -2.998343706131e-01  -1.768596994225e-04  -6.028793359292e-05  -3.183039128780e-01  -1.781636819942e-04  -8.044823516684e-06  -3.367968201637e-01 
 -1.504057290731e-04   8.270499529317e-05  -3.367708325386e-01  -1.717513368931e-04   1.912616571644e-04  -3.367587327957e-01  -2.588923380245e-04   2.849741722457e-04  -3.366272449493e-01 
 -2.978492993861e-04   3.416852850933e-04  -3.363709151745e-01  -2.101640566252e-04   3.655170148704e-04  -3.361446857452e-01  -2.101640566252e-04   3.655170148704e-04  -3.361446857452e-01 
  0.000000000000e+00   0.000000000000e+00  -2.997981607914e-01   0.000000000000e+00   0.000000000000e+00  -2.997981607914e-01  -1.720685831970e-04   0.000000000000e+00  -3.182463943958e-01 
 -1.527749409433e-04   0.000000000000e+00  -3.367478549480e-01  -9.711256279843e-05   0.000000000000e+00  -3.367852568626e-01  -9.433668310521e-05   0.000000000000e+00  -3.368776142597e-01 
 -1.836965093389e-04   0.000000000000e+00  -3.368526995182e-01  -2.524420851842e-04   0.000000000000e+00  -3.366563618183e-01  -1.907039841171e-04   0.000000000000e+00  -3.364493548870e-01 
 -1.907039841171e-04   0.000000000000e+00  -3.364493548870e-01   0.000000000000e+00   0.000000000000e+00  -2.997981607914e-01   0.000000000000e+00   0.000000000000e+00  -2.997981607914e-01 
 -1.720685831970e-04   0.000000000000e+00  -3.182463943958e-01  -1.527749409433e-04   0.000000000000e+00  -3.367478549480e-01  -9.711256279843e-05   0.000000000000e+00  -3.367852568626e-01 
 -9.433668310521e-05   0.000000000000e+00  -3.368776142597e-01  -1.836965093389e-04   0.000000000000e+00  -3.368526995182e-01  -2.524420851842e-04   0.000000000000e+00  -3.366563618183e-01 
 -1.907039841171e-04   0.000000000000e+00  -3.364493548870e-01  -1.907039841171e-04   0.000000000000e+00  -3.364493548870e-01   0.000000000000e+00  -2.124293707311e-02  -2.990912795067e-01 
  0.000000000000e+00  -2.124293707311e-02  -2.990912795067e-01  -1.506356202299e-04  -2.131557092071e-02  -3.180342316628e-01  -2.166932536056e-04  -2.143854647875e-02  -3.370870351791e-01 
 -2.286084491061e-04  -2.155288495123e-02  -3.368635475636e-01  -2.816132910084e-04  -2.169198356569e-02  -3.365024328232e-01  -2.864709531423e-04  -2.183607593179e-02  -3.360409140587e-01 
 -2.259826433146e-04  -2.195697464049e-02  -3.355931937695e-01  -1.415734150214e-04  -2.203615196049e-02  -3.353128433228e-01  -1.415734150214e-04  -2.203615196049e-02  -3.353128433228e-01 
  0.000000000000e+00  -2.124293707311e-02  -2.990912795067e-01   0.000000000000e+00  -2.124293707311e-02  -2.990912795067e-01  -1.506356202299e-04  -2.131557092071e-02  -3.180342316628e-01 
 -2.166932536056e-04  -2.143854647875e-02  -3.370870351791e-01  -2.286084491061e-04  -2.155288495123e-02  -3.368635475636e-01  -2.816132910084e-04  -2.169198356569e-02  -3.365024328232e-01 
 -2.864709531423e-04  -2.183607593179e-02  -3.360409140587e-01  -2.259826433146e-04  -2.195697464049e-02  -3.355931937695e-01  -1.415734150214e-04  -2.203615196049e-02  -3.353128433228e-01 
 -1.415734150214e-04  -2.203615196049e-02  -3.353128433228e-01   0.000000000000e+00   2.470244653523e-03  -2.994732260704e-01   0.000000000000e+00   2.470244653523e-03  -2.994732260704e-01 
 -1.652555802139e-04   2.222952665761e-03  -3.183713555336e-01  -2.418289950583e-04   1.428043935448e-03  -3.374080657959e-01  -2.310864801984e-04   1.370442681946e-03  -3.371724784374e-01 
 -2.710942644626e-04   1.385928830132e-03  -3.368184566498e-01  -2.643891493790e-04   1.654953113757e-03  -3.363890647888e-01  -1.934084575623e-04   2.477033063769e-03  -3.359718620777e-01 
 -1.299168507103e-04   2.551265526563e-03  -3.357167840004e-01  -1.299168507103e-04   2.551265526563e-03  -3.357167840004e-01   0.000000000000e+00  -6.878615822643e-04  -2.988272905350e-01 
  0.000000000000e+00  -6.878615822643e-04  -2.988272905350e-01  -1.029182312777e-04  -6.116827134974e-04  -3.178218007088e-01  -1.437149767298e-04  -4.994012997486e-04  -3.368229269981e-01 
 -2.220897004008e-04  -4.840283945668e-04  -3.365601897240e-01  -2.639603626449e-04  -4.813852428924e-04  -3.362439870834e-01  -3.005702455994e-04  -5.174215184525e-04  -3.358804583549e-01 
 -2.779189671855e-04  -5.655804416165e-04  -3.355639576912e-01  -1.303067401750e-04  -5.705419462174e-04  -3.353465497494e-01  -1.303067401750e-04  -5.705419462174e-04  -3.353465497494e-01 
  0.000000000000e+00   9.482648601988e-05  -2.989401221275e-01   0.000000000000e+00   9.482648601988e-05  -2.989401221275e-01  -1.344430929748e-04   6.538202433148e-05  -3.178690969944e-01 
 -1.932941668201e-04   2.823483373504e-05  -3.368696570396e-01  -2.039076352958e-04   3.915968409274e-05  -3.366273343563e-01  -2.298263716511e-04   6.819198461017e-05  -3.363394439220e-01 
 -2.399037766736e-04   1.208480389323e-04  -3.360021710396e-01  -2.040504041361e-04   1.828274398576e-04  -3.356786668301e-01  -1.181177722174e-04   1.986710994970e-04  -3.354720473289e-01 
 -1.181177722174e-04   1.986710994970e-04  -3.354720473289e-01   0.000000000000e+00  -2.346826113353e-05  -2.989107072353e-01   0.000000000000e+00  -2.346826113353e-05  -2.989107072353e-01 
 -1.293338573305e-04  -1.553579750180e-05  -3.178366124630e-01  -1.763539912645e-04   2.854204694813e-06  -3.368539512157e-01  -1.737191487337e-04   3.001087316079e-05  -3.366549313068e-01 
 -1.927445555339e-04   6.572318670806e-05  -3.364216983318e-01  -2.024830173468e-04   1.036930043483e-04  -3.361440896988e-01  -1.746993802954e-04   1.350813836325e-04  -3.358673453331e-01 
 -1.037650945364e-04   1.492387236794e-04  -3.356829285622e-01  -1.037650945364e-04   1.492387236794e-04  -3.356829285622e-01   0.000000000000e+00  -3.169788396917e-05  -2.988452613354e-01 
  0.000000000000e+00  -3.169788396917e-05  -2.988452613354e-01  -1.169773531728e-04  -1.769255322870e-05  -3.177828490734e-01  -1.518500357633e-04   6.653870059381e-06  -3.368331789970e-01 
 -1.345955824945e-04   4.375832213555e-05  -3.366944789886e-01  -1.463558000978e-04   8.907377923606e-05  -3.365375697613e-01  -1.602733536856e-04   1.312492240686e-04  -3.363300263882e-01 
 -1.459317863919e-04   1.608385646250e-04  -3.361001014709e-01  -9.125375072472e-05   1.745119225234e-04  -3.359383642673e-01  -9.125375072472e-05   1.745119225234e-04  -3.359383642673e-01 
  0.000000000000e+00  -2.649930320331e-05  -2.987760305405e-01   0.000000000000e+00  -2.649930320331e-05  -2.987760305405e-01  -1.045041426551e-04  -1.591413820279e-05  -3.177233934402e-01 
 -1.285761391046e-04   4.214150067128e-06  -3.368061780930e-01  -9.867272456177e-05   3.655998079921e-05  -3.367310464382e-01  -1.045887402142e-04   7.509085844504e-05  -3.366516828537e-01 
 -1.219929181389e-04   1.110128578148e-04  -3.365141451359e-01  -1.196113371407e-04   1.361726754112e-04  -3.363316059113e-01  -8.007267751964e-05   1.478602353018e-04  -3.361914455891e-01 
 -8.007267751964e-05   1.478602353018e-04  -3.361914455891e-01   0.000000000000e+00   0.000000000000e+00  -2.987438738346e-01   0.000000000000e+00   0.000000000000e+00  -2.987438738346e-01 
 -9.811143536353e-05   0.000000000000e+00  -3.176911473274e-01  -1.158190207207e-04   0.000000000000e+00  -3.367893993855e-01  -7.907290273579e-05   0.000000000000e+00  -3.367516696453e-01 
 -8.006052667042e-05   0.000000000000e+00  -3.367227315903e-01  -9.876264812192e-05   0.000000000000e+00  -3.366338312626e-01  -1.038642731146e-04   0.000000000000e+00  -3.364830315113e-01 
 -7.360702875303e-05   0.000000000000e+00  -3.363558053970e-01  -7.360702875303e-05   0.000000000000e+00  -3.363558053970e-01   0.000000000000e+00   0.000000000000e+00  -2.987438738346e-01 
  0.000000000000e+00   0.000000000000e+00  -2.987438738346e-01  -9.811143536353e-05   0.000000000000e+00  -3.176911473274e-01  -1.158190207207e-04   0.000000000000e+00  -3.367893993855e-01 
 -7.907290273579e-05   0.000000000000e+00  -3.367516696453e-01  -8.006052667042e-05   0.000000000000e+00  -3.367227315903e-01  -9.876264812192e-05   0.000000000000e+00  -3.366338312626e-01 
 -1.038642731146e-04   0.000000000000e+00  -3.364830315113e-01  -7.360702875303e-05   0.000000000000e+00  -3.363558053970e-01  -7.360702875303e-05   0.000000000000e+00  -3.363558053970e-01 
  0.000000000000e+00  -2.124293707311e-02  -2.990912795067e-01   0.000000000000e+00  -2.124293707311e-02  -2.990912795067e-01  -1.506356202299e-04  -2.131557092071e-02  -3.180342316628e-01 
 -2.166932536056e-04  -2.143854647875e-02  -3.370870351791e-01  -2.286084491061e-04  -2.155288495123e-02  -3.368635475636e-01  -2.816132910084e-04  -2.169198356569e-02  -3.365024328232e-01 
 -2.864709531423e-04  -2.183607593179e-02  -3.360409140587e-01  -2.259826433146e-04  -2.195697464049e-02  -3.355931937695e-01  -1.415734150214e-04  -2.203615196049e-02  -3.353128433228e-01 
 -1.415734150214e-04  -2.203615196049e-02  -3.353128433228e-01   0.000000000000e+00  -2.124293707311e-02  -2.990912795067e-01   0.000000000000e+00  -2.124293707311e-02  -2.990912795067e-01 
 -1.506356202299e-04  -2.131557092071e-02  -3.180342316628e-01  -2.166932536056e-04  -2.143854647875e-02  -3.370870351791e-01  -2.286084491061e-04  -2.155288495123e-02  -3.368635475636e-01 
 -2.816132910084e-04  -2.169198356569e-02  -3.365024328232e-01  -2.864709531423e-04  -2.183607593179e-02  -3.360409140587e-01  -2.259826433146e-04  -2.195697464049e-02  -3.355931937695e-01 
 -1.415734150214e-04  -2.203615196049e-02  -3.353128433228e-01  -1.415734150214e-04  -2.203615196049e-02  -3.353128433228e-01   0.000000000000e+00   2.470244653523e-03  -2.994732260704e-01 
  0.000000000000e+00   2.470244653523e-03  -2.994732260704e-01  -1.652555802139e-04   2.222952665761e-03  -3.183713555336e-01  -2.418289950583e-04   1.428043935448e-03  -3.374080657959e-01 
 -2.310864801984e-04   1.370442681946e-03  -3.371724784374e-01  -2.710942644626e-04   1.385928830132e-03  -3.368184566498e-01  -2.643891493790e-04   1.654953113757e-03  -3.363890647888e-01 
 -1.934084575623e-04   2.477033063769e-03  -3.359718620777e-01  -1.299168507103e-04   2.551265526563e-03  -3.357167840004e-01  -1.299168507103e-04   2.551265526563e-03  -3.357167840004e-01 
  0.000000000000e+00  -6.878615822643e-04  -2.988272905350e-01   0.000000000000e+00  -6.878615822643e-04  -2.988272905350e-01  -1.029182312777e-04  -6.116827134974e-04  -3.178218007088e-01 
 -1.437149767298e-04  -4.994012997486e-04  -3.368229269981e-01  -2.220897004008e-04  -4.840283945668e-04  -3.365601897240e-01  -2.639603626449e-04  -4.813852428924e-04  -3.362439870834e-01 
 -3.005702455994e-04  -5.174215184525e-04  -3.358804583549e-01  -2.779189671855e-04  -5.655804416165e-04  -3.355639576912e-01  -1.303067401750e-04  -5.705419462174e-04  -3.353465497494e-01 
 -1.303067401750e-04  -5.705419462174e-04  -3.353465497494e-01   0.000000000000e+00   9.482648601988e-05  -2.989401221275e-01   0.000000000000e+00   9.482648601988e-05  -2.989401221275e-01 
 -1.344430929748e-04   6.538202433148e-05  -3.178690969944e-01  -1.932941668201e-04   2.823483373504e-05  -3.368696570396e-01  -2.039076352958e-04   3.915968409274e-05  -3.366273343563e-01 
 -2.298263716511e-04   6.819198461017e-05  -3.363394439220e-01  -2.399037766736e-04   1.208480389323e-04  -3.360021710396e-01  -2.040504041361e-04   1.828274398576e-04  -3.356786668301e-01 
 -1.181177722174e-04   1.986710994970e-04  -3.354720473289e-01  -1.181177722174e-04   1.986710994970e-04  -3.354720473289e-01   0.000000000000e+00  -2.346826113353e-05  -2.989107072353e-01 
  0.000000000000e+00  -2.346826113353e-05  -2.989107072353e-01  -1.293338573305e-04  -1.553579750180e-05  -3.178366124630e-01  -1.763539912645e-04   2.854204694813e-06  -3.368539512157e-01 
 -1.737191487337e-04   3.001087316079e-05  -3.366549313068e-01  -1.927445555339e-04   6.572318670806e-05  -3.364216983318e-01  -2.024830173468e-04   1.036930043483e-04  -3.361440896988e-01 
 -1.746993802954e-04   1.350813836325e-04  -3.358673453331e-01  -1.037650945364e-04   1.492387236794e-04  -3.356829285622e-01  -1.037650945364e-04   1.492387236794e-04  -3.356829285622e-01 
  0.000000000000e+00  -3.169788396917e-05  -2.988452613354e-01   0.000000000000e+00  -3.169788396917e-05  -2.988452613354e-01  -1.169773531728e-04  -1.769255322870e-05  -3.177828490734e-01 
 -1.518500357633e-04   6.653870059381e-06  -3.368331789970e-01  -1.345955824945e-04   4.375832213555e-05  -3.366944789886e-01  -1.463558000978e-04   8.907377923606e-05  -3.365375697613e-01 
 -1.602733536856e-04   1.312492240686e-04  -3.363300263882e-01  -1.459317863919e-04   1.608385646250e-04  -3.361001014709e-01  -9.125375072472e-05   1.745119225234e-04  -3.359383642673e-01 
 -9.125375072472e-05   1.745119225234e-04  -3.359383642673e-01   0.000000000000e+00  -2.649930320331e-05  -2.987760305405e-01   0.000000000000e+00  -2.649930320331e-05  -2.987760305405e-01 
 -1.045041426551e-04  -1.591413820279e-05  -3.177233934402e-01  -1.285761391046e-04   4.214150067128e-06  -3.368061780930e-01  -9.867272456177e-05   3.655998079921e-05  -3.367310464382e-01 
 -1.045887402142e-04   7.509085844504e-05  -3.366516828537e-01  -1.219929181389e-04   1.110128578148e-04  -3.365141451359e-01  -1.196113371407e-04   1.361726754112e-04  -3.363316059113e-01 
 -8.007267751964e-05   1.478602353018e-04  -3.361914455891e-01  -8.007267751964e-05   1.478602353018e-04  -3.361914455891e-01   0.000000000000e+00   0.000000000000e+00  -2.987438738346e-01 
  0.000000000000e+00   0.000000000000e+00  -2.987438738346e-01  -9.811143536353e-05   0.000000000000e+00  -3.176911473274e-01  -1.158190207207e-04   0.000000000000e+00  -3.367893993855e-01 
 -7.907290273579e-05   0.000000000000e+00  -3.367516696453e-01  -8.006052667042e-05   0.000000000000e+00  -3.367227315903e-01  -9.876264812192e-05   0.000000000000e+00  -3.366338312626e-01 
 -1.038642731146e-04   0.000000000000e+00  -3.364830315113e-01  -7.360702875303e-05   0.000000000000e+00  -3.363558053970e-01  -7.360702875303e-05   0.000000000000e+00  -3.363558053970e-01 
  0.000000000000e+00   0.000000000000e+00  -2.987438738346e-01   0.000000000000e+00   0.000000000000e+00  -2.987438738346e-01  -9.811143536353e-05   0.000000000000e+00  -3.176911473274e-01 
 -1.158190207207e-04   0.000000000000e+00  -3.367893993855e-01  -7.907290273579e-05   0.000000000000e+00  -3.367516696453e-01  -8.006052667042e-05   0.000000000000e+00  -3.367227315903e-01 
 -9.876264812192e-05   0.000000000000e+00  -3.366338312626e-01  -1.038642731146e-04   0.000000000000e+00  -3.364830315113e-01  -7.360702875303e-05   0.000000000000e+00  -3.363558053970e-01 
 -7.360702875303e-05   0.000000000000e+00  -3.363558053970e-01 

