# vtk DataFile Version 2.0
Written using VisIt writer
ASCII
DATASET RECTILINEAR_GRID
DIMENSIONS 10 10 10
X_COORDINATES 10 float
  0.000000000000e+00   5.000000000000e-01   1.000000000000e+00   1.500000000000e+00   2.000000000000e+00   2.500000000000e+00   3.000000000000e+00   3.500000000000e+00   4.000000000000e+00 
  4.500000000000e+00 
Y_COORDINATES 10 float
  0.000000000000e+00   5.000000000000e-01   1.000000000000e+00   1.500000000000e+00   2.000000000000e+00   2.500000000000e+00   3.000000000000e+00   3.500000000000e+00   4.000000000000e+00 
  4.500000000000e+00 
Z_COORDINATES 10 float
  0.000000000000e+00   5.000000000000e-01   1.000000000000e+00   1.500000000000e+00   2.000000000000e+00   2.500000000000e+00   3.000000000000e+00   3.500000000000e+00   4.000000000000e+00 
  4.500000000000e+00 
CELL_DATA 729
POINT_DATA 1000
VECTORS velocity float
  0.000000000000e+00  -1.082676425576e-01  -2.278432101011e-01   3.251200000000e+04   0.000000000000e+00   0.000000000000e+00   0.000000000000e+00   0.000000000000e+00   0.000000000000e+00 
  1.169106177986e-02  -5.260766670108e-02  -1.495828181505e-01   0.000000000000e+00   0.000000000000e+00   0.000000000000e+00   0.000000000000e+00   1.431655808000e+09   1.070945600000e+09 
 -1.309537738562e-01  -7.146960496902e-02  -1.769882589579e-01   1.071994176000e+09   0.000000000000e+00   0.000000000000e+00   0.000000000000e+00   0.000000000000e+00   0.000000000000e+00 
 -9.465984255075e-02  -9.329351037741e-02  -2.714136242867e-01   0.000000000000e+00  -1.082676425576e-01  -2.278432101011e-01   1.070945600000e+09   0.000000000000e+00   0.000000000000e+00 
 -6.410357356071e-02  -1.122317686677e-01  -2.255734652281e-01   1.169106177986e-02  -5.260766670108e-02  -1.495828181505e-01   1.431655808000e+09   1.070945600000e+09   0.000000000000e+00 
 -4.303906112909e-02  -3.868221119046e-02  -1.471601724625e-01  -1.309537738562e-01  -7.146960496902e-02  -1.769882589579e-01   0.000000000000e+00   0.000000000000e+00   1.071644672000e+09 
 -9.465984255075e-02  -9.329351037741e-02  -2.714136242867e-01  -9.465984255075e-02  -9.329351037741e-02  -2.714136242867e-01   0.000000000000e+00   3.246328234673e-02  -1.736263483763e-01 
  0.000000000000e+00   3.246328234673e-02  -1.736263483763e-01  -1.341769993305e-01   6.497983634472e-02  -1.916288882494e-01  -9.300069510937e-02  -6.365054845810e-02  -1.722906678915e-01 
 -1.280802488327e-01  -1.728995293379e-01  -2.175267040730e-01   5.556680634618e-02  -4.825200885534e-02  -1.444247066975e-01   2.633171342313e-02  -5.260821059346e-02  -1.526396274567e-01 
  1.984975673258e-02  -2.728032320738e-02  -1.438953578472e-01  -1.204505097121e-02   1.834992319345e-02  -1.625681668520e-01  -1.204505097121e-02   1.834992319345e-02  -1.625681668520e-01 
  0.000000000000e+00   4.725006595254e-02  -1.720177084208e-01   0.000000000000e+00   4.725006595254e-02  -1.720177084208e-01  -7.399447262287e-02   1.057365611196e-01  -1.705465316772e-01 
 -2.722129970789e-02   4.076890647411e-02  -1.471828967333e-01  -8.650763332844e-02  -5.524199083447e-02  -1.703798472881e-01  -8.076900988817e-02  -7.796795666218e-02  -1.816845238209e-01 
 -1.833523660898e-01  -3.860653191805e-02  -2.538540363312e-01   1.475960202515e-02   1.479081902653e-02  -1.493895947933e-01  -1.013618614525e-02  -4.541884362698e-02  -1.686597317457e-01 
 -1.013618614525e-02  -4.541884362698e-02  -1.686597317457e-01   0.000000000000e+00  -9.287912398577e-02  -2.203044444323e-01   0.000000000000e+00  -9.287912398577e-02  -2.203044444323e-01 
 -5.942513048649e-02   1.945084705949e-02  -2.515394389629e-01   9.693697839975e-02  -2.522300928831e-03  -1.567224115133e-01   2.087823348120e-03  -1.222981046885e-02  -1.699839234352e-01 
 -8.542031049728e-02   2.114504575729e-02  -1.463848501444e-01  -2.089544385672e-01  -6.160703953356e-03  -2.019156664610e-01  -1.448925137520e-01  -9.608785063028e-02  -2.161695212126e-01 
 -8.212748169899e-02  -1.824531704187e-01  -2.805733084679e-01  -8.212748169899e-02  -1.824531704187e-01  -2.805733084679e-01   0.000000000000e+00   4.803320392966e-02  -1.746794879436e-01 
  0.000000000000e+00   4.803320392966e-02  -1.746794879436e-01  -8.171443641186e-02   1.175723131746e-02  -1.982389390469e-01  -1.229643542320e-02   5.502082407475e-02  -1.844986528158e-01 
 -1.686467528343e-01   5.052601546049e-02  -2.245720475912e-01  -1.385293249041e-02   8.524277806282e-02  -1.444316953421e-01  -5.151410773396e-02   4.838032275438e-02  -1.532039791346e-01 
 -2.060989104211e-02  -1.462693791837e-03  -1.432138681412e-01   1.886870339513e-02  -6.192022189498e-02  -1.624376326799e-01   1.886870339513e-02  -6.192022189498e-02  -1.624376326799e-01 
  0.000000000000e+00   4.111888632178e-02  -1.892941296101e-01   0.000000000000e+00   4.111888632178e-02  -1.892941296101e-01  -3.557378798723e-02  -2.655124291778e-02  -1.802786737680e-01 
 -2.801978774369e-02   4.303361102939e-02  -1.516120731831e-01  -1.832420378923e-01   9.815523773432e-02  -1.803771257401e-01  -1.633283942938e-01   3.994642198086e-02  -1.848288923502e-01 
 -1.098093092442e-01   1.953290589154e-02  -2.517895996571e-01   1.331102699041e-01   2.861940115690e-02  -1.524284780025e-01   1.216896623373e-01  -1.154545992613e-01  -1.661410033703e-01 
  1.216896623373e-01  -1.154545992613e-01  -1.661410033703e-01   0.000000000000e+00   6.292568892241e-02  -2.222925275564e-01   0.000000000000e+00   6.292568892241e-02  -2.222925275564e-01 
 -8.223443478346e-02  -2.795680984855e-02  -2.218094617128e-01   6.981473416090e-02  -1.434973790310e-03  -1.511793285608e-01  -6.117276847363e-02   5.827393010259e-02  -1.586413383484e-01 
 -8.175797760487e-02   9.137029945850e-02  -1.512035727501e-01  -7.129205018282e-02   8.117862790823e-02  -1.684016734362e-01   1.698970794678e-02  -3.034483827651e-02  -1.895492374897e-01 
  5.538516864181e-02  -1.057019680738e-01  -2.325790822506e-01   5.538516864181e-02  -1.057019680738e-01  -2.325790822506e-01   0.000000000000e+00   0.000000000000e+00  -1.884266883135e-01 
  0.000000000000e+00   0.000000000000e+00  -1.884266883135e-01  -3.939287364483e-02   0.000000000000e+00  -1.811751574278e-01  -3.785594925284e-02   0.000000000000e+00  -1.623052954674e-01 
 -7.857520878315e-02   0.000000000000e+00  -2.043356299400e-01   7.588499039412e-02   0.000000000000e+00  -1.466876864433e-01   2.926135202870e-03   0.000000000000e+00  -1.469591856003e-01 
  4.356322437525e-02   0.000000000000e+00  -1.381987631321e-01   1.088297590613e-01   0.000000000000e+00  -1.450574994087e-01   1.088297590613e-01   0.000000000000e+00  -1.450574994087e-01 
  0.000000000000e+00   0.000000000000e+00  -1.884266883135e-01   0.000000000000e+00   0.000000000000e+00  -1.884266883135e-01  -3.939287364483e-02   0.000000000000e+00  -1.811751574278e-01 
 -3.785594925284e-02   0.000000000000e+00  -1.623052954674e-01  -7.857520878315e-02   0.000000000000e+00  -2.043356299400e-01   7.588499039412e-02   0.000000000000e+00  -1.466876864433e-01 
  2.926135202870e-03   0.000000000000e+00  -1.469591856003e-01   4.356322437525e-02   0.000000000000e+00  -1.381987631321e-01   1.088297590613e-01   0.000000000000e+00  -1.450574994087e-01 
  1.088297590613e-01   0.000000000000e+00  -1.450574994087e-01   0.000000000000e+00  -1.082676425576e-01  -2.278432101011e-01   0.000000000000e+00  -1.082676425576e-01  -2.278432101011e-01 
 -6.410357356071e-02  -1.122317686677e-01  -2.255734652281e-01   1.169106177986e-02  -5.260766670108e-02  -1.495828181505e-01  -9.210690855980e-02  -4.822225868702e-02  -1.507267504930e-01 
 -4.303906112909e-02  -3.868221119046e-02  -1.471601724625e-01  -1.309537738562e-01  -7.146960496902e-02  -1.769882589579e-01  -1.056512370706e-01  -8.062137663364e-02  -1.967080831528e-01 
 -9.465984255075e-02  -9.329351037741e-02  -2.714136242867e-01  -9.465984255075e-02  -9.329351037741e-02  -2.714136242867e-01   0.000000000000e+00  -1.082676425576e-01  -2.278432101011e-01 
  0.000000000000e+00  -1.082676425576e-01  -2.278432101011e-01  -6.410357356071e-02  -1.122317686677e-01  -2.255734652281e-01   1.169106177986e-02  -5.260766670108e-02  -1.495828181505e-01 
 -9.210690855980e-02  -4.822225868702e-02  -1.507267504930e-01  -4.303906112909e-02  -3.868221119046e-02  -1.471601724625e-01  -1.309537738562e-01  -7.146960496902e-02  -1.769882589579e-01 
 -1.056512370706e-01  -8.062137663364e-02  -1.967080831528e-01  -9.465984255075e-02  -9.329351037741e-02  -2.714136242867e-01  -9.465984255075e-02  -9.329351037741e-02  -2.714136242867e-01 
  0.000000000000e+00   3.246328234673e-02  -1.736263483763e-01   0.000000000000e+00   3.246328234673e-02  -1.736263483763e-01  -1.341769993305e-01   6.497983634472e-02  -1.916288882494e-01 
 -9.300069510937e-02  -6.365054845810e-02  -1.722906678915e-01  -1.280802488327e-01  -1.728995293379e-01  -2.175267040730e-01   5.556680634618e-02  -4.825200885534e-02  -1.444247066975e-01 
  2.633171342313e-02  -5.260821059346e-02  -1.526396274567e-01   1.984975673258e-02  -2.728032320738e-02  -1.438953578472e-01  -1.204505097121e-02   1.834992319345e-02  -1.625681668520e-01 
 -1.204505097121e-02   1.834992319345e-02  -1.625681668520e-01   0.000000000000e+00   4.725006595254e-02  -1.720177084208e-01   0.000000000000e+00   4.725006595254e-02  -1.720177084208e-01 
 -7.399447262287e-02   1.057365611196e-01  -1.705465316772e-01  -2.722129970789e-02   4.076890647411e-02  -1.471828967333e-01  -8.650763332844e-02  -5.524199083447e-02  -1.703798472881e-01 
 -8.076900988817e-02  -7.796795666218e-02  -1.816845238209e-01  -1.833523660898e-01  -3.860653191805e-02  -2.538540363312e-01   1.475960202515e-02   1.479081902653e-02  -1.493895947933e-01 
 -1.013618614525e-02  -4.541884362698e-02  -1.686597317457e-01  -1.013618614525e-02  -4.541884362698e-02  -1.686597317457e-01   0.000000000000e+00  -9.287912398577e-02  -2.203044444323e-01 
  0.000000000000e+00  -9.287912398577e-02  -2.203044444323e-01  -5.942513048649e-02   1.945084705949e-02  -2.515394389629e-01   9.693697839975e-02  -2.522300928831e-03  -1.567224115133e-01 
  2.087823348120e-03  -1.222981046885e-02  -1.699839234352e-01  -8.542031049728e-02   2.114504575729e-02  -1.463848501444e-01  -2.089544385672e-01  -6.160703953356e-03  -2.019156664610e-01 
 -1.448925137520e-01  -9.608785063028e-02  -2.161695212126e-01  -8.212748169899e-02  -1.824531704187e-01  -2.805733084679e-01  -8.212748169899e-02  -1.824531704187e-01  -2.805733084679e-01 
  0.000000000000e+00   4.803320392966e-02  -1.746794879436e-01   0.000000000000e+00   4.803320392966e-02  -1.746794879436e-01  -8.171443641186e-02   1.175723131746e-02  -1.982389390469e-01 
 -1.229643542320e-02   5.502082407475e-02  -1.844986528158e-01  -1.686467528343e-01   5.052601546049e-02  -2.245720475912e-01  -1.385293249041e-02   8.524277806282e-02  -1.444316953421e-01 
 -5.151410773396e-02   4.838032275438e-02  -1.532039791346e-01  -2.060989104211e-02  -1.462693791837e-03  -1.432138681412e-01   1.886870339513e-02  -6.192022189498e-02  -1.624376326799e-01 
  1.886870339513e-02  -6.192022189498e-02  -1.624376326799e-01   0.000000000000e+00   4.111888632178e-02  -1.892941296101e-01   0.000000000000e+00   4.111888632178e-02  -1.892941296101e-01 
 -3.557378798723e-02  -2.655124291778e-02  -1.802786737680e-01  -2.801978774369e-02   4.303361102939e-02  -1.516120731831e-01  -1.832420378923e-01   9.815523773432e-02  -1.803771257401e-01 
 -1.633283942938e-01   3.994642198086e-02  -1.848288923502e-01  -1.098093092442e-01   1.953290589154e-02  -2.517895996571e-01   1.331102699041e-01   2.861940115690e-02  -1.524284780025e-01 
  1.216896623373e-01  -1.154545992613e-01  -1.661410033703e-01   1.216896623373e-01  -1.154545992613e-01  -1.661410033703e-01   0.000000000000e+00   6.292568892241e-02  -2.222925275564e-01 
  0.000000000000e+00   6.292568892241e-02  -2.222925275564e-01  -8.223443478346e-02  -2.795680984855e-02  -2.218094617128e-01   6.981473416090e-02  -1.434973790310e-03  -1.511793285608e-01 
 -6.117276847363e-02   5.827393010259e-02  -1.586413383484e-01  -8.175797760487e-02   9.137029945850e-02  -1.512035727501e-01  -7.129205018282e-02   8.117862790823e-02  -1.684016734362e-01 
  1.698970794678e-02  -3.034483827651e-02  -1.895492374897e-01   5.538516864181e-02  -1.057019680738e-01  -2.325790822506e-01   5.538516864181e-02  -1.057019680738e-01  -2.325790822506e-01 
  0.000000000000e+00   0.000000000000e+00  -1.884266883135e-01   0.000000000000e+00   0.000000000000e+00  -1.884266883135e-01  -3.939287364483e-02   0.000000000000e+00  -1.811751574278e-01 
 -3.785594925284e-02   0.000000000000e+00  -1.623052954674e-01  -7.857520878315e-02   0.000000000000e+00  -2.043356299400e-01   7.588499039412e-02   0.000000000000e+00  -1.466876864433e-01 
  2.926135202870e-03   0.000000000000e+00  -1.469591856003e-01   4.356322437525e-02   0.000000000000e+00  -1.381987631321e-01   1.088297590613e-01   0.000000000000e+00  -1.450574994087e-01 
  1.088297590613e-01   0.000000000000e+00  -1.450574994087e-01   0.000000000000e+00   0.000000000000e+00  -1.884266883135e-01   0.000000000000e+00   0.000000000000e+00  -1.884266883135e-01 
 -3.939287364483e-02   0.000000000000e+00  -1.811751574278e-01  -3.785594925284e-02   0.000000000000e+00  -1.623052954674e-01  -7.857520878315e-02   0.000000000000e+00  -2.043356299400e-01 
  7.588499039412e-02   0.000000000000e+00  -1.466876864433e-01   2.926135202870e-03   0.000000000000e+00  -1.469591856003e-01   4.356322437525e-02   0.000000000000e+00  -1.381987631321e-01 
  1.088297590613e-01   0.000000000000e+00  -1.450574994087e-01   1.088297590613e-01   0.000000000000e+00  -1.450574994087e-01   0.000000000000e+00  -8.797305822372e-02  -5.967400670052e-01 
  0.000000000000e+00  -8.797305822372e-02  -5.967400670052e-01   1.760982125998e-01  -1.069429293275e-01  -7.224152684212e-01   3.144481480122e-01  -5.118690896779e-03  -7.239518165588e-01 
 -1.088171359152e-02  -3.738169372082e-02  -7.704704403877e-01  -1.236705947667e-02  -1.814416237175e-02  -8.946061134338e-01   2.134403958917e-02   6.547810882330e-02  -8.178780674934e-01 
  2.729565603659e-03  -1.922062598169e-02  -9.139961600304e-01  -8.012016117573e-02   0.000000000000e+00  -7.450137734413e-01  -8.012016117573e-02   0.000000000000e+00  -7.450137734413e-01 
  0.000000000000e+00  -8.797305822372e-02  -5.967400670052e-01   0.000000000000e+00  -8.797305822372e-02  -5.967400670052e-01   1.760982125998e-01  -1.069429293275e-01  -7.224152684212e-01 
  3.144481480122e-01  -5.118690896779e-03  -7.239518165588e-01  -1.088171359152e-02  -3.738169372082e-02  -7.704704403877e-01  -1.236705947667e-02  -1.814416237175e-02  -8.946061134338e-01 
  2.134403958917e-02   6.547810882330e-02  -8.178780674934e-01   2.729565603659e-03  -1.922062598169e-02  -9.139961600304e-01  -8.012016117573e-02   0.000000000000e+00  -7.450137734413e-01 
 -8.012016117573e-02   0.000000000000e+00  -7.450137734413e-01   0.000000000000e+00   7.497916370630e-02  -4.499714076519e-01   0.000000000000e+00   7.497916370630e-02  -4.499714076519e-01 
  1.284421235323e-01   1.038905158639e-01  -5.384055972099e-01   3.049452006817e-01   2.036517672241e-02  -5.282591581345e-01  -9.112441539764e-02  -1.151959374547e-01  -6.406441330910e-01 
  1.059180274606e-01  -3.817407786846e-02  -6.907311677933e-01  -1.940311864018e-02   4.097693786025e-02  -8.582237362862e-01   2.023964188993e-02  -7.185613736510e-03  -1.275565743446e+00 
  4.218026064336e-03   2.511733770370e-01  -7.143337726593e-01   4.218026064336e-03   2.511733770370e-01  -7.143337726593e-01   0.000000000000e+00   2.824899181724e-02  -5.062468647957e-01 
  0.000000000000e+00   2.824899181724e-02  -5.062468647957e-01   2.173799127340e-01   1.702735424042e-01  -5.412290692329e-01   2.450800240040e-01   1.263170409948e-02  -8.944777250290e-01 
 -3.371727094054e-02   1.740504801273e-02  -7.281925678253e-01   1.562722027302e-01  -2.166184131056e-03  -4.657959640026e-01  -1.620977520943e-01  -4.466021433473e-02  -6.378477811813e-01 
  2.294341288507e-02  -1.557853370905e-01  -7.349543571472e-01   2.945573814213e-02  -5.541861653328e-01  -4.063253104687e-01   2.945573814213e-02  -5.541861653328e-01  -4.063253104687e-01 
  0.000000000000e+00   3.346225246787e-02  -5.313062071800e-01   0.000000000000e+00   3.346225246787e-02  -5.313062071800e-01   2.054672539234e-01   8.288870006800e-02  -4.175232648849e-01 
  4.207172095776e-01  -1.431381702423e-01  -5.568204522133e-01  -2.283642292023e-01  -2.993265353143e-02  -8.181369304657e-01  -3.805083036423e-02   1.317086070776e-01  -7.670138478279e-01 
 -1.963358670473e-01  -2.915506251156e-02  -8.644570112228e-01   3.807973489165e-02  -6.932534277439e-02  -7.336595058441e-01   6.701202690601e-02  -3.851046320051e-03  -2.289428859949e-01 
  6.701202690601e-02  -3.851046320051e-03  -2.289428859949e-01   0.000000000000e+00   1.287425756454e-01  -5.771986246109e-01   0.000000000000e+00   1.287425756454e-01  -5.771986246109e-01 
  2.311802506447e-01   6.917300820351e-02  -6.382055282593e-01   3.432112932205e-01   9.028648585081e-02  -6.214345693588e-01  -1.972589641809e-01  -6.252240389585e-02  -8.932518959045e-02 
  1.506022065878e-01   8.367311954498e-02  -2.989438772202e-01  -4.729168117046e-02   6.257943809032e-02  -6.744241118431e-01  -3.969432413578e-02   8.629263192415e-02  -6.897218227386e-01 
  1.909227520227e-01   7.783001661301e-02  -5.891224145889e-01   1.909227520227e-01   7.783001661301e-02  -5.891224145889e-01   0.000000000000e+00  -6.911059468985e-02  -4.185470938683e-01 
  0.000000000000e+00  -6.911059468985e-02  -4.185470938683e-01   2.408547252417e-01  -7.818902283907e-02  -5.913985371590e-01   6.320748329163e-01   9.086060523987e-02  -7.678807973862e-01 
 -9.205597452819e-03   3.166698664427e-02  -9.252204895020e-01   3.660569190979e-01   2.192277647555e-02  -5.333762764931e-01  -4.131248220801e-02   1.362235751003e-02  -4.752798676491e-01 
  1.049212738872e-01   3.283020257950e-01  -5.787957906723e-01   1.434011161327e-01   2.592918574810e-01  -6.039689183235e-01   1.434011161327e-01   2.592918574810e-01  -6.039689183235e-01 
  0.000000000000e+00   3.780491650105e-02  -5.126225948334e-01   0.000000000000e+00   3.780491650105e-02  -5.126225948334e-01   1.803413331509e-01   8.636545389891e-03  -5.243921875954e-01 
  2.190165668726e-01  -8.583682775497e-02  -8.204610943794e-01   3.202159404755e-01   1.352093815804e-01  -6.622220873833e-01   1.295152902603e-01   8.005850762129e-02  -8.576737642288e-01 
 -4.251246154308e-02   1.405024677515e-01  -7.900817990303e-01   2.098967730999e-01  -1.005343347788e-01  -7.714917659760e-01   2.086816281080e-01  -8.607410639524e-02  -4.651425182819e-01 
  2.086816281080e-01  -8.607410639524e-02  -4.651425182819e-01   0.000000000000e+00   0.000000000000e+00  -9.454809427261e-01   0.000000000000e+00   0.000000000000e+00  -9.454809427261e-01 
  3.331990540028e-01   1.541764591821e-03  -6.472607851028e-01   5.881804227829e-02   0.000000000000e+00  -4.681099355221e-01   2.574578821659e-01   4.493037983775e-02  -3.587302565575e-01 
  9.049231559038e-02   0.000000000000e+00  -5.909044742584e-01  -2.056411802769e-01   0.000000000000e+00  -6.956871747971e-01  -9.440720826387e-02   0.000000000000e+00  -8.044435381889e-01 
  8.875953406096e-02  -1.515506766737e-02  -7.919265627861e-01   8.875953406096e-02  -1.515506766737e-02  -7.919265627861e-01   0.000000000000e+00   0.000000000000e+00  -9.454809427261e-01 
  0.000000000000e+00   0.000000000000e+00  -9.454809427261e-01   3.331990540028e-01   1.541764591821e-03  -6.472607851028e-01   5.881804227829e-02   0.000000000000e+00  -4.681099355221e-01 
  2.574578821659e-01   4.493037983775e-02  -3.587302565575e-01   9.049231559038e-02   0.000000000000e+00  -5.909044742584e-01  -2.056411802769e-01   0.000000000000e+00  -6.956871747971e-01 
 -9.440720826387e-02   0.000000000000e+00  -8.044435381889e-01   8.875953406096e-02  -1.515506766737e-02  -7.919265627861e-01   8.875953406096e-02  -1.515506766737e-02  -7.919265627861e-01 
  0.000000000000e+00   7.418984081596e-03  -1.651588976383e-01   0.000000000000e+00   7.418984081596e-03  -1.651588976383e-01   1.348755657673e-01   3.426161408424e-02   1.174071803689e-02 
  1.712967604399e-01   3.806727007031e-02  -3.427838981152e-01   2.307689636946e-01   3.796462714672e-02  -5.437105298042e-01   0.000000000000e+00   5.627186223865e-02  -1.000000014901e-01 
  3.685753047466e-02   8.864085376263e-02  -4.983411133289e-01   6.230442668311e-04   5.997778475285e-02  -5.164583325386e-01   0.000000000000e+00   8.897885680199e-02  -5.076569914818e-01 
  0.000000000000e+00   8.897885680199e-02  -5.076569914818e-01   0.000000000000e+00   7.418984081596e-03  -1.651588976383e-01   0.000000000000e+00   7.418984081596e-03  -1.651588976383e-01 
  1.348755657673e-01   3.426161408424e-02   1.174071803689e-02   1.712967604399e-01   3.806727007031e-02  -3.427838981152e-01   2.307689636946e-01   3.796462714672e-02  -5.437105298042e-01 
  0.000000000000e+00   5.627186223865e-02  -1.000000014901e-01   3.685753047466e-02   8.864085376263e-02  -4.983411133289e-01   6.230442668311e-04   5.997778475285e-02  -5.164583325386e-01 
  0.000000000000e+00   8.897885680199e-02  -5.076569914818e-01   0.000000000000e+00   8.897885680199e-02  -5.076569914818e-01   0.000000000000e+00   1.048621460795e-01  -2.868178188801e-01 
  0.000000000000e+00   1.048621460795e-01  -2.868178188801e-01   1.484441459179e-01   1.055010035634e-01  -2.090210169554e-01   4.690690338612e-01   5.425111204386e-02  -4.923077523708e-01 
  5.176239013672e-01   1.165073923767e-02  -4.625538289547e-01   2.039880603552e-01   3.104610554874e-02  -4.156450927258e-01   1.460170280188e-02   5.240636691451e-02  -1.000000014901e-01 
  9.267367422581e-03   4.340570047498e-02  -9.518427252769e-01   1.440958492458e-02   2.169107943773e-01   3.652615547180e-01   1.440958492458e-02   2.169107943773e-01   3.652615547180e-01 
  0.000000000000e+00   7.674618810415e-02  -1.916365772486e-01   0.000000000000e+00   7.674618810415e-02  -1.916365772486e-01   1.690794229507e-01   9.145278483629e-03  -1.784024983644e-01 
  4.698970019817e-01   1.814033836126e-02  -4.907581210136e-01   3.280193358660e-02   2.032468095422e-03  -2.270168364048e-01   3.565027713776e-01   2.516702562571e-02  -1.219388246536e-01 
  1.688056066632e-02   0.000000000000e+00  -5.790765285492e-01   2.718634158373e-02  -1.726293191314e-02  -6.868343353271e-01   3.604317829013e-02   4.520572721958e-01  -2.632114887238e-01 
  3.604317829013e-02   4.520572721958e-01  -2.632114887238e-01   0.000000000000e+00  -3.767165914178e-02  -9.007624536753e-02   0.000000000000e+00  -3.767165914178e-02  -9.007624536753e-02 
  1.329988241196e-01   1.000838447362e-02  -6.511725485325e-02   3.443208932877e-01  -3.920170664787e-02  -3.100591599941e-01   1.069554463029e-01  -4.767968505621e-02  -9.734557569027e-02 
  2.046418339014e-01   7.708257436752e-02  -3.997408151627e-01  -1.061005517840e-02  -1.419667527080e-02  -8.940691947937e-01   4.323110356927e-02   2.402223460376e-02  -1.029435038567e+00 
  6.699192523956e-02   3.239388763905e-01  -4.147819876671e-01   6.699192523956e-02   3.239388763905e-01  -4.147819876671e-01   0.000000000000e+00   1.029540300369e-01  -2.111914008856e-01 
  0.000000000000e+00   1.029540300369e-01  -2.111914008856e-01   3.128858804703e-01  -3.108481504023e-02  -1.529490798712e-01   6.701777577400e-01   1.037765108049e-02  -3.160666823387e-01 
  3.811085820198e-01  -2.168575823307e-01   3.422861397266e-01   4.116855561733e-01  -4.976508393884e-02   8.350137621164e-02   2.051411122084e-01   6.537639349699e-02  -6.031385660172e-01 
 -1.143850572407e-02   8.632490038872e-02  -5.655588507652e-01   0.000000000000e+00   1.937535852194e-01  -4.996477961540e-01   0.000000000000e+00   1.937535852194e-01  -4.996477961540e-01 
  0.000000000000e+00  -8.403509110212e-02  -1.423570364714e-01   0.000000000000e+00  -8.403509110212e-02  -1.423570364714e-01   4.413402080536e-01  -1.050305068493e-01  -1.100561544299e-01 
  4.885005950928e-01  -4.735486954451e-02  -2.954559028149e-01   1.725184470415e-01  -2.087139189243e-01   2.969610318542e-02   1.761004924774e-01   3.174452483654e-02  -4.340605735779e-01 
  1.627109944820e-01   4.430170729756e-02  -5.457985401154e-01   1.301764696836e-01   2.432311028242e-01  -5.645333528519e-01  -3.812627494335e-01   0.000000000000e+00  -1.164580106735e+00 
 -3.812627494335e-01   0.000000000000e+00  -1.164580106735e+00   0.000000000000e+00   3.219024837017e-02  -1.598900258541e-01   0.000000000000e+00   3.219024837017e-02  -1.598900258541e-01 
  1.766710281372e-01   3.369282558560e-02  -4.985484108329e-02   2.886645793915e-01  -6.009295955300e-02  -2.666314244270e-01   3.023689687252e-01  -4.093765281141e-03  -4.415466487408e-01 
  2.356812804937e-01   1.835503615439e-02  -5.921258926392e-01   4.755878821015e-02   9.846567362547e-02  -5.761339664459e-01  -3.978478610516e-01  -2.029427886009e-02  -4.668942987919e-01 
 -3.386612832546e-01  -6.750764697790e-02  -1.698633432388e+00  -3.386612832546e-01  -6.750764697790e-02  -1.698633432388e+00   0.000000000000e+00   0.000000000000e+00  -2.862468659878e-01 
  0.000000000000e+00   0.000000000000e+00  -2.862468659878e-01   4.013417288661e-02   0.000000000000e+00  -2.006954252720e-01   1.844012588263e-01  -1.319195516407e-02  -3.633781075478e-01 
  2.833883464336e-01   0.000000000000e+00  -4.204572439194e-01   2.716064453125e-01   4.511161532719e-04  -4.263481795788e-01  -1.683229207993e-01  -8.809233549982e-04  -3.780494034290e-01 
 -1.290472447872e-01  -1.847660355270e-02  -6.102845668793e-01  -3.138437271118e-01   0.000000000000e+00  -1.000000014901e-01  -3.138437271118e-01   0.000000000000e+00  -1.000000014901e-01 
  0.000000000000e+00   0.000000000000e+00  -2.862468659878e-01   0.000000000000e+00   0.000000000000e+00  -2.862468659878e-01   4.013417288661e-02   0.000000000000e+00  -2.006954252720e-01 
  1.844012588263e-01  -1.319195516407e-02  -3.633781075478e-01   2.833883464336e-01   0.000000000000e+00  -4.204572439194e-01   2.716064453125e-01   4.511161532719e-04  -4.263481795788e-01 
 -1.683229207993e-01  -8.809233549982e-04  -3.780494034290e-01  -1.290472447872e-01  -1.847660355270e-02  -6.102845668793e-01  -3.138437271118e-01   0.000000000000e+00  -1.000000014901e-01 
 -3.138437271118e-01   0.000000000000e+00  -1.000000014901e-01   0.000000000000e+00   1.913037896156e-02  -4.675993621349e-01   0.000000000000e+00   1.913037896156e-02  -4.675993621349e-01 
  1.501672863960e-01   4.629219695926e-02  -1.410523056984e-01  -1.721489667892e+00   0.000000000000e+00   9.678620845079e-04  -2.886087298393e-01   2.057307213545e-02  -3.036812841892e-01 
  1.314165830612e+00   6.091595813632e-02  -1.000000014901e-01   1.874028705060e-02   7.052361220121e-02  -5.345755815506e-01   1.874028705060e-02   6.361589580774e-02  -5.164583325386e-01 
  0.000000000000e+00   9.917806833982e-02  -4.864231944084e-01   0.000000000000e+00   9.917806833982e-02  -4.864231944084e-01   0.000000000000e+00   1.913037896156e-02  -4.675993621349e-01 
  0.000000000000e+00   1.913037896156e-02  -4.675993621349e-01   1.501672863960e-01   4.629219695926e-02  -1.410523056984e-01  -1.721489667892e+00   0.000000000000e+00   9.678620845079e-04 
 -2.886087298393e-01   2.057307213545e-02  -3.036812841892e-01   1.314165830612e+00   6.091595813632e-02  -1.000000014901e-01   1.874028705060e-02   7.052361220121e-02  -5.345755815506e-01 
  1.874028705060e-02   6.361589580774e-02  -5.164583325386e-01   0.000000000000e+00   9.917806833982e-02  -4.864231944084e-01   0.000000000000e+00   9.917806833982e-02  -4.864231944084e-01 
  0.000000000000e+00   3.758107498288e-02  -2.503412663937e-01   0.000000000000e+00   3.758107498288e-02  -2.503412663937e-01   1.467667073011e-01   8.848969638348e-02   1.558017283678e-01 
 -4.264981448650e-01   2.185648493469e-02  -1.187072396278e-01   6.496942043304e-01   0.000000000000e+00  -4.651558995247e-01   0.000000000000e+00   5.029231309891e-02  -2.381308972836e-01 
  1.611031778157e-02   7.052361220121e-02  -1.000000014901e-01   1.438719592988e-02   5.826748535037e-02  -5.412621498108e-01   2.266956726089e-03   1.588070988655e-01   1.497855931520e-01 
  2.266956726089e-03   1.588070988655e-01   1.497855931520e-01   0.000000000000e+00  -4.986497573555e-03  -3.773577511311e-01   0.000000000000e+00  -4.986497573555e-03  -3.773577511311e-01 
  1.255138963461e-01  -4.481182992458e-02  -9.904837608337e-02   3.153044581413e-01   1.469156984240e-02  -2.490073293447e-01   1.864956468344e-01   8.290244266391e-03  -2.423397451639e-01 
  2.660542130470e-01   2.365739643574e-02  -1.000000014901e-01   2.391171455383e-02   0.000000000000e+00  -2.285355627537e-01   5.870637018234e-03   9.964371100068e-03  -6.175851225853e-01 
 -1.729018054903e-02   0.000000000000e+00  -1.000000014901e-01  -1.729018054903e-02   0.000000000000e+00  -1.000000014901e-01   0.000000000000e+00  -6.161487544887e-05  -4.576613903046e-01 
  0.000000000000e+00  -6.161487544887e-05  -4.576613903046e-01   1.573296785355e-01   4.292614385486e-02  -3.547179400921e-01   3.949772417545e-01   2.822824940085e-02  -1.295251250267e+00 
  5.139610543847e-02   1.135128177702e-02  -2.620347440243e-01   1.713284254074e-01  -1.218916266225e-03  -2.646629512310e-01   1.612901091576e-01   1.050796546042e-02  -8.183811306953e-01 
 -1.142244115472e-01   4.575578868389e-02  -9.414033293724e-01  -2.181610465050e-02   0.000000000000e+00  -1.000000014901e-01  -2.181610465050e-02   0.000000000000e+00  -1.000000014901e-01 
  0.000000000000e+00   1.547517031431e-01  -3.948438763618e-01   0.000000000000e+00   1.547517031431e-01  -3.948438763618e-01   2.223711907864e-01   9.914019703865e-02  -3.419527113438e-01 
  5.186245441437e-01   2.646466903389e-02  -1.862134337425e-01   1.127009745687e-02   3.536151349545e-02  -1.457687616348e-01   2.572233676910e-01   2.838963083923e-02  -2.036572247744e-01 
  2.156712412834e-01   4.230526834726e-02  -5.438079237938e-01  -2.092732638121e-01   8.492986857891e-02  -2.847402691841e-01  -3.529276251793e-01   0.000000000000e+00  -1.000000014901e-01 
 -3.529276251793e-01   0.000000000000e+00  -1.000000014901e-01   0.000000000000e+00  -6.155250594020e-02  -5.512937903404e-01   0.000000000000e+00  -6.155250594020e-02  -5.512937903404e-01 
  3.298672735691e-01  -6.728969514370e-02  -1.907535046339e-01   7.078889012337e-01   4.698631167412e-02  -2.075726538897e-01   7.301244139671e-02   7.924382388592e-02  -1.791132241488e-01 
  2.027847170830e-01   5.246951803565e-02  -5.670612454414e-01   0.000000000000e+00   4.964955896139e-02  -5.603664517403e-01  -4.353459477425e-01   8.054032921791e-02   5.612955093384e-01 
 -7.058552503586e-01   0.000000000000e+00  -2.523222267628e-01  -7.058552503586e-01   0.000000000000e+00  -2.523222267628e-01   0.000000000000e+00   4.940151050687e-02  -4.446806907654e-01 
  0.000000000000e+00   4.940151050687e-02  -4.446806907654e-01   1.497627198696e-01   2.684880420566e-02   8.064361661673e-02   3.980798125267e-01  -9.249058552086e-03  -8.284685015678e-02 
  2.091856449842e-01   3.815025463700e-02  -3.843386173248e-01   1.553591936827e-01   3.282873705029e-02  -4.264102280140e-01  -3.086934685707e-01   3.441565483809e-02   4.679031372070e-01 
 -4.643389582634e-01   2.663763612509e-02   6.905138492584e-01  -5.214293599129e-01   1.650484837592e-02   3.021749556065e-01  -5.214293599129e-01   1.650484837592e-02   3.021749556065e-01 
  0.000000000000e+00   0.000000000000e+00  -3.882921636105e-01   0.000000000000e+00   0.000000000000e+00  -3.882921636105e-01   9.626909345388e-02   5.671108141541e-03  -2.048080861568e-01 
  1.709262579679e-01   9.071021922864e-04  -3.514290452003e-01   0.000000000000e+00   0.000000000000e+00  -4.322391450405e-01   0.000000000000e+00   7.139101624489e-03  -3.715019226074e-01 
 -2.277370095253e-01   1.088649034500e-02   6.963244825602e-02  -2.812142074108e-01   0.000000000000e+00   6.991326808929e-01  -2.941600382328e-01   0.000000000000e+00   9.292533397675e-01 
 -2.941600382328e-01   0.000000000000e+00   9.292533397675e-01   0.000000000000e+00   0.000000000000e+00  -3.882921636105e-01   0.000000000000e+00   0.000000000000e+00  -3.882921636105e-01 
  9.626909345388e-02   5.671108141541e-03  -2.048080861568e-01   1.709262579679e-01   9.071021922864e-04  -3.514290452003e-01   0.000000000000e+00   0.000000000000e+00  -4.322391450405e-01 
  0.000000000000e+00   7.139101624489e-03  -3.715019226074e-01  -2.277370095253e-01   1.088649034500e-02   6.963244825602e-02  -2.812142074108e-01   0.000000000000e+00   6.991326808929e-01 
 -2.941600382328e-01   0.000000000000e+00   9.292533397675e-01  -2.941600382328e-01   0.000000000000e+00   9.292533397675e-01   0.000000000000e+00   5.167989060283e-02  -1.316883414984e-01 
  0.000000000000e+00   5.167989060283e-02  -1.316883414984e-01  -5.960422102362e-03   2.019375935197e-02  -7.244181632996e-02  -2.956210076809e-01   3.876474127173e-02   5.686541199684e-01 
  3.012056827545e+00   6.425078958273e-02  -1.000000014901e-01   3.012056827545e+00   2.818421088159e-02  -1.000000014901e-01   0.000000000000e+00   6.742327474058e-03  -1.000000014901e-01 
 -2.395591139793e-02   4.581500217319e-02  -1.000000014901e-01  -2.692387253046e-02   7.587159425020e-02  -2.902073562145e-01  -2.692387253046e-02   7.587159425020e-02  -2.902073562145e-01 
  0.000000000000e+00   5.167989060283e-02  -1.316883414984e-01   0.000000000000e+00   5.167989060283e-02  -1.316883414984e-01  -5.960422102362e-03   2.019375935197e-02  -7.244181632996e-02 
 -2.956210076809e-01   3.876474127173e-02   5.686541199684e-01   3.012056827545e+00   6.425078958273e-02  -1.000000014901e-01   3.012056827545e+00   2.818421088159e-02  -1.000000014901e-01 
  0.000000000000e+00   6.742327474058e-03  -1.000000014901e-01  -2.395591139793e-02   4.581500217319e-02  -1.000000014901e-01  -2.692387253046e-02   7.587159425020e-02  -2.902073562145e-01 
 -2.692387253046e-02   7.587159425020e-02  -2.902073562145e-01   0.000000000000e+00  -5.410814285278e-02  -5.414832755923e-02   0.000000000000e+00  -5.410814285278e-02  -5.414832755923e-02 
  9.994783997536e-02  -2.573417685926e-02   4.758620262146e-02  -1.069189667702e+00   4.024321213365e-03   1.389872670174e+00  -7.447913885117e-01  -1.141620986164e-02   6.212773919106e-01 
 -3.616597056389e-01   1.151419430971e-02  -1.337070465088e-01  -9.865576773882e-02   0.000000000000e+00  -1.000000014901e-01  -1.001402810216e-01   0.000000000000e+00  -1.297449022532e-01 
 -4.085480421782e-02   0.000000000000e+00  -1.258211955428e-02  -4.085480421782e-02   0.000000000000e+00  -1.258211955428e-02   0.000000000000e+00  -8.083924651146e-02  -3.245514333248e-01 
  0.000000000000e+00  -8.083924651146e-02  -3.245514333248e-01   1.447096616030e-01  -8.720946311951e-02  -2.692073285580e-01  -2.587314229459e-03  -1.215424668044e-02   4.657895267010e-01 
  4.547064751387e-02  -8.218260481954e-03   1.493197530508e-01   6.755418330431e-02  -1.730648279190e-01  -3.880777955055e-02   0.000000000000e+00   0.000000000000e+00  -1.000000014901e-01 
  0.000000000000e+00   0.000000000000e+00  -1.000000014901e-01   0.000000000000e+00   0.000000000000e+00  -1.000000014901e-01   0.000000000000e+00   0.000000000000e+00  -1.000000014901e-01 
  0.000000000000e+00   3.279602853581e-03  -3.212770819664e-01   0.000000000000e+00   3.279602853581e-03  -3.212770819664e-01   9.121342003345e-02  -6.485359370708e-02  -2.225655019283e-01 
  1.462319940329e-01  -1.419686824083e-01  -1.028837919235e+00   1.254165321589e-01   0.000000000000e+00   8.509662002325e-02   1.583534777164e-01  -1.729043424129e-01   2.143871337175e-01 
  3.415313840378e-04   0.000000000000e+00   3.289734572172e-02   8.742044883547e-05   0.000000000000e+00  -4.134885668755e-01  -1.016177833080e-01   0.000000000000e+00  -1.416616290808e-01 
 -1.016177833080e-01   0.000000000000e+00  -1.416616290808e-01   0.000000000000e+00   4.025307670236e-02  -5.529854297638e-01   0.000000000000e+00   4.025307670236e-02  -5.529854297638e-01 
  1.544433534145e-01   2.494814991951e-02  -4.385880529881e-01   4.675099849701e-01  -3.560621663928e-02  -1.493434667587e+00   1.298960745335e-01  -6.657006591558e-02  -1.048904191703e-02 
  1.851551532745e-01  -4.451555758715e-02   3.768913447857e-01   0.000000000000e+00  -1.982823945582e-02   1.931976974010e-01  -1.520733535290e-01  -1.282405667007e-02   2.023675441742e-01 
 -2.983047366142e-01   8.371357107535e-04  -1.000000014901e-01  -2.983047366142e-01   8.371357107535e-04  -1.000000014901e-01   0.000000000000e+00   3.037106059492e-02  -4.025633633137e-01 
  0.000000000000e+00   3.037106059492e-02  -4.025633633137e-01   2.330393791199e-01   3.154340386391e-02  -3.187842965126e-01   3.547216653824e-01  -2.168324589729e-02  -2.263135164976e-01 
  1.321174949408e-01  -3.514676913619e-02  -1.000000014901e-01   1.703405082226e-01  -2.233394794166e-02  -2.040388137102e-01   5.861868336797e-02   3.015697747469e-02  -3.722813725471e-02 
 -2.244663387537e-01   1.605515368283e-02   6.137250065804e-01  -2.755207717419e-01   0.000000000000e+00   9.173337221146e-01  -2.755207717419e-01   0.000000000000e+00   9.173337221146e-01 
  0.000000000000e+00   1.475155800581e-01  -4.503837227821e-01   0.000000000000e+00   1.475155800581e-01  -4.503837227821e-01   1.723125874996e-01   6.748387962580e-02  -1.428765207529e-01 
  4.970964193344e-01   4.411465674639e-02  -1.084842443466e+00   0.000000000000e+00  -1.600653305650e-02  -7.351812720299e-01   1.136393472552e-01   5.355434957892e-03  -2.418986260891e-01 
 -1.448957622051e-01   4.520508460701e-03  -1.000000014901e-01   0.000000000000e+00  -1.753648743033e-02   5.612201094627e-01  -1.645428538322e-01  -7.731985300779e-02   6.298275589943e-01 
 -1.645428538322e-01  -7.731985300779e-02   6.298275589943e-01   0.000000000000e+00   0.000000000000e+00  -4.066758453846e-01   0.000000000000e+00   0.000000000000e+00  -4.066758453846e-01 
  1.645357608795e-01   0.000000000000e+00  -2.633455693722e-01   1.083842664957e-01   1.292583532631e-02  -6.820647716522e-01   4.908782243729e-02   3.970789723098e-03  -1.000000014901e-01 
  6.056546792388e-02   4.994828719646e-03  -2.082697004080e-01  -1.915261149406e-01   2.060220576823e-03   1.825558692217e-01  -1.784871965647e-01  -5.454909522086e-03   4.408582448959e-01 
 -2.272305488586e-01   0.000000000000e+00   8.833383768797e-02  -2.272305488586e-01   0.000000000000e+00   8.833383768797e-02   0.000000000000e+00   0.000000000000e+00  -4.066758453846e-01 
  0.000000000000e+00   0.000000000000e+00  -4.066758453846e-01   1.645357608795e-01   0.000000000000e+00  -2.633455693722e-01   1.083842664957e-01   1.292583532631e-02  -6.820647716522e-01 
  4.908782243729e-02   3.970789723098e-03  -1.000000014901e-01   6.056546792388e-02   4.994828719646e-03  -2.082697004080e-01  -1.915261149406e-01   2.060220576823e-03   1.825558692217e-01 
 -1.784871965647e-01  -5.454909522086e-03   4.408582448959e-01  -2.272305488586e-01   0.000000000000e+00   8.833383768797e-02  -2.272305488586e-01   0.000000000000e+00   8.833383768797e-02 
  0.000000000000e+00   3.101232834160e-02  -3.476678431034e-01   0.000000000000e+00   3.101232834160e-02  -3.476678431034e-01   8.594661019742e-03   6.461251527071e-02   4.133193194866e-02 
 -3.452808558941e-01   6.602785736322e-02   5.336578562856e-02   3.143946647644e+00   1.961406320333e-01  -8.484174311161e-02   2.880167007446e+00   0.000000000000e+00  -2.167315930128e-01 
  0.000000000000e+00   0.000000000000e+00   3.162557125092e+00   0.000000000000e+00   4.342367465142e-04   4.604257106781e+00   0.000000000000e+00   7.275217678398e-03   4.225800037384e+00 
  0.000000000000e+00   7.275217678398e-03   4.225800037384e+00   0.000000000000e+00   3.101232834160e-02  -3.476678431034e-01   0.000000000000e+00   3.101232834160e-02  -3.476678431034e-01 
  8.594661019742e-03   6.461251527071e-02   4.133193194866e-02  -3.452808558941e-01   6.602785736322e-02   5.336578562856e-02   3.143946647644e+00   1.961406320333e-01  -8.484174311161e-02 
  2.880167007446e+00   0.000000000000e+00  -2.167315930128e-01   0.000000000000e+00   0.000000000000e+00   3.162557125092e+00   0.000000000000e+00   4.342367465142e-04   4.604257106781e+00 
  0.000000000000e+00   7.275217678398e-03   4.225800037384e+00   0.000000000000e+00   7.275217678398e-03   4.225800037384e+00   0.000000000000e+00  -1.871023699641e-02  -2.761651575565e-01 
  0.000000000000e+00  -1.871023699641e-02  -2.761651575565e-01   1.248312592506e-01   3.101375512779e-02  -1.366484314203e-01  -1.512357592583e-02  -1.591580174863e-02   1.006051898003e+00 
  0.000000000000e+00  -6.763906031847e-02  -3.467920795083e-02   0.000000000000e+00   0.000000000000e+00   2.936642408371e+00  -1.960445642471e-01   0.000000000000e+00   6.541845798492e+00 
 -1.960445642471e-01   0.000000000000e+00   6.541845798492e+00   0.000000000000e+00   0.000000000000e+00   3.944474935532e+00   0.000000000000e+00   0.000000000000e+00   3.944474935532e+00 
  0.000000000000e+00   1.534274779260e-02  -3.788232505322e-01   0.000000000000e+00   1.534274779260e-02  -3.788232505322e-01   1.708474755287e-01  -9.994988888502e-02   1.423850208521e-01 
  2.476164847612e-01  -1.187981367111e-01   4.941726103425e-02   0.000000000000e+00   0.000000000000e+00   5.148198008537e-01   0.000000000000e+00  -3.462666273117e-01  -1.000000014901e-01 
  7.273251656443e-03  -1.429488211870e-01   6.745163440704e+00  -3.993623852730e-01   0.000000000000e+00   6.541845798492e+00   0.000000000000e+00   0.000000000000e+00  -1.000000014901e-01 
  0.000000000000e+00   0.000000000000e+00  -1.000000014901e-01   0.000000000000e+00   4.292726051062e-03  -4.055701494217e-01   0.000000000000e+00   4.292726051062e-03  -4.055701494217e-01 
  4.960581660271e-02  -1.799917519093e-01  -2.041382342577e-01   1.264747083187e-01  -1.613002717495e-01   4.510247111320e-01   1.384333819151e-01  -1.882595568895e-01   1.288028478622e+00 
  1.663727164268e-01  -3.462666273117e-01   5.937517881393e-01   0.000000000000e+00  -5.495844483376e-01  -1.000000014901e-01   0.000000000000e+00   0.000000000000e+00   3.220922231674e+00 
  0.000000000000e+00   0.000000000000e+00   2.005629062653e+00   0.000000000000e+00   0.000000000000e+00   2.005629062653e+00   0.000000000000e+00   1.335655599833e-01  -5.121765732765e-01 
  0.000000000000e+00   1.335655599833e-01  -5.121765732765e-01   3.610869124532e-02   5.359828844666e-02  -4.293082356453e-01   2.271584570408e-01  -4.871923103929e-02   2.005317509174e-01 
  1.763077527285e-01  -5.738217011094e-02   1.302872419357e+00   1.763077527285e-01  -2.727257646620e-02   1.288028478622e+00   4.146996140480e-02   0.000000000000e+00   5.905683636665e-01 
  5.772926378995e-03   0.000000000000e+00   2.951658070087e-01  -1.936845481396e-01   2.939261321444e-04  -1.000000014901e-01  -1.936845481396e-01   2.939261321444e-04  -1.000000014901e-01 
  0.000000000000e+00   5.096535012126e-02  -3.935868442059e-01   0.000000000000e+00   5.096535012126e-02  -3.935868442059e-01   1.494294106960e-01   4.013688303530e-03  -3.906070590019e-01 
  4.171889126301e-01   2.066470682621e-03  -4.740828871727e-01   3.629827499390e-01  -4.266911372542e-02   6.374877095222e-01   2.401919066906e-01  -3.108946792781e-02   5.376913547516e-01 
  1.019017174840e-01  -8.065280504525e-03   1.068967729807e-01  -1.302054524422e-01   4.123159218580e-03   4.256894886494e-01  -1.400488615036e-01   0.000000000000e+00   9.338989257812e-01 
 -1.400488615036e-01   0.000000000000e+00   9.338989257812e-01   0.000000000000e+00   1.074339970946e-01  -5.563626885414e-01   0.000000000000e+00   1.074339970946e-01  -5.563626885414e-01 
  2.334385067225e-01  -4.375587217510e-03  -2.091002762318e-01   3.894368410110e-01   0.000000000000e+00  -1.284410357475e+00   3.253931403160e-01  -1.370374392718e-02  -1.166870713234e+00 
  1.935366094112e-01  -1.422302797437e-02   6.768967956305e-02  -8.061147481203e-02  -1.823758822866e-03  -1.000000014901e-01   0.000000000000e+00  -8.765625767410e-03  -1.000000014901e-01 
  0.000000000000e+00   0.000000000000e+00   3.669494688511e-01   0.000000000000e+00   0.000000000000e+00   3.669494688511e-01   0.000000000000e+00   0.000000000000e+00  -3.788148462772e-01 
  0.000000000000e+00   0.000000000000e+00  -3.788148462772e-01   4.100641310215e-01   0.000000000000e+00  -1.004417240620e-01  -3.748731017113e-01   0.000000000000e+00  -1.641034930944e-01 
  0.000000000000e+00  -4.844758950640e-05  -1.000000014901e-01   0.000000000000e+00  -3.024164761882e-04   4.680727794766e-02  -9.279685094953e-03  -1.497862627730e-03   8.398756384850e-02 
 -1.186900734901e-01  -4.802104085684e-03   1.045831069350e-01  -1.353152543306e-01   0.000000000000e+00  -1.615359932184e-01  -1.353152543306e-01   0.000000000000e+00  -1.615359932184e-01 
  0.000000000000e+00   0.000000000000e+00  -3.788148462772e-01   0.000000000000e+00   0.000000000000e+00  -3.788148462772e-01   4.100641310215e-01   0.000000000000e+00  -1.004417240620e-01 
 -3.748731017113e-01   0.000000000000e+00  -1.641034930944e-01   0.000000000000e+00  -4.844758950640e-05  -1.000000014901e-01   0.000000000000e+00  -3.024164761882e-04   4.680727794766e-02 
 -9.279685094953e-03  -1.497862627730e-03   8.398756384850e-02  -1.186900734901e-01  -4.802104085684e-03   1.045831069350e-01  -1.353152543306e-01   0.000000000000e+00  -1.615359932184e-01 
 -1.353152543306e-01   0.000000000000e+00  -1.615359932184e-01   0.000000000000e+00   1.963069103658e-02   4.404200986028e-02   0.000000000000e+00   1.963069103658e-02   4.404200986028e-02 
  2.551869722083e-03   1.435879431665e-02   3.306440114975e-01  -3.376701176167e-01   3.438673540950e-02   2.520863413811e-01   0.000000000000e+00   0.000000000000e+00  -3.486214280128e-01 
  0.000000000000e+00   0.000000000000e+00  -2.167315930128e-01   0.000000000000e+00  -5.792107060552e-02   3.162557125092e+00  -6.702668219805e-02  -6.447640806437e-02   4.785483360291e+00 
 -5.436684563756e-02  -5.432912334800e-02   4.357973098755e+00  -5.436684563756e-02  -5.432912334800e-02   4.357973098755e+00   0.000000000000e+00   1.963069103658e-02   4.404200986028e-02 
  0.000000000000e+00   1.963069103658e-02   4.404200986028e-02   2.551869722083e-03   1.435879431665e-02   3.306440114975e-01  -3.376701176167e-01   3.438673540950e-02   2.520863413811e-01 
  0.000000000000e+00   0.000000000000e+00  -3.486214280128e-01   0.000000000000e+00   0.000000000000e+00  -2.167315930128e-01   0.000000000000e+00  -5.792107060552e-02   3.162557125092e+00 
 -6.702668219805e-02  -6.447640806437e-02   4.785483360291e+00  -5.436684563756e-02  -5.432912334800e-02   4.357973098755e+00  -5.436684563756e-02  -5.432912334800e-02   4.357973098755e+00 
  0.000000000000e+00  -5.782836675644e-02  -5.088930726051e-01   0.000000000000e+00  -5.782836675644e-02  -5.088930726051e-01   5.165465548635e-02  -2.008204348385e-02  -3.676365613937e-01 
  5.353588610888e-02   1.190628856421e-03   2.381018549204e-01   0.000000000000e+00   0.000000000000e+00  -1.000000014901e-01   0.000000000000e+00   0.000000000000e+00   2.270478487015e+00 
 -1.960445642471e-01  -1.639230996370e-01   6.541845798492e+00  -1.960445642471e-01  -1.172199398279e-01   6.541845798492e+00  -8.071585744619e-02  -8.311064541340e-02   3.932853460312e+00 
 -8.071585744619e-02  -8.311064541340e-02   3.932853460312e+00   0.000000000000e+00  -1.218257006258e-02  -1.433615535498e-01   0.000000000000e+00  -1.218257006258e-02  -1.433615535498e-01 
  1.213593687862e-02  -3.779972344637e-02  -2.410583198071e-01   1.093481481075e-01  -5.101075023413e-02  -1.523350924253e-01   5.581606552005e-02  -1.269609667361e-02  -1.579580083489e-02 
  0.000000000000e+00  -3.462666273117e-01  -1.000000014901e-01  -1.960445642471e-01  -3.462666273117e-01   6.338527679443e+00  -1.960445642471e-01  -1.731333136559e-01   6.541845798492e+00 
  0.000000000000e+00  -1.050133407116e-01  -1.000000014901e-01   0.000000000000e+00  -1.050133407116e-01  -1.000000014901e-01   0.000000000000e+00  -5.378175899386e-02  -3.919180035591e-01 
  0.000000000000e+00  -5.378175899386e-02  -3.919180035591e-01   6.288716197014e-02  -2.212803065777e-02   2.192109264433e-02   1.347610950470e-01  -1.536906510592e-02  -1.206370163709e-02 
  0.000000000000e+00  -1.529006212950e-01   2.530229091644e-01   3.645494580269e-02  -3.462666273117e-01  -9.982644021511e-02  -9.802226722240e-02  -3.462666273117e-01  -1.000000014901e-01 
 -9.802227467299e-02  -1.731333136559e-01   3.220922708511e+00  -4.035792872310e-02  -1.050133332610e-01   1.938824415207e+00  -4.035792872310e-02  -1.050133332610e-01   1.938824415207e+00 
  0.000000000000e+00   4.063876718283e-02  -2.193811684847e-01   0.000000000000e+00   4.063876718283e-02  -2.193811684847e-01   6.694644223899e-03  -1.931217871606e-02  -1.804326623678e-01 
  4.289140552282e-02   0.000000000000e+00  -1.549792140722e-01   9.886544942856e-02  -2.698044478893e-02  -1.000000014901e-01   1.388843059540e-01  -7.916510105133e-02   6.375434398651e-01 
 -1.472974382341e-02   0.000000000000e+00   2.101226449013e-01  -4.474901407957e-02  -6.999786943197e-02   2.906741499901e-01  -1.295546591282e-01  -4.321860894561e-02  -6.966172158718e-02 
 -1.295546591282e-01  -4.321860894561e-02  -6.966172158718e-02   0.000000000000e+00   3.349979221821e-02  -3.094502687454e-01   0.000000000000e+00   3.349979221821e-02  -3.094502687454e-01 
  8.841596543789e-02   2.056300640106e-02  -1.146136596799e-01   2.088309675455e-01   1.393937319517e-02  -2.591166794300e-01   2.376657128334e-01  -1.951899006963e-02   1.309610605240e-01 
  1.300041973591e-01  -3.403699025512e-02   3.199605941772e-01   6.871585547924e-02  -8.746686391532e-03   6.224269047379e-02  -8.260883390903e-02   2.767237136140e-03   1.385401636362e-01 
 -8.398997038603e-02   0.000000000000e+00  -1.000000014901e-01  -8.398997038603e-02   0.000000000000e+00  -1.000000014901e-01   0.000000000000e+00   1.566894650459e-01  -3.398765027523e-01 
  0.000000000000e+00   1.566894650459e-01  -3.398765027523e-01   1.223972365260e-01  -6.649483460933e-03  -5.345177277923e-02   2.032220512629e-01  -4.309284035116e-03  -4.863480925560e-01 
  1.557403355837e-01  -1.874516252428e-03   8.621406741440e-03   3.201588615775e-02  -8.248720550910e-04   3.379220068455e-01   1.371103152633e-02  -2.550274832174e-03  -1.000000014901e-01 
  0.000000000000e+00  -5.289506167173e-03  -1.000000014901e-01   0.000000000000e+00   0.000000000000e+00  -1.000000014901e-01   0.000000000000e+00   0.000000000000e+00  -1.000000014901e-01 
  0.000000000000e+00   0.000000000000e+00  -5.521681904793e-01   0.000000000000e+00   0.000000000000e+00  -5.521681904793e-01   3.297601044178e-01   0.000000000000e+00   5.961716771126e-01 
  2.796351909637e-01  -1.142597175203e-03   2.512907981873e-01   0.000000000000e+00  -1.223520230269e-04  -1.000000014901e-01   0.000000000000e+00  -6.694572948618e-05  -1.000000014901e-01 
  0.000000000000e+00  -6.500349845737e-04  -4.505623877048e-02   0.000000000000e+00  -3.748091636226e-03  -1.157762482762e-03  -8.843685686588e-02   0.000000000000e+00  -1.000000014901e-01 
 -8.843685686588e-02   0.000000000000e+00  -1.000000014901e-01   0.000000000000e+00   0.000000000000e+00  -5.521681904793e-01   0.000000000000e+00   0.000000000000e+00  -5.521681904793e-01 
  3.297601044178e-01   0.000000000000e+00   5.961716771126e-01   2.796351909637e-01  -1.142597175203e-03   2.512907981873e-01   0.000000000000e+00  -1.223520230269e-04  -1.000000014901e-01 
  0.000000000000e+00  -6.694572948618e-05  -1.000000014901e-01   0.000000000000e+00  -6.500349845737e-04  -4.505623877048e-02   0.000000000000e+00  -3.748091636226e-03  -1.157762482762e-03 
 -8.843685686588e-02   0.000000000000e+00  -1.000000014901e-01  -8.843685686588e-02   0.000000000000e+00  -1.000000014901e-01   0.000000000000e+00  -4.083045758307e-03  -4.184844344854e-02 
  0.000000000000e+00  -4.083045758307e-03  -4.184844344854e-02   4.842114634812e-03  -1.431211456656e-02   1.766422837973e-01   0.000000000000e+00  -5.461138673127e-03  -1.000000014901e-01 
  0.000000000000e+00  -1.509815803729e-03  -1.000000014901e-01   0.000000000000e+00  -7.681365241297e-04  -1.000000014901e-01  -1.231928705238e-03  -5.447265133262e-02   1.242438077927e+00 
 -6.189756095409e-02  -7.579493522644e-02   2.970344305038e+00  -6.296943128109e-02  -7.643315941095e-02   3.252345323563e+00  -6.296943128109e-02  -7.643315941095e-02   3.252345323563e+00 
  0.000000000000e+00  -4.083045758307e-03  -4.184844344854e-02   0.000000000000e+00  -4.083045758307e-03  -4.184844344854e-02   4.842114634812e-03  -1.431211456656e-02   1.766422837973e-01 
  0.000000000000e+00  -5.461138673127e-03  -1.000000014901e-01   0.000000000000e+00  -1.509815803729e-03  -1.000000014901e-01   0.000000000000e+00  -7.681365241297e-04  -1.000000014901e-01 
 -1.231928705238e-03  -5.447265133262e-02   1.242438077927e+00  -6.189756095409e-02  -7.579493522644e-02   2.970344305038e+00  -6.296943128109e-02  -7.643315941095e-02   3.252345323563e+00 
 -6.296943128109e-02  -7.643315941095e-02   3.252345323563e+00   0.000000000000e+00  -9.532438591123e-03   8.108186721802e-02   0.000000000000e+00  -9.532438591123e-03   8.108186721802e-02 
  4.169837385416e-02  -1.115347258747e-02   2.234623767436e-02   4.017082974315e-02  -7.233669515699e-03  -9.923866949975e-03   1.109006721526e-02  -1.729050301947e-03  -7.758563011885e-02 
  4.309508483857e-03  -7.286736508831e-04   8.690573573112e-01  -1.192849576473e-01  -1.009466424584e-01  -1.000000014901e-01  -1.190107613802e-01  -1.087240278721e-01   2.634593963623e+00 
 -7.436568289995e-02  -9.874620288610e-02   2.419764280319e+00  -7.436568289995e-02  -9.874620288610e-02   2.419764280319e+00   0.000000000000e+00   2.293483726680e-02   8.204371482134e-02 
  0.000000000000e+00   2.293483726680e-02   8.204371482134e-02  -6.062371656299e-02   7.966587319970e-03  -1.026309058070e-01   1.360907778144e-02  -1.006442867219e-02  -1.124048829079e-01 
  2.369330637157e-02  -1.005425304174e-02  -5.824707075953e-02   0.000000000000e+00  -2.109028249979e-01  -1.000000014901e-01   0.000000000000e+00   0.000000000000e+00  -1.000000014901e-01 
  0.000000000000e+00  -1.050133407116e-01  -1.000000014901e-01   0.000000000000e+00  -1.050133332610e-01  -1.000000014901e-01   0.000000000000e+00  -1.050133332610e-01  -1.000000014901e-01 
  0.000000000000e+00  -7.522558420897e-02  -3.977144658566e-01   0.000000000000e+00  -7.522558420897e-02  -3.977144658566e-01  -5.741716921329e-02  -5.382806807756e-02  -3.337774872780e-01 
  1.438727378845e-01  -3.933892026544e-02  -8.934099972248e-02   0.000000000000e+00  -3.837341815233e-02  -1.000000014901e-01   1.700548455119e-02  -2.110248506069e-01  -9.992917627096e-02 
 -5.968969315290e-02   0.000000000000e+00  -1.000000014901e-01  -5.951805412769e-02  -1.050133332610e-01   1.267296910286e+00  -3.718742355704e-02  -1.050133109093e-01   1.167981863022e+00 
 -3.718742355704e-02  -1.050133109093e-01   1.167981863022e+00   0.000000000000e+00  -6.659919768572e-02  -3.359532952309e-01   0.000000000000e+00  -6.659919768572e-02  -3.359532952309e-01 
  1.116987690330e-02  -5.008454993367e-02  -3.023257255554e-01   2.175340987742e-02  -3.476638719440e-02  -2.904011905193e-01   4.158412665129e-02  -3.194024041295e-02  -7.265491783619e-02 
  6.165401265025e-02  -8.100841939449e-02   3.589731752872e-01  -1.810065296013e-04   0.000000000000e+00   5.982044339180e-02  -4.348471388221e-02  -6.484615057707e-02   1.935989260674e-01 
 -9.095439314842e-02  -6.345221400261e-02  -3.682432696223e-02  -9.095439314842e-02  -6.345221400261e-02  -3.682432696223e-02   0.000000000000e+00  -3.350828215480e-02  -4.969778060913e-01 
  0.000000000000e+00  -3.350828215480e-02  -4.969778060913e-01   5.833834409714e-02  -1.986986957490e-02  -3.150340318680e-01   1.086113601923e-01  -9.443542920053e-03  -2.925010621548e-01 
 -4.496995825320e-04  -7.268638350070e-03   6.971747279167e-01   0.000000000000e+00  -8.083427324891e-03   1.009840011597e+00   0.000000000000e+00  -8.276067674160e-03   8.238388299942e-01 
 -3.122977167368e-02  -2.736777067184e-03   1.569235697389e-02  -5.267069116235e-02  -9.303017577622e-05  -1.000000014901e-01  -5.267069116235e-02  -9.303017577622e-05  -1.000000014901e-01 
  0.000000000000e+00   4.301665723324e-02  -2.500516772270e-01   0.000000000000e+00   4.301665723324e-02  -2.500516772270e-01   8.210470527411e-02   2.073656022549e-02  -1.425548344851e-01 
  1.364641338587e-01  -2.096892101690e-03  -2.751097381115e-01  -8.347426354885e-02   0.000000000000e+00   1.289872407913e+00  -8.347426354885e-02   0.000000000000e+00   1.312905073166e+00 
  0.000000000000e+00   0.000000000000e+00   7.657580971718e-01   0.000000000000e+00  -3.179766703397e-03  -1.000000014901e-01   0.000000000000e+00   0.000000000000e+00  -1.000000014901e-01 
  0.000000000000e+00   0.000000000000e+00  -1.000000014901e-01   0.000000000000e+00   0.000000000000e+00  -8.000907301903e-01   0.000000000000e+00   0.000000000000e+00  -8.000907301903e-01 
  5.389440432191e-02   2.815508283675e-03  -3.049807548523e-01   1.525183320045e-01  -4.922498555970e-05  -8.747089505196e-01  -3.324833139777e-02   0.000000000000e+00   1.441866874695e+00 
 -1.337002068758e-01   0.000000000000e+00   1.391640901566e+00   0.000000000000e+00   0.000000000000e+00  -1.000000014901e-01   0.000000000000e+00  -1.352427410893e-03  -4.910428449512e-02 
 -4.555997624993e-02  -8.707730739843e-05  -1.000000014901e-01  -4.555997624993e-02  -8.707730739843e-05  -1.000000014901e-01   0.000000000000e+00   0.000000000000e+00  -8.000907301903e-01 
  0.000000000000e+00   0.000000000000e+00  -8.000907301903e-01   5.389440432191e-02   2.815508283675e-03  -3.049807548523e-01   1.525183320045e-01  -4.922498555970e-05  -8.747089505196e-01 
 -3.324833139777e-02   0.000000000000e+00   1.441866874695e+00  -1.337002068758e-01   0.000000000000e+00   1.391640901566e+00   0.000000000000e+00   0.000000000000e+00  -1.000000014901e-01 
  0.000000000000e+00  -1.352427410893e-03  -4.910428449512e-02  -4.555997624993e-02  -8.707730739843e-05  -1.000000014901e-01  -4.555997624993e-02  -8.707730739843e-05  -1.000000014901e-01 
  0.000000000000e+00  -4.083045758307e-03  -4.184844344854e-02   0.000000000000e+00  -4.083045758307e-03  -4.184844344854e-02   4.842114634812e-03  -1.431211456656e-02   1.766422837973e-01 
  0.000000000000e+00  -5.461138673127e-03  -1.000000014901e-01   0.000000000000e+00  -1.509815803729e-03  -1.000000014901e-01   0.000000000000e+00  -7.681365241297e-04  -1.000000014901e-01 
 -1.231928705238e-03  -5.447265133262e-02   1.242438077927e+00  -6.189756095409e-02  -7.579493522644e-02   2.970344305038e+00  -6.296943128109e-02  -7.643315941095e-02   3.252345323563e+00 
 -6.296943128109e-02  -7.643315941095e-02   3.252345323563e+00   0.000000000000e+00  -4.083045758307e-03  -4.184844344854e-02   0.000000000000e+00  -4.083045758307e-03  -4.184844344854e-02 
  4.842114634812e-03  -1.431211456656e-02   1.766422837973e-01   0.000000000000e+00  -5.461138673127e-03  -1.000000014901e-01   0.000000000000e+00  -1.509815803729e-03  -1.000000014901e-01 
  0.000000000000e+00  -7.681365241297e-04  -1.000000014901e-01  -1.231928705238e-03  -5.447265133262e-02   1.242438077927e+00  -6.189756095409e-02  -7.579493522644e-02   2.970344305038e+00 
 -6.296943128109e-02  -7.643315941095e-02   3.252345323563e+00  -6.296943128109e-02  -7.643315941095e-02   3.252345323563e+00   0.000000000000e+00  -9.532438591123e-03   8.108186721802e-02 
  0.000000000000e+00  -9.532438591123e-03   8.108186721802e-02   4.169837385416e-02  -1.115347258747e-02   2.234623767436e-02   4.017082974315e-02  -7.233669515699e-03  -9.923866949975e-03 
  1.109006721526e-02  -1.729050301947e-03  -7.758563011885e-02   4.309508483857e-03  -7.286736508831e-04   8.690573573112e-01  -1.192849576473e-01  -1.009466424584e-01  -1.000000014901e-01 
 -1.190107613802e-01  -1.087240278721e-01   2.634593963623e+00  -7.436568289995e-02  -9.874620288610e-02   2.419764280319e+00  -7.436568289995e-02  -9.874620288610e-02   2.419764280319e+00 
  0.000000000000e+00   2.293483726680e-02   8.204371482134e-02   0.000000000000e+00   2.293483726680e-02   8.204371482134e-02  -6.062371656299e-02   7.966587319970e-03  -1.026309058070e-01 
  1.360907778144e-02  -1.006442867219e-02  -1.124048829079e-01   2.369330637157e-02  -1.005425304174e-02  -5.824707075953e-02   0.000000000000e+00  -2.109028249979e-01  -1.000000014901e-01 
  0.000000000000e+00   0.000000000000e+00  -1.000000014901e-01   0.000000000000e+00  -1.050133407116e-01  -1.000000014901e-01   0.000000000000e+00  -1.050133332610e-01  -1.000000014901e-01 
  0.000000000000e+00  -1.050133332610e-01  -1.000000014901e-01   0.000000000000e+00  -7.522558420897e-02  -3.977144658566e-01   0.000000000000e+00  -7.522558420897e-02  -3.977144658566e-01 
 -5.741716921329e-02  -5.382806807756e-02  -3.337774872780e-01   1.438727378845e-01  -3.933892026544e-02  -8.934099972248e-02   0.000000000000e+00  -3.837341815233e-02  -1.000000014901e-01 
  1.700548455119e-02  -2.110248506069e-01  -9.992917627096e-02  -5.968969315290e-02   0.000000000000e+00  -1.000000014901e-01  -5.951805412769e-02  -1.050133332610e-01   1.267296910286e+00 
 -3.718742355704e-02  -1.050133109093e-01   1.167981863022e+00  -3.718742355704e-02  -1.050133109093e-01   1.167981863022e+00   0.000000000000e+00  -6.659919768572e-02  -3.359532952309e-01 
  0.000000000000e+00  -6.659919768572e-02  -3.359532952309e-01   1.116987690330e-02  -5.008454993367e-02  -3.023257255554e-01   2.175340987742e-02  -3.476638719440e-02  -2.904011905193e-01 
  4.158412665129e-02  -3.194024041295e-02  -7.265491783619e-02   6.165401265025e-02  -8.100841939449e-02   3.589731752872e-01  -1.810065296013e-04   0.000000000000e+00   5.982044339180e-02 
 -4.348471388221e-02  -6.484615057707e-02   1.935989260674e-01  -9.095439314842e-02  -6.345221400261e-02  -3.682432696223e-02  -9.095439314842e-02  -6.345221400261e-02  -3.682432696223e-02 
  0.000000000000e+00  -3.350828215480e-02  -4.969778060913e-01   0.000000000000e+00  -3.350828215480e-02  -4.969778060913e-01   5.833834409714e-02  -1.986986957490e-02  -3.150340318680e-01 
  1.086113601923e-01  -9.443542920053e-03  -2.925010621548e-01  -4.496995825320e-04  -7.268638350070e-03   6.971747279167e-01   0.000000000000e+00  -8.083427324891e-03   1.009840011597e+00 
  0.000000000000e+00  -8.276067674160e-03   8.238388299942e-01  -3.122977167368e-02  -2.736777067184e-03   1.569235697389e-02  -5.267069116235e-02  -9.303017577622e-05  -1.000000014901e-01 
 -5.267069116235e-02  -9.303017577622e-05  -1.000000014901e-01   0.000000000000e+00   4.301665723324e-02  -2.500516772270e-01   0.000000000000e+00   4.301665723324e-02  -2.500516772270e-01 
  8.210470527411e-02   2.073656022549e-02  -1.425548344851e-01   1.364641338587e-01  -2.096892101690e-03  -2.751097381115e-01  -8.347426354885e-02   0.000000000000e+00   1.289872407913e+00 
 -8.347426354885e-02   0.000000000000e+00   1.312905073166e+00   0.000000000000e+00   0.000000000000e+00   7.657580971718e-01   0.000000000000e+00  -3.179766703397e-03  -1.000000014901e-01 
  0.000000000000e+00   0.000000000000e+00  -1.000000014901e-01   0.000000000000e+00   0.000000000000e+00  -1.000000014901e-01   0.000000000000e+00   0.000000000000e+00  -8.000907301903e-01 
  0.000000000000e+00   0.000000000000e+00  -8.000907301903e-01   5.389440432191e-02   2.815508283675e-03  -3.049807548523e-01   1.525183320045e-01  -4.922498555970e-05  -8.747089505196e-01 
 -3.324833139777e-02   0.000000000000e+00   1.441866874695e+00  -1.337002068758e-01   0.000000000000e+00   1.391640901566e+00   0.000000000000e+00   0.000000000000e+00  -1.000000014901e-01 
  0.000000000000e+00  -1.352427410893e-03  -4.910428449512e-02  -4.555997624993e-02  -8.707730739843e-05  -1.000000014901e-01  -4.555997624993e-02  -8.707730739843e-05  -1.000000014901e-01 
  0.000000000000e+00   0.000000000000e+00  -8.000907301903e-01   0.000000000000e+00   0.000000000000e+00  -8.000907301903e-01   5.389440432191e-02   2.815508283675e-03  -3.049807548523e-01 
  1.525183320045e-01  -4.922498555970e-05  -8.747089505196e-01  -3.324833139777e-02   0.000000000000e+00   1.441866874695e+00  -1.337002068758e-01   0.000000000000e+00   1.391640901566e+00 
  0.000000000000e+00   0.000000000000e+00  -1.000000014901e-01   0.000000000000e+00  -1.352427410893e-03  -4.910428449512e-02  -4.555997624993e-02  -8.707730739843e-05  -1.000000014901e-01 
 -4.555997624993e-02  -8.707730739843e-05  -1.000000014901e-01 

