# vtk DataFile Version 2.0
Written using VisIt writer
ASCII
DATASET RECTILINEAR_GRID
DIMENSIONS 10 10 10
X_COORDINATES 10 float
  0.000000000000e+00   5.000000000000e-01   1.000000000000e+00   1.500000000000e+00   2.000000000000e+00   2.500000000000e+00   3.000000000000e+00   3.500000000000e+00   4.000000000000e+00 
  4.500000000000e+00 
Y_COORDINATES 10 float
  0.000000000000e+00   5.000000000000e-01   1.000000000000e+00   1.500000000000e+00   2.000000000000e+00   2.500000000000e+00   3.000000000000e+00   3.500000000000e+00   4.000000000000e+00 
  4.500000000000e+00 
Z_COORDINATES 10 float
  0.000000000000e+00   5.000000000000e-01   1.000000000000e+00   1.500000000000e+00   2.000000000000e+00   2.500000000000e+00   3.000000000000e+00   3.500000000000e+00   4.000000000000e+00 
  4.500000000000e+00 
CELL_DATA 729
POINT_DATA 1000
VECTORS velocity float
  0.000000000000e+00  -1.258354485035e-01  -2.482410818338e-01   3.251200000000e+04   0.000000000000e+00   0.000000000000e+00   0.000000000000e+00   0.000000000000e+00   0.000000000000e+00 
  8.165656775236e-02  -7.494202256203e-02  -1.578597724438e-01   0.000000000000e+00   0.000000000000e+00   0.000000000000e+00   0.000000000000e+00   1.431655808000e+09   1.070945600000e+09 
 -1.194529384375e-01  -7.783280313015e-02  -1.608377248049e-01   1.071994176000e+09   0.000000000000e+00   0.000000000000e+00   0.000000000000e+00   0.000000000000e+00   0.000000000000e+00 
  4.515721648932e-02  -2.075611203909e-01  -1.845861524343e-01   0.000000000000e+00  -1.258354485035e-01  -2.482410818338e-01   1.070945600000e+09   0.000000000000e+00   0.000000000000e+00 
  1.962500810623e-02  -1.277913004160e-01  -2.053760737181e-01   8.165656775236e-02  -7.494202256203e-02  -1.578597724438e-01   1.431655808000e+09   1.070945600000e+09   0.000000000000e+00 
 -5.907304212451e-02  -6.200433522463e-02  -1.355650871992e-01  -1.194529384375e-01  -7.783280313015e-02  -1.608377248049e-01   0.000000000000e+00   0.000000000000e+00   1.071644672000e+09 
  4.515721648932e-02  -2.075611203909e-01  -1.845861524343e-01   4.515721648932e-02  -2.075611203909e-01  -1.845861524343e-01   0.000000000000e+00  -4.423054680228e-02  -2.022636383772e-01 
  0.000000000000e+00  -4.423054680228e-02  -2.022636383772e-01  -9.611608460546e-03  -8.127640187740e-02  -1.999457329512e-01   1.256760656834e-01  -2.357955873013e-01  -1.864298582077e-01 
  4.051525145769e-03  -1.606692373753e-01  -1.851038783789e-01   3.194459155202e-02  -6.629124283791e-02  -1.407580375671e-01   2.809240482748e-02  -2.752157114446e-02  -1.418462842703e-01 
 -1.202133670449e-02  -5.109191685915e-02  -1.401555985212e-01   1.621099654585e-03  -1.178055815399e-02  -1.478331983089e-01   1.621099654585e-03  -1.178055815399e-02  -1.478331983089e-01 
  0.000000000000e+00   6.215815246105e-02  -1.836737543344e-01   0.000000000000e+00   6.215815246105e-02  -1.836737543344e-01   8.458320982754e-03   2.751787006855e-02  -1.744402498007e-01 
  4.218253493309e-02   1.134090684354e-02  -1.454389095306e-01   7.733317464590e-02  -6.449723988771e-02  -1.494470834732e-01   1.173255033791e-02  -9.028644114733e-02  -1.537585109472e-01 
 -7.009361684322e-02  -5.208852142096e-02  -1.869372874498e-01   4.732679735753e-05  -5.925122648478e-03  -1.400914639235e-01   1.974534802139e-02  -4.123883694410e-02  -1.485131233931e-01 
  1.974534802139e-02  -4.123883694410e-02  -1.485131233931e-01   0.000000000000e+00  -3.433754295111e-02  -2.248934656382e-01   0.000000000000e+00  -3.433754295111e-02  -2.248934656382e-01 
 -2.571730129421e-02  -4.312586039305e-02  -2.681679427624e-01   1.691768914461e-01  -5.727358534932e-02  -1.708619594574e-01   8.373232930899e-02  -8.485575765371e-02  -1.460504829884e-01 
 -4.114080592990e-02  -5.793267115951e-02  -1.425407826900e-01  -4.435590282083e-02  -2.265485562384e-02  -1.643336862326e-01  -3.468796610832e-02   1.384400296956e-02  -1.586411297321e-01 
 -9.215883910656e-02  -1.088244169950e-01  -2.017306238413e-01  -9.215883910656e-02  -1.088244169950e-01  -2.017306238413e-01   0.000000000000e+00   2.632818184793e-02  -1.860951185226e-01 
  0.000000000000e+00   2.632818184793e-02  -1.860951185226e-01   6.341143511236e-03  -4.643833637238e-02  -1.936346441507e-01   1.062744334340e-01  -5.329872667789e-02  -1.781377792358e-01 
  3.945125732571e-03  -2.631406672299e-02  -1.926422119141e-01   2.804801240563e-02  -8.793270098977e-04  -1.538589298725e-01   8.843301981688e-02  -6.535568088293e-02  -1.453011184931e-01 
 -3.215372189879e-02  -3.301985561848e-02  -1.478788852692e-01  -1.464517861605e-01  -3.474713116884e-02  -1.659217774868e-01  -1.464517861605e-01  -3.474713116884e-02  -1.659217774868e-01 
  0.000000000000e+00   2.484754286706e-02  -2.006680965424e-01   0.000000000000e+00   2.484754286706e-02  -2.006680965424e-01  -1.512998621911e-02  -4.069657623768e-02  -1.776188760996e-01 
  1.874276902527e-03   5.453119054437e-02  -1.607710570097e-01   4.782089591026e-02   4.048530478030e-03  -1.664298921824e-01   6.302918493748e-02   1.360775344074e-02  -1.853056848049e-01 
  4.972204938531e-02  -4.425334185362e-02  -1.988225281239e-01   7.313916832209e-02   6.724566686898e-03  -1.478860974312e-01   3.174020349979e-02  -5.176442116499e-02  -1.491055488586e-01 
  3.174020349979e-02  -5.176442116499e-02  -1.491055488586e-01   0.000000000000e+00   6.582032889128e-02  -2.612988054752e-01   0.000000000000e+00   6.582032889128e-02  -2.612988054752e-01 
 -2.756909467280e-02  -2.684712596238e-02  -2.561494112015e-01   8.309571444988e-02   9.207092225552e-03  -1.824961453676e-01   1.132876202464e-01  -2.442917414010e-02  -1.600598841906e-01 
 -1.074188202620e-02   2.026017941535e-02  -1.638742238283e-01   5.762891471386e-02   4.068295657635e-02  -1.727011501789e-01   3.906492516398e-02  -5.583344958723e-03  -1.710971891880e-01 
  6.389836966991e-02  -1.310611069202e-01  -2.107178270817e-01   6.389836966991e-02  -1.310611069202e-01  -2.107178270817e-01   0.000000000000e+00   0.000000000000e+00  -2.140152752399e-01 
  0.000000000000e+00   0.000000000000e+00  -2.140152752399e-01  -5.919108167291e-03   0.000000000000e+00  -1.995978802443e-01  -1.318643838167e-01   0.000000000000e+00  -2.088116258383e-01 
  3.125977888703e-02   0.000000000000e+00  -2.462644577026e-01   1.350800246000e-01   0.000000000000e+00  -2.199307233095e-01   2.664087712765e-01   0.000000000000e+00  -1.481747776270e-01 
  1.095130667090e-01   0.000000000000e+00  -1.391764581203e-01   1.550612896681e-01   0.000000000000e+00  -1.365851759911e-01   1.550612896681e-01   0.000000000000e+00  -1.365851759911e-01 
  0.000000000000e+00   0.000000000000e+00  -2.140152752399e-01   0.000000000000e+00   0.000000000000e+00  -2.140152752399e-01  -5.919108167291e-03   0.000000000000e+00  -1.995978802443e-01 
 -1.318643838167e-01   0.000000000000e+00  -2.088116258383e-01   3.125977888703e-02   0.000000000000e+00  -2.462644577026e-01   1.350800246000e-01   0.000000000000e+00  -2.199307233095e-01 
  2.664087712765e-01   0.000000000000e+00  -1.481747776270e-01   1.095130667090e-01   0.000000000000e+00  -1.391764581203e-01   1.550612896681e-01   0.000000000000e+00  -1.365851759911e-01 
  1.550612896681e-01   0.000000000000e+00  -1.365851759911e-01   0.000000000000e+00  -1.258354485035e-01  -2.482410818338e-01   0.000000000000e+00  -1.258354485035e-01  -2.482410818338e-01 
  1.962500810623e-02  -1.277913004160e-01  -2.053760737181e-01   8.165656775236e-02  -7.494202256203e-02  -1.578597724438e-01   8.908330462873e-03  -4.699376225471e-02  -1.393090784550e-01 
 -5.907304212451e-02  -6.200433522463e-02  -1.355650871992e-01  -1.194529384375e-01  -7.783280313015e-02  -1.608377248049e-01  -4.387419670820e-02  -8.992253243923e-02  -1.664584428072e-01 
  4.515721648932e-02  -2.075611203909e-01  -1.845861524343e-01   4.515721648932e-02  -2.075611203909e-01  -1.845861524343e-01   0.000000000000e+00  -1.258354485035e-01  -2.482410818338e-01 
  0.000000000000e+00  -1.258354485035e-01  -2.482410818338e-01   1.962500810623e-02  -1.277913004160e-01  -2.053760737181e-01   8.165656775236e-02  -7.494202256203e-02  -1.578597724438e-01 
  8.908330462873e-03  -4.699376225471e-02  -1.393090784550e-01  -5.907304212451e-02  -6.200433522463e-02  -1.355650871992e-01  -1.194529384375e-01  -7.783280313015e-02  -1.608377248049e-01 
 -4.387419670820e-02  -8.992253243923e-02  -1.664584428072e-01   4.515721648932e-02  -2.075611203909e-01  -1.845861524343e-01   4.515721648932e-02  -2.075611203909e-01  -1.845861524343e-01 
  0.000000000000e+00  -4.423054680228e-02  -2.022636383772e-01   0.000000000000e+00  -4.423054680228e-02  -2.022636383772e-01  -9.611608460546e-03  -8.127640187740e-02  -1.999457329512e-01 
  1.256760656834e-01  -2.357955873013e-01  -1.864298582077e-01   4.051525145769e-03  -1.606692373753e-01  -1.851038783789e-01   3.194459155202e-02  -6.629124283791e-02  -1.407580375671e-01 
  2.809240482748e-02  -2.752157114446e-02  -1.418462842703e-01  -1.202133670449e-02  -5.109191685915e-02  -1.401555985212e-01   1.621099654585e-03  -1.178055815399e-02  -1.478331983089e-01 
  1.621099654585e-03  -1.178055815399e-02  -1.478331983089e-01   0.000000000000e+00   6.215815246105e-02  -1.836737543344e-01   0.000000000000e+00   6.215815246105e-02  -1.836737543344e-01 
  8.458320982754e-03   2.751787006855e-02  -1.744402498007e-01   4.218253493309e-02   1.134090684354e-02  -1.454389095306e-01   7.733317464590e-02  -6.449723988771e-02  -1.494470834732e-01 
  1.173255033791e-02  -9.028644114733e-02  -1.537585109472e-01  -7.009361684322e-02  -5.208852142096e-02  -1.869372874498e-01   4.732679735753e-05  -5.925122648478e-03  -1.400914639235e-01 
  1.974534802139e-02  -4.123883694410e-02  -1.485131233931e-01   1.974534802139e-02  -4.123883694410e-02  -1.485131233931e-01   0.000000000000e+00  -3.433754295111e-02  -2.248934656382e-01 
  0.000000000000e+00  -3.433754295111e-02  -2.248934656382e-01  -2.571730129421e-02  -4.312586039305e-02  -2.681679427624e-01   1.691768914461e-01  -5.727358534932e-02  -1.708619594574e-01 
  8.373232930899e-02  -8.485575765371e-02  -1.460504829884e-01  -4.114080592990e-02  -5.793267115951e-02  -1.425407826900e-01  -4.435590282083e-02  -2.265485562384e-02  -1.643336862326e-01 
 -3.468796610832e-02   1.384400296956e-02  -1.586411297321e-01  -9.215883910656e-02  -1.088244169950e-01  -2.017306238413e-01  -9.215883910656e-02  -1.088244169950e-01  -2.017306238413e-01 
  0.000000000000e+00   2.632818184793e-02  -1.860951185226e-01   0.000000000000e+00   2.632818184793e-02  -1.860951185226e-01   6.341143511236e-03  -4.643833637238e-02  -1.936346441507e-01 
  1.062744334340e-01  -5.329872667789e-02  -1.781377792358e-01   3.945125732571e-03  -2.631406672299e-02  -1.926422119141e-01   2.804801240563e-02  -8.793270098977e-04  -1.538589298725e-01 
  8.843301981688e-02  -6.535568088293e-02  -1.453011184931e-01  -3.215372189879e-02  -3.301985561848e-02  -1.478788852692e-01  -1.464517861605e-01  -3.474713116884e-02  -1.659217774868e-01 
 -1.464517861605e-01  -3.474713116884e-02  -1.659217774868e-01   0.000000000000e+00   2.484754286706e-02  -2.006680965424e-01   0.000000000000e+00   2.484754286706e-02  -2.006680965424e-01 
 -1.512998621911e-02  -4.069657623768e-02  -1.776188760996e-01   1.874276902527e-03   5.453119054437e-02  -1.607710570097e-01   4.782089591026e-02   4.048530478030e-03  -1.664298921824e-01 
  6.302918493748e-02   1.360775344074e-02  -1.853056848049e-01   4.972204938531e-02  -4.425334185362e-02  -1.988225281239e-01   7.313916832209e-02   6.724566686898e-03  -1.478860974312e-01 
  3.174020349979e-02  -5.176442116499e-02  -1.491055488586e-01   3.174020349979e-02  -5.176442116499e-02  -1.491055488586e-01   0.000000000000e+00   6.582032889128e-02  -2.612988054752e-01 
  0.000000000000e+00   6.582032889128e-02  -2.612988054752e-01  -2.756909467280e-02  -2.684712596238e-02  -2.561494112015e-01   8.309571444988e-02   9.207092225552e-03  -1.824961453676e-01 
  1.132876202464e-01  -2.442917414010e-02  -1.600598841906e-01  -1.074188202620e-02   2.026017941535e-02  -1.638742238283e-01   5.762891471386e-02   4.068295657635e-02  -1.727011501789e-01 
  3.906492516398e-02  -5.583344958723e-03  -1.710971891880e-01   6.389836966991e-02  -1.310611069202e-01  -2.107178270817e-01   6.389836966991e-02  -1.310611069202e-01  -2.107178270817e-01 
  0.000000000000e+00   0.000000000000e+00  -2.140152752399e-01   0.000000000000e+00   0.000000000000e+00  -2.140152752399e-01  -5.919108167291e-03   0.000000000000e+00  -1.995978802443e-01 
 -1.318643838167e-01   0.000000000000e+00  -2.088116258383e-01   3.125977888703e-02   0.000000000000e+00  -2.462644577026e-01   1.350800246000e-01   0.000000000000e+00  -2.199307233095e-01 
  2.664087712765e-01   0.000000000000e+00  -1.481747776270e-01   1.095130667090e-01   0.000000000000e+00  -1.391764581203e-01   1.550612896681e-01   0.000000000000e+00  -1.365851759911e-01 
  1.550612896681e-01   0.000000000000e+00  -1.365851759911e-01   0.000000000000e+00   0.000000000000e+00  -2.140152752399e-01   0.000000000000e+00   0.000000000000e+00  -2.140152752399e-01 
 -5.919108167291e-03   0.000000000000e+00  -1.995978802443e-01  -1.318643838167e-01   0.000000000000e+00  -2.088116258383e-01   3.125977888703e-02   0.000000000000e+00  -2.462644577026e-01 
  1.350800246000e-01   0.000000000000e+00  -2.199307233095e-01   2.664087712765e-01   0.000000000000e+00  -1.481747776270e-01   1.095130667090e-01   0.000000000000e+00  -1.391764581203e-01 
  1.550612896681e-01   0.000000000000e+00  -1.365851759911e-01   1.550612896681e-01   0.000000000000e+00  -1.365851759911e-01   0.000000000000e+00  -1.014412790537e-01  -8.937479853630e-01 
  0.000000000000e+00  -1.014412790537e-01  -8.937479853630e-01   4.468232095242e-01  -1.893926225603e-02  -7.292445898056e-01   7.415747046471e-01  -4.226376861334e-02  -5.534715056419e-01 
  1.912301182747e-01   4.452655464411e-02  -4.611096978188e-01   0.000000000000e+00   5.413181781769e-01  -6.443490833044e-02  -1.386097446084e-02   1.249683499336e+00  -9.083137512207e-01 
 -1.836084760725e-02   5.363603830338e-01  -8.849376440048e-01   2.604260481894e-02   4.143647849560e-02  -1.541384216398e-02   2.604260481894e-02   4.143647849560e-02  -1.541384216398e-02 
  0.000000000000e+00  -1.014412790537e-01  -8.937479853630e-01   0.000000000000e+00  -1.014412790537e-01  -8.937479853630e-01   4.468232095242e-01  -1.893926225603e-02  -7.292445898056e-01 
  7.415747046471e-01  -4.226376861334e-02  -5.534715056419e-01   1.912301182747e-01   4.452655464411e-02  -4.611096978188e-01   0.000000000000e+00   5.413181781769e-01  -6.443490833044e-02 
 -1.386097446084e-02   1.249683499336e+00  -9.083137512207e-01  -1.836084760725e-02   5.363603830338e-01  -8.849376440048e-01   2.604260481894e-02   4.143647849560e-02  -1.541384216398e-02 
  2.604260481894e-02   4.143647849560e-02  -1.541384216398e-02   0.000000000000e+00  -3.327809646726e-02  -9.945294857025e-01   0.000000000000e+00  -3.327809646726e-02  -9.945294857025e-01 
  3.004418611526e-01  -4.141448810697e-02  -7.642132043839e-01   4.542627930641e-01  -1.373021602631e-01  -8.805885910988e-01   2.789125442505e-01  -9.556711465120e-02  -5.699304342270e-01 
  4.622286185622e-02   4.307178556919e-01  -5.924196168780e-02  -3.235698444769e-03   1.245183706284e+00  -8.970138430595e-01  -5.789044126868e-02   4.336380362511e-01  -7.930567264557e-01 
 -3.857117891312e-01   8.597681522369e-01  -5.216680839658e-02  -3.857117891312e-01   8.597681522369e-01  -5.216680839658e-02   0.000000000000e+00   1.330725699663e-01  -1.172660350800e+00 
  0.000000000000e+00   1.330725699663e-01  -1.172660350800e+00   2.714707851410e-01  -4.506755620241e-02  -8.312839269638e-01   5.176339149475e-01  -1.238936111331e-01  -7.067502140999e-01 
  6.494035720825e-01  -8.540895581245e-02  -6.479051113129e-01   1.075034365058e-01  -7.108151912689e-02  -4.624149575830e-02  -8.086548447609e-01   0.000000000000e+00   7.264302372932e-01 
 -3.550152480602e-01   1.618835180998e-01   2.304598838091e-01  -5.657653808594e-01   4.382854998112e-01  -3.897678554058e-01  -5.657653808594e-01   4.382854998112e-01  -3.897678554058e-01 
  0.000000000000e+00   8.516595512629e-02  -9.129348993301e-01   0.000000000000e+00   8.516595512629e-02  -9.129348993301e-01   4.221812486649e-01  -1.728176698089e-02  -9.016985297203e-01 
  5.981281995773e-01  -5.614562332630e-02  -7.184718251228e-01   7.023664116859e-01  -7.034887373447e-02  -6.439382433891e-01  -9.895154088736e-02   6.181699410081e-02  -5.745922029018e-02 
 -2.144114494324e+00   1.016392838210e-03   2.341914921999e-01  -6.691216826439e-01   2.107437700033e-01   4.409657046199e-02  -9.340005517006e-01   3.153256475925e-01  -6.950486451387e-02 
 -9.340005517006e-01   3.153256475925e-01  -6.950486451387e-02   0.000000000000e+00   3.211800754070e-02  -1.016131520271e+00   0.000000000000e+00   3.211800754070e-02  -1.016131520271e+00 
  2.888199388981e-01  -6.462427973747e-02  -9.898385405540e-01   4.401614069939e-01  -2.288011368364e-03  -7.708100676537e-01   6.799796223640e-01  -6.887558265589e-04  -6.568024754524e-01 
  6.979332566261e-01   1.186715289950e-01  -7.860804200172e-01  -3.907970190048e-01   1.666363030672e-01   2.347456663847e-02  -3.335505127907e-01   2.050088047981e-01  -2.802550494671e-01 
 -2.270790636539e-01   8.120621740818e-02   2.719608694315e-02  -2.270790636539e-01   8.120621740818e-02   2.719608694315e-02   0.000000000000e+00   1.101958230138e-01  -1.068920135498e+00 
  0.000000000000e+00   1.101958230138e-01  -1.068920135498e+00   2.871894836426e-01   1.167071089149e-01  -7.652490735054e-01   3.786553144455e-01   1.055387109518e-01  -9.373245239258e-01 
  6.748839020729e-01  -2.057665139437e-01  -7.469232678413e-01   6.837518811226e-01  -8.505539596081e-02  -7.722824811935e-01  -2.126863002777e-01  -9.928866289556e-03  -1.633170992136e-01 
  5.014423727989e-01  -2.440543174744e-01  -6.101945042610e-01  -1.691417098045e-01   1.196462288499e-02  -4.474160075188e-01  -1.691417098045e-01   1.196462288499e-02  -4.474160075188e-01 
  0.000000000000e+00  -2.007581526414e-03  -1.204097986221e+00   0.000000000000e+00  -2.007581526414e-03  -1.204097986221e+00   1.479319930077e-01   8.417293429375e-02  -1.644811868668e+00 
  2.823588550091e-01   2.371712960303e-02  -1.205049991608e+00   5.485743284225e-01  -3.666098788381e-02  -6.544137001038e-01   1.439861059189e-01   2.448411658406e-02  -4.417949199677e+00 
  7.228896021843e-01   3.214756250381e-01  -2.559632301331e+00  -5.413675308228e-01  -5.700156837702e-02  -5.626046657562e-01  -9.028324484825e-01  -9.037943929434e-02  -6.436695456505e-01 
 -9.028324484825e-01  -9.037943929434e-02  -6.436695456505e-01   0.000000000000e+00   0.000000000000e+00  -1.488975882530e+00   0.000000000000e+00   0.000000000000e+00  -1.488975882530e+00 
  2.136309593916e-01   0.000000000000e+00  -1.482472538948e+00   3.125027120113e-01   0.000000000000e+00  -1.496435046196e+00   3.955547511578e-01   0.000000000000e+00  -5.969293713570e-01 
  7.767153978348e-01   0.000000000000e+00  -8.334473609924e+00   1.862928271294e+00   0.000000000000e+00  -6.000217914581e+00   3.845454752445e-01  -8.268060162663e-03  -1.463075280190e+00 
 -2.279593646526e-01   0.000000000000e+00  -6.341481953859e-02  -2.279593646526e-01   0.000000000000e+00  -6.341481953859e-02   0.000000000000e+00   0.000000000000e+00  -1.488975882530e+00 
  0.000000000000e+00   0.000000000000e+00  -1.488975882530e+00   2.136309593916e-01   0.000000000000e+00  -1.482472538948e+00   3.125027120113e-01   0.000000000000e+00  -1.496435046196e+00 
  3.955547511578e-01   0.000000000000e+00  -5.969293713570e-01   7.767153978348e-01   0.000000000000e+00  -8.334473609924e+00   1.862928271294e+00   0.000000000000e+00  -6.000217914581e+00 
  3.845454752445e-01  -8.268060162663e-03  -1.463075280190e+00  -2.279593646526e-01   0.000000000000e+00  -6.341481953859e-02  -2.279593646526e-01   0.000000000000e+00  -6.341481953859e-02 
  0.000000000000e+00   2.599782682955e-02  -2.775050401688e-01   0.000000000000e+00   2.599782682955e-02  -2.775050401688e-01   2.531189024448e-01   1.154823154211e-01  -3.078742325306e-01 
  4.159106314182e-01   2.275984920561e-02  -3.780580461025e-01   3.211519122124e-01   4.181598126888e-02  -3.945878148079e-01   0.000000000000e+00   3.982336521149e-01  -1.000000014901e-01 
  0.000000000000e+00   0.000000000000e+00  -9.772109389305e-01  -1.201767288148e-02   5.679399967194e-01  -7.909134030342e-01  -4.629709944129e-02   0.000000000000e+00  -4.996497035027e-01 
 -4.629709944129e-02   0.000000000000e+00  -4.996497035027e-01   0.000000000000e+00   2.599782682955e-02  -2.775050401688e-01   0.000000000000e+00   2.599782682955e-02  -2.775050401688e-01 
  2.531189024448e-01   1.154823154211e-01  -3.078742325306e-01   4.159106314182e-01   2.275984920561e-02  -3.780580461025e-01   3.211519122124e-01   4.181598126888e-02  -3.945878148079e-01 
  0.000000000000e+00   3.982336521149e-01  -1.000000014901e-01   0.000000000000e+00   0.000000000000e+00  -9.772109389305e-01  -1.201767288148e-02   5.679399967194e-01  -7.909134030342e-01 
 -4.629709944129e-02   0.000000000000e+00  -4.996497035027e-01  -4.629709944129e-02   0.000000000000e+00  -4.996497035027e-01   0.000000000000e+00  -2.860254608095e-02  -4.191398024559e-01 
  0.000000000000e+00  -2.860254608095e-02  -4.191398024559e-01   1.966910213232e-01  -2.118503488600e-02  -3.547548949718e-01   1.601053476334e-01  -4.903359338641e-02  -5.228186249733e-01 
  2.524145245552e-01  -6.604201346636e-02  -5.532718896866e-01  -5.706581473351e-02   5.408738255501e-01  -4.318997263908e-01  -1.884655207396e-01   8.157514929771e-01  -7.712938785553e-01 
  0.000000000000e+00   8.841789960861e-01  -4.944100677967e-01  -8.690766245127e-02   1.181706070900e+00  -4.739034473896e-01  -8.690766245127e-02   1.181706070900e+00  -4.739034473896e-01 
  0.000000000000e+00   1.935897469521e-01  -4.338959157467e-01   0.000000000000e+00   1.935897469521e-01  -4.338959157467e-01   1.701681762934e-01   9.583276696503e-03  -4.134578406811e-01 
  2.458255141973e-01  -4.178078845143e-02  -5.336847305298e-01   4.657022655010e-01  -4.486360400915e-02  -7.193051576614e-01  -2.565140724182e-01   0.000000000000e+00  -9.928647279739e-01 
 -6.440010666847e-01   2.087430059910e-01   3.619453907013e-01  -4.044447541237e-01   8.213262557983e-01   1.310982704163e-01  -4.760211110115e-01   1.130213618279e+00  -3.162748366594e-02 
 -4.760211110115e-01   1.130213618279e+00  -3.162748366594e-02   0.000000000000e+00   1.211571395397e-01  -4.887250661850e-01   0.000000000000e+00   1.211571395397e-01  -4.887250661850e-01 
  2.365652173758e-01  -2.413650229573e-02  -1.297975629568e-01   4.595596790314e-01  -3.633670136333e-02  -3.130404353142e-01   5.371025204659e-01   3.613336384296e-02  -8.457783460617e-01 
 -2.492147833109e-01   8.119317144156e-02  -1.042684078217e+00  -7.416678071022e-01   6.820999085903e-02   3.877688571811e-02  -4.630966484547e-01   2.463566511869e-01   1.812359839678e-01 
 -1.799810230732e-01   3.914267122746e-01   3.288193047047e-02  -1.799810230732e-01   3.914267122746e-01   3.288193047047e-02   0.000000000000e+00   4.459933564067e-02  -4.787005484104e-01 
  0.000000000000e+00   4.459933564067e-02  -4.787005484104e-01   1.446147114038e-01   3.129883110523e-02  -6.631637811661e-01   2.687222361565e-01   2.815901767462e-03  -5.709192156792e-01 
  4.408881664276e-01   1.142202019691e-01  -5.346472859383e-01   2.613083720207e-01   1.841485500336e-01  -2.097703218460e-01   6.315650418401e-03   1.277100294828e-01   5.055098235607e-02 
  2.263421714306e-01   1.610844731331e-01  -3.118408471346e-02   1.139275789261e+00   1.695156097412e-01   1.503077335656e-02   1.139275789261e+00   1.695156097412e-01   1.503077335656e-02 
  0.000000000000e+00   1.774405688047e-01  -4.039912223816e-01   0.000000000000e+00   1.774405688047e-01  -4.039912223816e-01   1.544797569513e-01   9.568338841200e-02  -3.199834823608e-01 
  2.436394691467e-01  -1.182476524264e-02  -8.701307177544e-01   2.586984634399e-01  -4.014159785584e-04  -7.561740279198e-01   1.117800399661e-01  -8.284704387188e-02  -1.376658976078e-01 
 -3.145671188831e-01   3.461181372404e-02   1.910670399666e-01   1.558409631252e-01  -9.512978605926e-03  -3.805305957794e-01   6.798482537270e-01   1.195383891463e-01  -7.594662904739e-01 
  6.798482537270e-01   1.195383891463e-01  -7.594662904739e-01   0.000000000000e+00   8.913449943066e-02  -3.992446064949e-01   0.000000000000e+00   8.913449943066e-02  -3.992446064949e-01 
  2.728817164898e-01   7.261115312576e-02  -5.285711884499e-01   2.634956538677e-01   6.384492665529e-02  -8.814966678619e-01   4.424035251141e-01   7.322391867638e-02  -1.204206824303e+00 
 -4.887431859970e-01  -2.930807694793e-02  -1.898571729660e+00  -6.487722992897e-01  -1.330356393009e-02  -1.302833557129e+00  -4.081598222256e-01  -3.802919015288e-02  -6.404311656952e-01 
 -8.510984182358e-01   0.000000000000e+00  -7.034381628036e-01  -8.510984182358e-01   0.000000000000e+00  -7.034381628036e-01   0.000000000000e+00   0.000000000000e+00  -3.809061646461e-01 
  0.000000000000e+00   0.000000000000e+00  -3.809061646461e-01   7.374031841755e-02   0.000000000000e+00  -5.628200173378e-01   1.701039522886e-01   1.406856533140e-02  -7.145594954491e-01 
  3.728170990944e-01   0.000000000000e+00  -6.539409160614e-01   9.444390982389e-02   0.000000000000e+00  -4.824496269226e+00  -4.154197871685e-01   0.000000000000e+00  -5.152011871338e+00 
 -1.559088826180e-01  -2.349196234718e-03  -9.568812847137e-01  -2.408086955547e-01  -1.284324534936e-04  -3.964059948921e-01  -2.408086955547e-01  -1.284324534936e-04  -3.964059948921e-01 
  0.000000000000e+00   0.000000000000e+00  -3.809061646461e-01   0.000000000000e+00   0.000000000000e+00  -3.809061646461e-01   7.374031841755e-02   0.000000000000e+00  -5.628200173378e-01 
  1.701039522886e-01   1.406856533140e-02  -7.145594954491e-01   3.728170990944e-01   0.000000000000e+00  -6.539409160614e-01   9.444390982389e-02   0.000000000000e+00  -4.824496269226e+00 
 -4.154197871685e-01   0.000000000000e+00  -5.152011871338e+00  -1.559088826180e-01  -2.349196234718e-03  -9.568812847137e-01  -2.408086955547e-01  -1.284324534936e-04  -3.964059948921e-01 
 -2.408086955547e-01  -1.284324534936e-04  -3.964059948921e-01   0.000000000000e+00   4.309846088290e-02  -4.818768203259e-01   0.000000000000e+00   4.309846088290e-02  -4.818768203259e-01 
  1.589699685574e-01   3.225317597389e-02  -7.755812257528e-02   6.500294208527e-01  -3.073279280216e-03  -9.051626324654e-01   0.000000000000e+00  -1.391743496060e-02  -1.000000014901e-01 
  0.000000000000e+00   3.431797921658e-01  -1.000000014901e-01   0.000000000000e+00   0.000000000000e+00  -1.000000014901e-01  -8.887173607945e-03   4.230215549469e-01  -5.130422711372e-01 
 -2.487000450492e-02   4.761094227433e-02  -4.996497035027e-01  -2.487000450492e-02   4.761094227433e-02  -4.996497035027e-01   0.000000000000e+00   4.309846088290e-02  -4.818768203259e-01 
  0.000000000000e+00   4.309846088290e-02  -4.818768203259e-01   1.589699685574e-01   3.225317597389e-02  -7.755812257528e-02   6.500294208527e-01  -3.073279280216e-03  -9.051626324654e-01 
  0.000000000000e+00  -1.391743496060e-02  -1.000000014901e-01   0.000000000000e+00   3.431797921658e-01  -1.000000014901e-01   0.000000000000e+00   0.000000000000e+00  -1.000000014901e-01 
 -8.887173607945e-03   4.230215549469e-01  -5.130422711372e-01  -2.487000450492e-02   4.761094227433e-02  -4.996497035027e-01  -2.487000450492e-02   4.761094227433e-02  -4.996497035027e-01 
  0.000000000000e+00  -1.333925779909e-02  -7.935087084770e-01   0.000000000000e+00  -1.333925779909e-02  -7.935087084770e-01   1.688566058874e-01  -4.262084886432e-02  -2.997520267963e-01 
  1.609911620617e-01  -4.655794054270e-02  -3.375695943832e-01   5.891532078385e-02  -5.410494655371e-02  -3.269372880459e-01  -1.284636836499e-02   5.274612903595e-01  -6.831844449043e-01 
 -2.343094944954e-01   6.152738332748e-01  -4.850440919399e-01   0.000000000000e+00   4.925312995911e-01  -1.000000014901e-01   0.000000000000e+00   4.761094227433e-02  -5.253959298134e-01 
  0.000000000000e+00   4.761094227433e-02  -5.253959298134e-01   0.000000000000e+00   1.331828683615e-01  -3.544200956821e-01   0.000000000000e+00   1.331828683615e-01  -3.544200956821e-01 
  4.524199292064e-02   8.065154403448e-02  -6.843247264624e-02   1.512907445431e-01   7.756842765957e-03  -1.978909075260e-01   3.486385345459e-01  -6.731994915754e-03   1.505112051964e-01 
 -5.889362096786e-02   4.385493695736e-02  -9.928647279739e-01  -3.759569525719e-01   2.538411319256e-01  -2.398364841938e-01  -3.935979902744e-01   4.577558040619e-01   3.820484876633e-02 
 -4.111065566540e-01   0.000000000000e+00  -1.000000014901e-01  -4.111065566540e-01   0.000000000000e+00  -1.000000014901e-01   0.000000000000e+00   5.932629108429e-02  -3.297177255154e-01 
  0.000000000000e+00   5.932629108429e-02  -3.297177255154e-01   1.301718056202e-01  -1.619633138180e-01   6.192498281598e-02   3.646000027657e-01  -1.029076501727e-01  -3.406386375427e-01 
  5.820311307907e-01   7.902296259999e-03   9.046667814255e-01   4.074001684785e-02   1.055018007755e-01   8.104515075684e-01  -2.674246430397e-01   9.992775321007e-02  -9.928647279739e-01 
 -3.712832331657e-01   1.534533351660e-01   5.769867449999e-02  -1.207132264972e-01   0.000000000000e+00  -2.003169655800e-01  -1.207132264972e-01   0.000000000000e+00  -2.003169655800e-01 
  0.000000000000e+00  -2.995903789997e-02  -7.368568778038e-01   0.000000000000e+00  -2.995903789997e-02  -7.368568778038e-01   1.536585390568e-01   1.574102789164e-01  -4.566780924797e-01 
  6.257805824280e-01   4.916926473379e-02  -7.485655546188e-01   6.546357870102e-01   9.866188466549e-02   1.044138193130e+00   3.006846308708e-01   1.422951668501e-01   6.712501049042e-01 
  1.404065042734e-01   1.403383761644e-01  -4.208950102329e-01   7.998765259981e-02   8.872704952955e-02  -1.000000014901e-01   0.000000000000e+00   0.000000000000e+00  -2.214151471853e-01 
  0.000000000000e+00   0.000000000000e+00  -2.214151471853e-01   0.000000000000e+00   1.417181193829e-01  -6.359462738037e-01   0.000000000000e+00   1.417181193829e-01  -6.359462738037e-01 
  1.208904385567e-01   5.207594484091e-02   1.860347539186e-01   3.518154919147e-01  -1.294043008238e-02  -9.001948237419e-01   4.726323485374e-01  -9.986705146730e-03  -9.178723096848e-01 
  6.758926063776e-02   5.785568617284e-03  -5.984143018723e-01  -3.390146493912e-01  -1.046807621606e-03  -1.015617609024e+00  -2.385279238224e-01   4.338772967458e-03  -3.074797987938e-01 
  4.042401909828e-01   0.000000000000e+00  -1.000000014901e-01   4.042401909828e-01   0.000000000000e+00  -1.000000014901e-01   0.000000000000e+00   1.140600517392e-01  -5.986217260361e-01 
  0.000000000000e+00   1.140600517392e-01  -5.986217260361e-01   1.742427945137e-01   1.074706166983e-01   1.036637835205e-02   2.022189497948e-01   6.903082877398e-02  -9.568819999695e-01 
  4.302999973297e-01   6.589312851429e-02  -1.150845408440e+00  -6.625345945358e-01  -1.387082040310e-02  -9.988011717796e-01  -3.919191360474e-01  -5.935928784311e-03  -8.417553901672e-01 
 -2.641538977623e-01  -4.664542619139e-03  -3.207288682461e-01   0.000000000000e+00  -1.578315044753e-03  -6.049456596375e-01   0.000000000000e+00  -1.578315044753e-03  -6.049456596375e-01 
  0.000000000000e+00   0.000000000000e+00  -4.825302660465e-01   0.000000000000e+00   0.000000000000e+00  -4.825302660465e-01   1.696368902922e-01   0.000000000000e+00  -9.018647670746e-02 
  1.233942881227e-01   7.588695269078e-03  -2.307823598385e-01   2.895113229752e-01   1.968646794558e-02  -1.027464628220e+00  -2.439130246639e-01  -4.026632290334e-03  -2.257449388504e+00 
 -3.656807243824e-01   0.000000000000e+00  -4.556280374527e-01  -2.710108458996e-01  -1.664436305873e-03  -6.131503582001e-01  -1.891177743673e-01  -1.052514300682e-03  -5.252198576927e-01 
 -1.891177743673e-01  -1.052514300682e-03  -5.252198576927e-01   0.000000000000e+00   0.000000000000e+00  -4.825302660465e-01   0.000000000000e+00   0.000000000000e+00  -4.825302660465e-01 
  1.696368902922e-01   0.000000000000e+00  -9.018647670746e-02   1.233942881227e-01   7.588695269078e-03  -2.307823598385e-01   2.895113229752e-01   1.968646794558e-02  -1.027464628220e+00 
 -2.439130246639e-01  -4.026632290334e-03  -2.257449388504e+00  -3.656807243824e-01   0.000000000000e+00  -4.556280374527e-01  -2.710108458996e-01  -1.664436305873e-03  -6.131503582001e-01 
 -1.891177743673e-01  -1.052514300682e-03  -5.252198576927e-01  -1.891177743673e-01  -1.052514300682e-03  -5.252198576927e-01   0.000000000000e+00   9.084097109735e-03  -4.937091767788e-01 
  0.000000000000e+00   9.084097109735e-03  -4.937091767788e-01   2.330414392054e-02  -7.339025288820e-02  -5.109236240387e-01   2.261326313019e-01  -1.068484485149e-01  -5.956523418427e-01 
 -5.212786048651e-02  -8.898929506540e-02  -4.366002082825e-01  -2.517672069371e-02  -6.604412943125e-02  -6.361431628466e-02  -1.899985037744e-02  -6.990632042289e-03  -1.000000014901e-01 
 -2.935229567811e-03   2.797555625439e-01  -2.908034622669e-01  -1.511249691248e-02   4.761094227433e-02  -1.000000014901e-01  -1.511249691248e-02   4.761094227433e-02  -1.000000014901e-01 
  0.000000000000e+00   9.084097109735e-03  -4.937091767788e-01   0.000000000000e+00   9.084097109735e-03  -4.937091767788e-01   2.330414392054e-02  -7.339025288820e-02  -5.109236240387e-01 
  2.261326313019e-01  -1.068484485149e-01  -5.956523418427e-01  -5.212786048651e-02  -8.898929506540e-02  -4.366002082825e-01  -2.517672069371e-02  -6.604412943125e-02  -6.361431628466e-02 
 -1.899985037744e-02  -6.990632042289e-03  -1.000000014901e-01  -2.935229567811e-03   2.797555625439e-01  -2.908034622669e-01  -1.511249691248e-02   4.761094227433e-02  -1.000000014901e-01 
 -1.511249691248e-02   4.761094227433e-02  -1.000000014901e-01   0.000000000000e+00   7.642043288797e-03  -8.159295320511e-01   0.000000000000e+00   7.642043288797e-03  -8.159295320511e-01 
  2.354741245508e-01  -1.552804708481e-01  -2.312103062868e-01   1.590416282415e-01  -1.634822487831e-01  -4.447623491287e-01  -2.863564491272e-01  -1.068553701043e-01   1.172467786819e-02 
  0.000000000000e+00  -6.619009375572e-02   2.359431982040e-02  -3.341627866030e-02  -5.642965901643e-03  -1.773175299168e-01  -1.426224014722e-03   2.267955057323e-02  -1.000000014901e-01 
  0.000000000000e+00   4.761094227433e-02  -1.000000014901e-01   0.000000000000e+00   4.761094227433e-02  -1.000000014901e-01   0.000000000000e+00   7.177875936031e-02  -1.513892710209e-01 
  0.000000000000e+00   7.177875936031e-02  -1.513892710209e-01  -6.837681680918e-02  -1.711435019970e-01  -9.978763759136e-02   6.447906792164e-02  -1.715053915977e-01  -1.258513629436e-01 
  1.851167827845e-01  -1.134438887239e-01   2.057561874390e-01   2.394186705351e-01   9.024244733155e-03   1.374176144600e-01   8.237631060183e-03   0.000000000000e+00   1.176687050611e-02 
  0.000000000000e+00   2.710382686928e-04  -1.614458858967e-02   0.000000000000e+00   0.000000000000e+00  -1.000000014901e-01   0.000000000000e+00   0.000000000000e+00  -1.000000014901e-01 
  0.000000000000e+00   8.305469527841e-03  -3.910698592663e-01   0.000000000000e+00   8.305469527841e-03  -3.910698592663e-01  -3.781739249825e-02  -8.518162369728e-02   1.642093807459e-01 
  2.635122835636e-01  -9.012927114964e-02  -2.237778007984e-01   4.282609820366e-01   1.986363669857e-03   5.299257636070e-01   3.788198530674e-01   4.177990183234e-02   1.029434204102e+00 
  4.587531462312e-02   1.018741074950e-02   3.108607232571e-02   1.817509531975e-02   4.172130866209e-05  -4.780105315149e-03  -8.474870771170e-02   0.000000000000e+00  -1.000000014901e-01 
 -8.474870771170e-02   0.000000000000e+00  -1.000000014901e-01   0.000000000000e+00   3.159055113792e-02  -4.407430291176e-01   0.000000000000e+00   3.159055113792e-02  -4.407430291176e-01 
 -1.446688896976e-03   9.380528330803e-02   2.043212503195e-01   6.499309539795e-01   4.154982790351e-02  -1.285668313503e-01   3.859277665615e-01   1.485190261155e-02   1.116330027580e+00 
  4.739821553230e-01   7.212805747986e-02   1.944844484329e+00   0.000000000000e+00   5.575715750456e-02   9.740581512451e-01   3.952972590923e-03   1.116815605201e-03  -9.559915214777e-02 
  0.000000000000e+00   0.000000000000e+00  -1.000000014901e-01   0.000000000000e+00   0.000000000000e+00  -1.000000014901e-01   0.000000000000e+00   1.064685881138e-01  -3.765191733837e-01 
  0.000000000000e+00   1.064685881138e-01  -3.765191733837e-01  -3.580795973539e-02   7.927237451077e-02   1.426664739847e-02   1.677151769400e-01   5.600928142667e-02  -4.449919462204e-01 
  9.129250645638e-01   1.445952355862e-01   7.260918021202e-01   8.724529743195e-01   1.132052764297e-01  -2.357010990381e-01  -2.275191098452e-01   6.037063524127e-02  -1.000000014901e-01 
 -3.788648545742e-01   1.921328366734e-03   2.349429726601e-01  -1.136938109994e-01   0.000000000000e+00  -5.275814235210e-02  -1.136938109994e-01   0.000000000000e+00  -5.275814235210e-02 
  0.000000000000e+00   1.601903699338e-03  -3.972105383873e-01   0.000000000000e+00   1.601903699338e-03  -3.972105383873e-01  -6.200955063105e-02  -6.246122997254e-03  -7.937808334827e-02 
  1.129003688693e-01   1.083692535758e-01  -2.551774680614e-01   1.058136701584e+00   2.151684761047e-01  -2.994075119495e-01   4.070380628109e-01   1.115071773529e-01  -1.000000014901e-01 
 -3.915610313416e-01   2.308587543666e-02   1.422706484795e+00  -3.270897865295e-01   5.947411060333e-03   1.447132468224e+00   0.000000000000e+00   3.276622388512e-03  -1.000000014901e-01 
  0.000000000000e+00   3.276622388512e-03  -1.000000014901e-01   0.000000000000e+00   0.000000000000e+00   4.367936775088e-02   0.000000000000e+00   0.000000000000e+00   4.367936775088e-02 
  1.763505162671e-03   0.000000000000e+00   1.950223892927e-01   1.477478295565e-01   1.236539799720e-03   2.013218402863e-02   7.717907428741e-01   6.009214743972e-02  -6.659604310989e-01 
  6.571527719498e-01   4.795508459210e-02  -6.044370532036e-01  -3.433047831059e-01  -2.088351920247e-02   1.447132468224e+00  -2.372224628925e-01  -7.097903173417e-03   6.713204979897e-01 
 -1.106125488877e-01  -3.378055524081e-03   2.405860833824e-02  -1.106125488877e-01  -3.378055524081e-03   2.405860833824e-02   0.000000000000e+00   0.000000000000e+00   4.367936775088e-02 
  0.000000000000e+00   0.000000000000e+00   4.367936775088e-02   1.763505162671e-03   0.000000000000e+00   1.950223892927e-01   1.477478295565e-01   1.236539799720e-03   2.013218402863e-02 
  7.717907428741e-01   6.009214743972e-02  -6.659604310989e-01   6.571527719498e-01   4.795508459210e-02  -6.044370532036e-01  -3.433047831059e-01  -2.088351920247e-02   1.447132468224e+00 
 -2.372224628925e-01  -7.097903173417e-03   6.713204979897e-01  -1.106125488877e-01  -3.378055524081e-03   2.405860833824e-02  -1.106125488877e-01  -3.378055524081e-03   2.405860833824e-02 
  0.000000000000e+00   3.225409239531e-02  -2.272474169731e-01   0.000000000000e+00   3.225409239531e-02  -2.272474169731e-01  -2.904767170548e-02  -5.255850777030e-02  -2.278312295675e-01 
 -2.404361516237e-01   0.000000000000e+00   1.586398035288e-01  -2.863564491272e-01   0.000000000000e+00   4.211717844009e-01   0.000000000000e+00   0.000000000000e+00   2.632884383202e-01 
 -1.323777483776e-03   0.000000000000e+00  -8.531088382006e-02  -1.178790698759e-03   0.000000000000e+00  -3.918760418892e-01  -6.689594010822e-04   0.000000000000e+00  -1.000000014901e-01 
 -6.689594010822e-04   0.000000000000e+00  -1.000000014901e-01   0.000000000000e+00   3.225409239531e-02  -2.272474169731e-01   0.000000000000e+00   3.225409239531e-02  -2.272474169731e-01 
 -2.904767170548e-02  -5.255850777030e-02  -2.278312295675e-01  -2.404361516237e-01   0.000000000000e+00   1.586398035288e-01  -2.863564491272e-01   0.000000000000e+00   4.211717844009e-01 
  0.000000000000e+00   0.000000000000e+00   2.632884383202e-01  -1.323777483776e-03   0.000000000000e+00  -8.531088382006e-02  -1.178790698759e-03   0.000000000000e+00  -3.918760418892e-01 
 -6.689594010822e-04   0.000000000000e+00  -1.000000014901e-01  -6.689594010822e-04   0.000000000000e+00  -1.000000014901e-01   0.000000000000e+00  -5.470449477434e-02  -3.622816801071e-01 
  0.000000000000e+00  -5.470449477434e-02  -3.622816801071e-01   5.522664636374e-03  -1.617837250233e-01   1.529359631240e-02  -2.784292995930e-01  -1.655692607164e-01   2.942148745060e-01 
 -2.942836284637e-01   0.000000000000e+00   7.018458247185e-01   0.000000000000e+00   8.351634023711e-04  -3.479339778423e-01  -1.855558366515e-03   0.000000000000e+00  -1.000000014901e-01 
 -1.855558366515e-03   0.000000000000e+00  -4.295007586479e-01  -7.128441939130e-04   0.000000000000e+00  -1.000000014901e-01  -7.128441939130e-04   0.000000000000e+00  -1.000000014901e-01 
  0.000000000000e+00  -1.417008489370e-01  -3.050736486912e-01   0.000000000000e+00  -1.417008489370e-01  -3.050736486912e-01  -2.266398258507e-02  -1.723475903273e-01  -1.728038787842e-01 
 -2.402332127094e-01  -1.814235895872e-01   1.809205114841e-01   0.000000000000e+00   0.000000000000e+00  -4.457224905491e-01   0.000000000000e+00   1.140996231697e-03  -1.578545123339e-01 
  0.000000000000e+00   0.000000000000e+00  -1.000000014901e-01   0.000000000000e+00   0.000000000000e+00  -1.000000014901e-01   0.000000000000e+00   0.000000000000e+00  -1.000000014901e-01 
  0.000000000000e+00   0.000000000000e+00  -1.000000014901e-01   0.000000000000e+00   7.284397259355e-03  -4.779747128487e-01   0.000000000000e+00   7.284397259355e-03  -4.779747128487e-01 
 -5.587604269385e-02  -2.020720951259e-02  -3.227953016758e-01   7.109891623259e-02  -1.208215057850e-01  -3.956927061081e-01   7.159814238548e-01  -4.880783706903e-02  -1.377351880074e+00 
  6.165974140167e-01   1.140996231697e-03  -5.672466754913e-01   8.307036943734e-03   0.000000000000e+00  -2.793566584587e-01   6.676739758404e-06   0.000000000000e+00  -3.815591037273e-01 
  2.727722858253e-06   0.000000000000e+00  -1.609021574259e-01   2.727722858253e-06   0.000000000000e+00  -1.609021574259e-01   0.000000000000e+00   5.368742719293e-02  -2.107298672199e-01 
  0.000000000000e+00   5.368742719293e-02  -2.107298672199e-01  -1.728550717235e-02   6.248807907104e-02  -1.283764243126e-01   2.420444935560e-01   6.131542474031e-02  -1.000000014901e-01 
  9.699552059174e-01   1.846571825445e-02  -1.381741166115e+00   1.022719144821e+00   9.392493963242e-02  -1.193529963493e+00   4.343957081437e-02   3.656609449536e-03  -1.263983607292e+00 
 -3.083481788635e-01   2.007748465985e-03  -1.099427580833e+00  -8.078620582819e-02   1.516509335488e-03  -1.000000014901e-01  -8.078620582819e-02   1.516509335488e-03  -1.000000014901e-01 
  0.000000000000e+00   1.244388520718e-01  -3.814041018486e-01   0.000000000000e+00   1.244388520718e-01  -3.814041018486e-01  -1.294212192297e-01   9.064610302448e-02  -2.173315137625e-01 
  0.000000000000e+00   1.534706503153e-01  -8.388649225235e-01   1.648716092110e+00   2.139762789011e-01  -9.725964665413e-01   1.639895558357e+00   1.881563961506e-01  -9.748767018318e-01 
 -5.704922676086e-01   0.000000000000e+00  -1.349359154701e+00  -5.704922676086e-01   0.000000000000e+00  -1.338076114655e+00   0.000000000000e+00   0.000000000000e+00  -8.483780026436e-01 
  0.000000000000e+00   0.000000000000e+00  -8.483780026436e-01   0.000000000000e+00   9.807919710875e-02  -1.489168107510e-01   0.000000000000e+00   9.807919710875e-02  -1.489168107510e-01 
  1.853647874668e-03  -2.194217592478e-02   1.108136475086e-01   3.294975161552e-01   7.221414893866e-02  -3.512892499566e-02   6.571092605591e-01   2.107582241297e-01  -9.597598910332e-01 
  0.000000000000e+00   1.392272412777e-01  -1.309159755707e+00  -6.809090375900e-01  -6.344585120678e-02  -1.452266693115e+00  -4.600754678249e-01   0.000000000000e+00  -1.341849923134e+00 
  0.000000000000e+00   0.000000000000e+00  -1.000000014901e-01   0.000000000000e+00   0.000000000000e+00  -1.000000014901e-01   0.000000000000e+00   0.000000000000e+00  -4.247186183929e-01 
  0.000000000000e+00   0.000000000000e+00  -4.247186183929e-01   1.017992198467e-01   0.000000000000e+00  -3.189645707607e-01   3.444451987743e-01   0.000000000000e+00  -2.496744990349e-01 
  9.856638908386e-01   0.000000000000e+00  -4.334538877010e-01   7.897866964340e-01   5.884435400367e-02  -6.136115789413e-01  -3.931230306625e-01   0.000000000000e+00  -1.000000014901e-01 
  0.000000000000e+00   0.000000000000e+00  -7.508199810982e-01   0.000000000000e+00   0.000000000000e+00  -5.179859399796e-01   0.000000000000e+00   0.000000000000e+00  -5.179859399796e-01 
  0.000000000000e+00   0.000000000000e+00  -4.247186183929e-01   0.000000000000e+00   0.000000000000e+00  -4.247186183929e-01   1.017992198467e-01   0.000000000000e+00  -3.189645707607e-01 
  3.444451987743e-01   0.000000000000e+00  -2.496744990349e-01   9.856638908386e-01   0.000000000000e+00  -4.334538877010e-01   7.897866964340e-01   5.884435400367e-02  -6.136115789413e-01 
 -3.931230306625e-01   0.000000000000e+00  -1.000000014901e-01   0.000000000000e+00   0.000000000000e+00  -7.508199810982e-01   0.000000000000e+00   0.000000000000e+00  -5.179859399796e-01 
  0.000000000000e+00   0.000000000000e+00  -5.179859399796e-01   0.000000000000e+00   2.315325103700e-02  -4.016598761082e-01   0.000000000000e+00   2.315325103700e-02  -4.016598761082e-01 
 -2.640295773745e-02  -1.838966831565e-02  -3.151934146881e-01  -3.259250149131e-02  -8.615551143885e-02   3.136873543262e-01  -1.115316674113e-01  -4.791864007711e-02   4.754883646965e-01 
 -2.838482148945e-02   0.000000000000e+00  -3.435426354408e-01   0.000000000000e+00   0.000000000000e+00  -1.000000014901e-01   0.000000000000e+00   0.000000000000e+00  -5.289602279663e-01 
  0.000000000000e+00   0.000000000000e+00  -5.355706214905e-01   0.000000000000e+00   0.000000000000e+00  -5.355706214905e-01   0.000000000000e+00   2.315325103700e-02  -4.016598761082e-01 
  0.000000000000e+00   2.315325103700e-02  -4.016598761082e-01  -2.640295773745e-02  -1.838966831565e-02  -3.151934146881e-01  -3.259250149131e-02  -8.615551143885e-02   3.136873543262e-01 
 -1.115316674113e-01  -4.791864007711e-02   4.754883646965e-01  -2.838482148945e-02   0.000000000000e+00  -3.435426354408e-01   0.000000000000e+00   0.000000000000e+00  -1.000000014901e-01 
  0.000000000000e+00   0.000000000000e+00  -5.289602279663e-01   0.000000000000e+00   0.000000000000e+00  -5.355706214905e-01   0.000000000000e+00   0.000000000000e+00  -5.355706214905e-01 
  0.000000000000e+00  -7.115140557289e-02  -2.284283488989e-01   0.000000000000e+00  -7.115140557289e-02  -2.284283488989e-01  -2.999410219491e-02  -5.094864964485e-02   3.559772670269e-02 
  0.000000000000e+00  -1.394718438387e-01   6.939187049866e-01   0.000000000000e+00  -5.647205188870e-02   7.018458247185e-01   0.000000000000e+00   0.000000000000e+00  -4.536288380623e-01 
 -3.711116733029e-03   0.000000000000e+00  -8.072576522827e-01  -3.711116733029e-03   0.000000000000e+00  -8.072576522827e-01   0.000000000000e+00   0.000000000000e+00  -5.415440797806e-01 
  0.000000000000e+00   0.000000000000e+00  -5.415440797806e-01   0.000000000000e+00  -1.237985640764e-01  -2.246409356594e-01   0.000000000000e+00  -1.237985640764e-01  -2.246409356594e-01 
 -6.164507195354e-02  -9.427922219038e-02  -1.728403568268e-01  -8.291257917881e-02  -1.498908996582e-01   3.521966040134e-01  -2.670375257730e-02  -1.112782582641e-02   1.558192074299e-01 
  0.000000000000e+00   2.281992463395e-03  -1.000000014901e-01  -2.733401022851e-02  -2.134090103209e-02  -8.308805823326e-01   1.991177722812e-02   0.000000000000e+00  -8.072576522827e-01 
  0.000000000000e+00   0.000000000000e+00  -1.000000014901e-01   0.000000000000e+00   0.000000000000e+00  -1.000000014901e-01   0.000000000000e+00   1.260511875153e-01   2.053204737604e-02 
  0.000000000000e+00   1.260511875153e-01   2.053204737604e-02  -1.082341745496e-01   1.128282025456e-01   2.172347158194e-04  -7.511400431395e-02  -1.121718436480e-02  -8.714646100998e-02 
  5.134966969490e-01  -1.611124351621e-02  -1.101956844330e+00   2.800651490688e-01   2.281992463395e-03  -2.078109383583e-01   0.000000000000e+00   2.590488642454e-02  -1.000000014901e-01 
  0.000000000000e+00   0.000000000000e+00  -4.536288380623e-01   0.000000000000e+00   0.000000000000e+00  -3.152288198471e-01   0.000000000000e+00   0.000000000000e+00  -3.152288198471e-01 
  0.000000000000e+00  -9.983219206333e-03  -3.050259351730e-01   0.000000000000e+00  -9.983219206333e-03  -3.050259351730e-01  -1.984524913132e-02  -4.199498798698e-03  -3.190232217312e-01 
  6.177403032780e-02   1.868570409715e-02  -5.820510387421e-01   1.196195125580e+00   9.998990222812e-03  -9.770067334175e-01   1.219336509705e+00   1.415859907866e-02  -1.058808922768e+00 
 -2.029805481434e-01   0.000000000000e+00  -1.242359995842e+00  -1.282351464033e-01   0.000000000000e+00  -1.276182770729e+00  -1.231454834342e-01   0.000000000000e+00  -8.181333541870e-01 
 -1.231454834342e-01   0.000000000000e+00  -8.181333541870e-01   0.000000000000e+00   1.903713047504e-01  -5.452808737755e-01   0.000000000000e+00   1.903713047504e-01  -5.452808737755e-01 
  8.863838389516e-03   1.091352552176e-01  -3.907347023487e-01   1.518520861864e-01   6.547617912292e-02  -6.656584739685e-01   1.509140729904e+00   0.000000000000e+00  -9.814170002937e-01 
  1.550351023674e+00   1.394977271557e-01  -9.790690541267e-01  -4.946755468845e-01   0.000000000000e+00  -1.284231543541e+00  -3.501916527748e-01   5.116207901779e-08  -1.320733785629e+00 
 -1.441631466150e-01   1.152795476855e-07  -8.426036834717e-01  -1.441631466150e-01   1.152795476855e-07  -8.426036834717e-01   0.000000000000e+00   9.169001877308e-02  -4.846916496754e-01 
  0.000000000000e+00   9.169001877308e-02  -4.846916496754e-01   1.158548370004e-01  -1.527888476849e-01  -2.361885458231e-01   3.966748416424e-01   1.805353723466e-02  -3.559270501137e-01 
  9.856638908386e-01   0.000000000000e+00  -3.648253679276e-01   7.897866964340e-01   8.481844514608e-02  -1.130515336990e+00  -3.931230306625e-01   0.000000000000e+00  -1.231433033943e+00 
  0.000000000000e+00   2.237845251329e-07  -1.341849923134e+00   0.000000000000e+00   6.073055942579e-07  -1.000000014901e-01   0.000000000000e+00   6.073055942579e-07  -1.000000014901e-01 
  0.000000000000e+00   0.000000000000e+00  -1.345598101616e-01   0.000000000000e+00   0.000000000000e+00  -1.345598101616e-01   2.034427672625e-01   0.000000000000e+00  -1.440582126379e-01 
  3.835772871971e-01   0.000000000000e+00  -3.648253679276e-01   9.856638908386e-01   0.000000000000e+00  -3.648253679276e-01   9.354766607285e-01   0.000000000000e+00  -3.899190127850e-01 
  9.354766607285e-01   0.000000000000e+00  -7.532331943512e-01   3.493777215481e-01   7.216517587949e-07  -9.512287974358e-01   1.523944437504e-01   1.891907572826e-06  -5.962860584259e-01 
  1.523944437504e-01   1.891907572826e-06  -5.962860584259e-01   0.000000000000e+00   0.000000000000e+00  -1.345598101616e-01   0.000000000000e+00   0.000000000000e+00  -1.345598101616e-01 
  2.034427672625e-01   0.000000000000e+00  -1.440582126379e-01   3.835772871971e-01   0.000000000000e+00  -3.648253679276e-01   9.856638908386e-01   0.000000000000e+00  -3.648253679276e-01 
  9.354766607285e-01   0.000000000000e+00  -3.899190127850e-01   9.354766607285e-01   0.000000000000e+00  -7.532331943512e-01   3.493777215481e-01   7.216517587949e-07  -9.512287974358e-01 
  1.523944437504e-01   1.891907572826e-06  -5.962860584259e-01   1.523944437504e-01   1.891907572826e-06  -5.962860584259e-01   0.000000000000e+00   5.887738242745e-02  -3.544369935989e-01 
  0.000000000000e+00   5.887738242745e-02  -3.544369935989e-01   1.822230033576e-02  -1.812672615051e-02  -1.234574466944e-01  -1.767664998770e-01   0.000000000000e+00   2.624255418777e-01 
 -1.122419610620e-01  -1.221537031233e-02   1.696851551533e-01  -4.979942366481e-02   4.652113711927e-04  -3.228761553764e-01  -2.260865643620e-03   0.000000000000e+00  -1.000000014901e-01 
 -2.253622980788e-03   2.269467222504e-04  -5.289779305458e-01  -1.408012234606e-03   2.641963656060e-04  -5.318174362183e-01  -1.408012234606e-03   2.641963656060e-04  -5.318174362183e-01 
  0.000000000000e+00   5.887738242745e-02  -3.544369935989e-01   0.000000000000e+00   5.887738242745e-02  -3.544369935989e-01   1.822230033576e-02  -1.812672615051e-02  -1.234574466944e-01 
 -1.767664998770e-01   0.000000000000e+00   2.624255418777e-01  -1.122419610620e-01  -1.221537031233e-02   1.696851551533e-01  -4.979942366481e-02   4.652113711927e-04  -3.228761553764e-01 
 -2.260865643620e-03   0.000000000000e+00  -1.000000014901e-01  -2.253622980788e-03   2.269467222504e-04  -5.289779305458e-01  -1.408012234606e-03   2.641963656060e-04  -5.318174362183e-01 
 -1.408012234606e-03   2.641963656060e-04  -5.318174362183e-01   0.000000000000e+00   1.016449928284e-02  -3.133996576071e-02   0.000000000000e+00   1.016449928284e-02  -3.133996576071e-02 
 -4.783170297742e-02   6.071457173675e-03   2.792819142342e-01  -1.846061646938e-01  -8.788004517555e-03   7.564910054207e-01   0.000000000000e+00  -1.633620820940e-02  -1.000000014901e-01 
  0.000000000000e+00   9.300478850491e-04  -4.536288380623e-01  -3.711116733029e-03   0.000000000000e+00  -8.072576522827e-01  -3.711116733029e-03   4.697732219938e-04  -8.072576522827e-01 
 -1.527948421426e-03   4.326027119532e-04  -5.323577523232e-01  -1.527948421426e-03   4.326027119532e-04  -5.323577523232e-01   0.000000000000e+00  -2.652609646320e-01  -3.330697119236e-02 
  0.000000000000e+00  -2.652609646320e-01  -3.330697119236e-02  -4.033016785979e-02  -3.512450680137e-02   1.227593794465e-01  -1.171190887690e-01  -2.983291633427e-02   4.277383685112e-01 
 -5.856931954622e-02  -1.091213058680e-02  -2.567053772509e-02   0.000000000000e+00   2.281992463395e-03  -1.000000014901e-01  -3.711116733029e-03   2.281992463395e-03  -7.836347818375e-01 
 -3.711116733029e-03   1.140996231697e-03  -8.072576522827e-01   0.000000000000e+00   6.920667947270e-04  -1.000000014901e-01   0.000000000000e+00   6.920667947270e-04  -1.000000014901e-01 
  0.000000000000e+00   1.007862687111e-01   1.250184178352e-01   0.000000000000e+00   1.007862687111e-01   1.250184178352e-01  -4.891747236252e-02   9.393499791622e-02   1.117796674371e-01 
 -5.936340987682e-02   5.755263194442e-02   7.179937511683e-02   1.973819285631e-01  -7.365300320089e-03  -6.603288054466e-01   2.083949744701e-02   2.281992463395e-03  -1.334320753813e-01 
 -1.855558366515e-03   2.281992463395e-03  -1.000000014901e-01  -1.855558366515e-03   1.140996115282e-03  -4.536288380623e-01  -7.639742107131e-04   6.920667365193e-04  -3.146900236607e-01 
 -7.639742107131e-04   6.920667365193e-04  -3.146900236607e-01   0.000000000000e+00   5.289825145155e-03  -6.914958953857e-01   0.000000000000e+00   5.289825145155e-03  -6.914958953857e-01 
 -2.179041318595e-02   5.539991892874e-03  -6.491135358810e-01  -4.731896333396e-03   7.552959490567e-03  -5.665096640587e-01   7.869938015938e-01   1.449559442699e-02  -6.502009630203e-01 
  1.118136525154e+00   6.335316691548e-03  -7.611346840858e-01  -1.923353224993e-01   0.000000000000e+00  -1.000000014901e-01  -7.303451746702e-02   4.690916102845e-04  -6.830444931984e-01 
 -3.355639055371e-02   4.267481854185e-04  -7.307320237160e-01  -3.355639055371e-02   4.267481854185e-04  -7.307320237160e-01   0.000000000000e+00   3.203678131104e-01  -8.020524382591e-01 
  0.000000000000e+00   3.203678131104e-01  -8.020524382591e-01  -2.188117802143e-02   2.823586463928e-01  -4.517070651054e-01   9.425565600395e-02   2.074227035046e-01  -4.264281094074e-01 
  1.181789994240e+00   3.466999903321e-02  -1.000000014901e-01   1.327090144157e+00   1.022655442357e-01  -5.965273380280e-01  -3.605616092682e-01   0.000000000000e+00  -7.746743559837e-01 
 -2.522739768028e-01   7.376593771369e-07  -8.010287880898e-01  -1.472025811672e-01   4.904329216515e-06  -6.406658291817e-01  -1.472025811672e-01   4.904329216515e-06  -6.406658291817e-01 
  0.000000000000e+00   1.496315449476e-01  -1.510737985373e-01   0.000000000000e+00   1.496315449476e-01  -1.510737985373e-01   8.138800412416e-02   3.437243029475e-02   1.309110671282e-01 
  4.238260984421e-01  -2.807026496157e-03  -3.381303548813e-01   8.976969718933e-01  -3.221123188268e-04  -3.898005187511e-01   8.787573575974e-01   5.679475143552e-02  -6.184111237526e-01 
 -2.778493165970e-01   0.000000000000e+00  -1.000000014901e-01   0.000000000000e+00   4.984234465155e-07  -1.000000014901e-01   0.000000000000e+00   1.392351464347e-06  -1.000000014901e-01 
  0.000000000000e+00   1.392351464347e-06  -1.000000014901e-01   0.000000000000e+00   0.000000000000e+00  -3.235265016556e-01   0.000000000000e+00   0.000000000000e+00  -3.235265016556e-01 
  1.345885694027e-01   5.288070067763e-03  -1.792614459991e-01   2.821247875690e-01  -3.579262411222e-04  -3.904452323914e-01   9.605702757835e-01   0.000000000000e+00  -4.150126278400e-01 
  9.605702757835e-01   0.000000000000e+00  -3.899190127850e-01   0.000000000000e+00   0.000000000000e+00  -4.678275883198e-01   1.484985351562e-01   1.486748828938e-06  -5.604894161224e-01 
  1.176513954997e-01   4.133909897064e-06  -4.651935100555e-01   1.176513954997e-01   4.133909897064e-06  -4.651935100555e-01   0.000000000000e+00   0.000000000000e+00  -3.235265016556e-01 
  0.000000000000e+00   0.000000000000e+00  -3.235265016556e-01   1.345885694027e-01   5.288070067763e-03  -1.792614459991e-01   2.821247875690e-01  -3.579262411222e-04  -3.904452323914e-01 
  9.605702757835e-01   0.000000000000e+00  -4.150126278400e-01   9.605702757835e-01   0.000000000000e+00  -3.899190127850e-01   0.000000000000e+00   0.000000000000e+00  -4.678275883198e-01 
  1.484985351562e-01   1.486748828938e-06  -5.604894161224e-01   1.176513954997e-01   4.133909897064e-06  -4.651935100555e-01   1.176513954997e-01   4.133909897064e-06  -4.651935100555e-01 
  0.000000000000e+00   5.887738242745e-02  -3.544369935989e-01   0.000000000000e+00   5.887738242745e-02  -3.544369935989e-01   1.822230033576e-02  -1.812672615051e-02  -1.234574466944e-01 
 -1.767664998770e-01   0.000000000000e+00   2.624255418777e-01  -1.122419610620e-01  -1.221537031233e-02   1.696851551533e-01  -4.979942366481e-02   4.652113711927e-04  -3.228761553764e-01 
 -2.260865643620e-03   0.000000000000e+00  -1.000000014901e-01  -2.253622980788e-03   2.269467222504e-04  -5.289779305458e-01  -1.408012234606e-03   2.641963656060e-04  -5.318174362183e-01 
 -1.408012234606e-03   2.641963656060e-04  -5.318174362183e-01   0.000000000000e+00   5.887738242745e-02  -3.544369935989e-01   0.000000000000e+00   5.887738242745e-02  -3.544369935989e-01 
  1.822230033576e-02  -1.812672615051e-02  -1.234574466944e-01  -1.767664998770e-01   0.000000000000e+00   2.624255418777e-01  -1.122419610620e-01  -1.221537031233e-02   1.696851551533e-01 
 -4.979942366481e-02   4.652113711927e-04  -3.228761553764e-01  -2.260865643620e-03   0.000000000000e+00  -1.000000014901e-01  -2.253622980788e-03   2.269467222504e-04  -5.289779305458e-01 
 -1.408012234606e-03   2.641963656060e-04  -5.318174362183e-01  -1.408012234606e-03   2.641963656060e-04  -5.318174362183e-01   0.000000000000e+00   1.016449928284e-02  -3.133996576071e-02 
  0.000000000000e+00   1.016449928284e-02  -3.133996576071e-02  -4.783170297742e-02   6.071457173675e-03   2.792819142342e-01  -1.846061646938e-01  -8.788004517555e-03   7.564910054207e-01 
  0.000000000000e+00  -1.633620820940e-02  -1.000000014901e-01   0.000000000000e+00   9.300478850491e-04  -4.536288380623e-01  -3.711116733029e-03   0.000000000000e+00  -8.072576522827e-01 
 -3.711116733029e-03   4.697732219938e-04  -8.072576522827e-01  -1.527948421426e-03   4.326027119532e-04  -5.323577523232e-01  -1.527948421426e-03   4.326027119532e-04  -5.323577523232e-01 
  0.000000000000e+00  -2.652609646320e-01  -3.330697119236e-02   0.000000000000e+00  -2.652609646320e-01  -3.330697119236e-02  -4.033016785979e-02  -3.512450680137e-02   1.227593794465e-01 
 -1.171190887690e-01  -2.983291633427e-02   4.277383685112e-01  -5.856931954622e-02  -1.091213058680e-02  -2.567053772509e-02   0.000000000000e+00   2.281992463395e-03  -1.000000014901e-01 
 -3.711116733029e-03   2.281992463395e-03  -7.836347818375e-01  -3.711116733029e-03   1.140996231697e-03  -8.072576522827e-01   0.000000000000e+00   6.920667947270e-04  -1.000000014901e-01 
  0.000000000000e+00   6.920667947270e-04  -1.000000014901e-01   0.000000000000e+00   1.007862687111e-01   1.250184178352e-01   0.000000000000e+00   1.007862687111e-01   1.250184178352e-01 
 -4.891747236252e-02   9.393499791622e-02   1.117796674371e-01  -5.936340987682e-02   5.755263194442e-02   7.179937511683e-02   1.973819285631e-01  -7.365300320089e-03  -6.603288054466e-01 
  2.083949744701e-02   2.281992463395e-03  -1.334320753813e-01  -1.855558366515e-03   2.281992463395e-03  -1.000000014901e-01  -1.855558366515e-03   1.140996115282e-03  -4.536288380623e-01 
 -7.639742107131e-04   6.920667365193e-04  -3.146900236607e-01  -7.639742107131e-04   6.920667365193e-04  -3.146900236607e-01   0.000000000000e+00   5.289825145155e-03  -6.914958953857e-01 
  0.000000000000e+00   5.289825145155e-03  -6.914958953857e-01  -2.179041318595e-02   5.539991892874e-03  -6.491135358810e-01  -4.731896333396e-03   7.552959490567e-03  -5.665096640587e-01 
  7.869938015938e-01   1.449559442699e-02  -6.502009630203e-01   1.118136525154e+00   6.335316691548e-03  -7.611346840858e-01  -1.923353224993e-01   0.000000000000e+00  -1.000000014901e-01 
 -7.303451746702e-02   4.690916102845e-04  -6.830444931984e-01  -3.355639055371e-02   4.267481854185e-04  -7.307320237160e-01  -3.355639055371e-02   4.267481854185e-04  -7.307320237160e-01 
  0.000000000000e+00   3.203678131104e-01  -8.020524382591e-01   0.000000000000e+00   3.203678131104e-01  -8.020524382591e-01  -2.188117802143e-02   2.823586463928e-01  -4.517070651054e-01 
  9.425565600395e-02   2.074227035046e-01  -4.264281094074e-01   1.181789994240e+00   3.466999903321e-02  -1.000000014901e-01   1.327090144157e+00   1.022655442357e-01  -5.965273380280e-01 
 -3.605616092682e-01   0.000000000000e+00  -7.746743559837e-01  -2.522739768028e-01   7.376593771369e-07  -8.010287880898e-01  -1.472025811672e-01   4.904329216515e-06  -6.406658291817e-01 
 -1.472025811672e-01   4.904329216515e-06  -6.406658291817e-01   0.000000000000e+00   1.496315449476e-01  -1.510737985373e-01   0.000000000000e+00   1.496315449476e-01  -1.510737985373e-01 
  8.138800412416e-02   3.437243029475e-02   1.309110671282e-01   4.238260984421e-01  -2.807026496157e-03  -3.381303548813e-01   8.976969718933e-01  -3.221123188268e-04  -3.898005187511e-01 
  8.787573575974e-01   5.679475143552e-02  -6.184111237526e-01  -2.778493165970e-01   0.000000000000e+00  -1.000000014901e-01   0.000000000000e+00   4.984234465155e-07  -1.000000014901e-01 
  0.000000000000e+00   1.392351464347e-06  -1.000000014901e-01   0.000000000000e+00   1.392351464347e-06  -1.000000014901e-01   0.000000000000e+00   0.000000000000e+00  -3.235265016556e-01 
  0.000000000000e+00   0.000000000000e+00  -3.235265016556e-01   1.345885694027e-01   5.288070067763e-03  -1.792614459991e-01   2.821247875690e-01  -3.579262411222e-04  -3.904452323914e-01 
  9.605702757835e-01   0.000000000000e+00  -4.150126278400e-01   9.605702757835e-01   0.000000000000e+00  -3.899190127850e-01   0.000000000000e+00   0.000000000000e+00  -4.678275883198e-01 
  1.484985351562e-01   1.486748828938e-06  -5.604894161224e-01   1.176513954997e-01   4.133909897064e-06  -4.651935100555e-01   1.176513954997e-01   4.133909897064e-06  -4.651935100555e-01 
  0.000000000000e+00   0.000000000000e+00  -3.235265016556e-01   0.000000000000e+00   0.000000000000e+00  -3.235265016556e-01   1.345885694027e-01   5.288070067763e-03  -1.792614459991e-01 
  2.821247875690e-01  -3.579262411222e-04  -3.904452323914e-01   9.605702757835e-01   0.000000000000e+00  -4.150126278400e-01   9.605702757835e-01   0.000000000000e+00  -3.899190127850e-01 
  0.000000000000e+00   0.000000000000e+00  -4.678275883198e-01   1.484985351562e-01   1.486748828938e-06  -5.604894161224e-01   1.176513954997e-01   4.133909897064e-06  -4.651935100555e-01 
  1.176513954997e-01   4.133909897064e-06  -4.651935100555e-01 

