# vtk DataFile Version 2.0
Written using VisIt writer
ASCII
DATASET RECTILINEAR_GRID
DIMENSIONS 10 10 10
X_COORDINATES 10 float
  0.000000000000e+00   5.000000000000e-01   1.000000000000e+00   1.500000000000e+00   2.000000000000e+00   2.500000000000e+00   3.000000000000e+00   3.500000000000e+00   4.000000000000e+00 
  4.500000000000e+00 
Y_COORDINATES 10 float
  0.000000000000e+00   5.000000000000e-01   1.000000000000e+00   1.500000000000e+00   2.000000000000e+00   2.500000000000e+00   3.000000000000e+00   3.500000000000e+00   4.000000000000e+00 
  4.500000000000e+00 
Z_COORDINATES 10 float
  0.000000000000e+00   5.000000000000e-01   1.000000000000e+00   1.500000000000e+00   2.000000000000e+00   2.500000000000e+00   3.000000000000e+00   3.500000000000e+00   4.000000000000e+00 
  4.500000000000e+00 
CELL_DATA 729
POINT_DATA 1000
VECTORS velocity float
  0.000000000000e+00  -1.592750102282e-01  -2.992592155933e-01   6.409009434272e-10   2.330132531370e-09   2.665739184948e-09   2.685248091439e-06   6.409978658972e-10   6.235323368742e-10 
 -5.927183479071e-02  -1.570392251015e-01  -3.796283304691e-01   6.700733301557e-10   8.142401683453e-13   1.357144891258e-19   6.337064206718e-10   1.724700808836e-07   6.410545982938e-10 
 -1.886967122555e-01  -1.884640902281e-01  -4.085707366467e-01   2.640485945449e-06   6.701442178958e-10   6.409694996989e-10   1.680083369138e-04   2.330132531370e-09   6.664347962371e-10 
 -7.738161087036e-02  -2.153052091599e-01  -5.036668181419e-01   0.000000000000e+00  -1.592750102282e-01  -2.992592155933e-01   6.409690556097e-10   8.142401683453e-13   1.356847106238e-19 
 -1.453196555376e-01  -1.842336654663e-01  -4.249582290649e-01  -5.927183479071e-02  -1.570392251015e-01  -3.796283304691e-01   6.409689445874e-10   6.409690556097e-10   6.409690556097e-10 
 -5.016006156802e-02  -1.517541259527e-01  -3.127406239510e-01  -1.886967122555e-01  -1.884640902281e-01  -4.085707366467e-01   1.356847106238e-19   6.336922098171e-10   6.409690556097e-10 
 -7.738161087036e-02  -2.153052091599e-01  -5.036668181419e-01  -7.738161087036e-02  -2.153052091599e-01  -5.036668181419e-01   0.000000000000e+00   4.166665300727e-02  -2.559308111668e-01 
  0.000000000000e+00   4.166665300727e-02  -2.559308111668e-01  -2.446657270193e-01   5.947783961892e-02  -3.398477733135e-01  -1.348111182451e-01  -4.981190338731e-02  -3.844390511513e-01 
 -1.437487453222e-01  -1.064957603812e-01  -4.588835537434e-01   8.360587805510e-02   3.843734785914e-02  -3.462107181549e-01   1.011787448078e-02   8.633611351252e-02  -3.344440460205e-01 
 -5.438235588372e-03   9.830468893051e-02  -3.169126808643e-01  -3.527378290892e-02   8.726610988379e-02  -3.889037072659e-01  -3.527378290892e-02   8.726610988379e-02  -3.889037072659e-01 
  0.000000000000e+00  -4.455585777760e-02  -2.548491656780e-01   0.000000000000e+00  -4.455585777760e-02  -2.548491656780e-01  -2.327769547701e-01   1.871697045863e-02  -3.237116634846e-01 
 -6.963403522968e-02   7.671059574932e-03  -3.204241394997e-01  -1.031826734543e-01  -4.433219507337e-02  -3.248281180859e-01  -7.548946887255e-02   2.234024368227e-02  -3.388443589211e-01 
 -1.438129544258e-01   1.785801909864e-02  -4.725599884987e-01   5.457408353686e-02   1.956138573587e-02  -3.376975655556e-01   2.049684897065e-02  -3.019621409476e-02  -3.639203011990e-01 
  2.049684897065e-02  -3.019621409476e-02  -3.639203011990e-01   0.000000000000e+00  -4.758802056313e-02  -2.819313108921e-01   0.000000000000e+00  -4.758802056313e-02  -2.819313108921e-01 
 -2.102868258953e-01  -8.874949067831e-02  -4.654268026352e-01   5.736017972231e-02  -3.470344468951e-02  -4.106346666813e-01  -1.357420347631e-02  -2.154547907412e-02  -3.594870269299e-01 
 -8.062712848186e-02   5.489965900779e-02  -3.328205347061e-01  -1.723081469536e-01   5.816669389606e-02  -3.848275542259e-01  -1.187254264951e-01  -5.139741674066e-02  -3.763605058193e-01 
 -1.046967506409e-01  -8.558055758476e-02  -4.991952180862e-01  -1.046967506409e-01  -8.558055758476e-02  -4.991952180862e-01   0.000000000000e+00   3.239952772856e-02  -2.388377189636e-01 
  0.000000000000e+00   3.239952772856e-02  -2.388377189636e-01  -1.638770848513e-01   9.715677797794e-02  -3.202909827232e-01  -1.688168644905e-01   7.444567978382e-02  -4.434195458889e-01 
 -1.628829985857e-01   4.778359457850e-02  -4.872410893440e-01   4.902325943112e-02   9.037171304226e-02  -3.134207129478e-01  -2.330021932721e-02   7.423556596041e-02  -3.281220197678e-01 
 -4.579291120172e-02   6.294277310371e-02  -2.891710698605e-01  -8.688037842512e-02   5.262745171785e-02  -3.126299679279e-01  -8.688037842512e-02   5.262745171785e-02  -3.126299679279e-01 
  0.000000000000e+00  -4.776366800070e-02  -2.992266714573e-01   0.000000000000e+00  -4.776366800070e-02  -2.992266714573e-01  -2.077288180590e-01   1.216385234147e-02  -3.605068922043e-01 
 -1.080585271120e-01   1.026725322008e-01  -3.682429492474e-01  -1.576995998621e-01   1.300448775291e-01  -3.600368797779e-01  -1.009124442935e-01   3.111290186644e-02  -3.790808916092e-01 
 -1.392067372799e-01  -1.015165448189e-02  -5.040760636330e-01   5.008481442928e-02  -4.239418357611e-02  -3.714033663273e-01   2.563620544970e-02  -4.325104132295e-02  -3.881751298904e-01 
  2.563620544970e-02  -4.325104132295e-02  -3.881751298904e-01   0.000000000000e+00  -1.121207401156e-01  -2.929723262787e-01   0.000000000000e+00  -1.121207401156e-01  -2.929723262787e-01 
 -2.308710366488e-01  -3.167017549276e-02  -3.711827397346e-01  -2.801521867514e-02   2.473464421928e-02  -3.092346489429e-01  -4.216656461358e-02   4.613731801510e-02  -2.943541407585e-01 
 -3.042295016348e-02   8.727366477251e-02  -3.087722361088e-01  -1.250337660313e-01   2.734428830445e-02  -3.287974596024e-01  -7.999791204929e-02  -1.344992816448e-01  -3.445245325565e-01 
 -6.157521530986e-02  -1.931241005659e-01  -4.481568038464e-01  -6.157521530986e-02  -1.931241005659e-01  -4.481568038464e-01   0.000000000000e+00   0.000000000000e+00  -2.414294928312e-01 
  0.000000000000e+00   0.000000000000e+00  -2.414294928312e-01  -2.105751335621e-01   0.000000000000e+00  -3.259518742561e-01  -1.310786604881e-01   0.000000000000e+00  -3.903503119946e-01 
 -1.192810609937e-01   0.000000000000e+00  -4.122636318207e-01   1.384418308735e-01   0.000000000000e+00  -3.667551279068e-01   5.175571516156e-02   0.000000000000e+00  -3.203057348728e-01 
  2.834536321461e-02   0.000000000000e+00  -2.862118482590e-01   8.323639631271e-02   0.000000000000e+00  -3.081876933575e-01   8.323639631271e-02   0.000000000000e+00  -3.081876933575e-01 
  0.000000000000e+00   0.000000000000e+00  -2.414294928312e-01   0.000000000000e+00   0.000000000000e+00  -2.414294928312e-01  -2.105751335621e-01   0.000000000000e+00  -3.259518742561e-01 
 -1.310786604881e-01   0.000000000000e+00  -3.903503119946e-01  -1.192810609937e-01   0.000000000000e+00  -4.122636318207e-01   1.384418308735e-01   0.000000000000e+00  -3.667551279068e-01 
  5.175571516156e-02   0.000000000000e+00  -3.203057348728e-01   2.834536321461e-02   0.000000000000e+00  -2.862118482590e-01   8.323639631271e-02   0.000000000000e+00  -3.081876933575e-01 
  8.323639631271e-02   0.000000000000e+00  -3.081876933575e-01   0.000000000000e+00  -1.592750102282e-01  -2.992592155933e-01   0.000000000000e+00  -1.592750102282e-01  -2.992592155933e-01 
 -1.453196555376e-01  -1.842336654663e-01  -4.249582290649e-01  -5.927183479071e-02  -1.570392251015e-01  -3.796283304691e-01  -7.711630314589e-02  -1.579264551401e-01  -3.226326406002e-01 
 -5.016006156802e-02  -1.517541259527e-01  -3.127406239510e-01  -1.886967122555e-01  -1.884640902281e-01  -4.085707366467e-01  -1.030420213938e-01  -1.939006894827e-01  -4.075590074062e-01 
 -7.738161087036e-02  -2.153052091599e-01  -5.036668181419e-01  -7.738161087036e-02  -2.153052091599e-01  -5.036668181419e-01   0.000000000000e+00  -1.592750102282e-01  -2.992592155933e-01 
  0.000000000000e+00  -1.592750102282e-01  -2.992592155933e-01  -1.453196555376e-01  -1.842336654663e-01  -4.249582290649e-01  -5.927183479071e-02  -1.570392251015e-01  -3.796283304691e-01 
 -7.711630314589e-02  -1.579264551401e-01  -3.226326406002e-01  -5.016006156802e-02  -1.517541259527e-01  -3.127406239510e-01  -1.886967122555e-01  -1.884640902281e-01  -4.085707366467e-01 
 -1.030420213938e-01  -1.939006894827e-01  -4.075590074062e-01  -7.738161087036e-02  -2.153052091599e-01  -5.036668181419e-01  -7.738161087036e-02  -2.153052091599e-01  -5.036668181419e-01 
  0.000000000000e+00   4.166665300727e-02  -2.559308111668e-01   0.000000000000e+00   4.166665300727e-02  -2.559308111668e-01  -2.446657270193e-01   5.947783961892e-02  -3.398477733135e-01 
 -1.348111182451e-01  -4.981190338731e-02  -3.844390511513e-01  -1.437487453222e-01  -1.064957603812e-01  -4.588835537434e-01   8.360587805510e-02   3.843734785914e-02  -3.462107181549e-01 
  1.011787448078e-02   8.633611351252e-02  -3.344440460205e-01  -5.438235588372e-03   9.830468893051e-02  -3.169126808643e-01  -3.527378290892e-02   8.726610988379e-02  -3.889037072659e-01 
 -3.527378290892e-02   8.726610988379e-02  -3.889037072659e-01   0.000000000000e+00  -4.455585777760e-02  -2.548491656780e-01   0.000000000000e+00  -4.455585777760e-02  -2.548491656780e-01 
 -2.327769547701e-01   1.871697045863e-02  -3.237116634846e-01  -6.963403522968e-02   7.671059574932e-03  -3.204241394997e-01  -1.031826734543e-01  -4.433219507337e-02  -3.248281180859e-01 
 -7.548946887255e-02   2.234024368227e-02  -3.388443589211e-01  -1.438129544258e-01   1.785801909864e-02  -4.725599884987e-01   5.457408353686e-02   1.956138573587e-02  -3.376975655556e-01 
  2.049684897065e-02  -3.019621409476e-02  -3.639203011990e-01   2.049684897065e-02  -3.019621409476e-02  -3.639203011990e-01   0.000000000000e+00  -4.758802056313e-02  -2.819313108921e-01 
  0.000000000000e+00  -4.758802056313e-02  -2.819313108921e-01  -2.102868258953e-01  -8.874949067831e-02  -4.654268026352e-01   5.736017972231e-02  -3.470344468951e-02  -4.106346666813e-01 
 -1.357420347631e-02  -2.154547907412e-02  -3.594870269299e-01  -8.062712848186e-02   5.489965900779e-02  -3.328205347061e-01  -1.723081469536e-01   5.816669389606e-02  -3.848275542259e-01 
 -1.187254264951e-01  -5.139741674066e-02  -3.763605058193e-01  -1.046967506409e-01  -8.558055758476e-02  -4.991952180862e-01  -1.046967506409e-01  -8.558055758476e-02  -4.991952180862e-01 
  0.000000000000e+00   3.239952772856e-02  -2.388377189636e-01   0.000000000000e+00   3.239952772856e-02  -2.388377189636e-01  -1.638770848513e-01   9.715677797794e-02  -3.202909827232e-01 
 -1.688168644905e-01   7.444567978382e-02  -4.434195458889e-01  -1.628829985857e-01   4.778359457850e-02  -4.872410893440e-01   4.902325943112e-02   9.037171304226e-02  -3.134207129478e-01 
 -2.330021932721e-02   7.423556596041e-02  -3.281220197678e-01  -4.579291120172e-02   6.294277310371e-02  -2.891710698605e-01  -8.688037842512e-02   5.262745171785e-02  -3.126299679279e-01 
 -8.688037842512e-02   5.262745171785e-02  -3.126299679279e-01   0.000000000000e+00  -4.776366800070e-02  -2.992266714573e-01   0.000000000000e+00  -4.776366800070e-02  -2.992266714573e-01 
 -2.077288180590e-01   1.216385234147e-02  -3.605068922043e-01  -1.080585271120e-01   1.026725322008e-01  -3.682429492474e-01  -1.576995998621e-01   1.300448775291e-01  -3.600368797779e-01 
 -1.009124442935e-01   3.111290186644e-02  -3.790808916092e-01  -1.392067372799e-01  -1.015165448189e-02  -5.040760636330e-01   5.008481442928e-02  -4.239418357611e-02  -3.714033663273e-01 
  2.563620544970e-02  -4.325104132295e-02  -3.881751298904e-01   2.563620544970e-02  -4.325104132295e-02  -3.881751298904e-01   0.000000000000e+00  -1.121207401156e-01  -2.929723262787e-01 
  0.000000000000e+00  -1.121207401156e-01  -2.929723262787e-01  -2.308710366488e-01  -3.167017549276e-02  -3.711827397346e-01  -2.801521867514e-02   2.473464421928e-02  -3.092346489429e-01 
 -4.216656461358e-02   4.613731801510e-02  -2.943541407585e-01  -3.042295016348e-02   8.727366477251e-02  -3.087722361088e-01  -1.250337660313e-01   2.734428830445e-02  -3.287974596024e-01 
 -7.999791204929e-02  -1.344992816448e-01  -3.445245325565e-01  -6.157521530986e-02  -1.931241005659e-01  -4.481568038464e-01  -6.157521530986e-02  -1.931241005659e-01  -4.481568038464e-01 
  0.000000000000e+00   0.000000000000e+00  -2.414294928312e-01   0.000000000000e+00   0.000000000000e+00  -2.414294928312e-01  -2.105751335621e-01   0.000000000000e+00  -3.259518742561e-01 
 -1.310786604881e-01   0.000000000000e+00  -3.903503119946e-01  -1.192810609937e-01   0.000000000000e+00  -4.122636318207e-01   1.384418308735e-01   0.000000000000e+00  -3.667551279068e-01 
  5.175571516156e-02   0.000000000000e+00  -3.203057348728e-01   2.834536321461e-02   0.000000000000e+00  -2.862118482590e-01   8.323639631271e-02   0.000000000000e+00  -3.081876933575e-01 
  8.323639631271e-02   0.000000000000e+00  -3.081876933575e-01   0.000000000000e+00   0.000000000000e+00  -2.414294928312e-01   0.000000000000e+00   0.000000000000e+00  -2.414294928312e-01 
 -2.105751335621e-01   0.000000000000e+00  -3.259518742561e-01  -1.310786604881e-01   0.000000000000e+00  -3.903503119946e-01  -1.192810609937e-01   0.000000000000e+00  -4.122636318207e-01 
  1.384418308735e-01   0.000000000000e+00  -3.667551279068e-01   5.175571516156e-02   0.000000000000e+00  -3.203057348728e-01   2.834536321461e-02   0.000000000000e+00  -2.862118482590e-01 
  8.323639631271e-02   0.000000000000e+00  -3.081876933575e-01   8.323639631271e-02   0.000000000000e+00  -3.081876933575e-01   0.000000000000e+00  -1.642628163099e-01  -3.794638216496e-01 
  0.000000000000e+00  -1.642628163099e-01  -3.794638216496e-01  -8.332483470440e-02  -1.935075223446e-01  -8.242622613907e-01  -1.073501259089e-01  -2.219505459070e-01  -1.259360671043e+00 
 -1.208876743913e-01  -2.286889553070e-01  -1.191537141800e+00  -2.970775961876e-02  -2.268102169037e-01  -1.220252513885e+00  -6.723840534687e-02  -2.397219091654e-01  -1.201465368271e+00 
 -3.066493943334e-02  -2.407528012991e-01  -1.191597938538e+00   2.724469639361e-02  -2.387824654579e-01  -1.119608163834e+00   2.724469639361e-02  -2.387824654579e-01  -1.119608163834e+00 
  0.000000000000e+00  -1.642628163099e-01  -3.794638216496e-01   0.000000000000e+00  -1.642628163099e-01  -3.794638216496e-01  -8.332483470440e-02  -1.935075223446e-01  -8.242622613907e-01 
 -1.073501259089e-01  -2.219505459070e-01  -1.259360671043e+00  -1.208876743913e-01  -2.286889553070e-01  -1.191537141800e+00  -2.970775961876e-02  -2.268102169037e-01  -1.220252513885e+00 
 -6.723840534687e-02  -2.397219091654e-01  -1.201465368271e+00  -3.066493943334e-02  -2.407528012991e-01  -1.191597938538e+00   2.724469639361e-02  -2.387824654579e-01  -1.119608163834e+00 
  2.724469639361e-02  -2.387824654579e-01  -1.119608163834e+00   0.000000000000e+00  -8.774486370385e-03  -3.260019123554e-01   0.000000000000e+00  -8.774486370385e-03  -3.260019123554e-01 
 -8.160918951035e-02  -5.345889925957e-02  -7.086799740791e-01  -1.134253665805e-01  -4.594394937158e-02  -1.195954561234e+00  -1.250532418489e-01  -4.801381006837e-02  -1.099032759666e+00 
 -4.542752727866e-02  -5.686628818512e-02  -1.215502977371e+00  -4.309362173080e-02  -4.830041155219e-02  -1.197120666504e+00  -2.685950323939e-02  -4.387263208628e-02  -1.214983344078e+00 
  4.035059362650e-02  -3.716387972236e-02  -1.200311183929e+00   4.035059362650e-02  -3.716387972236e-02  -1.200311183929e+00   0.000000000000e+00   5.650117993355e-02  -3.490204215050e-01 
  0.000000000000e+00   5.650117993355e-02  -3.490204215050e-01  -2.400913089514e-02   1.546908766031e-01  -6.512848734856e-01  -1.153192818165e-01   1.264110654593e-01  -1.259226083755e+00 
 -1.208420991898e-01   1.147801652551e-01  -1.203668594360e+00  -1.828046888113e-02   1.170239001513e-01  -1.215733885765e+00  -4.326709359884e-02   1.167507693172e-01  -1.115547657013e+00 
 -2.319545485079e-02   1.243705227971e-01  -1.199334740639e+00   4.095004871488e-02   1.283248811960e-01  -1.194849371910e+00   4.095004871488e-02   1.283248811960e-01  -1.194849371910e+00 
  0.000000000000e+00  -4.743766970932e-03  -2.821879684925e-01   0.000000000000e+00  -4.743766970932e-03  -2.821879684925e-01  -6.654170155525e-02  -3.288790583611e-02  -6.491448879242e-01 
 -1.001689955592e-01  -2.047440037131e-02  -1.227808117867e+00  -1.193523108959e-01  -1.144559774548e-02  -1.155928373337e+00  -2.265329658985e-02  -6.167953251861e-04  -1.184009075165e+00 
 -4.716205224395e-02   1.883137272671e-03  -1.166118025780e+00  -1.822421886027e-02   2.718350384384e-03  -1.155827641487e+00   3.167653083801e-02  -5.653741769493e-03  -1.099341869354e+00 
  3.167653083801e-02  -5.653741769493e-03  -1.099341869354e+00   0.000000000000e+00  -6.968554225750e-04  -3.484642803669e-01   0.000000000000e+00  -6.968554225750e-04  -3.484642803669e-01 
 -4.644790664315e-02  -3.557176887989e-02  -6.377353072166e-01  -9.539590775967e-02  -4.766691848636e-02  -1.171495437622e+00  -1.085447296500e-01  -5.056884512305e-02  -1.064680099487e+00 
  1.741298183333e-04  -3.616678714752e-02  -1.195791959763e+00  -4.663944989443e-02  -3.399613127112e-02  -1.180518746376e+00  -2.426494285464e-02  -3.171012923121e-02  -1.209154009819e+00 
  5.457944422960e-02  -2.626339904964e-02  -1.186252951622e+00   5.457944422960e-02  -2.626339904964e-02  -1.186252951622e+00   0.000000000000e+00   1.567282713950e-02  -3.735256195068e-01 
  0.000000000000e+00   1.567282713950e-02  -3.735256195068e-01  -4.708456993103e-02   3.900181874633e-02  -7.485795617104e-01  -9.064281731844e-02   4.595410823822e-02  -1.272409200668e+00 
 -9.866324067116e-02   6.519354879856e-02  -1.163871765137e+00  -2.198668196797e-03   7.780693471432e-02  -1.103708863258e+00  -4.990936443210e-02   8.492924273014e-02  -1.104651689529e+00 
 -2.978728152812e-02   8.567597717047e-02  -1.164798021317e+00   4.471262171865e-02   8.855492621660e-02  -1.165305376053e+00   4.471262171865e-02   8.855492621660e-02  -1.165305376053e+00 
  0.000000000000e+00  -8.252393454313e-02  -2.693347334862e-01   0.000000000000e+00  -8.252393454313e-02  -2.693347334862e-01  -7.437905669212e-02  -1.067266836762e-01  -6.174775958061e-01 
 -8.532271534204e-02  -1.025525480509e-01  -1.229562163353e+00  -8.954029530287e-02  -8.419539034367e-02  -1.136286973953e+00   1.907845959067e-02  -7.209569960833e-02  -1.191766977310e+00 
 -4.283234849572e-02  -7.300844043493e-02  -1.163133740425e+00  -1.281173154712e-02  -6.425786018372e-02  -1.122048377991e+00   2.154010348022e-02  -7.558497786522e-02  -9.829136729240e-01 
  2.154010348022e-02  -7.558497786522e-02  -9.829136729240e-01   0.000000000000e+00   0.000000000000e+00  -3.775111734867e-01   0.000000000000e+00   0.000000000000e+00  -3.775111734867e-01 
 -8.266940712929e-02   0.000000000000e+00  -7.218557000160e-01  -1.035866364837e-01   0.000000000000e+00  -1.212982654572e+00  -8.836951851845e-02   0.000000000000e+00  -1.071053981781e+00 
  1.416617445648e-02   0.000000000000e+00  -1.188457727432e+00  -4.264945909381e-02   0.000000000000e+00  -1.193160653114e+00  -1.135178096592e-02   0.000000000000e+00  -1.204833626747e+00 
  2.924938313663e-02   0.000000000000e+00  -1.190634608269e+00   2.924938313663e-02   0.000000000000e+00  -1.190634608269e+00   0.000000000000e+00   0.000000000000e+00  -3.775111734867e-01 
  0.000000000000e+00   0.000000000000e+00  -3.775111734867e-01  -8.266940712929e-02   0.000000000000e+00  -7.218557000160e-01  -1.035866364837e-01   0.000000000000e+00  -1.212982654572e+00 
 -8.836951851845e-02   0.000000000000e+00  -1.071053981781e+00   1.416617445648e-02   0.000000000000e+00  -1.188457727432e+00  -4.264945909381e-02   0.000000000000e+00  -1.193160653114e+00 
 -1.135178096592e-02   0.000000000000e+00  -1.204833626747e+00   2.924938313663e-02   0.000000000000e+00  -1.190634608269e+00   2.924938313663e-02   0.000000000000e+00  -1.190634608269e+00 
  0.000000000000e+00  -8.826048672199e-02  -2.290667444468e-01   0.000000000000e+00  -8.826048672199e-02  -2.290667444468e-01   1.949233189225e-02  -9.468838572502e-02  -6.185153126717e-01 
 -6.315854936838e-02  -1.102130636573e-01  -1.038515329361e+00  -1.149230375886e-01  -1.144044101238e-01  -9.758278727531e-01  -2.997831813991e-02  -1.097437739372e-01  -1.005953907967e+00 
 -5.804293975234e-02  -1.163131445646e-01  -1.004383087158e+00  -2.614933624864e-02  -1.147330701351e-01  -9.853415489197e-01   9.897271171212e-03  -1.155752539635e-01  -9.937378168106e-01 
  9.897271171212e-03  -1.155752539635e-01  -9.937378168106e-01   0.000000000000e+00  -8.826048672199e-02  -2.290667444468e-01   0.000000000000e+00  -8.826048672199e-02  -2.290667444468e-01 
  1.949233189225e-02  -9.468838572502e-02  -6.185153126717e-01  -6.315854936838e-02  -1.102130636573e-01  -1.038515329361e+00  -1.149230375886e-01  -1.144044101238e-01  -9.758278727531e-01 
 -2.997831813991e-02  -1.097437739372e-01  -1.005953907967e+00  -5.804293975234e-02  -1.163131445646e-01  -1.004383087158e+00  -2.614933624864e-02  -1.147330701351e-01  -9.853415489197e-01 
  9.897271171212e-03  -1.155752539635e-01  -9.937378168106e-01   9.897271171212e-03  -1.155752539635e-01  -9.937378168106e-01   0.000000000000e+00  -2.612810954452e-02  -2.781197428703e-01 
  0.000000000000e+00  -2.612810954452e-02  -2.781197428703e-01   7.729439530522e-03  -5.189254507422e-02  -7.073954343796e-01  -6.591536104679e-02  -3.050095774233e-02  -1.047883749008e+00 
 -1.140256151557e-01  -4.925971105695e-02  -9.577582478523e-01  -6.214125081897e-02  -6.184402108192e-02  -1.012487769127e+00  -3.676273673773e-02  -6.919393688440e-02  -1.025089263916e+00 
 -2.400840073824e-02  -6.628917157650e-02  -1.018480062485e+00   3.404988721013e-02  -3.777941688895e-02  -1.025977134705e+00   3.404988721013e-02  -3.777941688895e-02  -1.025977134705e+00 
  0.000000000000e+00   7.371313124895e-02  -3.046961128712e-01   0.000000000000e+00   7.371313124895e-02  -3.046961128712e-01  -6.212246604264e-03   9.220281243324e-02  -6.112312674522e-01 
 -2.524351142347e-02   8.625629544258e-02  -1.036807417870e+00  -9.379863739014e-02   7.386936992407e-02  -1.003002166748e+00  -3.782143071294e-02   1.085254922509e-01  -1.012422084808e+00 
 -3.735899925232e-02   1.055271774530e-01  -1.018624663353e+00  -2.537775784731e-02   1.195571422577e-01  -1.021428585052e+00   3.592151403427e-02   1.176552549005e-01  -9.160924553871e-01 
  3.592151403427e-02   1.176552549005e-01  -9.160924553871e-01   0.000000000000e+00   1.140485331416e-02  -3.070030212402e-01   0.000000000000e+00   1.140485331416e-02  -3.070030212402e-01 
  1.957031898201e-03  -4.109879210591e-02  -6.792403459549e-01  -3.468661382794e-02  -2.627004124224e-02  -1.014333724976e+00  -9.887807071209e-02  -8.145905099809e-03  -9.578415155411e-01 
 -3.277439251542e-02   7.247541099787e-03  -9.761008620262e-01  -3.966080024838e-02   1.332033798099e-02  -9.517709612846e-01  -2.780002541840e-02   1.520904712379e-02  -9.500892758369e-01 
  9.954410605133e-03  -2.456919848919e-02  -9.332634806633e-01   9.954410605133e-03  -2.456919848919e-02  -9.332634806633e-01   0.000000000000e+00   1.344692613930e-02  -2.575323879719e-01 
  0.000000000000e+00   1.344692613930e-02  -2.575323879719e-01   5.085802823305e-02  -1.711211912334e-02  -6.760516762733e-01  -6.043488532305e-02  -5.093446001410e-02  -1.050811767578e+00 
 -8.833865821362e-02  -4.433362558484e-02  -8.769451379776e-01  -8.566529722884e-04  -1.920359022915e-02  -9.733746051788e-01  -5.048837512732e-02  -2.124902047217e-02  -9.233906269073e-01 
 -4.015527665615e-02  -1.364772487432e-02  -9.831730723381e-01   4.172469675541e-02  -9.068476036191e-03  -9.743444323540e-01   4.172469675541e-02  -9.068476036191e-03  -9.743444323540e-01 
  0.000000000000e+00   1.295237056911e-02  -2.395910322666e-01   0.000000000000e+00   1.295237056911e-02  -2.395910322666e-01   5.242155864835e-03   3.855331614614e-02  -6.756681799889e-01 
 -5.105291306973e-02   7.763151079416e-02  -1.051571011543e+00  -9.075694531202e-02   8.307237923145e-02  -1.010366320610e+00  -1.500564254820e-02   8.487778156996e-02  -1.001285910606e+00 
 -5.640057474375e-02   8.898549526930e-02  -9.521972537041e-01  -4.714698716998e-02   6.889724731445e-02  -1.023050546646e+00   4.861387610435e-02   6.626134365797e-02  -1.008791923523e+00 
  4.861387610435e-02   6.626134365797e-02  -1.008791923523e+00   0.000000000000e+00  -8.487822860479e-02  -2.791328430176e-01   0.000000000000e+00  -8.487822860479e-02  -2.791328430176e-01 
  7.181319873780e-03  -9.786182641983e-02  -6.186921596527e-01  -3.907269239426e-02  -9.494344890118e-02  -1.031405091286e+00  -6.460026651621e-02  -8.059621602297e-02  -1.007136106491e+00 
  1.422732416540e-02  -4.893732443452e-02  -1.003333210945e+00  -3.873245790601e-02  -4.508401453495e-02  -9.761185050011e-01  -2.894578129053e-02  -4.494290798903e-02  -9.846946001053e-01 
  5.220416001976e-03  -6.779922544956e-02  -9.396091699600e-01   5.220416001976e-03  -6.779922544956e-02  -9.396091699600e-01   0.000000000000e+00   0.000000000000e+00  -3.428983092308e-01 
  0.000000000000e+00   0.000000000000e+00  -3.428983092308e-01   4.471751302481e-02   0.000000000000e+00  -6.357825398445e-01  -7.858937978745e-02   0.000000000000e+00  -1.091170072556e+00 
 -5.429508164525e-02   0.000000000000e+00  -9.020783305168e-01   1.707489043474e-02   0.000000000000e+00  -1.031347155571e+00  -1.630345731974e-02   0.000000000000e+00  -9.992161393166e-01 
 -2.894230931997e-02   0.000000000000e+00  -1.038503885269e+00   1.521399058402e-02   0.000000000000e+00  -1.028787255287e+00   1.521399058402e-02   0.000000000000e+00  -1.028787255287e+00 
  0.000000000000e+00   0.000000000000e+00  -3.428983092308e-01   0.000000000000e+00   0.000000000000e+00  -3.428983092308e-01   4.471751302481e-02   0.000000000000e+00  -6.357825398445e-01 
 -7.858937978745e-02   0.000000000000e+00  -1.091170072556e+00  -5.429508164525e-02   0.000000000000e+00  -9.020783305168e-01   1.707489043474e-02   0.000000000000e+00  -1.031347155571e+00 
 -1.630345731974e-02   0.000000000000e+00  -9.992161393166e-01  -2.894230931997e-02   0.000000000000e+00  -1.038503885269e+00   1.521399058402e-02   0.000000000000e+00  -1.028787255287e+00 
  1.521399058402e-02   0.000000000000e+00  -1.028787255287e+00   0.000000000000e+00  -2.262729965150e-02  -2.752287387848e-01   0.000000000000e+00  -2.262729965150e-02  -2.752287387848e-01 
  4.959128424525e-02  -6.653196178377e-04  -5.987194180489e-01  -3.651734068990e-02  -9.319963864982e-03  -1.070577740669e+00  -1.106854230165e-01  -2.176499366760e-02  -1.041642427444e+00 
 -2.708296105266e-02  -3.181137517095e-02  -1.081489562988e+00  -4.187740758061e-02   0.000000000000e+00  -1.094157934189e+00  -1.598110608757e-02  -3.118814527988e-02  -1.066341519356e+00 
  9.779819287360e-03  -1.883059367537e-02  -1.060504078865e+00   9.779819287360e-03  -1.883059367537e-02  -1.060504078865e+00   0.000000000000e+00  -2.262729965150e-02  -2.752287387848e-01 
  0.000000000000e+00  -2.262729965150e-02  -2.752287387848e-01   4.959128424525e-02  -6.653196178377e-04  -5.987194180489e-01  -3.651734068990e-02  -9.319963864982e-03  -1.070577740669e+00 
 -1.106854230165e-01  -2.176499366760e-02  -1.041642427444e+00  -2.708296105266e-02  -3.181137517095e-02  -1.081489562988e+00  -4.187740758061e-02   0.000000000000e+00  -1.094157934189e+00 
 -1.598110608757e-02  -3.118814527988e-02  -1.066341519356e+00   9.779819287360e-03  -1.883059367537e-02  -1.060504078865e+00   9.779819287360e-03  -1.883059367537e-02  -1.060504078865e+00 
  0.000000000000e+00   3.806897625327e-02  -2.847779393196e-01   0.000000000000e+00   3.806897625327e-02  -2.847779393196e-01   2.796095050871e-02  -6.911785341799e-03  -5.238889455795e-01 
 -4.347827658057e-02  -2.549806237221e-02  -1.054313182831e+00   0.000000000000e+00  -5.052223801613e-02  -1.007020831108e+00   0.000000000000e+00  -8.116773515940e-02  -1.098827362061e+00 
 -2.653587609529e-02  -1.582542359829e-01  -8.383120298386e-01   1.017725933343e-02  -8.133690804243e-02  -9.542204141617e-01   1.877895183861e-02  -3.956358879805e-02  -1.139054417610e+00 
  1.877895183861e-02  -3.956358879805e-02  -1.139054417610e+00   0.000000000000e+00   7.614168524742e-02  -2.423676401377e-01   0.000000000000e+00   7.614168524742e-02  -2.423676401377e-01 
  6.083043292165e-02   8.417224884033e-02  -4.523082971573e-01  -1.797478832304e-02   8.375714719296e-02  -9.911086559296e-01  -9.262049943209e-02   6.094611436129e-02  -1.155488967896e+00 
 -3.423149883747e-02   5.372270941734e-03  -1.169243693352e+00  -4.268230870366e-02  -1.199901476502e-01  -9.534103870392e-01  -7.311097532511e-02  -2.529194392264e-02  -1.008242964745e+00 
 -2.789281075820e-03   5.116359516978e-02  -8.329996466637e-01  -2.789281075820e-03   5.116359516978e-02  -8.329996466637e-01   0.000000000000e+00   1.982458680868e-02  -2.133262604475e-01 
  0.000000000000e+00   1.982458680868e-02  -2.133262604475e-01   4.047746956348e-02  -1.063710264862e-02  -4.380769133568e-01  -1.247041746974e-01  -2.485189959407e-02  -8.136796951294e-01 
 -1.119834035635e-01  -8.977304212749e-03  -7.011705040932e-01  -3.290513530374e-02   9.541811887175e-04  -1.048017740250e+00  -3.966160491109e-02  -2.954330109060e-02  -1.092929601669e+00 
 -3.958783671260e-02  -3.288096189499e-02  -1.020918846130e+00  -1.225372892804e-03  -1.547546591610e-02  -9.456241726875e-01  -1.225372892804e-03  -1.547546591610e-02  -9.456241726875e-01 
  0.000000000000e+00   5.866977944970e-02  -1.069470867515e-01   0.000000000000e+00   5.866977944970e-02  -1.069470867515e-01   1.074961572886e-01  -2.040667831898e-02  -9.920586645603e-02 
 -3.047392964363e-01  -2.699579857290e-02  -6.603095531464e-01  -1.285573542118e-01  -2.684726379812e-02  -1.743485182524e-01  -3.156145336106e-03  -1.595445536077e-02  -8.613237142563e-01 
 -4.555350542068e-02  -8.451100438833e-03  -9.800722599030e-01  -7.405462116003e-02   4.742766544223e-02  -1.012950539589e+00  -1.517425104976e-02   2.967099193484e-03  -1.026504158974e+00 
 -1.517425104976e-02   2.967099193484e-03  -1.026504158974e+00   0.000000000000e+00  -2.911088755354e-03  -1.260916590691e-01   0.000000000000e+00  -2.911088755354e-03  -1.260916590691e-01 
  5.814760923386e-02   1.925759576261e-02  -3.885046541691e-01  -1.356150358915e-01  -1.933384500444e-02  -6.052640080452e-01  -1.092890799046e-01   3.465206548572e-02  -9.504172801971e-01 
 -1.572054065764e-02   8.395064622164e-02  -1.104635000229e+00   0.000000000000e+00   7.759782671928e-02  -1.004938960075e+00  -1.628186553717e-01   8.030909299850e-02  -1.010041832924e+00 
 -9.564655274153e-02   5.266778171062e-02  -9.498540759087e-01  -9.564655274153e-02   5.266778171062e-02  -9.498540759087e-01   0.000000000000e+00  -6.510128080845e-02  -1.564384847879e-01 
  0.000000000000e+00  -6.510128080845e-02  -1.564384847879e-01   5.058286711574e-02  -8.148155361414e-02  -4.577375352383e-01  -3.079581446946e-02  -7.847534120083e-02  -1.021242976189e+00 
 -6.857322901487e-02  -7.498612999916e-02  -9.919905662537e-01   1.297414768487e-02  -3.387043625116e-02  -1.074026584625e+00  -3.688468039036e-02   3.231845423579e-02  -1.056622147560e+00 
 -7.038964331150e-02   1.342659443617e-01  -9.337145090103e-01  -5.444603040814e-02  -9.282225742936e-03  -2.940748035908e-01  -5.444603040814e-02  -9.282225742936e-03  -2.940748035908e-01 
  0.000000000000e+00   0.000000000000e+00  -5.325373634696e-02   0.000000000000e+00   0.000000000000e+00  -5.325373634696e-02   1.536048203707e-02   0.000000000000e+00  -3.577668964863e-01 
 -5.613663047552e-02  -1.467994530685e-03  -9.188014864922e-01  -5.453081429005e-02  -1.779864978744e-04  -4.356068000197e-02   1.702360995114e-02   1.767086796463e-04  -6.576832532883e-01 
 -1.720550470054e-02   7.179678883404e-03  -9.556387662888e-01  -3.485286235809e-02   3.079868480563e-02  -1.109721422195e+00  -1.208225451410e-02   0.000000000000e+00  -3.420146405697e-01 
 -1.208225451410e-02   0.000000000000e+00  -3.420146405697e-01   0.000000000000e+00   0.000000000000e+00  -5.325373634696e-02   0.000000000000e+00   0.000000000000e+00  -5.325373634696e-02 
  1.536048203707e-02   0.000000000000e+00  -3.577668964863e-01  -5.613663047552e-02  -1.467994530685e-03  -9.188014864922e-01  -5.453081429005e-02  -1.779864978744e-04  -4.356068000197e-02 
  1.702360995114e-02   1.767086796463e-04  -6.576832532883e-01  -1.720550470054e-02   7.179678883404e-03  -9.556387662888e-01  -3.485286235809e-02   3.079868480563e-02  -1.109721422195e+00 
 -1.208225451410e-02   0.000000000000e+00  -3.420146405697e-01  -1.208225451410e-02   0.000000000000e+00  -3.420146405697e-01   0.000000000000e+00   2.759555540979e-02  -1.978882104158e-01 
  0.000000000000e+00   2.759555540979e-02  -1.978882104158e-01   6.391459703445e-02   4.878486692905e-02  -6.836919784546e-01   1.461050380021e-02   5.180522054434e-02  -1.000000014901e-01 
  0.000000000000e+00  -3.168318793178e-02  -9.973750710487e-01  -2.315139770508e-02  -3.315667435527e-02  -7.155941724777e-01  -2.484443597496e-02   0.000000000000e+00  -1.000000014901e-01 
 -1.054066885263e-02  -3.078818880022e-02  -7.349566221237e-01   7.755244150758e-03  -2.471521310508e-02  -1.005309224129e+00   7.755244150758e-03  -2.471521310508e-02  -1.005309224129e+00 
  0.000000000000e+00   2.759555540979e-02  -1.978882104158e-01   0.000000000000e+00   2.759555540979e-02  -1.978882104158e-01   6.391459703445e-02   4.878486692905e-02  -6.836919784546e-01 
  1.461050380021e-02   5.180522054434e-02  -1.000000014901e-01   0.000000000000e+00  -3.168318793178e-02  -9.973750710487e-01  -2.315139770508e-02  -3.315667435527e-02  -7.155941724777e-01 
 -2.484443597496e-02   0.000000000000e+00  -1.000000014901e-01  -1.054066885263e-02  -3.078818880022e-02  -7.349566221237e-01   7.755244150758e-03  -2.471521310508e-02  -1.005309224129e+00 
  7.755244150758e-03  -2.471521310508e-02  -1.005309224129e+00   0.000000000000e+00   1.043525338173e-01   2.244509607553e-01   0.000000000000e+00   1.043525338173e-01   2.244509607553e-01 
 -3.271639347076e-02   7.578905671835e-02  -1.603131368756e-02  -1.941656135023e-02   6.575602293015e-02  -6.235437393188e-01  -6.642683409154e-03  -4.896592348814e-02  -1.000000014901e-01 
  0.000000000000e+00  -4.993696510792e-02  -1.000000014901e-01   0.000000000000e+00   0.000000000000e+00   5.069574117661e-01   7.068634498864e-03  -4.839189723134e-02  -3.411394655704e-01 
  1.193219050765e-02  -3.392194956541e-02  -8.363235592842e-01   1.193219050765e-02  -3.392194956541e-02  -8.363235592842e-01   0.000000000000e+00   1.025112122297e-01   3.782722651958e-01 
  0.000000000000e+00   1.025112122297e-01   3.782722651958e-01   2.740806154907e-02   8.276887238026e-02   1.800668239594e-01   4.735470749438e-03   9.042697399855e-02  -4.851518571377e-01 
 -6.716978549957e-02   3.872710093856e-02  -1.065779447556e+00  -3.022979758680e-02  -2.986220642924e-02  -7.960917353630e-01  -3.587149828672e-02  -8.333938568830e-02  -3.407692313194e-01 
 -5.077936872840e-02  -1.756656914949e-02  -1.569600254297e-01   0.000000000000e+00   2.184653095901e-02  -4.718240201473e-01   0.000000000000e+00   2.184653095901e-02  -4.718240201473e-01 
  0.000000000000e+00  -3.353687003255e-02   1.813465356827e-01   0.000000000000e+00  -3.353687003255e-02   1.813465356827e-01   2.420969679952e-02  -2.867650799453e-02   3.499587997794e-02 
 -4.180587455630e-02  -2.495365776122e-02  -2.461223602295e-01  -6.868202984333e-02  -9.833468124270e-03  -4.181687831879e-01  -3.231713175774e-02  -1.056907605380e-02  -9.836535453796e-01 
 -3.938904777169e-02  -3.697798028588e-02  -8.087869882584e-01  -3.787136450410e-02   0.000000000000e+00  -4.718240201473e-01  -1.111571304500e-02  -4.315160680562e-03  -8.331840038300e-01 
 -1.111571304500e-02  -4.315160680562e-03  -8.331840038300e-01   0.000000000000e+00   3.496886044741e-02   5.151512566954e-03   0.000000000000e+00   3.496886044741e-02   5.151512566954e-03 
  1.652257330716e-02   3.197015449405e-02   1.635215282440e-01   0.000000000000e+00  -1.414564345032e-02   3.654200732708e-01   0.000000000000e+00  -1.652394048870e-02   3.463501036167e-01 
  0.000000000000e+00  -9.704432450235e-03  -1.000000014901e-01  -3.949455916882e-02  -7.659789640456e-03  -6.519848108292e-01  -4.674364626408e-02   0.000000000000e+00  -1.000000014901e-01 
 -3.350304439664e-02   3.239781362936e-03  -7.103618383408e-01  -3.350304439664e-02   3.239781362936e-03  -7.103618383408e-01   0.000000000000e+00  -1.417842321098e-02  -1.134175136685e-01 
  0.000000000000e+00  -1.417842321098e-02  -1.134175136685e-01   5.434678494930e-02  -7.416125386953e-03  -1.784184128046e-01  -3.424156829715e-02  -1.589349843562e-02  -1.802045553923e-01 
 -6.545548141003e-02   1.115875877440e-02  -5.565312504768e-01  -1.702453941107e-02   7.830069959164e-02  -8.561894297600e-01   0.000000000000e+00   5.248963087797e-02  -1.000000014901e-01 
  0.000000000000e+00   0.000000000000e+00  -7.802924606949e-03  -6.643149256706e-02   2.684221789241e-02  -3.375557959080e-01  -6.643149256706e-02   2.684221789241e-02  -3.375557959080e-01 
  0.000000000000e+00  -4.122324287891e-02   1.413496304303e-02   0.000000000000e+00  -4.122324287891e-02   1.413496304303e-02   3.124058945104e-03  -4.973082616925e-02  -9.736476093531e-02 
 -1.272110920399e-02  -5.921348184347e-02  -5.826315879822e-01  -5.523546040058e-02  -6.369931250811e-02  -9.015592336655e-01   8.271809667349e-03  -9.307285770774e-03  -1.025455832481e+00 
 -3.417937085032e-02   5.367207899690e-02  -7.264472842216e-01  -5.165247619152e-02   9.325467050076e-02  -3.301787674427e-01  -5.397209897637e-02  -6.446987856179e-03   3.636499345303e-01 
 -5.397209897637e-02  -6.446987856179e-03   3.636499345303e-01   0.000000000000e+00   0.000000000000e+00   3.150535374880e-02   0.000000000000e+00   0.000000000000e+00   3.150535374880e-02 
  1.319043920375e-03   0.000000000000e+00  -6.047658994794e-02  -2.190687507391e-02  -1.759814447723e-03  -5.707904696465e-01  -4.636033624411e-02  -1.250210334547e-03  -1.241542026401e-01 
  1.436697971076e-02   1.832741545513e-03  -6.670145988464e-01  -1.924344338477e-02   1.958862133324e-02  -9.127874970436e-01  -3.732061386108e-02   4.015612974763e-02  -7.580415010452e-01 
 -2.678374759853e-02   0.000000000000e+00  -1.000000014901e-01  -2.678374759853e-02   0.000000000000e+00  -1.000000014901e-01   0.000000000000e+00   0.000000000000e+00   3.150535374880e-02 
  0.000000000000e+00   0.000000000000e+00   3.150535374880e-02   1.319043920375e-03   0.000000000000e+00  -6.047658994794e-02  -2.190687507391e-02  -1.759814447723e-03  -5.707904696465e-01 
 -4.636033624411e-02  -1.250210334547e-03  -1.241542026401e-01   1.436697971076e-02   1.832741545513e-03  -6.670145988464e-01  -1.924344338477e-02   1.958862133324e-02  -9.127874970436e-01 
 -3.732061386108e-02   4.015612974763e-02  -7.580415010452e-01  -2.678374759853e-02   0.000000000000e+00  -1.000000014901e-01  -2.678374759853e-02   0.000000000000e+00  -1.000000014901e-01 
  0.000000000000e+00  -4.863614682108e-03  -2.139108031988e-01   0.000000000000e+00  -4.863614682108e-03  -2.139108031988e-01   3.682404756546e-02   5.543787032366e-02  -5.581268072128e-01 
  6.622022017837e-03   4.712629690766e-02   4.688145816326e-01   0.000000000000e+00   3.767152130604e-02  -1.000000014901e-01   0.000000000000e+00  -3.176119551063e-02  -4.805040955544e-01 
 -1.671828702092e-02   0.000000000000e+00  -1.000000014901e-01  -7.287908811122e-03  -2.459250949323e-02  -5.036880970001e-01   5.509900860488e-03  -2.444431744516e-02  -8.671126961708e-01 
  5.509900860488e-03  -2.444431744516e-02  -8.671126961708e-01   0.000000000000e+00  -4.863614682108e-03  -2.139108031988e-01   0.000000000000e+00  -4.863614682108e-03  -2.139108031988e-01 
  3.682404756546e-02   5.543787032366e-02  -5.581268072128e-01   6.622022017837e-03   4.712629690766e-02   4.688145816326e-01   0.000000000000e+00   3.767152130604e-02  -1.000000014901e-01 
  0.000000000000e+00  -3.176119551063e-02  -4.805040955544e-01  -1.671828702092e-02   0.000000000000e+00  -1.000000014901e-01  -7.287908811122e-03  -2.459250949323e-02  -5.036880970001e-01 
  5.509900860488e-03  -2.444431744516e-02  -8.671126961708e-01   5.509900860488e-03  -2.444431744516e-02  -8.671126961708e-01   0.000000000000e+00  -5.729183182120e-02  -4.746823385358e-02 
  0.000000000000e+00  -5.729183182120e-02  -4.746823385358e-02   5.235522240400e-02   3.930507227778e-02  -2.474268823862e-01   0.000000000000e+00   4.712629690766e-02  -3.407515212893e-02 
 -8.004659321159e-04   2.814050391316e-02  -1.000000014901e-01  -7.876822201069e-05  -3.691350296140e-02  -1.000000014901e-01   0.000000000000e+00   0.000000000000e+00  -1.000000014901e-01 
  5.357360467315e-03  -3.116816468537e-02  -2.354175299406e-01   8.197934366763e-03  -2.668453752995e-02  -5.626102685928e-01   8.197934366763e-03  -2.668453752995e-02  -5.626102685928e-01 
  0.000000000000e+00   7.257640361786e-02  -2.532776892185e-01   0.000000000000e+00   7.257640361786e-02  -2.532776892185e-01   4.536724835634e-02  -7.587593048811e-02  -2.524492740631e-01 
  3.198794275522e-02  -3.559172153473e-02  -2.957697808743e-01  -5.934270564467e-03   1.206301990896e-02  -9.609955549240e-01  -2.141506969929e-02  -3.984469920397e-02  -5.391713380814e-01 
 -3.017606027424e-02  -6.316342204809e-02  -2.352096140385e-01  -3.848598524928e-02  -1.331380661577e-02  -1.000000014901e-01   0.000000000000e+00   8.907877840102e-03  -1.000000014901e-01 
  0.000000000000e+00   8.907877840102e-03  -1.000000014901e-01   0.000000000000e+00   2.429079078138e-02  -2.198418825865e-01   0.000000000000e+00   2.429079078138e-02  -2.198418825865e-01 
  6.106440350413e-02   2.023721858859e-02  -2.122211009264e-01   3.679815307260e-02   7.920392788947e-03  -1.976917833090e-01  -1.055942848325e-02  -3.273240057752e-03  -2.879651486874e-01 
 -2.284194901586e-02  -2.020857296884e-02  -8.558948636055e-01  -3.832208365202e-02  -3.691196069121e-02  -5.465508103371e-01  -3.379385545850e-02   0.000000000000e+00  -1.000000014901e-01 
 -1.739805378020e-02  -7.291007204913e-04  -6.413885951042e-01  -1.739805378020e-02  -7.291007204913e-04  -6.413885951042e-01   0.000000000000e+00   5.706587061286e-02  -4.215442389250e-02 
  0.000000000000e+00   5.706587061286e-02  -4.215442389250e-02   4.152295365930e-02   5.623929947615e-02  -4.145182669163e-02   0.000000000000e+00   2.315226942301e-02  -1.000000014901e-01 
  0.000000000000e+00   1.949460711330e-03  -1.000000014901e-01   0.000000000000e+00  -2.655692864209e-03  -1.000000014901e-01  -3.429667279124e-02  -7.368663325906e-03  -4.296172857285e-01 
 -3.402910381556e-02   0.000000000000e+00  -1.000000014901e-01  -3.828438743949e-02   3.050504950806e-03  -4.888774454594e-01  -3.828438743949e-02   3.050504950806e-03  -4.888774454594e-01 
  0.000000000000e+00  -4.816981032491e-03   1.989478021860e-01   0.000000000000e+00  -4.816981032491e-03   1.989478021860e-01   1.982979662716e-02  -4.901297856122e-03   1.865028589964e-01 
  7.954939268529e-03  -5.725719965994e-03   1.306085754186e-02  -2.258361317217e-02   3.188162343577e-03  -2.815079391003e-01  -1.653673313558e-02   6.892024725676e-02  -6.330755949020e-01 
  0.000000000000e+00   4.076402634382e-02  -1.000000014901e-01   0.000000000000e+00   0.000000000000e+00  -1.000000014901e-01  -5.034882575274e-02   1.425594370812e-02  -2.334050238132e-01 
 -5.034882575274e-02   1.425594370812e-02  -2.334050238132e-01   0.000000000000e+00  -6.823063641787e-02  -2.102584540844e-01   0.000000000000e+00  -6.823063641787e-02  -2.102584540844e-01 
  4.767113924026e-02  -6.763043999672e-02  -2.065353989601e-01   3.772396966815e-02  -6.231349706650e-02  -2.746693193913e-01  -2.611185424030e-03  -5.835893750191e-02  -6.114677786827e-01 
  3.595824819058e-03   1.191226672381e-02  -9.081927537918e-01  -3.125837817788e-02   5.615278333426e-02  -4.971689581871e-01  -4.290614277124e-02   7.067827135324e-02  -2.292622923851e-01 
 -5.321062728763e-02  -4.886210430413e-03  -1.000000014901e-01  -5.321062728763e-02  -4.886210430413e-03  -1.000000014901e-01   0.000000000000e+00   0.000000000000e+00  -2.898922860622e-01 
  0.000000000000e+00   0.000000000000e+00  -2.898922860622e-01   3.804210200906e-02   0.000000000000e+00  -2.823265194893e-01   2.952398359776e-02  -7.876271265559e-04  -3.547590672970e-01 
 -1.775112003088e-03  -1.593047869392e-03  -2.236533015966e-01   1.007687207311e-02   5.584586411715e-03  -6.771277189255e-01  -2.128793112934e-02   2.969360910356e-02  -7.938277721405e-01 
 -3.810511901975e-02   4.059997946024e-02  -5.155339837074e-01  -3.480697795749e-02   0.000000000000e+00  -1.000000014901e-01  -3.480697795749e-02   0.000000000000e+00  -1.000000014901e-01 
  0.000000000000e+00   0.000000000000e+00  -2.898922860622e-01   0.000000000000e+00   0.000000000000e+00  -2.898922860622e-01   3.804210200906e-02   0.000000000000e+00  -2.823265194893e-01 
  2.952398359776e-02  -7.876271265559e-04  -3.547590672970e-01  -1.775112003088e-03  -1.593047869392e-03  -2.236533015966e-01   1.007687207311e-02   5.584586411715e-03  -6.771277189255e-01 
 -2.128793112934e-02   2.969360910356e-02  -7.938277721405e-01  -3.810511901975e-02   4.059997946024e-02  -5.155339837074e-01  -3.480697795749e-02   0.000000000000e+00  -1.000000014901e-01 
 -3.480697795749e-02   0.000000000000e+00  -1.000000014901e-01   0.000000000000e+00  -1.126247551292e-02  -2.132019400597e-01   0.000000000000e+00  -1.126247551292e-02  -2.132019400597e-01 
  9.263251908123e-03   3.969343379140e-02  -1.502693146467e-01   0.000000000000e+00   4.803979024291e-02   4.688145816326e-01   0.000000000000e+00   4.583698138595e-02  -1.000000014901e-01 
  0.000000000000e+00   9.351884946227e-03  -4.361171126366e-01  -1.211105007678e-02   1.071656006388e-03  -1.000000014901e-01  -5.274273920804e-03  -1.840340159833e-02  -3.626239299774e-01 
  3.765608649701e-03  -2.152505703270e-02  -7.025818228722e-01   3.765608649701e-03  -2.152505703270e-02  -7.025818228722e-01   0.000000000000e+00  -1.126247551292e-02  -2.132019400597e-01 
  0.000000000000e+00  -1.126247551292e-02  -2.132019400597e-01   9.263251908123e-03   3.969343379140e-02  -1.502693146467e-01   0.000000000000e+00   4.803979024291e-02   4.688145816326e-01 
  0.000000000000e+00   4.583698138595e-02  -1.000000014901e-01   0.000000000000e+00   9.351884946227e-03  -4.361171126366e-01  -1.211105007678e-02   1.071656006388e-03  -1.000000014901e-01 
 -5.274273920804e-03  -1.840340159833e-02  -3.626239299774e-01   3.765608649701e-03  -2.152505703270e-02  -7.025818228722e-01   3.765608649701e-03  -2.152505703270e-02  -7.025818228722e-01 
  0.000000000000e+00   8.109174668789e-02  -4.486484229565e-01   0.000000000000e+00   8.109174668789e-02  -4.486484229565e-01   2.811245992780e-02   6.186533719301e-02  -3.258822560310e-01 
  1.763224788010e-02   5.534187704325e-02  -5.990112945437e-02   1.009758561850e-02   4.661466181278e-02  -7.073562592268e-02   4.157097544521e-03  -3.115694783628e-02  -1.000000014901e-01 
  0.000000000000e+00   0.000000000000e+00  -1.000000014901e-01   4.283681046218e-03  -2.150037139654e-02  -1.855770498514e-01   6.011932156980e-03  -2.057831734419e-02  -3.985399305820e-01 
  6.011932156980e-03  -2.057831734419e-02  -3.985399305820e-01   0.000000000000e+00   3.798381611705e-02  -5.641680955887e-01   0.000000000000e+00   3.798381611705e-02  -5.641680955887e-01 
  4.961398988962e-02   2.597320452332e-02  -5.236935019493e-01   4.591059312224e-02   1.936200261116e-02  -4.184440076351e-01   3.352205827832e-02   2.111301943660e-02  -4.839431643486e-01 
  6.068224553019e-03  -4.060325026512e-02  -3.818302452564e-01  -2.519790455699e-02  -5.050471052527e-02  -1.854456514120e-01  -3.077293187380e-02  -1.064555998892e-02  -1.000000014901e-01 
  0.000000000000e+00   2.888371003792e-03  -1.000000014901e-01   0.000000000000e+00   2.888371003792e-03  -1.000000014901e-01   0.000000000000e+00   1.967062242329e-02  -3.990503251553e-01 
  0.000000000000e+00   1.967062242329e-02  -3.990503251553e-01   5.053924396634e-02   1.969243958592e-02  -4.009948074818e-01   4.916289448738e-02   1.855400390923e-02  -3.548213243484e-01 
  3.507545217872e-02   1.266839541495e-02  -3.065311312675e-01   8.799550123513e-03  -2.439799159765e-02  -7.275522947311e-01  -3.808468952775e-02  -3.436874225736e-02  -3.888686299324e-01 
 -2.984309941530e-02   0.000000000000e+00  -1.000000014901e-01  -2.084461972117e-02   1.078218265320e-04  -5.005394816399e-01  -2.084461972117e-02   1.078218265320e-04  -5.005394816399e-01 
  0.000000000000e+00   5.522305518389e-02  -3.169768750668e-01   0.000000000000e+00   5.522305518389e-02  -3.169768750668e-01   2.956841699779e-02   5.522380024195e-02  -3.168444037437e-01 
  0.000000000000e+00   4.871579632163e-02  -1.000000014901e-01   0.000000000000e+00   3.106121718884e-02  -1.000000014901e-01   0.000000000000e+00   1.658503338695e-02  -1.000000014901e-01 
 -2.604493498802e-02  -7.237607147545e-03  -2.993576228619e-01  -2.755604870617e-02   0.000000000000e+00  -1.000000014901e-01  -3.840868175030e-02   2.660589059815e-03  -3.539736866951e-01 
 -3.840868175030e-02   2.660589059815e-03  -3.539736866951e-01   0.000000000000e+00  -1.375944726169e-02  -2.818231880665e-01   0.000000000000e+00  -1.375944726169e-02  -2.818231880665e-01 
  6.308255344629e-02  -1.375447493047e-02  -2.815602719784e-01   5.940355733037e-02  -1.105563435704e-02  -2.373567521572e-01   4.045175760984e-02  -4.081145860255e-03  -2.339988052845e-01 
  1.339657697827e-02   6.394695490599e-02  -4.668096899986e-01   0.000000000000e+00   3.431909903884e-02  -1.000000014901e-01   0.000000000000e+00   0.000000000000e+00  -1.000000014901e-01 
 -4.025831446052e-02   7.799158338457e-03  -1.843052506447e-01  -4.025831446052e-02   7.799158338457e-03  -1.843052506447e-01   0.000000000000e+00  -1.171062700450e-02  -4.780647456646e-01 
  0.000000000000e+00  -1.171062700450e-02  -4.780647456646e-01   1.234396994114e-01  -1.174201071262e-02  -4.779123365879e-01   1.212275698781e-01  -1.543540786952e-02  -4.604998230934e-01 
  1.009734869003e-01  -2.617867849767e-02  -4.852448999882e-01   5.788077041507e-02   2.151219360530e-02  -7.820737361908e-01  -2.702435664833e-02   5.297101661563e-02  -3.583119213581e-01 
 -3.845203295350e-02   5.651349574327e-02  -1.816872507334e-01  -5.230031907558e-02  -3.906955011189e-03  -1.000000014901e-01  -5.230031907558e-02  -3.906955011189e-03  -1.000000014901e-01 
  0.000000000000e+00   0.000000000000e+00  -4.750148653984e-01   0.000000000000e+00   0.000000000000e+00  -4.750148653984e-01   5.810587853193e-02   0.000000000000e+00  -4.749066829681e-01 
  5.753047764301e-02  -3.886364356731e-05  -4.700094163418e-01   4.885922744870e-02  -4.907437833026e-04  -4.068084359169e-01   3.301491215825e-02  -1.334588509053e-03  -5.226578116417e-01 
 -1.307511702180e-02   3.537438064814e-02  -6.485078930855e-01  -3.836743533611e-02   3.802775591612e-02  -3.693350255489e-01  -3.922554850578e-02   0.000000000000e+00  -1.000000014901e-01 
 -3.922554850578e-02   0.000000000000e+00  -1.000000014901e-01   0.000000000000e+00   0.000000000000e+00  -4.750148653984e-01   0.000000000000e+00   0.000000000000e+00  -4.750148653984e-01 
  5.810587853193e-02   0.000000000000e+00  -4.749066829681e-01   5.753047764301e-02  -3.886364356731e-05  -4.700094163418e-01   4.885922744870e-02  -4.907437833026e-04  -4.068084359169e-01 
  3.301491215825e-02  -1.334588509053e-03  -5.226578116417e-01  -1.307511702180e-02   3.537438064814e-02  -6.485078930855e-01  -3.836743533611e-02   3.802775591612e-02  -3.693350255489e-01 
 -3.922554850578e-02   0.000000000000e+00  -1.000000014901e-01  -3.922554850578e-02   0.000000000000e+00  -1.000000014901e-01   0.000000000000e+00  -6.420577317476e-02  -3.434559702873e-01 
  0.000000000000e+00  -6.420577317476e-02  -3.434559702873e-01   9.442646987736e-03   5.377718247473e-03  -2.758902013302e-01   0.000000000000e+00   3.316536173224e-02  -1.000000014901e-01 
  0.000000000000e+00   4.334910959005e-02  -1.000000014901e-01   0.000000000000e+00   3.337825834751e-02  -1.000000014901e-01  -6.534136831760e-03   1.148754358292e-02  -1.000000014901e-01 
 -3.937314264476e-03  -1.051015593112e-02  -2.715315818787e-01   2.490750513971e-03  -1.730673760176e-02  -5.534346699715e-01   2.490750513971e-03  -1.730673760176e-02  -5.534346699715e-01 
  0.000000000000e+00  -6.420577317476e-02  -3.434559702873e-01   0.000000000000e+00  -6.420577317476e-02  -3.434559702873e-01   9.442646987736e-03   5.377718247473e-03  -2.758902013302e-01 
  0.000000000000e+00   3.316536173224e-02  -1.000000014901e-01   0.000000000000e+00   4.334910959005e-02  -1.000000014901e-01   0.000000000000e+00   3.337825834751e-02  -1.000000014901e-01 
 -6.534136831760e-03   1.148754358292e-02  -1.000000014901e-01  -3.937314264476e-03  -1.051015593112e-02  -2.715315818787e-01   2.490750513971e-03  -1.730673760176e-02  -5.534346699715e-01 
  2.490750513971e-03  -1.730673760176e-02  -5.534346699715e-01   0.000000000000e+00   1.130498424172e-01   2.900541722775e-01   0.000000000000e+00   1.130498424172e-01   2.900541722775e-01 
 -2.990059927106e-02   1.032418385148e-01   1.954071819782e-01  -2.436255663633e-02   8.953090757132e-02   1.231901049614e-01  -1.735741458833e-02   7.581499963999e-02   5.716480687261e-02 
 -9.896294213831e-03   4.826859012246e-02  -1.000000014901e-01   0.000000000000e+00   6.964604835957e-03  -1.000000014901e-01   3.502870444208e-03  -1.408108510077e-02  -1.581677645445e-01 
  4.634982440621e-03  -1.575473882258e-02  -3.002982437611e-01   4.634982440621e-03  -1.575473882258e-02  -3.002982437611e-01   0.000000000000e+00   6.073498353362e-02   5.942945182323e-02 
  0.000000000000e+00   6.073498353362e-02   5.942945182323e-02   1.348998304456e-02   5.985350534320e-02   6.205478683114e-02   1.347080525011e-02   5.738367140293e-02   5.898689106107e-02 
  1.354299485683e-02   5.339351296425e-02   2.564241364598e-02   1.064858864993e-02   3.354345634580e-02  -1.256590783596e-01  -1.268103439361e-02  -2.825064398348e-02  -1.584665626287e-01 
  0.000000000000e+00  -9.124966338277e-03  -1.000000014901e-01   0.000000000000e+00  -1.448475959478e-04  -1.000000014901e-01   0.000000000000e+00  -1.448475959478e-04  -1.000000014901e-01 
  0.000000000000e+00   3.845979645848e-02   2.843480408192e-01   0.000000000000e+00   3.845979645848e-02   2.843480408192e-01   6.901507824659e-02   3.844080865383e-02   2.841199636459e-01 
  6.893292814493e-02   3.821967542171e-02   2.747510671616e-01   6.720715761185e-02   3.633230179548e-02   2.157497704029e-01   5.569305643439e-02   2.568799816072e-02  -1.033831760287e-02 
  2.803157316521e-03  -2.924880199134e-02  -2.983095943928e-01  -2.167017199099e-02   0.000000000000e+00  -1.000000014901e-01  -2.144392766058e-02   4.186292062514e-05  -4.009729027748e-01 
 -2.144392766058e-02   4.186292062514e-05  -4.009729027748e-01   0.000000000000e+00   5.673404037952e-02   1.385969854891e-02   0.000000000000e+00   5.673404037952e-02   1.385969854891e-02 
 -1.614218205214e-02   5.673404037952e-02   1.385998446494e-02   0.000000000000e+00   5.652253702283e-02  -1.000000014901e-01   0.000000000000e+00   5.301038920879e-02  -1.000000014901e-01 
  0.000000000000e+00   4.131352528930e-02  -1.000000014901e-01  -1.265047118068e-02  -7.153644226491e-03  -2.280983626842e-01  -2.338832058012e-02   0.000000000000e+00  -1.000000014901e-01 
 -3.694961965084e-02   2.236644038931e-03  -2.723295390606e-01  -3.694961965084e-02   2.236644038931e-03  -2.723295390606e-01   0.000000000000e+00  -4.544946178794e-02   3.936526179314e-02 
  0.000000000000e+00  -4.544946178794e-02   3.936526179314e-02   4.309640824795e-02  -4.544945806265e-02   3.936521336436e-02   4.313651099801e-02  -4.472070559859e-02   3.568971902132e-02 
  4.281529039145e-02  -3.959682956338e-02   1.002052798867e-02   3.672827780247e-02  -2.075110189617e-02  -1.892550885677e-01   0.000000000000e+00   3.017748147249e-02  -1.000000014901e-01 
  0.000000000000e+00   0.000000000000e+00  -1.000000014901e-01  -3.338715434074e-02   4.308338277042e-03  -1.575941592455e-01  -3.338715434074e-02   4.308338277042e-03  -1.575941592455e-01 
  0.000000000000e+00  -7.199656218290e-02   3.931097686291e-02   0.000000000000e+00  -7.199656218290e-02   3.931097686291e-02   7.071672379971e-02  -7.199654728174e-02   3.931089490652e-02 
  7.074649631977e-02  -7.178285717964e-02   3.870857134461e-02   7.143042981625e-02  -6.900968402624e-02   1.450131461024e-02   6.900064647198e-02  -5.795049667358e-02  -2.000482678413e-01 
  1.623787544668e-02   4.910380393267e-02  -2.768064141273e-01  -3.577921539545e-02   4.686795547605e-02  -1.558056324720e-01  -5.132492631674e-02  -3.240128513426e-03  -1.000000014901e-01 
 -5.132492631674e-02  -3.240128513426e-03  -1.000000014901e-01   0.000000000000e+00   0.000000000000e+00   8.298131823540e-02   0.000000000000e+00   0.000000000000e+00   8.298131823540e-02 
  7.117736153305e-03   0.000000000000e+00   8.298122882843e-02   7.139207795262e-03  -6.442094502290e-08   8.250308036804e-02   8.044663816690e-03  -3.313583874842e-05   6.170409172773e-02 
  1.188306789845e-02  -5.312047433108e-04  -9.137739986181e-02   1.665827352554e-03   3.711185604334e-02  -5.276600122452e-01  -3.805840760469e-02   3.470844402909e-02  -2.815501391888e-01 
 -4.162893071771e-02   0.000000000000e+00  -1.000000014901e-01  -4.162893071771e-02   0.000000000000e+00  -1.000000014901e-01   0.000000000000e+00   0.000000000000e+00   8.298131823540e-02 
  0.000000000000e+00   0.000000000000e+00   8.298131823540e-02   7.117736153305e-03   0.000000000000e+00   8.298122882843e-02   7.139207795262e-03  -6.442094502290e-08   8.250308036804e-02 
  8.044663816690e-03  -3.313583874842e-05   6.170409172773e-02   1.188306789845e-02  -5.312047433108e-04  -9.137739986181e-02   1.665827352554e-03   3.711185604334e-02  -5.276600122452e-01 
 -3.805840760469e-02   3.470844402909e-02  -2.815501391888e-01  -4.162893071771e-02   0.000000000000e+00  -1.000000014901e-01  -4.162893071771e-02   0.000000000000e+00  -1.000000014901e-01 
  0.000000000000e+00  -6.420577317476e-02  -3.434559702873e-01   0.000000000000e+00  -6.420577317476e-02  -3.434559702873e-01   9.442646987736e-03   5.377718247473e-03  -2.758902013302e-01 
  0.000000000000e+00   3.316536173224e-02  -1.000000014901e-01   0.000000000000e+00   4.334910959005e-02  -1.000000014901e-01   0.000000000000e+00   3.337825834751e-02  -1.000000014901e-01 
 -6.534136831760e-03   1.148754358292e-02  -1.000000014901e-01  -3.937314264476e-03  -1.051015593112e-02  -2.715315818787e-01   2.490750513971e-03  -1.730673760176e-02  -5.534346699715e-01 
  2.490750513971e-03  -1.730673760176e-02  -5.534346699715e-01   0.000000000000e+00  -6.420577317476e-02  -3.434559702873e-01   0.000000000000e+00  -6.420577317476e-02  -3.434559702873e-01 
  9.442646987736e-03   5.377718247473e-03  -2.758902013302e-01   0.000000000000e+00   3.316536173224e-02  -1.000000014901e-01   0.000000000000e+00   4.334910959005e-02  -1.000000014901e-01 
  0.000000000000e+00   3.337825834751e-02  -1.000000014901e-01  -6.534136831760e-03   1.148754358292e-02  -1.000000014901e-01  -3.937314264476e-03  -1.051015593112e-02  -2.715315818787e-01 
  2.490750513971e-03  -1.730673760176e-02  -5.534346699715e-01   2.490750513971e-03  -1.730673760176e-02  -5.534346699715e-01   0.000000000000e+00   1.130498424172e-01   2.900541722775e-01 
  0.000000000000e+00   1.130498424172e-01   2.900541722775e-01  -2.990059927106e-02   1.032418385148e-01   1.954071819782e-01  -2.436255663633e-02   8.953090757132e-02   1.231901049614e-01 
 -1.735741458833e-02   7.581499963999e-02   5.716480687261e-02  -9.896294213831e-03   4.826859012246e-02  -1.000000014901e-01   0.000000000000e+00   6.964604835957e-03  -1.000000014901e-01 
  3.502870444208e-03  -1.408108510077e-02  -1.581677645445e-01   4.634982440621e-03  -1.575473882258e-02  -3.002982437611e-01   4.634982440621e-03  -1.575473882258e-02  -3.002982437611e-01 
  0.000000000000e+00   6.073498353362e-02   5.942945182323e-02   0.000000000000e+00   6.073498353362e-02   5.942945182323e-02   1.348998304456e-02   5.985350534320e-02   6.205478683114e-02 
  1.347080525011e-02   5.738367140293e-02   5.898689106107e-02   1.354299485683e-02   5.339351296425e-02   2.564241364598e-02   1.064858864993e-02   3.354345634580e-02  -1.256590783596e-01 
 -1.268103439361e-02  -2.825064398348e-02  -1.584665626287e-01   0.000000000000e+00  -9.124966338277e-03  -1.000000014901e-01   0.000000000000e+00  -1.448475959478e-04  -1.000000014901e-01 
  0.000000000000e+00  -1.448475959478e-04  -1.000000014901e-01   0.000000000000e+00   3.845979645848e-02   2.843480408192e-01   0.000000000000e+00   3.845979645848e-02   2.843480408192e-01 
  6.901507824659e-02   3.844080865383e-02   2.841199636459e-01   6.893292814493e-02   3.821967542171e-02   2.747510671616e-01   6.720715761185e-02   3.633230179548e-02   2.157497704029e-01 
  5.569305643439e-02   2.568799816072e-02  -1.033831760287e-02   2.803157316521e-03  -2.924880199134e-02  -2.983095943928e-01  -2.167017199099e-02   0.000000000000e+00  -1.000000014901e-01 
 -2.144392766058e-02   4.186292062514e-05  -4.009729027748e-01  -2.144392766058e-02   4.186292062514e-05  -4.009729027748e-01   0.000000000000e+00   5.673404037952e-02   1.385969854891e-02 
  0.000000000000e+00   5.673404037952e-02   1.385969854891e-02  -1.614218205214e-02   5.673404037952e-02   1.385998446494e-02   0.000000000000e+00   5.652253702283e-02  -1.000000014901e-01 
  0.000000000000e+00   5.301038920879e-02  -1.000000014901e-01   0.000000000000e+00   4.131352528930e-02  -1.000000014901e-01  -1.265047118068e-02  -7.153644226491e-03  -2.280983626842e-01 
 -2.338832058012e-02   0.000000000000e+00  -1.000000014901e-01  -3.694961965084e-02   2.236644038931e-03  -2.723295390606e-01  -3.694961965084e-02   2.236644038931e-03  -2.723295390606e-01 
  0.000000000000e+00  -4.544946178794e-02   3.936526179314e-02   0.000000000000e+00  -4.544946178794e-02   3.936526179314e-02   4.309640824795e-02  -4.544945806265e-02   3.936521336436e-02 
  4.313651099801e-02  -4.472070559859e-02   3.568971902132e-02   4.281529039145e-02  -3.959682956338e-02   1.002052798867e-02   3.672827780247e-02  -2.075110189617e-02  -1.892550885677e-01 
  0.000000000000e+00   3.017748147249e-02  -1.000000014901e-01   0.000000000000e+00   0.000000000000e+00  -1.000000014901e-01  -3.338715434074e-02   4.308338277042e-03  -1.575941592455e-01 
 -3.338715434074e-02   4.308338277042e-03  -1.575941592455e-01   0.000000000000e+00  -7.199656218290e-02   3.931097686291e-02   0.000000000000e+00  -7.199656218290e-02   3.931097686291e-02 
  7.071672379971e-02  -7.199654728174e-02   3.931089490652e-02   7.074649631977e-02  -7.178285717964e-02   3.870857134461e-02   7.143042981625e-02  -6.900968402624e-02   1.450131461024e-02 
  6.900064647198e-02  -5.795049667358e-02  -2.000482678413e-01   1.623787544668e-02   4.910380393267e-02  -2.768064141273e-01  -3.577921539545e-02   4.686795547605e-02  -1.558056324720e-01 
 -5.132492631674e-02  -3.240128513426e-03  -1.000000014901e-01  -5.132492631674e-02  -3.240128513426e-03  -1.000000014901e-01   0.000000000000e+00   0.000000000000e+00   8.298131823540e-02 
  0.000000000000e+00   0.000000000000e+00   8.298131823540e-02   7.117736153305e-03   0.000000000000e+00   8.298122882843e-02   7.139207795262e-03  -6.442094502290e-08   8.250308036804e-02 
  8.044663816690e-03  -3.313583874842e-05   6.170409172773e-02   1.188306789845e-02  -5.312047433108e-04  -9.137739986181e-02   1.665827352554e-03   3.711185604334e-02  -5.276600122452e-01 
 -3.805840760469e-02   3.470844402909e-02  -2.815501391888e-01  -4.162893071771e-02   0.000000000000e+00  -1.000000014901e-01  -4.162893071771e-02   0.000000000000e+00  -1.000000014901e-01 
  0.000000000000e+00   0.000000000000e+00   8.298131823540e-02   0.000000000000e+00   0.000000000000e+00   8.298131823540e-02   7.117736153305e-03   0.000000000000e+00   8.298122882843e-02 
  7.139207795262e-03  -6.442094502290e-08   8.250308036804e-02   8.044663816690e-03  -3.313583874842e-05   6.170409172773e-02   1.188306789845e-02  -5.312047433108e-04  -9.137739986181e-02 
  1.665827352554e-03   3.711185604334e-02  -5.276600122452e-01  -3.805840760469e-02   3.470844402909e-02  -2.815501391888e-01  -4.162893071771e-02   0.000000000000e+00  -1.000000014901e-01 
 -4.162893071771e-02   0.000000000000e+00  -1.000000014901e-01 

