# vtk DataFile Version 2.0
Written using VisIt writer
ASCII
DATASET RECTILINEAR_GRID
DIMENSIONS 10 10 10
X_COORDINATES 10 float
  0.000000000000e+00   5.000000000000e-01   1.000000000000e+00   1.500000000000e+00   2.000000000000e+00   2.500000000000e+00   3.000000000000e+00   3.500000000000e+00   4.000000000000e+00 
  4.500000000000e+00 
Y_COORDINATES 10 float
  0.000000000000e+00   5.000000000000e-01   1.000000000000e+00   1.500000000000e+00   2.000000000000e+00   2.500000000000e+00   3.000000000000e+00   3.500000000000e+00   4.000000000000e+00 
  4.500000000000e+00 
Z_COORDINATES 10 float
  0.000000000000e+00   5.000000000000e-01   1.000000000000e+00   1.500000000000e+00   2.000000000000e+00   2.500000000000e+00   3.000000000000e+00   3.500000000000e+00   4.000000000000e+00 
  4.500000000000e+00 
CELL_DATA 729
POINT_DATA 1000
VECTORS velocity float
  0.000000000000e+00  -1.178343221545e-01  -2.250340878963e-01   3.251200000000e+04   0.000000000000e+00   0.000000000000e+00   0.000000000000e+00   0.000000000000e+00   0.000000000000e+00 
  1.132401600480e-01  -7.042603194714e-02  -1.558242142200e-01   0.000000000000e+00   0.000000000000e+00   0.000000000000e+00   0.000000000000e+00   1.431655808000e+09   1.070945600000e+09 
  1.518434658647e-02  -1.022894009948e-01  -1.694250553846e-01   1.071994176000e+09   0.000000000000e+00   0.000000000000e+00   0.000000000000e+00   0.000000000000e+00   0.000000000000e+00 
  8.972796797752e-02  -1.928176432848e-01  -1.972766965628e-01   0.000000000000e+00  -1.178343221545e-01  -2.250340878963e-01   1.070945600000e+09   0.000000000000e+00   0.000000000000e+00 
  5.366572365165e-02  -9.845924377441e-02  -1.902519911528e-01   1.132401600480e-01  -7.042603194714e-02  -1.558242142200e-01   1.431655808000e+09   1.070945600000e+09   0.000000000000e+00 
  9.651159495115e-02  -5.566932633519e-02  -1.378504782915e-01   1.518434658647e-02  -1.022894009948e-01  -1.694250553846e-01   0.000000000000e+00   0.000000000000e+00   1.071644672000e+09 
  8.972796797752e-02  -1.928176432848e-01  -1.972766965628e-01   8.972796797752e-02  -1.928176432848e-01  -1.972766965628e-01   0.000000000000e+00   2.158746309578e-02  -1.982294619083e-01 
  0.000000000000e+00   2.158746309578e-02  -1.982294619083e-01  -1.146940141916e-02  -2.215658575296e-01  -2.075679451227e-01   1.611947417259e-01  -2.736810445786e-01  -1.978410482407e-01 
  5.464198812842e-02  -2.244838774204e-01  -1.910971701145e-01   1.002520024776e-01  -7.060190290213e-02  -1.413519680500e-01   5.340661108494e-02  -1.081772707403e-02  -1.435935795307e-01 
  6.764527410269e-02  -2.173797599971e-02  -1.435731500387e-01   6.918721646070e-02  -4.358474910259e-02  -1.525156348944e-01   6.918721646070e-02  -4.358474910259e-02  -1.525156348944e-01 
  0.000000000000e+00   4.726558551192e-02  -1.768540441990e-01   0.000000000000e+00   4.726558551192e-02  -1.768540441990e-01   1.076878905296e-01  -9.912289679050e-02  -1.750670969486e-01 
  8.054060488939e-02  -2.710948465392e-04  -1.613434851170e-01   4.292495176196e-02   2.406080020592e-03  -1.507125496864e-01   1.295097023249e-01  -9.728031605482e-02  -1.491797715425e-01 
  1.189725175500e-01  -9.386532008648e-02  -1.875505447388e-01   1.704574227333e-01  -9.887355566025e-02  -1.418393552303e-01   1.329360008240e-01  -5.268430337310e-02  -1.385751217604e-01 
  1.329360008240e-01  -5.268430337310e-02  -1.385751217604e-01   0.000000000000e+00  -1.097727916203e-03  -2.084265053272e-01   0.000000000000e+00  -1.097727916203e-03  -2.084265053272e-01 
 -1.046741232276e-01  -1.063218563795e-01  -2.248532921076e-01   7.257928699255e-02  -1.965688169003e-02  -1.867684721947e-01   7.304688543081e-02  -5.778846517205e-02  -1.450304389000e-01 
  6.547995656729e-02  -6.226146221161e-02  -1.451885849237e-01   2.629880979657e-02   2.614019438624e-02  -1.645495891571e-01   1.660641133785e-01  -5.766809359193e-02  -1.521786302328e-01 
  1.344834566116e-01  -1.106394082308e-01  -1.845747828484e-01   1.344834566116e-01  -1.106394082308e-01  -1.845747828484e-01   0.000000000000e+00  -2.688404172659e-02  -1.805521845818e-01 
  0.000000000000e+00  -2.688404172659e-02  -1.805521845818e-01   3.408518619835e-03   3.369374666363e-03  -1.850441992283e-01   1.145391687751e-01   7.999690622091e-02  -1.759214699268e-01 
  1.626628041267e-01  -2.828335948288e-02  -1.868824511766e-01   7.145962119102e-02  -2.043106593192e-02  -1.482520252466e-01   2.479111216962e-02  -1.064649224281e-02  -1.450610160828e-01 
 -1.726819761097e-02  -1.531773619354e-02  -1.350048482418e-01   4.716484248638e-02   2.735578641295e-02  -1.442371308804e-01   4.716484248638e-02   2.735578641295e-02  -1.442371308804e-01 
  0.000000000000e+00  -3.461397066712e-02  -1.832042485476e-01   0.000000000000e+00  -3.461397066712e-02  -1.832042485476e-01   4.048039764166e-02  -7.422596216202e-02  -1.674508750439e-01 
  2.555710263550e-02   2.276715263724e-02  -1.632977575064e-01   1.294433474541e-01   6.788026541471e-02  -1.641650497913e-01   1.480091214180e-01   2.304554358125e-02  -1.612272411585e-01 
  1.384240686893e-01  -4.913480207324e-02  -1.808534115553e-01   9.158201515675e-02  -4.316440969706e-02  -1.415950655937e-01   9.641428291798e-02  -5.198906175792e-03  -1.372598558664e-01 
  9.641428291798e-02  -5.198906175792e-03  -1.372598558664e-01   0.000000000000e+00  -6.496842950583e-02  -1.967379897833e-01   0.000000000000e+00  -6.496842950583e-02  -1.967379897833e-01 
 -3.799168393016e-02  -8.701896667480e-02  -2.045424133539e-01   4.874594137073e-02  -2.300800057128e-03  -1.589501947165e-01   1.143305599689e-01   2.482604235411e-02  -1.607210040092e-01 
  1.327813416719e-01   3.031088411808e-02  -1.365404874086e-01   1.032861620188e-01   7.734053581953e-02  -1.454163491726e-01   1.485473066568e-01   1.221537031233e-02  -1.553849130869e-01 
  1.893471330404e-01  -1.588787068613e-03  -1.900465339422e-01   1.893471330404e-01  -1.588787068613e-03  -1.900465339422e-01   0.000000000000e+00   0.000000000000e+00  -1.514207869768e-01 
  0.000000000000e+00   0.000000000000e+00  -1.514207869768e-01  -5.076684057713e-02   0.000000000000e+00  -1.663223952055e-01   2.911049500108e-02   0.000000000000e+00  -1.599804908037e-01 
  6.499846279621e-02   0.000000000000e+00  -1.878954172134e-01   1.258133351803e-01   0.000000000000e+00  -1.293239444494e-01   1.027549952269e-01   0.000000000000e+00  -1.239622831345e-01 
  1.807635277510e-01   0.000000000000e+00  -1.234321668744e-01   3.040543794632e-01   0.000000000000e+00  -1.297895759344e-01   3.040543794632e-01   0.000000000000e+00  -1.297895759344e-01 
  0.000000000000e+00   0.000000000000e+00  -1.514207869768e-01   0.000000000000e+00   0.000000000000e+00  -1.514207869768e-01  -5.076684057713e-02   0.000000000000e+00  -1.663223952055e-01 
  2.911049500108e-02   0.000000000000e+00  -1.599804908037e-01   6.499846279621e-02   0.000000000000e+00  -1.878954172134e-01   1.258133351803e-01   0.000000000000e+00  -1.293239444494e-01 
  1.027549952269e-01   0.000000000000e+00  -1.239622831345e-01   1.807635277510e-01   0.000000000000e+00  -1.234321668744e-01   3.040543794632e-01   0.000000000000e+00  -1.297895759344e-01 
  3.040543794632e-01   0.000000000000e+00  -1.297895759344e-01   0.000000000000e+00  -1.178343221545e-01  -2.250340878963e-01   0.000000000000e+00  -1.178343221545e-01  -2.250340878963e-01 
  5.366572365165e-02  -9.845924377441e-02  -1.902519911528e-01   1.132401600480e-01  -7.042603194714e-02  -1.558242142200e-01   1.233133450150e-01  -5.788130313158e-02  -1.462100744247e-01 
  9.651159495115e-02  -5.566932633519e-02  -1.378504782915e-01   1.518434658647e-02  -1.022894009948e-01  -1.694250553846e-01   5.382573232055e-02  -1.378489583731e-01  -1.985721439123e-01 
  8.972796797752e-02  -1.928176432848e-01  -1.972766965628e-01   8.972796797752e-02  -1.928176432848e-01  -1.972766965628e-01   0.000000000000e+00  -1.178343221545e-01  -2.250340878963e-01 
  0.000000000000e+00  -1.178343221545e-01  -2.250340878963e-01   5.366572365165e-02  -9.845924377441e-02  -1.902519911528e-01   1.132401600480e-01  -7.042603194714e-02  -1.558242142200e-01 
  1.233133450150e-01  -5.788130313158e-02  -1.462100744247e-01   9.651159495115e-02  -5.566932633519e-02  -1.378504782915e-01   1.518434658647e-02  -1.022894009948e-01  -1.694250553846e-01 
  5.382573232055e-02  -1.378489583731e-01  -1.985721439123e-01   8.972796797752e-02  -1.928176432848e-01  -1.972766965628e-01   8.972796797752e-02  -1.928176432848e-01  -1.972766965628e-01 
  0.000000000000e+00   2.158746309578e-02  -1.982294619083e-01   0.000000000000e+00   2.158746309578e-02  -1.982294619083e-01  -1.146940141916e-02  -2.215658575296e-01  -2.075679451227e-01 
  1.611947417259e-01  -2.736810445786e-01  -1.978410482407e-01   5.464198812842e-02  -2.244838774204e-01  -1.910971701145e-01   1.002520024776e-01  -7.060190290213e-02  -1.413519680500e-01 
  5.340661108494e-02  -1.081772707403e-02  -1.435935795307e-01   6.764527410269e-02  -2.173797599971e-02  -1.435731500387e-01   6.918721646070e-02  -4.358474910259e-02  -1.525156348944e-01 
  6.918721646070e-02  -4.358474910259e-02  -1.525156348944e-01   0.000000000000e+00   4.726558551192e-02  -1.768540441990e-01   0.000000000000e+00   4.726558551192e-02  -1.768540441990e-01 
  1.076878905296e-01  -9.912289679050e-02  -1.750670969486e-01   8.054060488939e-02  -2.710948465392e-04  -1.613434851170e-01   4.292495176196e-02   2.406080020592e-03  -1.507125496864e-01 
  1.295097023249e-01  -9.728031605482e-02  -1.491797715425e-01   1.189725175500e-01  -9.386532008648e-02  -1.875505447388e-01   1.704574227333e-01  -9.887355566025e-02  -1.418393552303e-01 
  1.329360008240e-01  -5.268430337310e-02  -1.385751217604e-01   1.329360008240e-01  -5.268430337310e-02  -1.385751217604e-01   0.000000000000e+00  -1.097727916203e-03  -2.084265053272e-01 
  0.000000000000e+00  -1.097727916203e-03  -2.084265053272e-01  -1.046741232276e-01  -1.063218563795e-01  -2.248532921076e-01   7.257928699255e-02  -1.965688169003e-02  -1.867684721947e-01 
  7.304688543081e-02  -5.778846517205e-02  -1.450304389000e-01   6.547995656729e-02  -6.226146221161e-02  -1.451885849237e-01   2.629880979657e-02   2.614019438624e-02  -1.645495891571e-01 
  1.660641133785e-01  -5.766809359193e-02  -1.521786302328e-01   1.344834566116e-01  -1.106394082308e-01  -1.845747828484e-01   1.344834566116e-01  -1.106394082308e-01  -1.845747828484e-01 
  0.000000000000e+00  -2.688404172659e-02  -1.805521845818e-01   0.000000000000e+00  -2.688404172659e-02  -1.805521845818e-01   3.408518619835e-03   3.369374666363e-03  -1.850441992283e-01 
  1.145391687751e-01   7.999690622091e-02  -1.759214699268e-01   1.626628041267e-01  -2.828335948288e-02  -1.868824511766e-01   7.145962119102e-02  -2.043106593192e-02  -1.482520252466e-01 
  2.479111216962e-02  -1.064649224281e-02  -1.450610160828e-01  -1.726819761097e-02  -1.531773619354e-02  -1.350048482418e-01   4.716484248638e-02   2.735578641295e-02  -1.442371308804e-01 
  4.716484248638e-02   2.735578641295e-02  -1.442371308804e-01   0.000000000000e+00  -3.461397066712e-02  -1.832042485476e-01   0.000000000000e+00  -3.461397066712e-02  -1.832042485476e-01 
  4.048039764166e-02  -7.422596216202e-02  -1.674508750439e-01   2.555710263550e-02   2.276715263724e-02  -1.632977575064e-01   1.294433474541e-01   6.788026541471e-02  -1.641650497913e-01 
  1.480091214180e-01   2.304554358125e-02  -1.612272411585e-01   1.384240686893e-01  -4.913480207324e-02  -1.808534115553e-01   9.158201515675e-02  -4.316440969706e-02  -1.415950655937e-01 
  9.641428291798e-02  -5.198906175792e-03  -1.372598558664e-01   9.641428291798e-02  -5.198906175792e-03  -1.372598558664e-01   0.000000000000e+00  -6.496842950583e-02  -1.967379897833e-01 
  0.000000000000e+00  -6.496842950583e-02  -1.967379897833e-01  -3.799168393016e-02  -8.701896667480e-02  -2.045424133539e-01   4.874594137073e-02  -2.300800057128e-03  -1.589501947165e-01 
  1.143305599689e-01   2.482604235411e-02  -1.607210040092e-01   1.327813416719e-01   3.031088411808e-02  -1.365404874086e-01   1.032861620188e-01   7.734053581953e-02  -1.454163491726e-01 
  1.485473066568e-01   1.221537031233e-02  -1.553849130869e-01   1.893471330404e-01  -1.588787068613e-03  -1.900465339422e-01   1.893471330404e-01  -1.588787068613e-03  -1.900465339422e-01 
  0.000000000000e+00   0.000000000000e+00  -1.514207869768e-01   0.000000000000e+00   0.000000000000e+00  -1.514207869768e-01  -5.076684057713e-02   0.000000000000e+00  -1.663223952055e-01 
  2.911049500108e-02   0.000000000000e+00  -1.599804908037e-01   6.499846279621e-02   0.000000000000e+00  -1.878954172134e-01   1.258133351803e-01   0.000000000000e+00  -1.293239444494e-01 
  1.027549952269e-01   0.000000000000e+00  -1.239622831345e-01   1.807635277510e-01   0.000000000000e+00  -1.234321668744e-01   3.040543794632e-01   0.000000000000e+00  -1.297895759344e-01 
  3.040543794632e-01   0.000000000000e+00  -1.297895759344e-01   0.000000000000e+00   0.000000000000e+00  -1.514207869768e-01   0.000000000000e+00   0.000000000000e+00  -1.514207869768e-01 
 -5.076684057713e-02   0.000000000000e+00  -1.663223952055e-01   2.911049500108e-02   0.000000000000e+00  -1.599804908037e-01   6.499846279621e-02   0.000000000000e+00  -1.878954172134e-01 
  1.258133351803e-01   0.000000000000e+00  -1.293239444494e-01   1.027549952269e-01   0.000000000000e+00  -1.239622831345e-01   1.807635277510e-01   0.000000000000e+00  -1.234321668744e-01 
  3.040543794632e-01   0.000000000000e+00  -1.297895759344e-01   3.040543794632e-01   0.000000000000e+00  -1.297895759344e-01   0.000000000000e+00  -7.468711584806e-02  -1.485282301903e+00 
  0.000000000000e+00  -7.468711584806e-02  -1.485282301903e+00  -6.187226623297e-02  -1.204788833857e-01  -1.245285630226e+00   3.562621176243e-01  -2.139973789454e-01  -7.428075671196e-01 
  2.898109257221e-01  -1.561078876257e-01  -1.780077666044e-01   3.378880620003e-01  -6.245156750083e-02  -3.740625381470e-01   1.918715596199e+00   5.209862440825e-02  -4.590817093849e-01 
 -7.438378930092e-01   2.865050360560e-02  -4.723049998283e-01  -4.868635535240e-01   2.023866958916e-02  -3.451132774353e-01  -4.868635535240e-01   2.023866958916e-02  -3.451132774353e-01 
  0.000000000000e+00  -7.468711584806e-02  -1.485282301903e+00   0.000000000000e+00  -7.468711584806e-02  -1.485282301903e+00  -6.187226623297e-02  -1.204788833857e-01  -1.245285630226e+00 
  3.562621176243e-01  -2.139973789454e-01  -7.428075671196e-01   2.898109257221e-01  -1.561078876257e-01  -1.780077666044e-01   3.378880620003e-01  -6.245156750083e-02  -3.740625381470e-01 
  1.918715596199e+00   5.209862440825e-02  -4.590817093849e-01  -7.438378930092e-01   2.865050360560e-02  -4.723049998283e-01  -4.868635535240e-01   2.023866958916e-02  -3.451132774353e-01 
 -4.868635535240e-01   2.023866958916e-02  -3.451132774353e-01   0.000000000000e+00   5.935237929225e-02  -1.203172206879e+00   0.000000000000e+00   5.935237929225e-02  -1.203172206879e+00 
  2.453463710845e-02  -2.322576493025e-01  -1.014248728752e+00   3.856649100780e-01  -1.481435149908e-01  -7.926919460297e-01   4.361335635185e-01  -1.264175623655e-01  -5.455082654953e-01 
  2.007601261139e-01  -8.839989453554e-02  -1.516743004322e-01  -5.819214507937e-02   9.007481485605e-02  -5.868643522263e-01   2.857903577387e-02   2.856248617172e-01  -3.988168239594e-01 
 -1.081527918577e-01   6.752949953079e-02  -3.898743391037e-01  -1.081527918577e-01   6.752949953079e-02  -3.898743391037e-01   0.000000000000e+00   4.752454906702e-02  -4.863578677177e-01 
  0.000000000000e+00   4.752454906702e-02  -4.863578677177e-01   2.435948699713e-01   5.344774201512e-02  -6.127976775169e-01   3.382574021816e-01  -6.454917788506e-02  -1.006705403328e+00 
  4.104121625423e-01  -3.951559960842e-02  -8.888880610466e-01   8.786073327065e-02  -7.370143383741e-02  -5.811496376991e-01  -5.541785359383e-01  -1.020822674036e-01  -5.462168455124e-01 
 -7.605618834496e-01  -1.342946663499e-02  -6.017731428146e-01   8.686052262783e-02  -4.223926737905e-02  -6.142487376928e-02   8.686052262783e-02  -4.223926737905e-02  -6.142487376928e-02 
  0.000000000000e+00   9.270182810724e-03  -9.311148524284e-01   0.000000000000e+00   9.270182810724e-03  -9.311148524284e-01   1.715745776892e-01   5.970877781510e-02  -6.140068769455e-01 
  2.145974189043e-01   4.451026022434e-02  -9.107067584991e-01   5.428856015205e-01   6.772814085707e-04  -4.699751734734e-01  -1.063275267370e-04  -1.055195648223e-02  -6.139831542969e-01 
 -1.227339148521e+00  -1.324024349451e-01  -7.408855557442e-01  -2.493037223816e+00  -6.831626594067e-02  -7.376061677933e-01   9.643733501434e-02  -1.014055684209e-01  -8.116471171379e-01 
  9.643733501434e-02  -1.014055684209e-01  -8.116471171379e-01   0.000000000000e+00  -7.578929513693e-02  -8.501909375191e-01   0.000000000000e+00  -7.578929513693e-02  -8.501909375191e-01 
  2.429379969835e-01  -8.877886086702e-02  -6.343899369240e-01   1.363193839788e-01   1.034569740295e-01  -8.508836030960e-01   1.758905202150e-01  -2.560692606494e-03  -4.493373334408e-01 
  5.971168279648e-01   2.061158716679e-01  -5.674491524696e-01   1.585663676262e+00   1.178428158164e-01  -4.587874412537e-01   1.796935349703e-01   2.258746325970e-02  -9.219691157341e-01 
  5.137469246984e-02   2.335253916681e-02  -8.923193812370e-01   5.137469246984e-02   2.335253916681e-02  -8.923193812370e-01   0.000000000000e+00   5.704360082746e-03  -8.260291814804e-01 
  0.000000000000e+00   5.704360082746e-03  -8.260291814804e-01   1.805242002010e-01   2.157350629568e-01  -1.032266259193e+00   3.558875024319e-01   2.497051656246e-02  -1.024130582809e+00 
  5.309724807739e-01  -8.681689947844e-02  -8.065271973610e-01   2.565222559497e-03  -1.227593943477e-01  -9.889565706253e-01   1.541648874991e-03  -1.648736558855e-02   7.665857672691e-02 
 -6.593856215477e-01  -2.319193631411e-02   5.123578310013e-01   0.000000000000e+00  -7.552540861070e-03  -6.274013966322e-02   0.000000000000e+00  -7.552540861070e-03  -6.274013966322e-02 
  0.000000000000e+00   2.929179742932e-02  -5.619639158249e-01   0.000000000000e+00   2.929179742932e-02  -5.619639158249e-01   2.322317063808e-01   1.783152669668e-01  -1.195507645607e+00 
  7.742875814438e-01   4.549987241626e-02  -1.329600453377e+00   4.130000174046e-01  -1.155328154564e-01  -1.174950242043e+00   6.620949506760e-01   5.311407148838e-02  -1.026195526123e+00 
  6.925131082535e-01   1.112299039960e-01   2.092729695141e-02  -2.732664346695e-01   3.738801926374e-02   5.261477231979e-01   1.535290330648e-01   3.486701520160e-03  -9.953458793461e-03 
  1.535290330648e-01   3.486701520160e-03  -9.953458793461e-03   0.000000000000e+00   0.000000000000e+00  -4.674516022205e-01   0.000000000000e+00   0.000000000000e+00  -4.674516022205e-01 
  1.477014124393e-01   2.105598337948e-02  -7.677788138390e-01   5.292562246323e-01   0.000000000000e+00  -2.056278705597e+00   5.167484879494e-01   0.000000000000e+00  -1.578139185905e+00 
  1.213608145714e+00   0.000000000000e+00  -1.145754009485e-01   1.204151868820e+00   7.883041398600e-04  -3.937600553036e-02   4.155445396900e-01   8.352504810318e-04  -7.656783610582e-02 
  3.058580458164e-01   4.092014569324e-05  -7.021041959524e-02   3.058580458164e-01   4.092014569324e-05  -7.021041959524e-02   0.000000000000e+00   0.000000000000e+00  -4.674516022205e-01 
  0.000000000000e+00   0.000000000000e+00  -4.674516022205e-01   1.477014124393e-01   2.105598337948e-02  -7.677788138390e-01   5.292562246323e-01   0.000000000000e+00  -2.056278705597e+00 
  5.167484879494e-01   0.000000000000e+00  -1.578139185905e+00   1.213608145714e+00   0.000000000000e+00  -1.145754009485e-01   1.204151868820e+00   7.883041398600e-04  -3.937600553036e-02 
  4.155445396900e-01   8.352504810318e-04  -7.656783610582e-02   3.058580458164e-01   4.092014569324e-05  -7.021041959524e-02   3.058580458164e-01   4.092014569324e-05  -7.021041959524e-02 
  0.000000000000e+00   9.879735857248e-02  -4.640862345695e-01   0.000000000000e+00   9.879735857248e-02  -4.640862345695e-01   4.414344951510e-02   3.631820436567e-03  -7.160379886627e-01 
  1.359968930483e-01  -5.356230214238e-02  -5.865861177444e-01   8.649161458015e-01  -7.681635022163e-02  -3.388960063457e-01   0.000000000000e+00  -9.371245652437e-02   1.332746744156e-01 
  0.000000000000e+00   8.844479918480e-02  -1.000000014901e-01  -6.153507232666e-01   1.571376770735e-01  -3.139027953148e-01  -6.153507232666e-01   6.838802993298e-02  -4.423899650574e-01 
 -6.153507232666e-01   6.838802993298e-02  -4.423899650574e-01   0.000000000000e+00   9.879735857248e-02  -4.640862345695e-01   0.000000000000e+00   9.879735857248e-02  -4.640862345695e-01 
  4.414344951510e-02   3.631820436567e-03  -7.160379886627e-01   1.359968930483e-01  -5.356230214238e-02  -5.865861177444e-01   8.649161458015e-01  -7.681635022163e-02  -3.388960063457e-01 
  0.000000000000e+00  -9.371245652437e-02   1.332746744156e-01   0.000000000000e+00   8.844479918480e-02  -1.000000014901e-01  -6.153507232666e-01   1.571376770735e-01  -3.139027953148e-01 
 -6.153507232666e-01   6.838802993298e-02  -4.423899650574e-01  -6.153507232666e-01   6.838802993298e-02  -4.423899650574e-01   0.000000000000e+00  -1.720350086689e-01  -2.772330939770e-01 
  0.000000000000e+00  -1.720350086689e-01  -2.772330939770e-01   9.566039592028e-02  -9.102273732424e-02  -6.885436177254e-01   2.248877137899e-01  -3.604264929891e-02  -4.162514805794e-01 
  1.498793005943e+00  -8.078841865063e-02  -4.550566673279e-01   5.877861380577e-01  -8.534612506628e-02  -3.362287580967e-01  -1.421621143818e-01   1.075707599521e-01  -5.639185309410e-01 
 -5.407549813390e-02   1.571376770735e-01  -4.423899650574e-01  -2.324834465981e-01   9.146352857351e-02  -4.094519615173e-01  -2.324834465981e-01   9.146352857351e-02  -4.094519615173e-01 
  0.000000000000e+00  -8.457634598017e-02  -4.315752983093e-01   0.000000000000e+00  -8.457634598017e-02  -4.315752983093e-01   1.264586895704e-01  -9.327771142125e-03  -4.767698049545e-01 
  2.797662913799e-01  -6.530280411243e-02  -5.822122097015e-01  -6.244566440582e-01  -4.801499471068e-02  -4.148323535919e-01  -1.031428098679e+00  -4.846957698464e-02  -5.848346352577e-01 
 -1.060288071632e+00   4.523088783026e-02  -6.052641272545e-01  -1.166328549385e+00   2.978218719363e-02  -6.102914810181e-01  -1.382347196341e-01  -1.639015041292e-02  -1.105066090822e-01 
 -1.382347196341e-01  -1.639015041292e-02  -1.105066090822e-01   0.000000000000e+00   7.809422165155e-02  -5.028555393219e-01   0.000000000000e+00   7.809422165155e-02  -5.028555393219e-01 
  5.763048678637e-02   1.036896854639e-01  -3.303358256817e-01   2.103659361601e-01   1.386415958405e-01  -3.398861587048e-01   2.187355011702e-01   1.190651953220e-02  -7.403182983398e-02 
 -1.905180692673e+00   2.211958868429e-03  -6.652873754501e-01  -1.342039942741e+00   6.296891719103e-02  -6.847806572914e-01  -1.992432832718e+00  -3.765740990639e-02  -6.436125040054e-01 
 -5.118796825409e-01  -8.047753572464e-02  -1.000000014901e-01  -5.118796825409e-01  -8.047753572464e-02  -1.000000014901e-01   0.000000000000e+00   2.245072089136e-02  -2.600179016590e-01 
  0.000000000000e+00   2.245072089136e-02  -2.600179016590e-01  -5.635254457593e-02  -4.703520983458e-02  -3.801241815090e-01   1.274160146713e-01   3.645209223032e-02  -4.859307706356e-01 
  3.067644871771e-02  -1.948633193970e-01  -3.842647075653e-01  -2.944867014885e-01   5.626275669783e-03  -8.860829472542e-01   7.095002532005e-01   8.912718296051e-02  -6.418891549110e-01 
  3.107265233994e-01   5.249338597059e-02  -6.431682705879e-01   1.041704341769e-01   3.178029134870e-02  -7.671021819115e-01   1.041704341769e-01   3.178029134870e-02  -7.671021819115e-01 
  0.000000000000e+00   1.435097604990e-01  -2.618597745895e-01   0.000000000000e+00   1.435097604990e-01  -2.618597745895e-01   7.585310190916e-02   2.967416942120e-01  -3.929559886456e-01 
  1.185126602650e-01   4.854781553149e-02  -5.312991738319e-01   5.105288624763e-01  -1.947366446257e-02  -5.135661363602e-01   4.919818416238e-02  -2.365608699620e-02  -7.635023593903e-01 
  8.350390009582e-03   1.056602522731e-01  -5.964670181274e-01   7.056076079607e-02   5.039340257645e-02  -2.060355842113e-01   0.000000000000e+00   1.593214459717e-02  -1.000000014901e-01 
  0.000000000000e+00   1.593214459717e-02  -1.000000014901e-01   0.000000000000e+00  -1.090751308948e-02  -3.409487903118e-01   0.000000000000e+00  -1.090751308948e-02  -3.409487903118e-01 
  1.740383654833e-01   1.077923029661e-01  -2.139609903097e-01   4.195732474327e-01  -1.332720089704e-02   8.595893532038e-02   4.408171772957e-01   1.521426253021e-03   6.949678063393e-02 
  3.508107960224e-01   3.319289162755e-02  -1.082051515579e+00  -1.338742673397e-01   2.675360068679e-02  -1.806921839714e+00   1.472410839051e-02   2.882847003639e-02  -1.381129503250e+00 
  6.157455593348e-02   1.615265384316e-02  -4.794523715973e-01   6.157455593348e-02   1.615265384316e-02  -4.794523715973e-01   0.000000000000e+00   0.000000000000e+00  -3.259089887142e-01 
  0.000000000000e+00   0.000000000000e+00  -3.259089887142e-01   2.635610401630e-01   0.000000000000e+00  -2.382071912289e-01   3.850400745869e-01   0.000000000000e+00   9.750471711159e-01 
  3.994592726231e-01   4.905294190394e-05  -6.000789403915e-01   6.618663668633e-01   8.103240397759e-04  -7.975723594427e-02   2.250559180975e-01   0.000000000000e+00  -1.139568686485e+00 
  3.711550831795e-01   8.346273563802e-03  -7.651858925819e-01   1.952607929707e-01   4.971615504473e-03  -2.346362471581e-01   1.952607929707e-01   4.971615504473e-03  -2.346362471581e-01 
  0.000000000000e+00   0.000000000000e+00  -3.259089887142e-01   0.000000000000e+00   0.000000000000e+00  -3.259089887142e-01   2.635610401630e-01   0.000000000000e+00  -2.382071912289e-01 
  3.850400745869e-01   0.000000000000e+00   9.750471711159e-01   3.994592726231e-01   4.905294190394e-05  -6.000789403915e-01   6.618663668633e-01   8.103240397759e-04  -7.975723594427e-02 
  2.250559180975e-01   0.000000000000e+00  -1.139568686485e+00   3.711550831795e-01   8.346273563802e-03  -7.651858925819e-01   1.952607929707e-01   4.971615504473e-03  -2.346362471581e-01 
  1.952607929707e-01   4.971615504473e-03  -2.346362471581e-01   0.000000000000e+00   1.189108192921e-01  -1.733151376247e-01   0.000000000000e+00   1.189108192921e-01  -1.733151376247e-01 
  2.161537855864e-02  -6.102586910129e-02  -2.910574674606e-01   3.996758759022e-01  -9.128489345312e-02  -6.771109104156e-01   1.042926073074e+00  -3.585507720709e-02  -1.564062952995e+00 
  1.580556511879e+00  -2.221537753940e-02  -1.000000014901e-01   0.000000000000e+00   1.693257130682e-02  -1.000000014901e-01  -6.003483757377e-02   0.000000000000e+00  -1.000000014901e-01 
  0.000000000000e+00   5.314861238003e-02  -1.000000014901e-01   0.000000000000e+00   5.314861238003e-02  -1.000000014901e-01   0.000000000000e+00   1.189108192921e-01  -1.733151376247e-01 
  0.000000000000e+00   1.189108192921e-01  -1.733151376247e-01   2.161537855864e-02  -6.102586910129e-02  -2.910574674606e-01   3.996758759022e-01  -9.128489345312e-02  -6.771109104156e-01 
  1.042926073074e+00  -3.585507720709e-02  -1.564062952995e+00   1.580556511879e+00  -2.221537753940e-02  -1.000000014901e-01   0.000000000000e+00   1.693257130682e-02  -1.000000014901e-01 
 -6.003483757377e-02   0.000000000000e+00  -1.000000014901e-01   0.000000000000e+00   5.314861238003e-02  -1.000000014901e-01   0.000000000000e+00   5.314861238003e-02  -1.000000014901e-01 
  0.000000000000e+00   7.124920934439e-02  -5.592013597488e-01   0.000000000000e+00   7.124920934439e-02  -5.592013597488e-01   4.750795289874e-02  -2.851141802967e-02  -5.938418507576e-01 
 -7.382487654686e-01  -5.872843042016e-02  -7.365635037422e-01  -1.149163246155e+00  -5.732499435544e-02  -6.388268470764e-01  -8.272802233696e-01  -3.095549345016e-02  -3.867359459400e-01 
 -1.752686053514e-01   3.314284980297e-02  -1.000000014901e-01  -1.711261123419e-01   2.693777717650e-02  -3.573332428932e-01  -7.067633420229e-02   9.081977605820e-02  -3.886422812939e-01 
 -7.067633420229e-02   9.081977605820e-02  -3.886422812939e-01   0.000000000000e+00   1.081578060985e-01  -4.834123551846e-01   0.000000000000e+00   1.081578060985e-01  -4.834123551846e-01 
  2.577911503613e-02  -3.547778427601e-01  -4.487459063530e-01  -1.631176233292e+00  -6.907997131348e-01  -9.265639781952e-01  -1.750157117844e+00  -4.698503315449e-01  -6.483510732651e-01 
 -1.087792754173e+00   8.368334919214e-02  -4.569541513920e-01  -1.763227880001e-01   9.659819304943e-02  -1.000000014901e-01  -1.763227880001e-01   5.366082489491e-02  -1.000000014901e-01 
  0.000000000000e+00   3.572229295969e-02  -1.000000014901e-01   0.000000000000e+00   3.572229295969e-02  -1.000000014901e-01   0.000000000000e+00   1.618681550026e-01  -2.975538372993e-01 
  0.000000000000e+00   1.618681550026e-01  -2.975538372993e-01   1.296769082546e-02  -2.970011532307e-01  -3.351834714413e-01  -6.073153614998e-01  -7.820575237274e-01  -2.779666483402e-01 
 -4.092683196068e-01  -3.850739300251e-01  -1.610415875912e-01  -4.140617549419e-01   6.103229522705e-02  -4.930887818336e-01  -5.328140407801e-02   1.233854293823e-01  -1.000000014901e-01 
 -6.387039273977e-02   6.633652746677e-02  -3.557013869286e-01  -2.810936607420e-02   3.991289064288e-02  -1.969410628080e-01  -2.810936607420e-02   3.991289064288e-02  -1.969410628080e-01 
  0.000000000000e+00   3.836844861507e-02  -4.396091401577e-01   0.000000000000e+00   3.836844861507e-02  -4.396091401577e-01   7.584106177092e-02   2.351482212543e-02  -5.602720379829e-01 
  1.232392117381e-01  -2.800785303116e-01  -4.229429066181e-01   7.754125446081e-02  -2.014176249504e-01  -1.272541135550e-01  -2.232533991337e-01  -2.595569379628e-02  -5.453848242760e-01 
 -2.007108181715e-02   1.441353373230e-02  -7.472680807114e-01   4.045876488090e-02   1.264125201851e-02  -6.780945658684e-01   1.441708207130e-01   4.234880208969e-02  -6.755266785622e-01 
  1.441708207130e-01   4.234880208969e-02  -6.755266785622e-01   0.000000000000e+00   6.917269527912e-02  -3.247377574444e-01   0.000000000000e+00   6.917269527912e-02  -3.247377574444e-01 
  7.904828339815e-02   2.867800556123e-02  -7.159439325333e-01   1.617597192526e-01   2.971552126110e-02  -5.661998391151e-01   4.414624571800e-01  -3.269061744213e-01  -4.513587653637e-01 
  3.456474840641e-01  -4.932935349643e-03  -7.416042089462e-01   7.792703807354e-02   0.000000000000e+00  -8.917945027351e-01   9.593393653631e-02   1.735909469426e-02  -6.481185555458e-01 
  5.704998970032e-02   1.420005504042e-02  -4.018064737320e-01   5.704998970032e-02   1.420005504042e-02  -4.018064737320e-01   0.000000000000e+00   3.608792275190e-02  -3.855428397655e-01 
  0.000000000000e+00   3.608792275190e-02  -3.855428397655e-01   6.997733563185e-02   5.954861268401e-02  -6.503441929817e-01   1.979682743549e-01   1.540526468307e-02  -2.774576842785e-01 
  5.051990151405e-01   4.944513738155e-02  -2.303543984890e-01   4.595334827900e-01  -2.631003037095e-03  -2.517082691193e-01   1.921770125628e-01  -3.422594070435e-02  -2.194933176041e+00 
  2.428312450647e-01  -5.393651779741e-03  -1.914130568504e+00   1.346257477999e-01   4.147329367697e-03  -1.269730448723e+00   1.346257477999e-01   4.147329367697e-03  -1.269730448723e+00 
  0.000000000000e+00   0.000000000000e+00  -7.327278852463e-01   0.000000000000e+00   0.000000000000e+00  -7.327278852463e-01   2.655132114887e-01   0.000000000000e+00   9.326351433992e-02 
  9.769800305367e-02   0.000000000000e+00  -6.269040107727e-01   8.712327480316e-01   0.000000000000e+00  -5.466925501823e-01   8.635759949684e-01   5.142127338331e-05  -2.135345458984e+00 
  5.066743493080e-01   0.000000000000e+00  -2.295468807220e+00   5.367064476013e-01   5.477820741362e-05  -2.287112236023e+00   0.000000000000e+00   1.380722853355e-03  -1.000000014901e-01 
  0.000000000000e+00   1.380722853355e-03  -1.000000014901e-01   0.000000000000e+00   0.000000000000e+00  -7.327278852463e-01   0.000000000000e+00   0.000000000000e+00  -7.327278852463e-01 
  2.655132114887e-01   0.000000000000e+00   9.326351433992e-02   9.769800305367e-02   0.000000000000e+00  -6.269040107727e-01   8.712327480316e-01   0.000000000000e+00  -5.466925501823e-01 
  8.635759949684e-01   5.142127338331e-05  -2.135345458984e+00   5.066743493080e-01   0.000000000000e+00  -2.295468807220e+00   5.367064476013e-01   5.477820741362e-05  -2.287112236023e+00 
  0.000000000000e+00   1.380722853355e-03  -1.000000014901e-01   0.000000000000e+00   1.380722853355e-03  -1.000000014901e-01   0.000000000000e+00   7.765392959118e-02  -3.777477145195e-01 
  0.000000000000e+00   7.765392959118e-02  -3.777477145195e-01   5.081523582339e-02  -5.417351610959e-03  -1.120797991753e+00   4.802625179291e-01  -3.586532920599e-02  -1.667664170265e+00 
  1.265873312950e+00   1.118086948991e-01   2.424626350403e-01   1.483880400658e+00   0.000000000000e+00   2.840098619461e+00   0.000000000000e+00   0.000000000000e+00   9.864547848701e-01 
  0.000000000000e+00   0.000000000000e+00  -3.347710147500e-02   0.000000000000e+00   2.169637754560e-02  -1.242106705904e-01   0.000000000000e+00   2.169637754560e-02  -1.242106705904e-01 
  0.000000000000e+00   7.765392959118e-02  -3.777477145195e-01   0.000000000000e+00   7.765392959118e-02  -3.777477145195e-01   5.081523582339e-02  -5.417351610959e-03  -1.120797991753e+00 
  4.802625179291e-01  -3.586532920599e-02  -1.667664170265e+00   1.265873312950e+00   1.118086948991e-01   2.424626350403e-01   1.483880400658e+00   0.000000000000e+00   2.840098619461e+00 
  0.000000000000e+00   0.000000000000e+00   9.864547848701e-01   0.000000000000e+00   0.000000000000e+00  -3.347710147500e-02   0.000000000000e+00   2.169637754560e-02  -1.242106705904e-01 
  0.000000000000e+00   2.169637754560e-02  -1.242106705904e-01   0.000000000000e+00   1.758886873722e-01  -4.173046052456e-01   0.000000000000e+00   1.758886873722e-01  -4.173046052456e-01 
 -1.307946513407e-03   1.705596223474e-03  -5.739318132401e-01   6.011424064636e-01  -6.070627272129e-02  -5.537531375885e-01   0.000000000000e+00  -8.154369890690e-02   3.474689722061e-01 
  0.000000000000e+00   0.000000000000e+00  -7.081776857376e-02  -1.763227880001e-01   0.000000000000e+00  -1.068185091019e+00  -1.763227880001e-01   0.000000000000e+00  -1.068185091019e+00 
  0.000000000000e+00   1.327038090676e-02  -7.235701084137e-01   0.000000000000e+00   1.327038090676e-02  -7.235701084137e-01   0.000000000000e+00  -1.262099742889e-01  -2.808151543140e-01 
  0.000000000000e+00  -1.262099742889e-01  -2.808151543140e-01  -3.828176110983e-02  -1.875598169863e-02  -5.064252614975e-01  -5.224772691727e-01  -3.487020730972e-01  -3.999946117401e-01 
 -1.050631284714e+00  -9.649482369423e-02  -3.502715826035e-01   2.237527817488e-01   9.659819304943e-02   3.337205648422e-01  -2.177966982126e-01   5.431897938251e-02  -1.107983589172e+00 
 -1.340435594320e-01   0.000000000000e+00  -1.068185091019e+00   0.000000000000e+00   0.000000000000e+00  -1.000000014901e-01   0.000000000000e+00   0.000000000000e+00  -1.000000014901e-01 
  0.000000000000e+00   1.980310231447e-01  -2.374888360500e-01   0.000000000000e+00   1.980310231447e-01  -2.374888360500e-01  -7.344625890255e-02   1.464939266443e-01  -2.651442587376e-01 
 -3.759146332741e-01  -4.584324359894e-01  -3.172205984592e-01  -3.905017673969e-02   7.757745683193e-02  -1.000000014901e-01   3.096541762352e-01   2.393571734428e-01   1.796848416328e+00 
  1.378513723612e-01   1.388774067163e-01   3.336822390556e-01   0.000000000000e+00   0.000000000000e+00  -2.183642238379e-01   0.000000000000e+00   0.000000000000e+00  -1.835778206587e-01 
  0.000000000000e+00   0.000000000000e+00  -1.835778206587e-01   0.000000000000e+00   1.234959587455e-01  -4.933536946774e-01   0.000000000000e+00   1.234959587455e-01  -4.933536946774e-01 
  1.014304347336e-03   1.088770329952e-01  -4.384574294090e-01   9.196767210960e-02  -2.402873933315e-01  -3.991321325302e-01   2.510226666927e-01   3.179196268320e-02  -1.601747274399e-01 
  1.631178408861e-01   8.901350200176e-02  -1.000000014901e-01   0.000000000000e+00   0.000000000000e+00  -7.291846722364e-02   0.000000000000e+00   0.000000000000e+00  -2.249881029129e-01 
  1.425662171096e-02   8.854776970111e-04  -3.982498943806e-01   1.425662171096e-02   8.854776970111e-04  -3.982498943806e-01   0.000000000000e+00   3.309674933553e-02  -4.280793964863e-01 
  0.000000000000e+00   3.309674933553e-02  -4.280793964863e-01   4.422992095351e-02   5.748316273093e-02  -3.028717339039e-01   2.355769574642e-01   5.214921757579e-02  -4.585664868355e-01 
  6.985484361649e-01  -2.410507500172e-01  -4.129027128220e-01   6.199966669083e-01   0.000000000000e+00  -5.164715647697e-01   2.153609246016e-01   0.000000000000e+00  -1.000000014901e-01 
  1.906892806292e-01   5.982286296785e-03  -5.986384153366e-01   1.341647356749e-01   8.933455683291e-03  -5.788870453835e-01   1.341647356749e-01   8.933455683291e-03  -5.788870453835e-01 
  0.000000000000e+00   7.549324631691e-02  -5.344401001930e-01   0.000000000000e+00   7.549324631691e-02  -5.344401001930e-01   1.417371630669e-01   1.449048221111e-01  -3.693072497845e-01 
  4.991309344769e-01   5.400489643216e-02  -7.069890499115e-01   8.869189023972e-01   2.797822095454e-02  -3.740859329700e-01   8.522046208382e-01   2.053383365273e-02  -5.822117328644e-01 
  4.100051820278e-01  -2.237582951784e-02  -1.532752633095e+00   3.965850770473e-01  -1.040228735656e-02  -1.676156044006e+00   2.144452780485e-01  -2.686346881092e-03  -1.250275015831e+00 
  2.144452780485e-01  -2.686346881092e-03  -1.250275015831e+00   0.000000000000e+00   0.000000000000e+00  -4.354473352432e-01   0.000000000000e+00   0.000000000000e+00  -4.354473352432e-01 
  1.913294941187e-01   0.000000000000e+00  -3.950473070145e-01   7.114756107330e-02   0.000000000000e+00  -6.049917936325e-01   9.999510049820e-01   0.000000000000e+00  -9.028133749962e-01 
  1.262451410294e+00   1.068383062375e-05  -8.171497583389e-01   6.187174320221e-01   4.508298729888e-07  -1.475796580315e+00   6.187174320221e-01   2.797298475343e-05  -1.532752633095e+00 
  0.000000000000e+00   6.016548722982e-04  -1.000000014901e-01   0.000000000000e+00   6.016548722982e-04  -1.000000014901e-01   0.000000000000e+00   0.000000000000e+00  -4.354473352432e-01 
  0.000000000000e+00   0.000000000000e+00  -4.354473352432e-01   1.913294941187e-01   0.000000000000e+00  -3.950473070145e-01   7.114756107330e-02   0.000000000000e+00  -6.049917936325e-01 
  9.999510049820e-01   0.000000000000e+00  -9.028133749962e-01   1.262451410294e+00   1.068383062375e-05  -8.171497583389e-01   6.187174320221e-01   4.508298729888e-07  -1.475796580315e+00 
  6.187174320221e-01   2.797298475343e-05  -1.532752633095e+00   0.000000000000e+00   6.016548722982e-04  -1.000000014901e-01   0.000000000000e+00   6.016548722982e-04  -1.000000014901e-01 
  0.000000000000e+00   2.754410542548e-02  -5.014323592186e-01   0.000000000000e+00   2.754410542548e-02  -5.014323592186e-01  -4.693878872786e-04  -2.807225473225e-02  -5.097676515579e-01 
 -1.376360742142e-04  -2.183070220053e-02  -6.574462652206e-01   0.000000000000e+00   0.000000000000e+00   2.743422269821e+00   0.000000000000e+00   0.000000000000e+00   2.840098619461e+00 
 -8.328782394528e-03   0.000000000000e+00   9.171213507652e-01  -3.881929442286e-02   1.024506636895e-03  -6.321874260902e-02  -2.877976745367e-02   9.215767495334e-03  -2.708150744438e-01 
 -2.877976745367e-02   9.215767495334e-03  -2.708150744438e-01   0.000000000000e+00   2.754410542548e-02  -5.014323592186e-01   0.000000000000e+00   2.754410542548e-02  -5.014323592186e-01 
 -4.693878872786e-04  -2.807225473225e-02  -5.097676515579e-01  -1.376360742142e-04  -2.183070220053e-02  -6.574462652206e-01   0.000000000000e+00   0.000000000000e+00   2.743422269821e+00 
  0.000000000000e+00   0.000000000000e+00   2.840098619461e+00  -8.328782394528e-03   0.000000000000e+00   9.171213507652e-01  -3.881929442286e-02   1.024506636895e-03  -6.321874260902e-02 
 -2.877976745367e-02   9.215767495334e-03  -2.708150744438e-01  -2.877976745367e-02   9.215767495334e-03  -2.708150744438e-01   0.000000000000e+00   6.426674127579e-02  -5.882322788239e-01 
  0.000000000000e+00   6.426674127579e-02  -5.882322788239e-01  -2.962195128202e-02  -1.544191781431e-02  -5.576669573784e-01   0.000000000000e+00  -4.856151342392e-02  -7.438766360283e-01 
  0.000000000000e+00   0.000000000000e+00   1.495581388474e+00   9.980063885450e-03   0.000000000000e+00   2.313410341740e-01  -1.461202204227e-01   0.000000000000e+00  -1.068185091019e+00 
 -1.061331108212e-01   4.112502094358e-03  -1.068185091019e+00  -4.369733855128e-02   8.815666660666e-03  -6.970042586327e-01  -4.369733855128e-02   8.815666660666e-03  -6.970042586327e-01 
  0.000000000000e+00  -5.316544175148e-01   1.503519266844e-01   0.000000000000e+00  -5.316544175148e-01   1.503519266844e-01   1.161045767367e-02  -2.944222390652e-01  -1.488650590181e-01 
 -1.717308908701e-01  -2.933373749256e-01  -3.240533471107e-01  -6.467342376709e-01  -4.511000216007e-02  -2.882648073137e-02   9.144086390734e-02   1.178312599659e-01   3.165110051632e-01 
 -1.425988078117e-01   0.000000000000e+00  -1.014223217964e+00   0.000000000000e+00   1.188647374511e-02  -1.068185091019e+00   0.000000000000e+00   1.081559993327e-02  -1.000000014901e-01 
  0.000000000000e+00   1.081559993327e-02  -1.000000014901e-01   0.000000000000e+00   8.808417618275e-02  -1.657163202763e-01   0.000000000000e+00   8.808417618275e-02  -1.657163202763e-01 
 -6.245597451925e-02   7.666975259781e-02  -1.705736815929e-01  -1.072321981192e-01  -1.652714461088e-01  -2.581870853901e-01   0.000000000000e+00   1.053839921951e-01  -1.000000014901e-01 
  2.237527817488e-01   2.171074301004e-01   1.625045657158e+00   1.675102412701e-01   9.092769771814e-02   3.164959549904e-01   6.300159543753e-02   3.833084553480e-02  -2.240573018789e-01 
  2.858800068498e-02   2.063517645001e-02  -1.833874583244e-01   2.858800068498e-02   2.063517645001e-02  -1.833874583244e-01   0.000000000000e+00   2.785696685314e-01  -2.064172625542e-01 
  0.000000000000e+00   2.785696685314e-01  -2.064172625542e-01  -5.659490823746e-02   2.749744057655e-01  -2.310143858194e-01   1.467612236738e-01   1.325815618038e-01  -5.468472242355e-01 
  5.165828466415e-01   7.562987506390e-02  -2.682638764381e-01   3.042835891247e-01   1.749149113894e-01  -1.000000014901e-01   1.394656449556e-01   7.772052288055e-02   8.009470999241e-02 
  6.978937983513e-02   4.075642675161e-02  -9.865474700928e-02   4.133093729615e-02   2.394269406796e-02  -1.789649128914e-01   4.133093729615e-02   2.394269406796e-02  -1.789649128914e-01 
  0.000000000000e+00   1.064886078238e-01  -3.284462690353e-01   0.000000000000e+00   1.064886078238e-01  -3.284462690353e-01   2.019999735057e-02   5.793844535947e-02  -2.661396861076e-01 
  5.190529823303e-01   0.000000000000e+00  -9.408121109009e-01   7.483774423599e-01  -1.425105426461e-02  -8.602489233017e-01   7.133414149284e-01   1.104874238372e-01  -7.208189368248e-01 
  4.033365249634e-01   4.382779821754e-02  -4.224857687950e-01   2.852316498756e-01   2.845045365393e-02  -6.310129165649e-01   2.052903920412e-01   2.032590471208e-02  -6.586773991585e-01 
  2.052903920412e-01   2.032590471208e-02  -6.586773991585e-01   0.000000000000e+00  -7.379028946161e-02  -3.010457158089e-01   0.000000000000e+00  -7.379028946161e-02  -3.010457158089e-01 
  7.160753011703e-02   5.793308466673e-02  -1.375739872456e-01   6.210199594498e-01   6.642652442679e-05  -1.213772654533e+00   7.337641119957e-01   3.667861688882e-03  -9.251591563225e-01 
  7.034110426903e-01   7.002316415310e-03  -8.418343067169e-01   4.274002611637e-01  -9.553563781083e-03  -9.767205715179e-01   3.201294243336e-01  -8.165979757905e-03  -1.079755306244e+00 
  2.133370339870e-01  -4.414424300194e-03  -9.669596552849e-01   2.133370339870e-01  -4.414424300194e-03  -9.669596552849e-01   0.000000000000e+00   0.000000000000e+00   3.829527273774e-02 
  0.000000000000e+00   0.000000000000e+00   3.829527273774e-02   1.170251518488e-01   0.000000000000e+00   3.873493373394e-01   4.513887763023e-01   0.000000000000e+00  -1.604727506638e-01 
  8.062064647675e-01   0.000000000000e+00  -8.915451169014e-01   0.000000000000e+00   4.229847490933e-06  -1.172780275345e+00   0.000000000000e+00   1.577649868523e-06  -1.000000014901e-01 
  0.000000000000e+00   1.663394505158e-05  -1.000000014901e-01   0.000000000000e+00   3.079103771597e-04  -1.000000014901e-01   0.000000000000e+00   3.079103771597e-04  -1.000000014901e-01 
  0.000000000000e+00   0.000000000000e+00   3.829527273774e-02   0.000000000000e+00   0.000000000000e+00   3.829527273774e-02   1.170251518488e-01   0.000000000000e+00   3.873493373394e-01 
  4.513887763023e-01   0.000000000000e+00  -1.604727506638e-01   8.062064647675e-01   0.000000000000e+00  -8.915451169014e-01   0.000000000000e+00   4.229847490933e-06  -1.172780275345e+00 
  0.000000000000e+00   1.577649868523e-06  -1.000000014901e-01   0.000000000000e+00   1.663394505158e-05  -1.000000014901e-01   0.000000000000e+00   3.079103771597e-04  -1.000000014901e-01 
  0.000000000000e+00   3.079103771597e-04  -1.000000014901e-01   0.000000000000e+00  -1.779743842781e-02  -9.507157802582e-01   0.000000000000e+00  -1.779743842781e-02  -9.507157802582e-01 
 -7.621150929481e-03  -2.944979071617e-01  -7.903976440430e-01   1.518319826573e-03  -1.903754770756e-01  -1.000000014901e-01   0.000000000000e+00  -6.487078964710e-02  -1.000000014901e-01 
  0.000000000000e+00  -2.657137066126e-02  -1.000000014901e-01  -1.052294392139e-02  -8.534980006516e-03   3.143115937710e-01  -4.153539240360e-02  -9.767471347004e-04  -8.049910515547e-02 
 -3.805793449283e-02   5.072524305433e-03  -2.599526941776e-01  -3.805793449283e-02   5.072524305433e-03  -2.599526941776e-01   0.000000000000e+00  -1.779743842781e-02  -9.507157802582e-01 
  0.000000000000e+00  -1.779743842781e-02  -9.507157802582e-01  -7.621150929481e-03  -2.944979071617e-01  -7.903976440430e-01   1.518319826573e-03  -1.903754770756e-01  -1.000000014901e-01 
  0.000000000000e+00  -6.487078964710e-02  -1.000000014901e-01   0.000000000000e+00  -2.657137066126e-02  -1.000000014901e-01  -1.052294392139e-02  -8.534980006516e-03   3.143115937710e-01 
 -4.153539240360e-02  -9.767471347004e-04  -8.049910515547e-02  -3.805793449283e-02   5.072524305433e-03  -2.599526941776e-01  -3.805793449283e-02   5.072524305433e-03  -2.599526941776e-01 
  0.000000000000e+00  -1.137546673417e-01  -1.309348344803e-01   0.000000000000e+00  -1.137546673417e-01  -1.309348344803e-01   1.387684419751e-02  -3.086326718330e-01  -2.257642000914e-01 
  9.280087426305e-03  -2.045954018831e-01  -3.367881178856e-01   4.829592537135e-03  -5.608166754246e-02   5.254344344139e-01   5.689833685756e-02  -2.367295697331e-02   1.169835254550e-01 
 -1.177072674036e-01  -1.674310537055e-03  -1.000000014901e-01  -7.869643718004e-02   6.243671756238e-03  -4.986230731010e-01  -4.541908204556e-02   1.030359789729e-02  -4.706101715565e-01 
 -4.541908204556e-02   1.030359789729e-02  -4.706101715565e-01   0.000000000000e+00  -5.293440222740e-01  -2.691538631916e-01   0.000000000000e+00  -5.293440222740e-01  -2.691538631916e-01 
  1.011831164360e-01  -5.162417888641e-01  -2.581926286221e-01   9.640136361122e-02  -4.151403903961e-01  -2.812180817127e-01   1.824983358383e-01  -2.824370861053e-01  -1.811279356480e-02 
  3.028344213963e-01   1.083315759897e-01   1.138858348131e-01  -9.894248098135e-02   0.000000000000e+00  -1.000000014901e-01   0.000000000000e+00   1.669302769005e-02  -1.000000014901e-01 
  0.000000000000e+00   1.731918379664e-02  -1.000000014901e-01   0.000000000000e+00   1.731918379664e-02  -1.000000014901e-01   0.000000000000e+00   5.518004670739e-02  -2.920067608356e-01 
  0.000000000000e+00   5.518004670739e-02  -2.920067608356e-01  -4.968967661262e-02   5.380741134286e-02  -2.861892282963e-01  -4.096605256200e-02   4.657907411456e-02  -4.145535528660e-01 
  4.635265171528e-01  -1.506052725017e-02  -1.000000014901e-01   4.557419121265e-01  -2.928068116307e-02  -1.000000014901e-01   4.162211120129e-01   6.475705653429e-02   1.138413846493e-01 
  1.661724746227e-01   4.251798242331e-02  -7.785870879889e-02   7.774492353201e-02   2.895739302039e-02  -1.218163222075e-01   7.774492353201e-02   2.895739302039e-02  -1.218163222075e-01 
  0.000000000000e+00   2.323732227087e-01   1.460057310760e-02   0.000000000000e+00   2.323732227087e-01   1.460057310760e-02  -6.590089946985e-02   8.610177785158e-02   1.410656375811e-03 
 -1.826655492187e-02  -1.093258708715e-02  -7.320732474327e-01   4.653674960136e-01  -3.821506351233e-02  -1.000000014901e-01   4.653674960136e-01  -3.268028050661e-02  -1.000000014901e-01 
  0.000000000000e+00   4.607606679201e-02   1.256661210209e-02   3.368900343776e-02   3.670020028949e-02  -4.833499714732e-02   4.399936646223e-02   3.038002364337e-02  -1.093681231141e-01 
  4.399936646223e-02   3.038002364337e-02  -1.093681231141e-01   0.000000000000e+00   1.197318583727e-01  -1.280760616064e-01   0.000000000000e+00   1.197318583727e-01  -1.280760616064e-01 
 -2.028455398977e-02  -3.180841505527e-01  -8.178842067719e-02   8.033574372530e-02   1.535927504301e-02  -1.052060723305e+00   2.747325599194e-02  -3.821506351233e-02  -1.434685707092e+00 
  1.334034185857e-02  -1.054113917053e-02  -1.376047015190e+00   8.728804439306e-02   7.925552316010e-03  -1.003630399704e+00   6.036440655589e-02   1.513727288693e-02  -8.325024247169e-01 
  6.375444680452e-02   2.028772793710e-02  -7.519922852516e-01   6.375444680452e-02   2.028772793710e-02  -7.519922852516e-01   0.000000000000e+00  -1.341945528984e-01  -2.153356969357e-01 
  0.000000000000e+00  -1.341945528984e-01  -2.153356969357e-01   2.217914350331e-02   1.420242190361e-01  -2.376727014780e-02   1.186271905899e-01   5.698659271002e-02  -1.546960830688e+00 
  0.000000000000e+00   3.826046735048e-02  -1.880075931549e+00   0.000000000000e+00   2.288085781038e-02  -1.419405817986e+00   1.926613301039e-01   1.828278042376e-02  -9.779532551765e-01 
  2.241301536560e-01   1.473921583965e-03  -8.571875095367e-01   1.829597204924e-01  -1.298630144447e-03  -7.752417922020e-01   1.829597204924e-01  -1.298630144447e-03  -7.752417922020e-01 
  0.000000000000e+00   0.000000000000e+00  -2.409335672855e-01   0.000000000000e+00   0.000000000000e+00  -2.409335672855e-01   6.602778285742e-02   0.000000000000e+00  -1.856087446213e-01 
  2.138111293316e-01   1.533494796604e-02  -5.916154384613e-01   4.295640587807e-01   1.175079774112e-02  -8.576354980469e-01   1.837762743235e-01   6.891124416143e-03  -1.000000014901e-01 
  0.000000000000e+00   2.813358325511e-03  -1.000000014901e-01   0.000000000000e+00   1.161048887298e-03  -1.000000014901e-01   0.000000000000e+00   6.935236742720e-04  -1.000000014901e-01 
  0.000000000000e+00   6.935236742720e-04  -1.000000014901e-01   0.000000000000e+00   0.000000000000e+00  -2.409335672855e-01   0.000000000000e+00   0.000000000000e+00  -2.409335672855e-01 
  6.602778285742e-02   0.000000000000e+00  -1.856087446213e-01   2.138111293316e-01   1.533494796604e-02  -5.916154384613e-01   4.295640587807e-01   1.175079774112e-02  -8.576354980469e-01 
  1.837762743235e-01   6.891124416143e-03  -1.000000014901e-01   0.000000000000e+00   2.813358325511e-03  -1.000000014901e-01   0.000000000000e+00   1.161048887298e-03  -1.000000014901e-01 
  0.000000000000e+00   6.935236742720e-04  -1.000000014901e-01   0.000000000000e+00   6.935236742720e-04  -1.000000014901e-01   0.000000000000e+00   1.038668677211e-01   2.933402657509e-01 
  0.000000000000e+00   1.038668677211e-01   2.933402657509e-01  -4.998269304633e-02  -5.417677760124e-01  -2.292840182781e-01  -1.159740518779e-02   0.000000000000e+00  -6.620904803276e-01 
  0.000000000000e+00  -4.317508079112e-03  -1.000000014901e-01   0.000000000000e+00  -1.084845885634e-02  -1.000000014901e-01  -4.870228469372e-03  -8.072624914348e-03   6.207524240017e-02 
 -3.092938475311e-02  -2.053955337033e-03  -9.028958529234e-02  -3.567292913795e-02   3.416594117880e-03  -2.176181674004e-01  -3.567292913795e-02   3.416594117880e-03  -2.176181674004e-01 
  0.000000000000e+00   1.038668677211e-01   2.933402657509e-01   0.000000000000e+00   1.038668677211e-01   2.933402657509e-01  -4.998269304633e-02  -5.417677760124e-01  -2.292840182781e-01 
 -1.159740518779e-02   0.000000000000e+00  -6.620904803276e-01   0.000000000000e+00  -4.317508079112e-03  -1.000000014901e-01   0.000000000000e+00  -1.084845885634e-02  -1.000000014901e-01 
 -4.870228469372e-03  -8.072624914348e-03   6.207524240017e-02  -3.092938475311e-02  -2.053955337033e-03  -9.028958529234e-02  -3.567292913795e-02   3.416594117880e-03  -2.176181674004e-01 
 -3.567292913795e-02   3.416594117880e-03  -2.176181674004e-01   0.000000000000e+00  -1.337272524834e-01  -7.040327787399e-02   0.000000000000e+00  -1.337272524834e-01  -7.040327787399e-02 
  4.817250370979e-02  -6.567365527153e-01  -1.277328133583e-01   1.518319826573e-03   0.000000000000e+00  -2.999616563320e-01   0.000000000000e+00  -3.671067301184e-03  -3.251371383667e-01 
  7.017476018518e-03  -9.886201471090e-03  -3.447943627834e-01  -6.332295387983e-02  -2.261830028147e-03  -1.000000014901e-01  -5.562941357493e-02   6.695902906358e-03  -2.862161397934e-01 
 -3.850477933884e-02   1.163342222571e-02  -3.218691647053e-01  -3.850477933884e-02   1.163342222571e-02  -3.218691647053e-01   0.000000000000e+00  -2.686884999275e-01  -3.289418816566e-01 
  0.000000000000e+00  -2.686884999275e-01  -3.289418816566e-01   7.983046770096e-02  -5.053986310959e-01  -3.012552261353e-01   0.000000000000e+00   0.000000000000e+00  -2.924277484417e-01 
  0.000000000000e+00   0.000000000000e+00  -6.876728534698e-01   0.000000000000e+00   1.460680365562e-02  -6.056288480759e-01  -3.634436428547e-02   9.820527397096e-03  -1.075727418065e-01 
 -7.778094150126e-03   1.849999092519e-02  -1.000000014901e-01   0.000000000000e+00   2.036133036017e-02  -1.000000014901e-01   0.000000000000e+00   2.036133036017e-02  -1.000000014901e-01 
  0.000000000000e+00  -2.063226103783e-01  -2.184995263815e-01   0.000000000000e+00  -2.063226103783e-01  -2.184995263815e-01  -4.055143892765e-02   5.308511853218e-02  -2.134512662888e-01 
  0.000000000000e+00   0.000000000000e+00  -4.559867084026e-01   4.653674960136e-01   0.000000000000e+00  -8.317579030991e-01   4.653674960136e-01   0.000000000000e+00  -8.304270505905e-01 
  0.000000000000e+00   2.373145893216e-02  -5.090361237526e-01   3.434029221535e-02   3.194876387715e-02  -3.009188473225e-01   4.310644790530e-02   2.965984493494e-02  -2.049721777439e-01 
  4.310644790530e-02   2.965984493494e-02  -2.049721777439e-01   0.000000000000e+00   2.494701445103e-01   9.615299105644e-02   0.000000000000e+00   2.494701445103e-01   9.615299105644e-02 
 -7.301964610815e-02   2.467615157366e-01   7.497926801443e-02   0.000000000000e+00   0.000000000000e+00  -1.000000014901e-01   4.552139639854e-01  -4.836858063936e-02  -8.419113755226e-01 
  4.755209982395e-01  -3.821506351233e-02  -8.317579030991e-01   0.000000000000e+00   0.000000000000e+00  -1.000000014901e-01   0.000000000000e+00   2.365900669247e-03  -1.041692048311e-01 
  0.000000000000e+00   8.044634945691e-03  -1.180233955383e-01   0.000000000000e+00   8.044634945691e-03  -1.180233955383e-01   0.000000000000e+00   2.213758230209e-01  -4.142459481955e-03 
  0.000000000000e+00   2.213758230209e-01  -4.142459481955e-03  -1.140121147037e-01   1.576414704323e-01  -4.244740679860e-02  -4.961038380861e-02   0.000000000000e+00  -1.049134850502e+00 
  0.000000000000e+00  -2.806154824793e-02  -1.000000014901e-01   0.000000000000e+00  -3.821506351233e-02  -4.512547850609e-01   0.000000000000e+00   0.000000000000e+00  -2.964231371880e-01 
  0.000000000000e+00   0.000000000000e+00  -2.180164158344e-01   0.000000000000e+00   0.000000000000e+00  -1.844085156918e-01   0.000000000000e+00   0.000000000000e+00  -1.844085156918e-01 
  0.000000000000e+00   2.577140033245e-01  -1.686310768127e-01   0.000000000000e+00   2.577140033245e-01  -1.686310768127e-01  -1.932153012604e-03   1.909745335579e-01  -8.981052786112e-02 
  0.000000000000e+00   4.408510401845e-02  -1.409507274628e+00   0.000000000000e+00   0.000000000000e+00  -1.167723536491e+00   0.000000000000e+00   0.000000000000e+00  -9.323391318321e-01 
  1.566713489592e-02   0.000000000000e+00  -7.404313683510e-01   4.146049171686e-02   2.515188862162e-05  -7.527955770493e-01   6.477423012257e-02  -1.818819437176e-04  -7.029486298561e-01 
  6.477423012257e-02  -1.818819437176e-04  -7.029486298561e-01   0.000000000000e+00   0.000000000000e+00  -3.909063637257e-01   0.000000000000e+00   0.000000000000e+00  -3.909063637257e-01 
  2.397227287292e-02   5.528706312180e-02  -2.199107706547e-01   8.855632692575e-02   3.722772374749e-02  -6.777844429016e-01   1.950081288815e-01   1.570113189518e-02  -8.700741529465e-01 
  1.320488452911e-01   8.139507845044e-03  -5.815393924713e-01   4.952226579189e-02   4.473579581827e-03  -3.281843066216e-01   2.504282817245e-02   2.584054600447e-03  -1.000000014901e-01 
  1.495775673538e-02   1.636271481402e-03  -1.000000014901e-01   1.495775673538e-02   1.636271481402e-03  -1.000000014901e-01   0.000000000000e+00   0.000000000000e+00  -3.909063637257e-01 
  0.000000000000e+00   0.000000000000e+00  -3.909063637257e-01   2.397227287292e-02   5.528706312180e-02  -2.199107706547e-01   8.855632692575e-02   3.722772374749e-02  -6.777844429016e-01 
  1.950081288815e-01   1.570113189518e-02  -8.700741529465e-01   1.320488452911e-01   8.139507845044e-03  -5.815393924713e-01   4.952226579189e-02   4.473579581827e-03  -3.281843066216e-01 
  2.504282817245e-02   2.584054600447e-03  -1.000000014901e-01   1.495775673538e-02   1.636271481402e-03  -1.000000014901e-01   1.495775673538e-02   1.636271481402e-03  -1.000000014901e-01 
  0.000000000000e+00   1.038668677211e-01   2.933402657509e-01   0.000000000000e+00   1.038668677211e-01   2.933402657509e-01  -4.998269304633e-02  -5.417677760124e-01  -2.292840182781e-01 
 -1.159740518779e-02   0.000000000000e+00  -6.620904803276e-01   0.000000000000e+00  -4.317508079112e-03  -1.000000014901e-01   0.000000000000e+00  -1.084845885634e-02  -1.000000014901e-01 
 -4.870228469372e-03  -8.072624914348e-03   6.207524240017e-02  -3.092938475311e-02  -2.053955337033e-03  -9.028958529234e-02  -3.567292913795e-02   3.416594117880e-03  -2.176181674004e-01 
 -3.567292913795e-02   3.416594117880e-03  -2.176181674004e-01   0.000000000000e+00   1.038668677211e-01   2.933402657509e-01   0.000000000000e+00   1.038668677211e-01   2.933402657509e-01 
 -4.998269304633e-02  -5.417677760124e-01  -2.292840182781e-01  -1.159740518779e-02   0.000000000000e+00  -6.620904803276e-01   0.000000000000e+00  -4.317508079112e-03  -1.000000014901e-01 
  0.000000000000e+00  -1.084845885634e-02  -1.000000014901e-01  -4.870228469372e-03  -8.072624914348e-03   6.207524240017e-02  -3.092938475311e-02  -2.053955337033e-03  -9.028958529234e-02 
 -3.567292913795e-02   3.416594117880e-03  -2.176181674004e-01  -3.567292913795e-02   3.416594117880e-03  -2.176181674004e-01   0.000000000000e+00  -1.337272524834e-01  -7.040327787399e-02 
  0.000000000000e+00  -1.337272524834e-01  -7.040327787399e-02   4.817250370979e-02  -6.567365527153e-01  -1.277328133583e-01   1.518319826573e-03   0.000000000000e+00  -2.999616563320e-01 
  0.000000000000e+00  -3.671067301184e-03  -3.251371383667e-01   7.017476018518e-03  -9.886201471090e-03  -3.447943627834e-01  -6.332295387983e-02  -2.261830028147e-03  -1.000000014901e-01 
 -5.562941357493e-02   6.695902906358e-03  -2.862161397934e-01  -3.850477933884e-02   1.163342222571e-02  -3.218691647053e-01  -3.850477933884e-02   1.163342222571e-02  -3.218691647053e-01 
  0.000000000000e+00  -2.686884999275e-01  -3.289418816566e-01   0.000000000000e+00  -2.686884999275e-01  -3.289418816566e-01   7.983046770096e-02  -5.053986310959e-01  -3.012552261353e-01 
  0.000000000000e+00   0.000000000000e+00  -2.924277484417e-01   0.000000000000e+00   0.000000000000e+00  -6.876728534698e-01   0.000000000000e+00   1.460680365562e-02  -6.056288480759e-01 
 -3.634436428547e-02   9.820527397096e-03  -1.075727418065e-01  -7.778094150126e-03   1.849999092519e-02  -1.000000014901e-01   0.000000000000e+00   2.036133036017e-02  -1.000000014901e-01 
  0.000000000000e+00   2.036133036017e-02  -1.000000014901e-01   0.000000000000e+00  -2.063226103783e-01  -2.184995263815e-01   0.000000000000e+00  -2.063226103783e-01  -2.184995263815e-01 
 -4.055143892765e-02   5.308511853218e-02  -2.134512662888e-01   0.000000000000e+00   0.000000000000e+00  -4.559867084026e-01   4.653674960136e-01   0.000000000000e+00  -8.317579030991e-01 
  4.653674960136e-01   0.000000000000e+00  -8.304270505905e-01   0.000000000000e+00   2.373145893216e-02  -5.090361237526e-01   3.434029221535e-02   3.194876387715e-02  -3.009188473225e-01 
  4.310644790530e-02   2.965984493494e-02  -2.049721777439e-01   4.310644790530e-02   2.965984493494e-02  -2.049721777439e-01   0.000000000000e+00   2.494701445103e-01   9.615299105644e-02 
  0.000000000000e+00   2.494701445103e-01   9.615299105644e-02  -7.301964610815e-02   2.467615157366e-01   7.497926801443e-02   0.000000000000e+00   0.000000000000e+00  -1.000000014901e-01 
  4.552139639854e-01  -4.836858063936e-02  -8.419113755226e-01   4.755209982395e-01  -3.821506351233e-02  -8.317579030991e-01   0.000000000000e+00   0.000000000000e+00  -1.000000014901e-01 
  0.000000000000e+00   2.365900669247e-03  -1.041692048311e-01   0.000000000000e+00   8.044634945691e-03  -1.180233955383e-01   0.000000000000e+00   8.044634945691e-03  -1.180233955383e-01 
  0.000000000000e+00   2.213758230209e-01  -4.142459481955e-03   0.000000000000e+00   2.213758230209e-01  -4.142459481955e-03  -1.140121147037e-01   1.576414704323e-01  -4.244740679860e-02 
 -4.961038380861e-02   0.000000000000e+00  -1.049134850502e+00   0.000000000000e+00  -2.806154824793e-02  -1.000000014901e-01   0.000000000000e+00  -3.821506351233e-02  -4.512547850609e-01 
  0.000000000000e+00   0.000000000000e+00  -2.964231371880e-01   0.000000000000e+00   0.000000000000e+00  -2.180164158344e-01   0.000000000000e+00   0.000000000000e+00  -1.844085156918e-01 
  0.000000000000e+00   0.000000000000e+00  -1.844085156918e-01   0.000000000000e+00   2.577140033245e-01  -1.686310768127e-01   0.000000000000e+00   2.577140033245e-01  -1.686310768127e-01 
 -1.932153012604e-03   1.909745335579e-01  -8.981052786112e-02   0.000000000000e+00   4.408510401845e-02  -1.409507274628e+00   0.000000000000e+00   0.000000000000e+00  -1.167723536491e+00 
  0.000000000000e+00   0.000000000000e+00  -9.323391318321e-01   1.566713489592e-02   0.000000000000e+00  -7.404313683510e-01   4.146049171686e-02   2.515188862162e-05  -7.527955770493e-01 
  6.477423012257e-02  -1.818819437176e-04  -7.029486298561e-01   6.477423012257e-02  -1.818819437176e-04  -7.029486298561e-01   0.000000000000e+00   0.000000000000e+00  -3.909063637257e-01 
  0.000000000000e+00   0.000000000000e+00  -3.909063637257e-01   2.397227287292e-02   5.528706312180e-02  -2.199107706547e-01   8.855632692575e-02   3.722772374749e-02  -6.777844429016e-01 
  1.950081288815e-01   1.570113189518e-02  -8.700741529465e-01   1.320488452911e-01   8.139507845044e-03  -5.815393924713e-01   4.952226579189e-02   4.473579581827e-03  -3.281843066216e-01 
  2.504282817245e-02   2.584054600447e-03  -1.000000014901e-01   1.495775673538e-02   1.636271481402e-03  -1.000000014901e-01   1.495775673538e-02   1.636271481402e-03  -1.000000014901e-01 
  0.000000000000e+00   0.000000000000e+00  -3.909063637257e-01   0.000000000000e+00   0.000000000000e+00  -3.909063637257e-01   2.397227287292e-02   5.528706312180e-02  -2.199107706547e-01 
  8.855632692575e-02   3.722772374749e-02  -6.777844429016e-01   1.950081288815e-01   1.570113189518e-02  -8.700741529465e-01   1.320488452911e-01   8.139507845044e-03  -5.815393924713e-01 
  4.952226579189e-02   4.473579581827e-03  -3.281843066216e-01   2.504282817245e-02   2.584054600447e-03  -1.000000014901e-01   1.495775673538e-02   1.636271481402e-03  -1.000000014901e-01 
  1.495775673538e-02   1.636271481402e-03  -1.000000014901e-01 

