# vtk DataFile Version 2.0
Written using VisIt writer
ASCII
DATASET RECTILINEAR_GRID
DIMENSIONS 10 10 10
X_COORDINATES 10 float
  0.000000000000e+00   5.000000000000e-01   1.000000000000e+00   1.500000000000e+00   2.000000000000e+00   2.500000000000e+00   3.000000000000e+00   3.500000000000e+00   4.000000000000e+00 
  4.500000000000e+00 
Y_COORDINATES 10 float
  0.000000000000e+00   5.000000000000e-01   1.000000000000e+00   1.500000000000e+00   2.000000000000e+00   2.500000000000e+00   3.000000000000e+00   3.500000000000e+00   4.000000000000e+00 
  4.500000000000e+00 
Z_COORDINATES 10 float
  0.000000000000e+00   5.000000000000e-01   1.000000000000e+00   1.500000000000e+00   2.000000000000e+00   2.500000000000e+00   3.000000000000e+00   3.500000000000e+00   4.000000000000e+00 
  4.500000000000e+00 
CELL_DATA 729
POINT_DATA 1000
VECTORS velocity float
  0.000000000000e+00  -2.002485543489e-01  -4.925990700722e-01   6.409009434272e-10   2.330132531370e-09   2.665739184948e-09   2.685248091439e-06   6.409978658972e-10   6.235323368742e-10 
  1.015872359276e-01  -1.941084563732e-01  -4.402270019054e-01   6.700733301557e-10   8.142401683453e-13   1.357144891258e-19   6.337064206718e-10   1.724700808836e-07   6.410545982938e-10 
 -7.727096974850e-02  -2.136221230030e-01  -4.935388267040e-01   2.640485945449e-06   6.701442178958e-10   6.409694996989e-10   1.680083369138e-04   2.330132531370e-09   6.664347962371e-10 
 -1.601535826921e-01  -2.478071302176e-01  -6.333891153336e-01   0.000000000000e+00  -2.002485543489e-01  -4.925990700722e-01   6.409690556097e-10   8.142401683453e-13   1.356847106238e-19 
 -7.269405573606e-02  -2.131939232349e-01  -5.949548482895e-01   1.015872359276e-01  -1.941084563732e-01  -4.402270019054e-01   6.409689445874e-10   6.409690556097e-10   6.409690556097e-10 
 -5.802383646369e-02  -1.754921078682e-01  -3.670365214348e-01  -7.727096974850e-02  -2.136221230030e-01  -4.935388267040e-01   1.356847106238e-19   6.336922098171e-10   6.409690556097e-10 
 -1.601535826921e-01  -2.478071302176e-01  -6.333891153336e-01  -1.601535826921e-01  -2.478071302176e-01  -6.333891153336e-01   0.000000000000e+00   1.540255248547e-01  -4.329259991646e-01 
  0.000000000000e+00   1.540255248547e-01  -4.329259991646e-01  -1.522471606731e-01   9.674384444952e-02  -5.665759444237e-01  -3.162433579564e-02   4.316212981939e-02  -5.615298151970e-01 
 -8.789633959532e-02  -2.707441337407e-02  -7.645435929298e-01   8.399353921413e-02  -5.932608246803e-02  -5.070902705193e-01   2.690943190828e-03   2.472084760666e-02  -5.580766201019e-01 
 -2.642570249736e-02   3.722338378429e-02  -4.667316079140e-01  -1.244337186217e-01   8.507073670626e-02  -5.333708524704e-01  -1.244337186217e-01   8.507073670626e-02  -5.333708524704e-01 
  0.000000000000e+00   2.024129405618e-02  -4.388574659824e-01   0.000000000000e+00   2.024129405618e-02  -4.388574659824e-01  -9.565775841475e-02   4.798549041152e-02  -4.905909895897e-01 
  2.480426570401e-03   1.071962788701e-01  -3.714058101177e-01  -9.679968655109e-02   7.268186658621e-02  -4.481408298016e-01  -8.175779134035e-02   1.698485948145e-02  -5.171909332275e-01 
 -7.720866054296e-02   5.567845073529e-04  -8.828715085983e-01   4.137970134616e-02  -3.590221330523e-02  -5.012876987457e-01  -4.720864444971e-02  -4.346420988441e-02  -5.557876229286e-01 
 -4.720864444971e-02  -4.346420988441e-02  -5.557876229286e-01   0.000000000000e+00  -2.457851916552e-02  -5.275826454163e-01   0.000000000000e+00  -2.457851916552e-02  -5.275826454163e-01 
 -1.219158768654e-01  -3.771880641580e-02  -7.953251600266e-01   8.254805952311e-02  -9.671358019114e-02  -5.518510341644e-01   3.257205709815e-02   1.858970709145e-02  -5.678692460060e-01 
  1.891632564366e-03   9.005203843117e-02  -4.034573137760e-01  -1.249254941940e-01   1.092454865575e-01  -4.510768651962e-01  -8.340716362000e-02   5.205554771237e-04  -5.851362943649e-01 
 -1.124291941524e-01  -1.078764442354e-02  -8.326293230057e-01  -1.124291941524e-01  -1.078764442354e-02  -8.326293230057e-01   0.000000000000e+00   8.716796338558e-02  -3.682569861412e-01 
  0.000000000000e+00   8.716796338558e-02  -3.682569861412e-01  -2.050202488899e-01   7.030533999205e-02  -4.303615987301e-01  -6.485572457314e-02  -4.939072579145e-02  -5.895596146584e-01 
 -8.989068865776e-02  -7.423456013203e-02  -9.162367582321e-01   1.019705682993e-01  -1.087788864970e-01  -5.647819042206e-01   1.496920734644e-02   6.630747579038e-03  -5.152280926704e-01 
 -1.437009684741e-02   3.930995240808e-02  -3.962667286396e-01  -1.379638910294e-01   3.131926059723e-02  -4.533096849918e-01  -1.379638910294e-01   3.131926059723e-02  -4.533096849918e-01 
  0.000000000000e+00  -1.313913315535e-01  -5.410628914833e-01   0.000000000000e+00  -1.313913315535e-01  -5.410628914833e-01  -6.274664402008e-02   4.134567826986e-02  -5.340460538864e-01 
  6.932099815458e-03   1.340736299753e-01  -4.005654156208e-01  -1.640852540731e-01   1.163175478578e-01  -4.743542969227e-01  -9.717459231615e-02  -3.199050948024e-02  -6.897834539413e-01 
 -1.135698780417e-01  -8.141519874334e-02  -8.210543394089e-01   1.748107559979e-02  -1.207555979490e-01  -5.403600335121e-01  -5.069824680686e-02  -2.007137984037e-02  -6.260391473770e-01 
 -5.069824680686e-02  -2.007137984037e-02  -6.260391473770e-01   0.000000000000e+00  -1.106748878956e-01  -5.046138763428e-01   0.000000000000e+00  -1.106748878956e-01  -5.046138763428e-01 
 -1.236189082265e-01  -3.601099550724e-02  -6.783381104469e-01   5.583093687892e-02   6.777315586805e-02  -5.299019813538e-01   4.795555770397e-02   1.411266326904e-01  -4.978938996792e-01 
  2.166694961488e-03   1.358582824469e-01  -3.835846483707e-01  -1.458824872971e-01   5.800208076835e-02  -4.515706002712e-01  -9.386187791824e-02  -6.032506003976e-02  -5.355000495911e-01 
 -1.003970652819e-01  -3.689291700721e-02  -5.990280508995e-01  -1.003970652819e-01  -3.689291700721e-02  -5.990280508995e-01   0.000000000000e+00   0.000000000000e+00  -3.975192606449e-01 
  0.000000000000e+00   0.000000000000e+00  -3.975192606449e-01  -2.287532687187e-01   0.000000000000e+00  -5.115114450455e-01  -1.421116441488e-01   0.000000000000e+00  -5.152348279953e-01 
 -5.858456715941e-02   0.000000000000e+00  -7.872553467751e-01   2.366441488266e-01   0.000000000000e+00  -5.186432003975e-01   1.545236706734e-01   0.000000000000e+00  -3.895632624626e-01 
  2.719301544130e-02   0.000000000000e+00  -3.876293897629e-01   1.612238213420e-02   0.000000000000e+00  -4.032387137413e-01   1.612238213420e-02   0.000000000000e+00  -4.032387137413e-01 
  0.000000000000e+00   0.000000000000e+00  -3.975192606449e-01   0.000000000000e+00   0.000000000000e+00  -3.975192606449e-01  -2.287532687187e-01   0.000000000000e+00  -5.115114450455e-01 
 -1.421116441488e-01   0.000000000000e+00  -5.152348279953e-01  -5.858456715941e-02   0.000000000000e+00  -7.872553467751e-01   2.366441488266e-01   0.000000000000e+00  -5.186432003975e-01 
  1.545236706734e-01   0.000000000000e+00  -3.895632624626e-01   2.719301544130e-02   0.000000000000e+00  -3.876293897629e-01   1.612238213420e-02   0.000000000000e+00  -4.032387137413e-01 
  1.612238213420e-02   0.000000000000e+00  -4.032387137413e-01   0.000000000000e+00  -2.002485543489e-01  -4.925990700722e-01   0.000000000000e+00  -2.002485543489e-01  -4.925990700722e-01 
 -7.269405573606e-02  -2.131939232349e-01  -5.949548482895e-01   1.015872359276e-01  -1.941084563732e-01  -4.402270019054e-01  -1.869054138660e-02  -1.962061375380e-01  -4.152707457542e-01 
 -5.802383646369e-02  -1.754921078682e-01  -3.670365214348e-01  -7.727096974850e-02  -2.136221230030e-01  -4.935388267040e-01  -7.138990610838e-02  -2.205867916346e-01  -4.848162829876e-01 
 -1.601535826921e-01  -2.478071302176e-01  -6.333891153336e-01  -1.601535826921e-01  -2.478071302176e-01  -6.333891153336e-01   0.000000000000e+00  -2.002485543489e-01  -4.925990700722e-01 
  0.000000000000e+00  -2.002485543489e-01  -4.925990700722e-01  -7.269405573606e-02  -2.131939232349e-01  -5.949548482895e-01   1.015872359276e-01  -1.941084563732e-01  -4.402270019054e-01 
 -1.869054138660e-02  -1.962061375380e-01  -4.152707457542e-01  -5.802383646369e-02  -1.754921078682e-01  -3.670365214348e-01  -7.727096974850e-02  -2.136221230030e-01  -4.935388267040e-01 
 -7.138990610838e-02  -2.205867916346e-01  -4.848162829876e-01  -1.601535826921e-01  -2.478071302176e-01  -6.333891153336e-01  -1.601535826921e-01  -2.478071302176e-01  -6.333891153336e-01 
  0.000000000000e+00   1.540255248547e-01  -4.329259991646e-01   0.000000000000e+00   1.540255248547e-01  -4.329259991646e-01  -1.522471606731e-01   9.674384444952e-02  -5.665759444237e-01 
 -3.162433579564e-02   4.316212981939e-02  -5.615298151970e-01  -8.789633959532e-02  -2.707441337407e-02  -7.645435929298e-01   8.399353921413e-02  -5.932608246803e-02  -5.070902705193e-01 
  2.690943190828e-03   2.472084760666e-02  -5.580766201019e-01  -2.642570249736e-02   3.722338378429e-02  -4.667316079140e-01  -1.244337186217e-01   8.507073670626e-02  -5.333708524704e-01 
 -1.244337186217e-01   8.507073670626e-02  -5.333708524704e-01   0.000000000000e+00   2.024129405618e-02  -4.388574659824e-01   0.000000000000e+00   2.024129405618e-02  -4.388574659824e-01 
 -9.565775841475e-02   4.798549041152e-02  -4.905909895897e-01   2.480426570401e-03   1.071962788701e-01  -3.714058101177e-01  -9.679968655109e-02   7.268186658621e-02  -4.481408298016e-01 
 -8.175779134035e-02   1.698485948145e-02  -5.171909332275e-01  -7.720866054296e-02   5.567845073529e-04  -8.828715085983e-01   4.137970134616e-02  -3.590221330523e-02  -5.012876987457e-01 
 -4.720864444971e-02  -4.346420988441e-02  -5.557876229286e-01  -4.720864444971e-02  -4.346420988441e-02  -5.557876229286e-01   0.000000000000e+00  -2.457851916552e-02  -5.275826454163e-01 
  0.000000000000e+00  -2.457851916552e-02  -5.275826454163e-01  -1.219158768654e-01  -3.771880641580e-02  -7.953251600266e-01   8.254805952311e-02  -9.671358019114e-02  -5.518510341644e-01 
  3.257205709815e-02   1.858970709145e-02  -5.678692460060e-01   1.891632564366e-03   9.005203843117e-02  -4.034573137760e-01  -1.249254941940e-01   1.092454865575e-01  -4.510768651962e-01 
 -8.340716362000e-02   5.205554771237e-04  -5.851362943649e-01  -1.124291941524e-01  -1.078764442354e-02  -8.326293230057e-01  -1.124291941524e-01  -1.078764442354e-02  -8.326293230057e-01 
  0.000000000000e+00   8.716796338558e-02  -3.682569861412e-01   0.000000000000e+00   8.716796338558e-02  -3.682569861412e-01  -2.050202488899e-01   7.030533999205e-02  -4.303615987301e-01 
 -6.485572457314e-02  -4.939072579145e-02  -5.895596146584e-01  -8.989068865776e-02  -7.423456013203e-02  -9.162367582321e-01   1.019705682993e-01  -1.087788864970e-01  -5.647819042206e-01 
  1.496920734644e-02   6.630747579038e-03  -5.152280926704e-01  -1.437009684741e-02   3.930995240808e-02  -3.962667286396e-01  -1.379638910294e-01   3.131926059723e-02  -4.533096849918e-01 
 -1.379638910294e-01   3.131926059723e-02  -4.533096849918e-01   0.000000000000e+00  -1.313913315535e-01  -5.410628914833e-01   0.000000000000e+00  -1.313913315535e-01  -5.410628914833e-01 
 -6.274664402008e-02   4.134567826986e-02  -5.340460538864e-01   6.932099815458e-03   1.340736299753e-01  -4.005654156208e-01  -1.640852540731e-01   1.163175478578e-01  -4.743542969227e-01 
 -9.717459231615e-02  -3.199050948024e-02  -6.897834539413e-01  -1.135698780417e-01  -8.141519874334e-02  -8.210543394089e-01   1.748107559979e-02  -1.207555979490e-01  -5.403600335121e-01 
 -5.069824680686e-02  -2.007137984037e-02  -6.260391473770e-01  -5.069824680686e-02  -2.007137984037e-02  -6.260391473770e-01   0.000000000000e+00  -1.106748878956e-01  -5.046138763428e-01 
  0.000000000000e+00  -1.106748878956e-01  -5.046138763428e-01  -1.236189082265e-01  -3.601099550724e-02  -6.783381104469e-01   5.583093687892e-02   6.777315586805e-02  -5.299019813538e-01 
  4.795555770397e-02   1.411266326904e-01  -4.978938996792e-01   2.166694961488e-03   1.358582824469e-01  -3.835846483707e-01  -1.458824872971e-01   5.800208076835e-02  -4.515706002712e-01 
 -9.386187791824e-02  -6.032506003976e-02  -5.355000495911e-01  -1.003970652819e-01  -3.689291700721e-02  -5.990280508995e-01  -1.003970652819e-01  -3.689291700721e-02  -5.990280508995e-01 
  0.000000000000e+00   0.000000000000e+00  -3.975192606449e-01   0.000000000000e+00   0.000000000000e+00  -3.975192606449e-01  -2.287532687187e-01   0.000000000000e+00  -5.115114450455e-01 
 -1.421116441488e-01   0.000000000000e+00  -5.152348279953e-01  -5.858456715941e-02   0.000000000000e+00  -7.872553467751e-01   2.366441488266e-01   0.000000000000e+00  -5.186432003975e-01 
  1.545236706734e-01   0.000000000000e+00  -3.895632624626e-01   2.719301544130e-02   0.000000000000e+00  -3.876293897629e-01   1.612238213420e-02   0.000000000000e+00  -4.032387137413e-01 
  1.612238213420e-02   0.000000000000e+00  -4.032387137413e-01   0.000000000000e+00   0.000000000000e+00  -3.975192606449e-01   0.000000000000e+00   0.000000000000e+00  -3.975192606449e-01 
 -2.287532687187e-01   0.000000000000e+00  -5.115114450455e-01  -1.421116441488e-01   0.000000000000e+00  -5.152348279953e-01  -5.858456715941e-02   0.000000000000e+00  -7.872553467751e-01 
  2.366441488266e-01   0.000000000000e+00  -5.186432003975e-01   1.545236706734e-01   0.000000000000e+00  -3.895632624626e-01   2.719301544130e-02   0.000000000000e+00  -3.876293897629e-01 
  1.612238213420e-02   0.000000000000e+00  -4.032387137413e-01   1.612238213420e-02   0.000000000000e+00  -4.032387137413e-01   0.000000000000e+00  -2.300531715155e-01  -7.432104349136e-01 
  0.000000000000e+00  -2.300531715155e-01  -7.432104349136e-01  -7.119781523943e-02  -2.378959953785e-01  -7.722677588463e-01  -1.518578827381e-02  -2.382631599903e-01  -8.575455546379e-01 
 -2.584612183273e-02  -2.471196800470e-01  -8.634151220322e-01  -3.659296780825e-02  -2.562445700169e-01  -9.167304635048e-01  -5.606937408447e-02  -2.637921273708e-01  -8.636180758476e-01 
 -3.169735148549e-02  -2.679941654205e-01  -8.162114024162e-01  -4.556659981608e-02  -2.703395783901e-01  -7.301212549210e-01  -4.556659981608e-02  -2.703395783901e-01  -7.301212549210e-01 
  0.000000000000e+00  -2.300531715155e-01  -7.432104349136e-01   0.000000000000e+00  -2.300531715155e-01  -7.432104349136e-01  -7.119781523943e-02  -2.378959953785e-01  -7.722677588463e-01 
 -1.518578827381e-02  -2.382631599903e-01  -8.575455546379e-01  -2.584612183273e-02  -2.471196800470e-01  -8.634151220322e-01  -3.659296780825e-02  -2.562445700169e-01  -9.167304635048e-01 
 -5.606937408447e-02  -2.637921273708e-01  -8.636180758476e-01  -3.169735148549e-02  -2.679941654205e-01  -8.162114024162e-01  -4.556659981608e-02  -2.703395783901e-01  -7.301212549210e-01 
 -4.556659981608e-02  -2.703395783901e-01  -7.301212549210e-01   0.000000000000e+00   8.983110636473e-02  -7.943317890167e-01   0.000000000000e+00   8.983110636473e-02  -7.943317890167e-01 
 -8.303740620613e-02   9.661042690277e-02  -8.097783923149e-01  -2.772579714656e-02   1.004082858562e-01  -8.215395212173e-01  -3.094836510718e-02   1.025257855654e-01  -7.473712563515e-01 
 -3.286429494619e-02   9.584405273199e-02  -8.753104209900e-01  -3.497024998069e-02   7.694350928068e-02  -8.980775475502e-01  -2.262683212757e-02   6.637823581696e-02  -9.215025901794e-01 
 -3.725387156010e-02   6.479608267546e-02  -9.107310771942e-01  -3.725387156010e-02   6.479608267546e-02  -9.107310771942e-01   0.000000000000e+00  -1.379349641502e-02  -7.143573760986e-01 
  0.000000000000e+00  -1.379349641502e-02  -7.143573760986e-01  -8.274094760418e-02  -2.821036987007e-02  -7.095877528191e-01  -3.888401389122e-02  -4.124337062240e-02  -8.773301243782e-01 
 -3.980425745249e-02  -3.855784609914e-02  -9.250581264496e-01  -3.161601349711e-02  -2.672205120325e-02  -8.764488101006e-01  -3.673362359405e-02  -1.289855502546e-02  -6.923694014549e-01 
 -3.136071190238e-02   4.994120681658e-04  -8.184758424759e-01  -3.348939493299e-02   7.248316891491e-03  -8.087864518166e-01  -3.348939493299e-02   7.248316891491e-03  -8.087864518166e-01 
  0.000000000000e+00   5.318362265825e-02  -6.475846767426e-01   0.000000000000e+00   5.318362265825e-02  -6.475846767426e-01  -8.332601934671e-02   5.122661590576e-02  -5.570906400681e-01 
 -4.135596379638e-02   5.086629837751e-02  -8.046628236771e-01  -2.835201844573e-02   5.019175633788e-02  -8.704452514648e-01  -2.457794919610e-02   5.096422880888e-02  -9.142036437988e-01 
 -3.646636381745e-02   4.803546890616e-02  -8.915309906006e-01  -2.633980102837e-02   5.618556216359e-02  -8.300330638885e-01  -3.372891619802e-02   5.338152870536e-02  -6.559779644012e-01 
 -3.372891619802e-02   5.338152870536e-02  -6.559779644012e-01   0.000000000000e+00  -8.622609078884e-03  -7.394226789474e-01   0.000000000000e+00  -8.622609078884e-03  -7.394226789474e-01 
 -8.747364580631e-02  -1.360148284584e-02  -8.125763535500e-01  -3.379278257489e-02  -1.300940290093e-02  -8.583407402039e-01  -4.075123369694e-02  -2.466128766537e-02  -6.686142683029e-01 
 -3.375744819641e-02  -3.630263358355e-02  -8.251535296440e-01  -3.020492009819e-02  -1.995100080967e-02  -8.687085509300e-01  -1.962842606008e-02  -9.319736622274e-03  -9.053287506104e-01 
 -3.402913361788e-02  -1.202548667789e-02  -8.623163104057e-01  -3.402913361788e-02  -1.202548667789e-02  -8.623163104057e-01   0.000000000000e+00  -1.493814121932e-02  -7.215332388878e-01 
  0.000000000000e+00  -1.493814121932e-02  -7.215332388878e-01  -7.396675646305e-02   4.523374140263e-03  -7.899430394173e-01  -2.297073230147e-02   1.705992966890e-02  -9.227873086929e-01 
 -3.495810553432e-02   1.976820826530e-02  -9.015926718712e-01  -2.802196145058e-02   2.994179353118e-02  -8.112158179283e-01  -5.289860442281e-02   1.086220238358e-02  -7.062295675278e-01 
 -4.023404419422e-02  -9.031501598656e-03  -8.158461451530e-01  -3.104625642300e-02  -7.754083257169e-03  -8.218892216682e-01  -3.104625642300e-02  -7.754083257169e-03  -8.218892216682e-01 
  0.000000000000e+00  -2.252426743507e-02  -6.512259840965e-01   0.000000000000e+00  -2.252426743507e-02  -6.512259840965e-01  -8.579374849796e-02  -2.561616711318e-02  -6.054130196571e-01 
 -2.167785912752e-02  -2.226876094937e-02  -8.419597148895e-01  -1.011579390615e-02   9.083838202059e-03  -9.020007848740e-01  -8.743474609219e-04   2.343280240893e-02  -9.168753623962e-01 
 -4.004811495543e-02   1.596723496914e-02  -8.914823532104e-01  -3.657575696707e-02   9.242874570191e-03  -7.936481833458e-01  -2.415656112134e-02   1.757737249136e-02  -6.630052924156e-01 
 -2.415656112134e-02   1.757737249136e-02  -6.630052924156e-01   0.000000000000e+00   0.000000000000e+00  -7.638286948204e-01   0.000000000000e+00   0.000000000000e+00  -7.638286948204e-01 
 -1.063182204962e-01   0.000000000000e+00  -7.853454351425e-01  -3.652106970549e-02   0.000000000000e+00  -7.846736311913e-01  -4.802288487554e-03   0.000000000000e+00  -6.266825199127e-01 
  2.078264579177e-02   0.000000000000e+00  -8.481229543686e-01  -1.576878502965e-02   0.000000000000e+00  -9.530438184738e-01  -1.749249547720e-02   0.000000000000e+00  -9.045087695122e-01 
 -3.443437628448e-03   0.000000000000e+00  -8.772448301315e-01  -3.443437628448e-03   0.000000000000e+00  -8.772448301315e-01   0.000000000000e+00   0.000000000000e+00  -7.638286948204e-01 
  0.000000000000e+00   0.000000000000e+00  -7.638286948204e-01  -1.063182204962e-01   0.000000000000e+00  -7.853454351425e-01  -3.652106970549e-02   0.000000000000e+00  -7.846736311913e-01 
 -4.802288487554e-03   0.000000000000e+00  -6.266825199127e-01   2.078264579177e-02   0.000000000000e+00  -8.481229543686e-01  -1.576878502965e-02   0.000000000000e+00  -9.530438184738e-01 
 -1.749249547720e-02   0.000000000000e+00  -9.045087695122e-01  -3.443437628448e-03   0.000000000000e+00  -8.772448301315e-01  -3.443437628448e-03   0.000000000000e+00  -8.772448301315e-01 
  0.000000000000e+00  -1.749004423618e-01  -4.546100795269e-01   0.000000000000e+00  -1.749004423618e-01  -4.546100795269e-01  -5.443608760834e-02  -1.917895078659e-01  -6.519522666931e-01 
 -3.462376445532e-02  -2.049397975206e-01  -8.395417928696e-01  -2.592152543366e-02  -2.139277458191e-01  -8.370700478554e-01  -2.308615297079e-02  -2.188505381346e-01  -8.289322257042e-01 
 -2.912086993456e-02  -2.246442735195e-01  -8.174268007278e-01  -2.161162719131e-02  -2.291974276304e-01  -8.030154705048e-01  -1.876468211412e-02  -2.335612773895e-01  -7.917068600655e-01 
 -1.876468211412e-02  -2.335612773895e-01  -7.917068600655e-01   0.000000000000e+00  -1.749004423618e-01  -4.546100795269e-01   0.000000000000e+00  -1.749004423618e-01  -4.546100795269e-01 
 -5.443608760834e-02  -1.917895078659e-01  -6.519522666931e-01  -3.462376445532e-02  -2.049397975206e-01  -8.395417928696e-01  -2.592152543366e-02  -2.139277458191e-01  -8.370700478554e-01 
 -2.308615297079e-02  -2.188505381346e-01  -8.289322257042e-01  -2.912086993456e-02  -2.246442735195e-01  -8.174268007278e-01  -2.161162719131e-02  -2.291974276304e-01  -8.030154705048e-01 
 -1.876468211412e-02  -2.335612773895e-01  -7.917068600655e-01  -1.876468211412e-02  -2.335612773895e-01  -7.917068600655e-01   0.000000000000e+00   1.099096164107e-01  -4.399389028549e-01 
  0.000000000000e+00   1.099096164107e-01  -4.399389028549e-01  -5.923339352012e-02   1.187564805150e-01  -6.506984233856e-01  -3.760330006480e-02   1.218266785145e-01  -8.415997624397e-01 
 -3.002909757197e-02   1.204336062074e-01  -8.403307199478e-01  -2.266812138259e-02   1.167793869972e-01  -8.278391957283e-01  -2.224772237241e-02   1.135045737028e-01  -8.206169605255e-01 
 -1.283938344568e-02   1.188777834177e-01  -8.018379211426e-01  -1.434593647718e-02   1.231061071157e-01  -7.897020578384e-01  -1.434593647718e-02   1.231061071157e-01  -7.897020578384e-01 
  0.000000000000e+00  -6.114233657718e-02  -4.908474087715e-01   0.000000000000e+00  -6.114233657718e-02  -4.908474087715e-01  -5.809673666954e-02  -6.596954911947e-02  -6.755691766739e-01 
 -2.978942543268e-02  -5.230138078332e-02  -8.203238248825e-01  -2.510680072010e-02  -4.693733900785e-02  -8.121523261070e-01  -2.915798500180e-02  -5.443331599236e-02  -8.148735165596e-01 
 -2.877328544855e-02  -6.222100183368e-02  -8.064548969269e-01  -1.623527333140e-02  -5.481191352010e-02  -7.903541326523e-01  -1.415095664561e-02  -5.113777518272e-02  -7.890835404396e-01 
 -1.415095664561e-02  -5.113777518272e-02  -7.890835404396e-01   0.000000000000e+00   4.296167194843e-02  -4.751389622688e-01   0.000000000000e+00   4.296167194843e-02  -4.751389622688e-01 
 -5.534650385380e-02   4.008581116796e-02  -6.525233983994e-01  -2.909567579627e-02   3.969913721085e-02  -8.201007246971e-01  -2.409997023642e-02   3.952507302165e-02  -8.291613459587e-01 
 -1.859202980995e-02   4.990901052952e-02  -8.170736432076e-01  -2.414938434958e-02   5.520438402891e-02  -8.110026717186e-01  -2.458155155182e-02   4.654795676470e-02  -8.128864765167e-01 
 -2.076848223805e-02   4.066157713532e-02  -7.932491898537e-01  -2.076848223805e-02   4.066157713532e-02  -7.932491898537e-01   0.000000000000e+00  -5.356344394386e-03  -4.578964710236e-01 
  0.000000000000e+00  -5.356344394386e-03  -4.578964710236e-01  -5.663244053721e-02  -6.002020556480e-03  -6.643409729004e-01  -3.789082914591e-02  -1.463606767356e-02  -8.372150063515e-01 
 -3.553764522076e-02  -2.348284050822e-02  -8.279424309731e-01  -1.911232620478e-02  -2.223943360150e-02  -8.148556351662e-01  -1.929606869817e-02  -1.473053637892e-02  -8.125586509705e-01 
 -1.423592586070e-02  -1.053142547607e-02  -7.982774376869e-01  -1.525061856955e-02  -4.773507826030e-03  -7.897317409515e-01  -1.525061856955e-02  -4.773507826030e-03  -7.897317409515e-01 
  0.000000000000e+00  -5.334972403944e-03  -4.853152930737e-01   0.000000000000e+00  -5.334972403944e-03  -4.853152930737e-01  -5.104504153132e-02   3.185159061104e-03  -6.715579628944e-01 
 -2.542231418192e-02   1.645808108151e-02  -8.233779072762e-01  -2.770847640932e-02   2.413042634726e-02  -8.285506367683e-01  -3.034829907119e-02   1.192648895085e-02  -8.411529660225e-01 
 -2.946604229510e-02   2.042871899903e-03  -8.217355608940e-01  -1.864671334624e-02  -3.055243752897e-03  -8.045413494110e-01  -1.167869754136e-02   3.481012827251e-04  -7.862189412117e-01 
 -1.167869754136e-02   3.481012827251e-04  -7.862189412117e-01   0.000000000000e+00  -1.305582001805e-02  -4.636091291904e-01   0.000000000000e+00  -1.305582001805e-02  -4.636091291904e-01 
 -5.430084839463e-02  -1.517056953162e-02  -6.487749218941e-01  -2.422190271318e-02  -1.090153213590e-02  -8.101649880409e-01  -1.660535857081e-02   2.118940930814e-03  -8.264164924622e-01 
 -1.203925907612e-02   1.422162540257e-02  -8.317234516144e-01  -2.584711089730e-02   1.430799253285e-02  -8.322391510010e-01  -3.048832155764e-02   2.190129365772e-03  -8.330681324005e-01 
 -1.591240987182e-02  -2.446267055348e-03  -7.991970777512e-01  -1.591240987182e-02  -2.446267055348e-03  -7.991970777512e-01   0.000000000000e+00   0.000000000000e+00  -4.448043406010e-01 
  0.000000000000e+00   0.000000000000e+00  -4.448043406010e-01  -5.981024354696e-02   0.000000000000e+00  -6.544092893600e-01  -3.974764794111e-02   0.000000000000e+00  -8.220841884613e-01 
 -2.088669501245e-02   0.000000000000e+00  -7.953369617462e-01   5.919746588916e-03   0.000000000000e+00  -8.089741468430e-01  -1.290491037071e-02   0.000000000000e+00  -8.449259996414e-01 
 -2.704380080104e-02   0.000000000000e+00  -8.357002735138e-01  -9.369529783726e-03   0.000000000000e+00  -8.118895888329e-01  -9.369529783726e-03   0.000000000000e+00  -8.118895888329e-01 
  0.000000000000e+00   0.000000000000e+00  -4.448043406010e-01   0.000000000000e+00   0.000000000000e+00  -4.448043406010e-01  -5.981024354696e-02   0.000000000000e+00  -6.544092893600e-01 
 -3.974764794111e-02   0.000000000000e+00  -8.220841884613e-01  -2.088669501245e-02   0.000000000000e+00  -7.953369617462e-01   5.919746588916e-03   0.000000000000e+00  -8.089741468430e-01 
 -1.290491037071e-02   0.000000000000e+00  -8.449259996414e-01  -2.704380080104e-02   0.000000000000e+00  -8.357002735138e-01  -9.369529783726e-03   0.000000000000e+00  -8.118895888329e-01 
 -9.369529783726e-03   0.000000000000e+00  -8.118895888329e-01   0.000000000000e+00  -1.528635770082e-01  -5.012985467911e-01   0.000000000000e+00  -1.528635770082e-01  -5.012985467911e-01 
 -2.786593511701e-02  -1.644841134548e-01  -7.050176858902e-01  -2.225587144494e-02  -1.732214391232e-01  -8.772115707397e-01  -2.092001773417e-02  -1.803186982870e-01  -8.696148991585e-01 
 -2.053757011890e-02  -1.856700778008e-01  -8.671190142632e-01  -1.691692322493e-02  -1.898287981749e-01  -8.585526943207e-01  -1.408253517002e-02  -1.933458745480e-01  -8.501126170158e-01 
 -7.385968696326e-03  -1.956403404474e-01  -8.403357267380e-01  -7.385968696326e-03  -1.956403404474e-01  -8.403357267380e-01   0.000000000000e+00  -1.528635770082e-01  -5.012985467911e-01 
  0.000000000000e+00  -1.528635770082e-01  -5.012985467911e-01  -2.786593511701e-02  -1.644841134548e-01  -7.050176858902e-01  -2.225587144494e-02  -1.732214391232e-01  -8.772115707397e-01 
 -2.092001773417e-02  -1.803186982870e-01  -8.696148991585e-01  -2.053757011890e-02  -1.856700778008e-01  -8.671190142632e-01  -1.691692322493e-02  -1.898287981749e-01  -8.585526943207e-01 
 -1.408253517002e-02  -1.933458745480e-01  -8.501126170158e-01  -7.385968696326e-03  -1.956403404474e-01  -8.403357267380e-01  -7.385968696326e-03  -1.956403404474e-01  -8.403357267380e-01 
  0.000000000000e+00   1.395080536604e-01  -4.481773674488e-01   0.000000000000e+00   1.395080536604e-01  -4.481773674488e-01  -3.090049140155e-02   1.451439708471e-01  -6.786403059959e-01 
 -2.450944297016e-02   1.458921134472e-01  -8.748639822006e-01  -2.063109725714e-02   1.494140774012e-01  -8.647356629372e-01  -2.142278291285e-02   1.430182307959e-01  -8.623462915421e-01 
 -1.691870763898e-02   1.421331316233e-01  -8.566711544991e-01  -1.325574237853e-02   1.442148536444e-01  -8.547391295433e-01  -6.360019091517e-03   1.451531797647e-01  -8.505115509033e-01 
 -6.360019091517e-03   1.451531797647e-01  -8.505115509033e-01   0.000000000000e+00  -6.561056524515e-02  -4.609846174717e-01   0.000000000000e+00  -6.561056524515e-02  -4.609846174717e-01 
 -3.108372539282e-02  -7.427156716585e-02  -6.728594899178e-01  -2.837822027504e-02  -7.457771897316e-02  -8.537232279778e-01  -1.909832656384e-02  -7.141840457916e-02  -8.501352667809e-01 
 -1.837004534900e-02  -7.131695002317e-02  -8.421385884285e-01  -1.883089542389e-02  -7.065539062023e-02  -8.316792845726e-01  -1.357974670827e-02  -6.787130981684e-02  -8.284398913383e-01 
 -6.923641078174e-03  -6.664495170116e-02  -8.222496509552e-01  -6.923641078174e-03  -6.664495170116e-02  -8.222496509552e-01   0.000000000000e+00   3.402858227491e-02  -4.566645026207e-01 
  0.000000000000e+00   3.402858227491e-02  -4.566645026207e-01  -3.254594653845e-02   3.088330291212e-02  -6.781643629074e-01  -2.477787248790e-02   3.310926631093e-02  -8.647397756577e-01 
 -1.964209973812e-02   3.306199237704e-02  -8.600845336914e-01  -1.858133822680e-02   3.355949372053e-02  -8.585438728333e-01  -1.472927536815e-02   3.666292503476e-02  -8.533884286880e-01 
 -1.296135131270e-02   3.705473989248e-02  -8.447171449661e-01  -8.988262154162e-03   3.552002832294e-02  -8.337294459343e-01  -8.988262154162e-03   3.552002832294e-02  -8.337294459343e-01 
  0.000000000000e+00  -1.223500818014e-02  -4.470803141594e-01   0.000000000000e+00  -1.223500818014e-02  -4.470803141594e-01  -2.950036339462e-02  -1.083521638066e-02  -6.710941791534e-01 
 -2.533170208335e-02  -1.176359690726e-02  -8.669214844704e-01  -2.045372687280e-02  -1.254107523710e-02  -8.518266081810e-01  -1.784037053585e-02  -1.031600125134e-02  -8.476248383522e-01 
 -1.581482030451e-02  -8.305348455906e-03  -8.437454700470e-01  -1.338031049818e-02  -6.695311050862e-03  -8.419288396835e-01  -6.219650153071e-03  -4.870661534369e-03  -8.365650773048e-01 
 -6.219650153071e-03  -4.870661534369e-03  -8.365650773048e-01   0.000000000000e+00   4.054085293319e-04  -4.552641212940e-01   0.000000000000e+00   4.054085293319e-04  -4.552641212940e-01 
 -3.017581067979e-02   2.940161386505e-03  -6.760165095329e-01  -2.405291795731e-02   3.556644776836e-03  -8.736948370934e-01  -1.606764458120e-02   6.962333340198e-03  -8.666386008263e-01 
 -1.546836085618e-02   8.822096511722e-03  -8.553453683853e-01  -1.646241173148e-02   8.206471800804e-03  -8.420397043228e-01  -1.473005302250e-02   7.152677979320e-03  -8.355723023415e-01 
 -9.160458110273e-03   5.591489840299e-03  -8.297998905182e-01  -9.160458110273e-03   5.591489840299e-03  -8.297998905182e-01   0.000000000000e+00  -6.533986423165e-03  -4.560739398003e-01 
  0.000000000000e+00  -6.533986423165e-03  -4.560739398003e-01  -3.156963363290e-02  -5.871858913451e-03  -6.781367063522e-01  -2.401376888156e-02  -5.154798272997e-03  -8.667972087860e-01 
 -1.457746047527e-02  -2.402400830761e-03  -8.646228909492e-01  -1.075810473412e-02   2.139479853213e-03  -8.619487881660e-01  -1.032965630293e-02   6.039894651622e-03  -8.519586920738e-01 
 -1.397930365056e-02   6.343654356897e-03  -8.377155661583e-01  -1.017047651112e-02   4.879561718553e-03  -8.242535591125e-01  -1.017047651112e-02   4.879561718553e-03  -8.242535591125e-01 
  0.000000000000e+00   0.000000000000e+00  -4.874409139156e-01   0.000000000000e+00   0.000000000000e+00  -4.874409139156e-01  -3.141018748283e-02   0.000000000000e+00  -6.998834013939e-01 
 -2.679651603103e-02   0.000000000000e+00  -8.623644113541e-01  -1.880934834480e-02   0.000000000000e+00  -8.542502522469e-01  -7.041885051876e-03   0.000000000000e+00  -8.608403205872e-01 
 -5.764788016677e-03   0.000000000000e+00  -8.563087582588e-01  -1.301425136626e-02   0.000000000000e+00  -8.441446423531e-01  -6.108807399869e-03   0.000000000000e+00  -8.366498947144e-01 
 -6.108807399869e-03   0.000000000000e+00  -8.366498947144e-01   0.000000000000e+00   0.000000000000e+00  -4.874409139156e-01   0.000000000000e+00   0.000000000000e+00  -4.874409139156e-01 
 -3.141018748283e-02   0.000000000000e+00  -6.998834013939e-01  -2.679651603103e-02   0.000000000000e+00  -8.623644113541e-01  -1.880934834480e-02   0.000000000000e+00  -8.542502522469e-01 
 -7.041885051876e-03   0.000000000000e+00  -8.608403205872e-01  -5.764788016677e-03   0.000000000000e+00  -8.563087582588e-01  -1.301425136626e-02   0.000000000000e+00  -8.441446423531e-01 
 -6.108807399869e-03   0.000000000000e+00  -8.366498947144e-01  -6.108807399869e-03   0.000000000000e+00  -8.366498947144e-01   0.000000000000e+00  -1.640287935734e-01  -4.842594861984e-01 
  0.000000000000e+00  -1.640287935734e-01  -4.842594861984e-01  -1.265649218112e-02  -1.884917616844e-01  -6.770094633102e-01  -1.815072819591e-02  -1.972594708204e-01  -8.623188734055e-01 
 -1.276199426502e-02  -2.037591487169e-01  -8.556464314461e-01  -1.479199808091e-02  -2.101095020771e-01  -8.492948412895e-01  -1.145501900464e-02  -2.148506641388e-01  -8.438341021538e-01 
 -8.574755862355e-03  -2.184121012688e-01  -8.380976915359e-01  -4.964821971953e-03  -2.206220924854e-01  -8.344612717628e-01  -4.964821971953e-03  -2.206220924854e-01  -8.344612717628e-01 
  0.000000000000e+00  -1.640287935734e-01  -4.842594861984e-01   0.000000000000e+00  -1.640287935734e-01  -4.842594861984e-01  -1.265649218112e-02  -1.884917616844e-01  -6.770094633102e-01 
 -1.815072819591e-02  -1.972594708204e-01  -8.623188734055e-01  -1.276199426502e-02  -2.037591487169e-01  -8.556464314461e-01  -1.479199808091e-02  -2.101095020771e-01  -8.492948412895e-01 
 -1.145501900464e-02  -2.148506641388e-01  -8.438341021538e-01  -8.574755862355e-03  -2.184121012688e-01  -8.380976915359e-01  -4.964821971953e-03  -2.206220924854e-01  -8.344612717628e-01 
 -4.964821971953e-03  -2.206220924854e-01  -8.344612717628e-01   0.000000000000e+00   1.257879585028e-01  -4.415290653706e-01   0.000000000000e+00   1.257879585028e-01  -4.415290653706e-01 
 -1.237449981272e-02   1.227282732725e-01  -6.531003117561e-01  -1.824885979295e-02   1.252327561378e-01  -8.636833429337e-01  -1.264847069979e-02   1.279594749212e-01  -8.566268682480e-01 
 -1.457685139030e-02   1.249560192227e-01  -8.498826622963e-01  -1.082928106189e-02   1.265601813793e-01  -8.435127139091e-01  -7.806805428118e-03   1.304003894329e-01  -8.377127647400e-01 
 -4.630981478840e-03   1.317146867514e-01  -8.345938324928e-01  -4.630981478840e-03   1.317146867514e-01  -8.345938324928e-01   0.000000000000e+00  -6.398537009954e-02  -4.559918045998e-01 
  0.000000000000e+00  -6.398537009954e-02  -4.559918045998e-01  -9.348005056381e-03  -6.510385870934e-02  -6.506805419922e-01  -1.985184289515e-02  -6.566162407398e-02  -8.328764438629e-01 
 -1.243796292692e-02  -6.501611322165e-02  -8.253468871117e-01  -1.418817043304e-02  -6.604987382889e-02  -8.205511569977e-01  -1.210733409971e-02  -6.686810404062e-02  -8.143951892853e-01 
 -9.094608016312e-03  -6.686108559370e-02  -8.091441988945e-01  -4.637263249606e-03  -6.672031432390e-02  -8.057500720024e-01  -4.637263249606e-03  -6.672031432390e-02  -8.057500720024e-01 
  0.000000000000e+00   2.268749289215e-02  -4.527993500233e-01   0.000000000000e+00   2.268749289215e-02  -4.527993500233e-01  -1.149167492986e-02   1.914258487523e-02  -6.549688577652e-01 
 -1.864585280418e-02   1.982254162431e-02  -8.501173257828e-01  -1.209273468703e-02   2.009107731283e-02  -8.428583145142e-01  -1.339773554355e-02   2.077038027346e-02  -8.367372155190e-01 
 -1.060936506838e-02   2.196257375181e-02  -8.320599198341e-01  -8.418080396950e-03   2.244224399328e-02  -8.276087045670e-01  -4.840134643018e-03   2.231689170003e-02  -8.231019973755e-01 
 -4.840134643018e-03   2.231689170003e-02  -8.231019973755e-01   0.000000000000e+00  -1.174359023571e-02  -4.538924694061e-01   0.000000000000e+00  -1.174359023571e-02  -4.538924694061e-01 
 -1.010486390442e-02  -1.011449098587e-02  -6.559761166573e-01  -1.750296540558e-02  -8.405224420130e-03  -8.473627567291e-01  -1.210512965918e-02  -6.195914465934e-03  -8.389297127724e-01 
 -1.381494104862e-02  -5.321598611772e-03  -8.338718414307e-01  -1.062302663922e-02  -4.463724326342e-03  -8.290635943413e-01  -8.087802678347e-03  -3.804839914665e-03  -8.235582709312e-01 
 -4.493012093008e-03  -3.482116619125e-03  -8.203616142273e-01  -4.493012093008e-03  -3.482116619125e-03  -8.203616142273e-01   0.000000000000e+00   3.381265792996e-03  -4.523011744022e-01 
  0.000000000000e+00   3.381265792996e-03  -4.523011744022e-01  -1.053938176483e-02   2.820788649842e-03  -6.532528400421e-01  -1.723907887936e-02   2.866864902899e-03  -8.472271561623e-01 
 -1.097220275551e-02   3.746243892238e-03  -8.412528038025e-01  -1.317662931979e-02   4.175805486739e-03  -8.382120132446e-01  -1.127278804779e-02   3.616204019636e-03  -8.339639306068e-01 
 -9.042500518262e-03   2.938223769888e-03  -8.289462327957e-01  -4.314193036407e-03   2.965523162857e-03  -8.241078257561e-01  -4.314193036407e-03   2.965523162857e-03  -8.241078257561e-01 
  0.000000000000e+00  -1.807942637242e-03  -4.506939947605e-01   0.000000000000e+00  -1.807942637242e-03  -4.506939947605e-01  -1.133969705552e-02  -1.599192502908e-03  -6.507942080498e-01 
 -1.784979924560e-02  -1.743500586599e-03  -8.447254896164e-01  -8.970671333373e-03   6.313820631476e-05  -8.382212519646e-01  -1.097174175084e-02   1.991036580876e-03  -8.365757465363e-01 
 -9.767749346793e-03   2.937724115327e-03  -8.363768458366e-01  -9.053420275450e-03   2.827666001394e-03  -8.332857489586e-01  -4.634255543351e-03   2.682651625946e-03  -8.282200694084e-01 
 -4.634255543351e-03   2.682651625946e-03  -8.282200694084e-01   0.000000000000e+00   0.000000000000e+00  -4.469558000565e-01   0.000000000000e+00   0.000000000000e+00  -4.469558000565e-01 
 -1.295668445528e-02   0.000000000000e+00  -6.506424546242e-01  -1.922553405166e-02   0.000000000000e+00  -8.451401591301e-01  -9.118795394897e-03   0.000000000000e+00  -8.344873189926e-01 
 -9.828250855207e-03   0.000000000000e+00  -8.341053724289e-01  -8.112695068121e-03   0.000000000000e+00  -8.376556634903e-01  -8.483339101076e-03   0.000000000000e+00  -8.352873325348e-01 
 -4.844158887863e-03   0.000000000000e+00  -8.326760530472e-01  -4.844158887863e-03   0.000000000000e+00  -8.326760530472e-01   0.000000000000e+00   0.000000000000e+00  -4.469558000565e-01 
  0.000000000000e+00   0.000000000000e+00  -4.469558000565e-01  -1.295668445528e-02   0.000000000000e+00  -6.506424546242e-01  -1.922553405166e-02   0.000000000000e+00  -8.451401591301e-01 
 -9.118795394897e-03   0.000000000000e+00  -8.344873189926e-01  -9.828250855207e-03   0.000000000000e+00  -8.341053724289e-01  -8.112695068121e-03   0.000000000000e+00  -8.376556634903e-01 
 -8.483339101076e-03   0.000000000000e+00  -8.352873325348e-01  -4.844158887863e-03   0.000000000000e+00  -8.326760530472e-01  -4.844158887863e-03   0.000000000000e+00  -8.326760530472e-01 
  0.000000000000e+00  -1.069054976106e-01  -4.850781857967e-01   0.000000000000e+00  -1.069054976106e-01  -4.850781857967e-01  -3.639636561275e-03  -1.114675402641e-01  -6.770052909851e-01 
 -1.558044366539e-02  -1.187335774302e-01  -8.613502383232e-01  -5.861251614988e-03  -1.229294613004e-01  -8.563804030418e-01  -9.747151285410e-03  -1.277254968882e-01  -8.505123853683e-01 
 -6.291583646089e-03  -1.308648735285e-01  -8.450127840042e-01  -4.905072506517e-03  -1.332954466343e-01  -8.405001163483e-01  -2.300357911736e-03  -1.345355361700e-01  -8.373234868050e-01 
 -2.300357911736e-03  -1.345355361700e-01  -8.373234868050e-01   0.000000000000e+00  -1.069054976106e-01  -4.850781857967e-01   0.000000000000e+00  -1.069054976106e-01  -4.850781857967e-01 
 -3.639636561275e-03  -1.114675402641e-01  -6.770052909851e-01  -1.558044366539e-02  -1.187335774302e-01  -8.613502383232e-01  -5.861251614988e-03  -1.229294613004e-01  -8.563804030418e-01 
 -9.747151285410e-03  -1.277254968882e-01  -8.505123853683e-01  -6.291583646089e-03  -1.308648735285e-01  -8.450127840042e-01  -4.905072506517e-03  -1.332954466343e-01  -8.405001163483e-01 
 -2.300357911736e-03  -1.345355361700e-01  -8.373234868050e-01  -2.300357911736e-03  -1.345355361700e-01  -8.373234868050e-01   0.000000000000e+00   6.656014919281e-02  -4.305773675442e-01 
  0.000000000000e+00   6.656014919281e-02  -4.305773675442e-01  -5.428667180240e-03   4.789291322231e-02  -6.514358520508e-01  -1.596944406629e-02   4.864494875073e-02  -8.724132180214e-01 
 -5.622553173453e-03   4.966167733073e-02  -8.667954802513e-01  -9.483854286373e-03   5.090483650565e-02  -8.611952662468e-01  -6.148949731141e-03   5.202107876539e-02  -8.561102747917e-01 
 -4.613164812326e-03   5.306054651737e-02  -8.522189259529e-01  -2.079157158732e-03   5.364450439811e-02  -8.493307828903e-01  -2.079157158732e-03   5.364450439811e-02  -8.493307828903e-01 
  0.000000000000e+00  -3.961957618594e-02  -4.437429606915e-01   0.000000000000e+00  -3.961957618594e-02  -4.437429606915e-01  -1.379705383442e-03  -3.275770694017e-02  -6.471058726311e-01 
 -1.703357510269e-02  -3.376686945558e-02  -8.434151411057e-01  -5.591167137027e-03  -3.373613208532e-02  -8.376934528351e-01  -9.419114328921e-03  -3.375068679452e-02  -8.322914242744e-01 
 -6.277219858021e-03  -3.391816467047e-02  -8.265236020088e-01  -4.868189338595e-03  -3.411986678839e-02  -8.215364813805e-01  -2.220814349130e-03  -3.430643677711e-02  -8.182967305183e-01 
 -2.220814349130e-03  -3.430643677711e-02  -8.182967305183e-01   0.000000000000e+00   1.189929153770e-02  -4.417138695717e-01   0.000000000000e+00   1.189929153770e-02  -4.417138695717e-01 
 -3.484376473352e-03   8.991532959044e-03  -6.513356566429e-01  -1.593214459717e-02   9.688992053270e-03  -8.563542962074e-01  -5.394403357059e-03   9.807544760406e-03  -8.506742119789e-01 
 -9.298289194703e-03   9.855826385319e-03  -8.456882834435e-01  -5.962073802948e-03   1.013325620443e-02  -8.408713936806e-01  -4.639586433768e-03   1.031081285328e-02  -8.365749120712e-01 
 -2.196778776124e-03   1.032881252468e-02  -8.334448337555e-01  -2.196778776124e-03   1.032881252468e-02  -8.334448337555e-01   0.000000000000e+00  -6.692942231894e-03  -4.412828981876e-01 
  0.000000000000e+00  -6.692942231894e-03  -4.412828981876e-01  -2.791947452351e-03  -5.550388246775e-03  -6.499490141869e-01  -1.596161164343e-02  -5.163870286196e-03  -8.541489839554e-01 
 -4.852387588471e-03  -3.011352848262e-03  -8.483852744102e-01  -8.820084854960e-03  -2.006351016462e-03  -8.428052663803e-01  -5.869906861335e-03  -1.838085707277e-03  -8.376733660698e-01 
 -4.783362615854e-03  -1.901640440337e-03  -8.336299657822e-01  -2.249357989058e-03  -1.907233381644e-03  -8.308529853821e-01  -2.249357989058e-03  -1.907233381644e-03  -8.308529853821e-01 
  0.000000000000e+00   1.385398092680e-03  -4.437437057495e-01   0.000000000000e+00   1.385398092680e-03  -4.437437057495e-01  -2.987713320181e-03   1.152814365923e-03  -6.517354846001e-01 
 -1.587879098952e-02   1.122650806792e-03  -8.556706905365e-01  -4.997616168112e-03   1.151434960775e-03  -8.507880568504e-01  -8.324751630425e-03   1.552821602672e-03  -8.456643223763e-01 
 -5.435277242213e-03   1.898195245303e-03  -8.400574922562e-01  -4.609592724591e-03   2.043938729912e-03  -8.350719213486e-01  -2.422224264592e-03   1.966595416889e-03  -8.321670293808e-01 
 -2.422224264592e-03   1.966595416889e-03  -8.321670293808e-01   0.000000000000e+00  -9.083741460927e-04  -4.432478845119e-01   0.000000000000e+00  -9.083741460927e-04  -4.432478845119e-01 
 -2.970194444060e-03  -6.325106951408e-04  -6.515464782715e-01  -1.567587628961e-02  -3.812417562585e-04  -8.543248176575e-01  -4.905939567834e-03  -6.783169374103e-05  -8.501812815666e-01 
 -7.933711633086e-03   3.045664634556e-04  -8.467916846275e-01  -4.906574264169e-03   7.486707181670e-04  -8.425348401070e-01  -4.370967857540e-03   9.349414031021e-04  -8.377794027328e-01 
 -2.455825684592e-03   9.141147602350e-04  -8.347867727280e-01  -2.455825684592e-03   9.141147602350e-04  -8.347867727280e-01   0.000000000000e+00   0.000000000000e+00  -4.463179409504e-01 
  0.000000000000e+00   0.000000000000e+00  -4.463179409504e-01  -3.187679918483e-03   0.000000000000e+00  -6.538321375847e-01  -1.579190976918e-02   0.000000000000e+00  -8.540086746216e-01 
 -5.105166230351e-03   0.000000000000e+00  -8.493903279305e-01  -7.654384709895e-03   0.000000000000e+00  -8.467197418213e-01  -4.585400689393e-03   0.000000000000e+00  -8.436288833618e-01 
 -4.312721546739e-03   0.000000000000e+00  -8.396257758141e-01  -2.343456959352e-03   0.000000000000e+00  -8.367815017700e-01  -2.343456959352e-03   0.000000000000e+00  -8.367815017700e-01 
  0.000000000000e+00   0.000000000000e+00  -4.463179409504e-01   0.000000000000e+00   0.000000000000e+00  -4.463179409504e-01  -3.187679918483e-03   0.000000000000e+00  -6.538321375847e-01 
 -1.579190976918e-02   0.000000000000e+00  -8.540086746216e-01  -5.105166230351e-03   0.000000000000e+00  -8.493903279305e-01  -7.654384709895e-03   0.000000000000e+00  -8.467197418213e-01 
 -4.585400689393e-03   0.000000000000e+00  -8.436288833618e-01  -4.312721546739e-03   0.000000000000e+00  -8.396257758141e-01  -2.343456959352e-03   0.000000000000e+00  -8.367815017700e-01 
 -2.343456959352e-03   0.000000000000e+00  -8.367815017700e-01   0.000000000000e+00  -4.510155320168e-02  -4.258069097996e-01   0.000000000000e+00  -4.510155320168e-02  -4.258069097996e-01 
 -2.682447666302e-03  -4.244883731008e-02  -6.392660737038e-01  -1.316493283957e-02  -4.904493317008e-02  -8.563137054443e-01  -3.177702194080e-03  -5.161086842418e-02  -8.537796735764e-01 
 -6.568977609277e-03  -5.413855239749e-02  -8.482778668404e-01  -4.140235483646e-03  -5.550590157509e-02  -8.433530926704e-01  -3.057538997382e-03  -5.662084370852e-02  -8.393407464027e-01 
 -1.573296380229e-03  -5.712336674333e-02  -8.370782136917e-01  -1.573296380229e-03  -5.712336674333e-02  -8.370782136917e-01   0.000000000000e+00  -4.510155320168e-02  -4.258069097996e-01 
  0.000000000000e+00  -4.510155320168e-02  -4.258069097996e-01  -2.682447666302e-03  -4.244883731008e-02  -6.392660737038e-01  -1.316493283957e-02  -4.904493317008e-02  -8.563137054443e-01 
 -3.177702194080e-03  -5.161086842418e-02  -8.537796735764e-01  -6.568977609277e-03  -5.413855239749e-02  -8.482778668404e-01  -4.140235483646e-03  -5.550590157509e-02  -8.433530926704e-01 
 -3.057538997382e-03  -5.662084370852e-02  -8.393407464027e-01  -1.573296380229e-03  -5.712336674333e-02  -8.370782136917e-01  -1.573296380229e-03  -5.712336674333e-02  -8.370782136917e-01 
  0.000000000000e+00   3.157439827919e-02  -3.774133026600e-01   0.000000000000e+00   3.157439827919e-02  -3.774133026600e-01  -3.913978580385e-03   1.851206645370e-02  -6.144586205482e-01 
 -1.321668922901e-02   1.981353759766e-02  -8.645022511482e-01  -3.137235296890e-03   1.998488418758e-02  -8.610173463821e-01  -6.365259643644e-03   2.034735120833e-02  -8.562402129173e-01 
 -3.948389086872e-03   2.057240903378e-02  -8.515028953552e-01  -2.855167025700e-03   2.100727707148e-02  -8.476667404175e-01  -1.495444215834e-03   2.125142514706e-02  -8.455572128296e-01 
 -1.495444215834e-03   2.125142514706e-02  -8.455572128296e-01   0.000000000000e+00  -2.137295901775e-02  -3.910460174084e-01   0.000000000000e+00  -2.137295901775e-02  -3.910460174084e-01 
 -1.346320204902e-04  -1.671823300421e-02  -6.144248843193e-01  -1.382361911237e-02  -1.870302297175e-02  -8.446849584579e-01  -3.015534486622e-03  -1.876320131123e-02  -8.411931395531e-01 
 -6.273928564042e-03  -1.865161210299e-02  -8.363476395607e-01  -4.081347025931e-03  -1.874898374081e-02  -8.316197395325e-01  -3.245424712077e-03  -1.888868957758e-02  -8.279333710670e-01 
 -1.562969875522e-03  -1.899428479373e-02  -8.258246779442e-01  -1.562969875522e-03  -1.899428479373e-02  -8.258246779442e-01   0.000000000000e+00   6.531363818794e-03  -3.893237113953e-01 
  0.000000000000e+00   6.531363818794e-03  -3.893237113953e-01  -2.048928756267e-03   5.039871204644e-03  -6.172154545784e-01  -1.306727621704e-02   5.746181588620e-03  -8.532704114914e-01 
 -2.918709535152e-03   5.828522611409e-03  -8.499482274055e-01  -6.025517359376e-03   5.975272506475e-03  -8.451809883118e-01  -3.668375778943e-03   6.332320626825e-03  -8.404682278633e-01 
 -2.857706276700e-03   6.640957202762e-03  -8.366698622704e-01  -1.433558994904e-03   6.759470794350e-03  -8.344839811325e-01  -1.433558994904e-03   6.759470794350e-03  -8.344839811325e-01 
  0.000000000000e+00  -4.612358752638e-03  -3.901337385178e-01   0.000000000000e+00  -4.612358752638e-03  -3.901337385178e-01  -1.522660721093e-03  -3.931727726012e-03  -6.167065501213e-01 
 -1.296369824558e-02  -3.591093933210e-03  -8.509289026260e-01  -2.477035857737e-03  -2.079146215692e-03  -8.478150963783e-01  -5.844742991030e-03  -1.469710376114e-03  -8.434735536575e-01 
 -3.629333572462e-03  -1.301444834098e-03  -8.390448689461e-01  -2.825411269441e-03  -1.231510657817e-03  -8.352428078651e-01  -1.373843871988e-03  -1.168959890492e-03  -8.330006599426e-01 
 -1.373843871988e-03  -1.168959890492e-03  -8.330006599426e-01   0.000000000000e+00   1.201846520416e-03  -3.895066082478e-01   0.000000000000e+00   1.201846520416e-03  -3.895066082478e-01 
 -1.904171076603e-03   7.209536270238e-04  -6.164190173149e-01  -1.313295774162e-02   5.674315034412e-04  -8.517994284630e-01  -2.092713024467e-03   9.252072195522e-04  -8.485970497131e-01 
 -5.067472346127e-03   1.531764515676e-03  -8.442944884300e-01  -3.245529718697e-03   1.864690566435e-03  -8.400988578796e-01  -2.841060515493e-03   1.925762509927e-03  -8.365929722786e-01 
 -1.309306011535e-03   1.996507169679e-03  -8.343355655670e-01  -1.309306011535e-03   1.996507169679e-03  -8.343355655670e-01   0.000000000000e+00  -6.519974558614e-04  -3.899020850658e-01 
  0.000000000000e+00  -6.519974558614e-04  -3.899020850658e-01  -1.896917354316e-03  -5.380611983128e-04  -6.164692044258e-01  -1.336048450321e-02  -6.123424391262e-04  -8.516640663147e-01 
 -1.859362702817e-03  -8.726436499273e-05  -8.487120866776e-01  -4.169162362814e-03   6.444872706197e-04  -8.444826006889e-01  -2.451202832162e-03   1.222812454216e-03  -8.404198288918e-01 
 -2.386974869296e-03   1.470610732213e-03  -8.369648456573e-01  -1.120634842664e-03   1.595552545041e-03  -8.346303701401e-01  -1.120634842664e-03   1.595552545041e-03  -8.346303701401e-01 
  0.000000000000e+00   0.000000000000e+00  -3.903756141663e-01   0.000000000000e+00   0.000000000000e+00  -3.903756141663e-01  -2.063358901069e-03   0.000000000000e+00  -6.169017553329e-01 
 -1.360261812806e-02   0.000000000000e+00  -8.516737818718e-01  -2.045600442216e-03   0.000000000000e+00  -8.486624360085e-01  -3.869890933856e-03   0.000000000000e+00  -8.446418642998e-01 
 -1.968857832253e-03   0.000000000000e+00  -8.407757878304e-01  -1.982922432944e-03   0.000000000000e+00  -8.372247815132e-01  -9.861558210105e-04   0.000000000000e+00  -8.348752856255e-01 
 -9.861558210105e-04   0.000000000000e+00  -8.348752856255e-01   0.000000000000e+00   0.000000000000e+00  -3.903756141663e-01   0.000000000000e+00   0.000000000000e+00  -3.903756141663e-01 
 -2.063358901069e-03   0.000000000000e+00  -6.169017553329e-01  -1.360261812806e-02   0.000000000000e+00  -8.516737818718e-01  -2.045600442216e-03   0.000000000000e+00  -8.486624360085e-01 
 -3.869890933856e-03   0.000000000000e+00  -8.446418642998e-01  -1.968857832253e-03   0.000000000000e+00  -8.407757878304e-01  -1.982922432944e-03   0.000000000000e+00  -8.372247815132e-01 
 -9.861558210105e-04   0.000000000000e+00  -8.348752856255e-01  -9.861558210105e-04   0.000000000000e+00  -8.348752856255e-01   0.000000000000e+00   3.441461548209e-02   3.017999045551e-02 
  0.000000000000e+00   3.441461548209e-02   3.017999045551e-02  -2.871915325522e-02   6.304762326181e-03  -1.720433235168e-01  -1.684027165174e-02   3.159396816045e-03  -8.572531342506e-01 
 -3.628271864727e-03   2.692519454286e-03  -8.532217144966e-01  -6.567326840013e-03   2.712375950068e-03  -8.488096594810e-01  -4.140235483646e-03   2.669781213626e-03  -8.437659740448e-01 
 -3.057538997382e-03   2.709359163418e-03  -8.397480249405e-01  -1.573296380229e-03   2.784375334159e-03  -8.373367786407e-01  -1.573296380229e-03   2.784375334159e-03  -8.373367786407e-01 
  0.000000000000e+00   3.441461548209e-02   3.017999045551e-02   0.000000000000e+00   3.441461548209e-02   3.017999045551e-02  -2.871915325522e-02   6.304762326181e-03  -1.720433235168e-01 
 -1.684027165174e-02   3.159396816045e-03  -8.572531342506e-01  -3.628271864727e-03   2.692519454286e-03  -8.532217144966e-01  -6.567326840013e-03   2.712375950068e-03  -8.488096594810e-01 
 -4.140235483646e-03   2.669781213626e-03  -8.437659740448e-01  -3.057538997382e-03   2.709359163418e-03  -8.397480249405e-01  -1.573296380229e-03   2.784375334159e-03  -8.373367786407e-01 
 -1.573296380229e-03   2.784375334159e-03  -8.373367786407e-01   0.000000000000e+00   9.403836913407e-03   2.629460394382e-02   0.000000000000e+00   9.403836913407e-03   2.629460394382e-02 
 -2.639842033386e-02   1.395795214921e-02  -1.679915189743e-01  -1.633142679930e-02   1.857610605657e-02  -8.626379370689e-01  -3.572358749807e-03   1.993917860091e-02  -8.572976589203e-01 
 -6.363691762090e-03   2.034712210298e-02  -8.536313772202e-01  -3.948389552534e-03   2.057240903378e-02  -8.487332463264e-01  -2.855167025700e-03   2.100727707148e-02  -8.448790311813e-01 
 -1.495444215834e-03   2.125142514706e-02  -8.425582051277e-01  -1.495444215834e-03   2.125142514706e-02  -8.425582051277e-01   0.000000000000e+00  -8.692471310496e-03   4.924951866269e-02 
  0.000000000000e+00  -8.692471310496e-03   4.924951866269e-02  -2.390405349433e-02  -1.270535215735e-02  -1.518482267857e-01  -1.620554551482e-02  -1.743556559086e-02  -8.453991413116e-01 
 -3.450520103797e-03  -1.872012764215e-02  -8.403573036194e-01  -6.272343453020e-03  -1.865165121853e-02  -8.367943763733e-01  -4.081347491592e-03  -1.874898374081e-02  -8.319503068924e-01 
 -3.245424712077e-03  -1.888868957758e-02  -8.279472589493e-01  -1.562969875522e-03  -1.899428479373e-02  -8.255019187927e-01  -1.562969875522e-03  -1.899428479373e-02  -8.255019187927e-01 
  0.000000000000e+00   4.003455396742e-03   5.085514113307e-02   0.000000000000e+00   4.003455396742e-03   5.085514113307e-02  -2.665059454739e-02   4.521663300693e-03  -1.517325043678e-01 
 -1.627690531313e-02   5.487410351634e-03  -8.546310067177e-01  -3.359241411090e-03   5.817455705255e-03  -8.495548963547e-01  -6.024020258337e-03   5.975184030831e-03  -8.461421132088e-01 
 -3.668376244605e-03   6.332320626825e-03  -8.416053652763e-01  -2.857706276700e-03   6.640957202762e-03  -8.378947377205e-01  -1.433558994904e-03   6.759470794350e-03  -8.356524705887e-01 
 -1.433558994904e-03   6.759470794350e-03  -8.356524705887e-01   0.000000000000e+00  -2.803582930937e-03   5.086312443018e-02   0.000000000000e+00  -2.803582930937e-03   5.086312443018e-02 
 -2.575559727848e-02  -3.367655444890e-03  -1.514555662870e-01  -1.598632335663e-02  -3.543875878677e-03  -8.512950539589e-01  -2.922550542280e-03  -2.126667182893e-03  -8.466740846634e-01 
 -5.843102466315e-03  -1.470079063438e-03  -8.435271382332e-01  -3.629334038123e-03  -1.301444834098e-03  -8.390613198280e-01  -2.825411269441e-03  -1.231510657817e-03  -8.353927731514e-01 
 -1.373843871988e-03  -1.168959890492e-03  -8.332255482674e-01  -1.373843871988e-03  -1.168959890492e-03  -8.332255482674e-01   0.000000000000e+00   6.520744063891e-04   5.065336450934e-02 
  0.000000000000e+00   6.520744063891e-04   5.065336450934e-02  -2.625579759479e-02   6.865140167065e-04  -1.518079191446e-01  -1.623377948999e-02   5.925965961069e-04  -8.520442843437e-01 
 -2.559062791988e-03   9.144161595032e-04  -8.475028276443e-01  -5.066064186394e-03   1.531418063678e-03  -8.450897932053e-01  -3.245529951528e-03   1.864690450020e-03  -8.413140773773e-01 
 -2.841060515493e-03   1.925762509927e-03  -8.378485441208e-01  -1.309306011535e-03   1.996507169679e-03  -8.357397317886e-01  -1.309306011535e-03   1.996507169679e-03  -8.357397317886e-01 
  0.000000000000e+00  -3.632644366007e-04   5.068322271109e-02   0.000000000000e+00  -3.632644366007e-04   5.068322271109e-02  -2.610253170133e-02  -4.506628320087e-04  -1.518057137728e-01 
 -1.637133024633e-02  -5.781755317003e-04  -8.513110876083e-01  -2.337944228202e-03  -1.031912106555e-04  -8.468340635300e-01  -4.168134182692e-03   6.440676515922e-04  -8.452191352844e-01 
 -2.451203297824e-03   1.222812337801e-03  -8.425003290176e-01  -2.386974869296e-03   1.470610732213e-03  -8.398179411888e-01  -1.120634842664e-03   1.595552545041e-03  -8.381352424622e-01 
 -1.120634842664e-03   1.595552545041e-03  -8.381352424622e-01   0.000000000000e+00   0.000000000000e+00   5.026642978191e-02   0.000000000000e+00   0.000000000000e+00   5.026642978191e-02 
 -2.620941214263e-02   0.000000000000e+00  -1.522858291864e-01  -1.658150367439e-02   0.000000000000e+00  -8.513271808624e-01  -2.524971263483e-03   0.000000000000e+00  -8.465968370438e-01 
 -3.869135864079e-03   0.000000000000e+00  -8.451731204987e-01  -1.968858297914e-03   0.000000000000e+00  -8.429690003395e-01  -1.982922432944e-03   0.000000000000e+00  -8.408628702164e-01 
 -9.861558210105e-04   0.000000000000e+00  -8.395407199860e-01  -9.861558210105e-04   0.000000000000e+00  -8.395407199860e-01   0.000000000000e+00   0.000000000000e+00   5.026642978191e-02 
  0.000000000000e+00   0.000000000000e+00   5.026642978191e-02  -2.620941214263e-02   0.000000000000e+00  -1.522858291864e-01  -1.658150367439e-02   0.000000000000e+00  -8.513271808624e-01 
 -2.524971263483e-03   0.000000000000e+00  -8.465968370438e-01  -3.869135864079e-03   0.000000000000e+00  -8.451731204987e-01  -1.968858297914e-03   0.000000000000e+00  -8.429690003395e-01 
 -1.982922432944e-03   0.000000000000e+00  -8.408628702164e-01  -9.861558210105e-04   0.000000000000e+00  -8.395407199860e-01  -9.861558210105e-04   0.000000000000e+00  -8.395407199860e-01 
  0.000000000000e+00   3.441461548209e-02   3.017999045551e-02   0.000000000000e+00   3.441461548209e-02   3.017999045551e-02  -2.871915325522e-02   6.304762326181e-03  -1.720433235168e-01 
 -1.684027165174e-02   3.159396816045e-03  -8.572531342506e-01  -3.628271864727e-03   2.692519454286e-03  -8.532217144966e-01  -6.567326840013e-03   2.712375950068e-03  -8.488096594810e-01 
 -4.140235483646e-03   2.669781213626e-03  -8.437659740448e-01  -3.057538997382e-03   2.709359163418e-03  -8.397480249405e-01  -1.573296380229e-03   2.784375334159e-03  -8.373367786407e-01 
 -1.573296380229e-03   2.784375334159e-03  -8.373367786407e-01   0.000000000000e+00   3.441461548209e-02   3.017999045551e-02   0.000000000000e+00   3.441461548209e-02   3.017999045551e-02 
 -2.871915325522e-02   6.304762326181e-03  -1.720433235168e-01  -1.684027165174e-02   3.159396816045e-03  -8.572531342506e-01  -3.628271864727e-03   2.692519454286e-03  -8.532217144966e-01 
 -6.567326840013e-03   2.712375950068e-03  -8.488096594810e-01  -4.140235483646e-03   2.669781213626e-03  -8.437659740448e-01  -3.057538997382e-03   2.709359163418e-03  -8.397480249405e-01 
 -1.573296380229e-03   2.784375334159e-03  -8.373367786407e-01  -1.573296380229e-03   2.784375334159e-03  -8.373367786407e-01   0.000000000000e+00   9.403836913407e-03   2.629460394382e-02 
  0.000000000000e+00   9.403836913407e-03   2.629460394382e-02  -2.639842033386e-02   1.395795214921e-02  -1.679915189743e-01  -1.633142679930e-02   1.857610605657e-02  -8.626379370689e-01 
 -3.572358749807e-03   1.993917860091e-02  -8.572976589203e-01  -6.363691762090e-03   2.034712210298e-02  -8.536313772202e-01  -3.948389552534e-03   2.057240903378e-02  -8.487332463264e-01 
 -2.855167025700e-03   2.100727707148e-02  -8.448790311813e-01  -1.495444215834e-03   2.125142514706e-02  -8.425582051277e-01  -1.495444215834e-03   2.125142514706e-02  -8.425582051277e-01 
  0.000000000000e+00  -8.692471310496e-03   4.924951866269e-02   0.000000000000e+00  -8.692471310496e-03   4.924951866269e-02  -2.390405349433e-02  -1.270535215735e-02  -1.518482267857e-01 
 -1.620554551482e-02  -1.743556559086e-02  -8.453991413116e-01  -3.450520103797e-03  -1.872012764215e-02  -8.403573036194e-01  -6.272343453020e-03  -1.865165121853e-02  -8.367943763733e-01 
 -4.081347491592e-03  -1.874898374081e-02  -8.319503068924e-01  -3.245424712077e-03  -1.888868957758e-02  -8.279472589493e-01  -1.562969875522e-03  -1.899428479373e-02  -8.255019187927e-01 
 -1.562969875522e-03  -1.899428479373e-02  -8.255019187927e-01   0.000000000000e+00   4.003455396742e-03   5.085514113307e-02   0.000000000000e+00   4.003455396742e-03   5.085514113307e-02 
 -2.665059454739e-02   4.521663300693e-03  -1.517325043678e-01  -1.627690531313e-02   5.487410351634e-03  -8.546310067177e-01  -3.359241411090e-03   5.817455705255e-03  -8.495548963547e-01 
 -6.024020258337e-03   5.975184030831e-03  -8.461421132088e-01  -3.668376244605e-03   6.332320626825e-03  -8.416053652763e-01  -2.857706276700e-03   6.640957202762e-03  -8.378947377205e-01 
 -1.433558994904e-03   6.759470794350e-03  -8.356524705887e-01  -1.433558994904e-03   6.759470794350e-03  -8.356524705887e-01   0.000000000000e+00  -2.803582930937e-03   5.086312443018e-02 
  0.000000000000e+00  -2.803582930937e-03   5.086312443018e-02  -2.575559727848e-02  -3.367655444890e-03  -1.514555662870e-01  -1.598632335663e-02  -3.543875878677e-03  -8.512950539589e-01 
 -2.922550542280e-03  -2.126667182893e-03  -8.466740846634e-01  -5.843102466315e-03  -1.470079063438e-03  -8.435271382332e-01  -3.629334038123e-03  -1.301444834098e-03  -8.390613198280e-01 
 -2.825411269441e-03  -1.231510657817e-03  -8.353927731514e-01  -1.373843871988e-03  -1.168959890492e-03  -8.332255482674e-01  -1.373843871988e-03  -1.168959890492e-03  -8.332255482674e-01 
  0.000000000000e+00   6.520744063891e-04   5.065336450934e-02   0.000000000000e+00   6.520744063891e-04   5.065336450934e-02  -2.625579759479e-02   6.865140167065e-04  -1.518079191446e-01 
 -1.623377948999e-02   5.925965961069e-04  -8.520442843437e-01  -2.559062791988e-03   9.144161595032e-04  -8.475028276443e-01  -5.066064186394e-03   1.531418063678e-03  -8.450897932053e-01 
 -3.245529951528e-03   1.864690450020e-03  -8.413140773773e-01  -2.841060515493e-03   1.925762509927e-03  -8.378485441208e-01  -1.309306011535e-03   1.996507169679e-03  -8.357397317886e-01 
 -1.309306011535e-03   1.996507169679e-03  -8.357397317886e-01   0.000000000000e+00  -3.632644366007e-04   5.068322271109e-02   0.000000000000e+00  -3.632644366007e-04   5.068322271109e-02 
 -2.610253170133e-02  -4.506628320087e-04  -1.518057137728e-01  -1.637133024633e-02  -5.781755317003e-04  -8.513110876083e-01  -2.337944228202e-03  -1.031912106555e-04  -8.468340635300e-01 
 -4.168134182692e-03   6.440676515922e-04  -8.452191352844e-01  -2.451203297824e-03   1.222812337801e-03  -8.425003290176e-01  -2.386974869296e-03   1.470610732213e-03  -8.398179411888e-01 
 -1.120634842664e-03   1.595552545041e-03  -8.381352424622e-01  -1.120634842664e-03   1.595552545041e-03  -8.381352424622e-01   0.000000000000e+00   0.000000000000e+00   5.026642978191e-02 
  0.000000000000e+00   0.000000000000e+00   5.026642978191e-02  -2.620941214263e-02   0.000000000000e+00  -1.522858291864e-01  -1.658150367439e-02   0.000000000000e+00  -8.513271808624e-01 
 -2.524971263483e-03   0.000000000000e+00  -8.465968370438e-01  -3.869135864079e-03   0.000000000000e+00  -8.451731204987e-01  -1.968858297914e-03   0.000000000000e+00  -8.429690003395e-01 
 -1.982922432944e-03   0.000000000000e+00  -8.408628702164e-01  -9.861558210105e-04   0.000000000000e+00  -8.395407199860e-01  -9.861558210105e-04   0.000000000000e+00  -8.395407199860e-01 
  0.000000000000e+00   0.000000000000e+00   5.026642978191e-02   0.000000000000e+00   0.000000000000e+00   5.026642978191e-02  -2.620941214263e-02   0.000000000000e+00  -1.522858291864e-01 
 -1.658150367439e-02   0.000000000000e+00  -8.513271808624e-01  -2.524971263483e-03   0.000000000000e+00  -8.465968370438e-01  -3.869135864079e-03   0.000000000000e+00  -8.451731204987e-01 
 -1.968858297914e-03   0.000000000000e+00  -8.429690003395e-01  -1.982922432944e-03   0.000000000000e+00  -8.408628702164e-01  -9.861558210105e-04   0.000000000000e+00  -8.395407199860e-01 
 -9.861558210105e-04   0.000000000000e+00  -8.395407199860e-01 

