# vtk DataFile Version 2.0
Written using VisIt writer
ASCII
DATASET RECTILINEAR_GRID
DIMENSIONS 10 10 10
X_COORDINATES 10 float
  0.000000000000e+00   5.000000000000e-01   1.000000000000e+00   1.500000000000e+00   2.000000000000e+00   2.500000000000e+00   3.000000000000e+00   3.500000000000e+00   4.000000000000e+00 
  4.500000000000e+00 
Y_COORDINATES 10 float
  0.000000000000e+00   5.000000000000e-01   1.000000000000e+00   1.500000000000e+00   2.000000000000e+00   2.500000000000e+00   3.000000000000e+00   3.500000000000e+00   4.000000000000e+00 
  4.500000000000e+00 
Z_COORDINATES 10 float
  0.000000000000e+00   5.000000000000e-01   1.000000000000e+00   1.500000000000e+00   2.000000000000e+00   2.500000000000e+00   3.000000000000e+00   3.500000000000e+00   4.000000000000e+00 
  4.500000000000e+00 
CELL_DATA 729
POINT_DATA 1000
VECTORS velocity float
  0.000000000000e+00  -9.266602247953e-02  -1.936672180891e-01   3.251200000000e+04   0.000000000000e+00   0.000000000000e+00   0.000000000000e+00   0.000000000000e+00   0.000000000000e+00 
  1.322005391121e-01  -5.158245563507e-02  -1.442128270864e-01   0.000000000000e+00   0.000000000000e+00   0.000000000000e+00   0.000000000000e+00   1.431655808000e+09   1.070945600000e+09 
  1.034374386072e-01  -7.242699712515e-02  -1.579848676920e-01   1.071994176000e+09   0.000000000000e+00   0.000000000000e+00   0.000000000000e+00   0.000000000000e+00   0.000000000000e+00 
  2.842248976231e-01  -1.078415736556e-01  -1.768785566092e-01   0.000000000000e+00  -9.266602247953e-02  -1.936672180891e-01   1.070945600000e+09   0.000000000000e+00   0.000000000000e+00 
  9.014870226383e-02  -8.131462335587e-02  -1.764221191406e-01   1.322005391121e-01  -5.158245563507e-02  -1.442128270864e-01   1.431655808000e+09   1.070945600000e+09   0.000000000000e+00 
  1.065606996417e-01  -4.252312332392e-02  -1.346336305141e-01   1.034374386072e-01  -7.242699712515e-02  -1.579848676920e-01   0.000000000000e+00   0.000000000000e+00   1.071644672000e+09 
  2.842248976231e-01  -1.078415736556e-01  -1.768785566092e-01   2.842248976231e-01  -1.078415736556e-01  -1.768785566092e-01   0.000000000000e+00   4.687120020390e-02  -1.628712266684e-01 
  0.000000000000e+00   4.687120020390e-02  -1.628712266684e-01  -1.448508817703e-02  -1.498846113682e-01  -1.731726527214e-01   4.479325842112e-03  -3.044788241386e-01  -1.747268885374e-01 
 -2.607862930745e-03  -2.533039152622e-01  -1.813323646784e-01   6.232441589236e-02  -1.151630878448e-01  -1.386002302170e-01   1.114792823792e-01   9.743717499077e-03  -1.344837546349e-01 
  7.918123900890e-02   5.258411541581e-02  -1.308200359344e-01   2.057195305824e-01   1.025335746817e-03  -1.391660422087e-01   2.057195305824e-01   1.025335746817e-03  -1.391660422087e-01 
  0.000000000000e+00  -2.969534881413e-02  -1.612610965967e-01   0.000000000000e+00  -2.969534881413e-02  -1.612610965967e-01   4.904662072659e-02   1.891880482435e-02  -1.520230919123e-01 
  7.040893193334e-03   1.578521542251e-02  -1.290929019451e-01   2.495247498155e-02  -1.446630153805e-02  -1.381881535053e-01   5.714183673263e-02  -1.447988450527e-01  -1.439518928528e-01 
  3.942150622606e-02  -3.542229160666e-02  -1.783011853695e-01   1.462271362543e-01   8.789828419685e-02  -1.320186108351e-01   1.793093234301e-01   3.280678018928e-02  -1.282929927111e-01 
  1.793093234301e-01   3.280678018928e-02  -1.282929927111e-01   0.000000000000e+00  -8.726266771555e-02  -1.753759831190e-01   0.000000000000e+00  -8.726266771555e-02  -1.753759831190e-01 
 -1.653553545475e-02  -1.314282976091e-02  -1.944341361523e-01   1.139794737101e-01   2.438287623227e-02  -1.349032819271e-01   7.993235439062e-02   6.014790013433e-02  -1.290454417467e-01 
  9.675588458776e-02   4.306285828352e-02  -1.226841881871e-01   6.933730840683e-02   1.559790223837e-02  -1.459560394287e-01   9.723204374313e-02  -1.650676503778e-02  -1.533072888851e-01 
  2.300509363413e-01  -4.259270802140e-02  -1.770866662264e-01   2.300509363413e-01  -4.259270802140e-02  -1.770866662264e-01   0.000000000000e+00  -1.826200075448e-02  -1.600856631994e-01 
  0.000000000000e+00  -1.826200075448e-02  -1.600856631994e-01   3.440820053220e-02   2.871309220791e-02  -1.646586209536e-01   7.740315049887e-02  -5.083078145981e-02  -1.578571051359e-01 
  1.933022029698e-02  -6.204880401492e-02  -1.844239383936e-01   1.186057254672e-01   3.089270554483e-02  -1.370416581631e-01   1.047771796584e-01   7.654940336943e-02  -1.319523751736e-01 
  9.687442332506e-02   1.792552694678e-02  -1.303142607212e-01   2.159767299891e-01  -4.944036900997e-02  -1.438692361116e-01   2.159767299891e-01  -4.944036900997e-02  -1.438692361116e-01 
  0.000000000000e+00  -1.274426728487e-01  -1.697692871094e-01   0.000000000000e+00  -1.274426728487e-01  -1.697692871094e-01   1.348028182983e-01   7.171344943345e-03  -1.508387029171e-01 
  2.217419818044e-02   3.110913187265e-02  -1.384487748146e-01   4.485487472266e-03   2.111825533211e-02  -1.519631594419e-01   3.674805164337e-02  -6.494154036045e-02  -1.608460694551e-01 
  5.374366044998e-02   3.331371024251e-02  -1.765801161528e-01   2.040931731462e-01   2.616779319942e-02  -1.322803795338e-01   2.137377858162e-01  -4.592028632760e-02  -1.357172429562e-01 
  2.137377858162e-01  -4.592028632760e-02  -1.357172429562e-01   0.000000000000e+00  -1.802927106619e-01  -2.050726711750e-01   0.000000000000e+00  -1.802927106619e-01  -2.050726711750e-01 
 -2.393383160233e-02  -8.348541450687e-04  -2.015066295862e-01   5.439382418990e-02   7.310476619750e-03  -1.476864218712e-01   3.194139152765e-02  -4.075609147549e-03  -1.447598040104e-01 
  1.155984215438e-02   2.412470057607e-02  -1.320532560349e-01   3.984653577209e-02  -1.636601798236e-02  -1.490393429995e-01   1.729244440794e-01  -6.414671242237e-02  -1.616395860910e-01 
  1.906788349152e-01  -3.750963136554e-02  -2.030003666878e-01   1.906788349152e-01  -3.750963136554e-02  -2.030003666878e-01   0.000000000000e+00   0.000000000000e+00  -1.612817794085e-01 
  0.000000000000e+00   0.000000000000e+00  -1.612817794085e-01  -6.925009191036e-02   0.000000000000e+00  -1.701392978430e-01  -9.895517677069e-02   0.000000000000e+00  -1.655623614788e-01 
  2.886697882786e-03   0.000000000000e+00  -1.823666393757e-01   1.776872426271e-01   0.000000000000e+00  -1.243417561054e-01   1.793904453516e-01   0.000000000000e+00  -1.269187331200e-01 
  2.570448517799e-01   0.000000000000e+00  -1.232462823391e-01   2.785893976688e-01   0.000000000000e+00  -1.318597048521e-01   2.785893976688e-01   0.000000000000e+00  -1.318597048521e-01 
  0.000000000000e+00   0.000000000000e+00  -1.612817794085e-01   0.000000000000e+00   0.000000000000e+00  -1.612817794085e-01  -6.925009191036e-02   0.000000000000e+00  -1.701392978430e-01 
 -9.895517677069e-02   0.000000000000e+00  -1.655623614788e-01   2.886697882786e-03   0.000000000000e+00  -1.823666393757e-01   1.776872426271e-01   0.000000000000e+00  -1.243417561054e-01 
  1.793904453516e-01   0.000000000000e+00  -1.269187331200e-01   2.570448517799e-01   0.000000000000e+00  -1.232462823391e-01   2.785893976688e-01   0.000000000000e+00  -1.318597048521e-01 
  2.785893976688e-01   0.000000000000e+00  -1.318597048521e-01   0.000000000000e+00  -9.266602247953e-02  -1.936672180891e-01   0.000000000000e+00  -9.266602247953e-02  -1.936672180891e-01 
  9.014870226383e-02  -8.131462335587e-02  -1.764221191406e-01   1.322005391121e-01  -5.158245563507e-02  -1.442128270864e-01   7.908071577549e-02  -4.495972394943e-02  -1.387475430965e-01 
  1.065606996417e-01  -4.252312332392e-02  -1.346336305141e-01   1.034374386072e-01  -7.242699712515e-02  -1.579848676920e-01   1.945291310549e-01  -7.902049273252e-02  -1.611826121807e-01 
  2.842248976231e-01  -1.078415736556e-01  -1.768785566092e-01   2.842248976231e-01  -1.078415736556e-01  -1.768785566092e-01   0.000000000000e+00  -9.266602247953e-02  -1.936672180891e-01 
  0.000000000000e+00  -9.266602247953e-02  -1.936672180891e-01   9.014870226383e-02  -8.131462335587e-02  -1.764221191406e-01   1.322005391121e-01  -5.158245563507e-02  -1.442128270864e-01 
  7.908071577549e-02  -4.495972394943e-02  -1.387475430965e-01   1.065606996417e-01  -4.252312332392e-02  -1.346336305141e-01   1.034374386072e-01  -7.242699712515e-02  -1.579848676920e-01 
  1.945291310549e-01  -7.902049273252e-02  -1.611826121807e-01   2.842248976231e-01  -1.078415736556e-01  -1.768785566092e-01   2.842248976231e-01  -1.078415736556e-01  -1.768785566092e-01 
  0.000000000000e+00   4.687120020390e-02  -1.628712266684e-01   0.000000000000e+00   4.687120020390e-02  -1.628712266684e-01  -1.448508817703e-02  -1.498846113682e-01  -1.731726527214e-01 
  4.479325842112e-03  -3.044788241386e-01  -1.747268885374e-01  -2.607862930745e-03  -2.533039152622e-01  -1.813323646784e-01   6.232441589236e-02  -1.151630878448e-01  -1.386002302170e-01 
  1.114792823792e-01   9.743717499077e-03  -1.344837546349e-01   7.918123900890e-02   5.258411541581e-02  -1.308200359344e-01   2.057195305824e-01   1.025335746817e-03  -1.391660422087e-01 
  2.057195305824e-01   1.025335746817e-03  -1.391660422087e-01   0.000000000000e+00  -2.969534881413e-02  -1.612610965967e-01   0.000000000000e+00  -2.969534881413e-02  -1.612610965967e-01 
  4.904662072659e-02   1.891880482435e-02  -1.520230919123e-01   7.040893193334e-03   1.578521542251e-02  -1.290929019451e-01   2.495247498155e-02  -1.446630153805e-02  -1.381881535053e-01 
  5.714183673263e-02  -1.447988450527e-01  -1.439518928528e-01   3.942150622606e-02  -3.542229160666e-02  -1.783011853695e-01   1.462271362543e-01   8.789828419685e-02  -1.320186108351e-01 
  1.793093234301e-01   3.280678018928e-02  -1.282929927111e-01   1.793093234301e-01   3.280678018928e-02  -1.282929927111e-01   0.000000000000e+00  -8.726266771555e-02  -1.753759831190e-01 
  0.000000000000e+00  -8.726266771555e-02  -1.753759831190e-01  -1.653553545475e-02  -1.314282976091e-02  -1.944341361523e-01   1.139794737101e-01   2.438287623227e-02  -1.349032819271e-01 
  7.993235439062e-02   6.014790013433e-02  -1.290454417467e-01   9.675588458776e-02   4.306285828352e-02  -1.226841881871e-01   6.933730840683e-02   1.559790223837e-02  -1.459560394287e-01 
  9.723204374313e-02  -1.650676503778e-02  -1.533072888851e-01   2.300509363413e-01  -4.259270802140e-02  -1.770866662264e-01   2.300509363413e-01  -4.259270802140e-02  -1.770866662264e-01 
  0.000000000000e+00  -1.826200075448e-02  -1.600856631994e-01   0.000000000000e+00  -1.826200075448e-02  -1.600856631994e-01   3.440820053220e-02   2.871309220791e-02  -1.646586209536e-01 
  7.740315049887e-02  -5.083078145981e-02  -1.578571051359e-01   1.933022029698e-02  -6.204880401492e-02  -1.844239383936e-01   1.186057254672e-01   3.089270554483e-02  -1.370416581631e-01 
  1.047771796584e-01   7.654940336943e-02  -1.319523751736e-01   9.687442332506e-02   1.792552694678e-02  -1.303142607212e-01   2.159767299891e-01  -4.944036900997e-02  -1.438692361116e-01 
  2.159767299891e-01  -4.944036900997e-02  -1.438692361116e-01   0.000000000000e+00  -1.274426728487e-01  -1.697692871094e-01   0.000000000000e+00  -1.274426728487e-01  -1.697692871094e-01 
  1.348028182983e-01   7.171344943345e-03  -1.508387029171e-01   2.217419818044e-02   3.110913187265e-02  -1.384487748146e-01   4.485487472266e-03   2.111825533211e-02  -1.519631594419e-01 
  3.674805164337e-02  -6.494154036045e-02  -1.608460694551e-01   5.374366044998e-02   3.331371024251e-02  -1.765801161528e-01   2.040931731462e-01   2.616779319942e-02  -1.322803795338e-01 
  2.137377858162e-01  -4.592028632760e-02  -1.357172429562e-01   2.137377858162e-01  -4.592028632760e-02  -1.357172429562e-01   0.000000000000e+00  -1.802927106619e-01  -2.050726711750e-01 
  0.000000000000e+00  -1.802927106619e-01  -2.050726711750e-01  -2.393383160233e-02  -8.348541450687e-04  -2.015066295862e-01   5.439382418990e-02   7.310476619750e-03  -1.476864218712e-01 
  3.194139152765e-02  -4.075609147549e-03  -1.447598040104e-01   1.155984215438e-02   2.412470057607e-02  -1.320532560349e-01   3.984653577209e-02  -1.636601798236e-02  -1.490393429995e-01 
  1.729244440794e-01  -6.414671242237e-02  -1.616395860910e-01   1.906788349152e-01  -3.750963136554e-02  -2.030003666878e-01   1.906788349152e-01  -3.750963136554e-02  -2.030003666878e-01 
  0.000000000000e+00   0.000000000000e+00  -1.612817794085e-01   0.000000000000e+00   0.000000000000e+00  -1.612817794085e-01  -6.925009191036e-02   0.000000000000e+00  -1.701392978430e-01 
 -9.895517677069e-02   0.000000000000e+00  -1.655623614788e-01   2.886697882786e-03   0.000000000000e+00  -1.823666393757e-01   1.776872426271e-01   0.000000000000e+00  -1.243417561054e-01 
  1.793904453516e-01   0.000000000000e+00  -1.269187331200e-01   2.570448517799e-01   0.000000000000e+00  -1.232462823391e-01   2.785893976688e-01   0.000000000000e+00  -1.318597048521e-01 
  2.785893976688e-01   0.000000000000e+00  -1.318597048521e-01   0.000000000000e+00   0.000000000000e+00  -1.612817794085e-01   0.000000000000e+00   0.000000000000e+00  -1.612817794085e-01 
 -6.925009191036e-02   0.000000000000e+00  -1.701392978430e-01  -9.895517677069e-02   0.000000000000e+00  -1.655623614788e-01   2.886697882786e-03   0.000000000000e+00  -1.823666393757e-01 
  1.776872426271e-01   0.000000000000e+00  -1.243417561054e-01   1.793904453516e-01   0.000000000000e+00  -1.269187331200e-01   2.570448517799e-01   0.000000000000e+00  -1.232462823391e-01 
  2.785893976688e-01   0.000000000000e+00  -1.318597048521e-01   2.785893976688e-01   0.000000000000e+00  -1.318597048521e-01   0.000000000000e+00  -7.016386836767e-02  -7.255291342735e-01 
  0.000000000000e+00  -7.016386836767e-02  -7.255291342735e-01   1.876106262207e-01   2.047268450260e-01  -6.804201006889e-01  -2.410454116762e-02   5.120712518692e-01  -7.135674953461e-01 
 -2.663747966290e-01  -1.025801450014e-01  -7.175495028496e-01   3.938630521297e-01  -1.232532486320e-01  -9.913527965546e-01   2.431221306324e-01  -6.064957007766e-02  -7.654738426208e-01 
  0.000000000000e+00  -1.233208738267e-02  -3.881738707423e-02   1.405315995216e+00  -3.277695924044e-02  -9.931631088257e-01   1.405315995216e+00  -3.277695924044e-02  -9.931631088257e-01 
  0.000000000000e+00  -7.016386836767e-02  -7.255291342735e-01   0.000000000000e+00  -7.016386836767e-02  -7.255291342735e-01   1.876106262207e-01   2.047268450260e-01  -6.804201006889e-01 
 -2.410454116762e-02   5.120712518692e-01  -7.135674953461e-01  -2.663747966290e-01  -1.025801450014e-01  -7.175495028496e-01   3.938630521297e-01  -1.232532486320e-01  -9.913527965546e-01 
  2.431221306324e-01  -6.064957007766e-02  -7.654738426208e-01   0.000000000000e+00  -1.233208738267e-02  -3.881738707423e-02   1.405315995216e+00  -3.277695924044e-02  -9.931631088257e-01 
  1.405315995216e+00  -3.277695924044e-02  -9.931631088257e-01   0.000000000000e+00   1.522595584393e-01  -5.960391163826e-01   0.000000000000e+00   1.522595584393e-01  -5.960391163826e-01 
  2.011087983847e-01   1.692151874304e-01  -3.337838053703e-01   7.144748419523e-02   4.766320884228e-01  -7.370859384537e-01  -7.978548109531e-02  -1.917687058449e-01  -3.705236911774e-01 
  1.797268092632e-01  -1.285003274679e-01  -5.182352066040e-01   1.624843627214e-01  -4.362264648080e-02  -5.502802133560e-01   7.400149852037e-02   3.790997341275e-02  -6.917995959520e-02 
  2.246752381325e-01   1.650696853176e-03  -6.083396449685e-02   2.246752381325e-01   1.650696853176e-03  -6.083396449685e-02   0.000000000000e+00  -2.709414064884e-01  -8.063123226166e-01 
  0.000000000000e+00  -2.709414064884e-01  -8.063123226166e-01   3.196704387665e-01  -3.711371868849e-02  -8.717249631882e-01   1.648646444082e-01  -1.511733396910e-03  -8.583010435104e-01 
  5.617697909474e-02  -1.218184921890e-02  -4.730698168278e-01   1.090191900730e-01   4.285103455186e-02  -5.604809895158e-02   9.563861787319e-02  -2.677465230227e-02  -2.169881761074e-02 
  1.449136883020e-01   8.461501449347e-02  -6.798138469458e-02   1.793567389250e-01   3.285945579410e-02  -7.170701026917e-02   1.793567389250e-01   3.285945579410e-02  -7.170701026917e-02 
  0.000000000000e+00  -3.807393461466e-02  -8.949686288834e-01   0.000000000000e+00  -3.807393461466e-02  -8.949686288834e-01   2.327378541231e-01   2.325084507465e-01  -7.866779565811e-01 
  2.440208047628e-01   9.135767817497e-02  -2.401883155107e-01   6.843294948339e-02   5.164714902639e-02  -7.095456123352e-02   4.648273289204e-01   0.000000000000e+00  -5.294564366341e-01 
  4.445430636406e-01   1.497472170740e-02  -5.061845779419e-01   1.025272831321e-01  -1.555824838579e-02  -4.669271036983e-02   2.261102348566e-01  -4.256519675255e-02  -2.291333116591e-02 
  2.261102348566e-01  -4.256519675255e-02  -2.291333116591e-02   0.000000000000e+00   5.191425327212e-03  -1.173648118973e+00   0.000000000000e+00   5.191425327212e-03  -1.173648118973e+00 
  2.461474537849e-01   3.294625282288e-01  -1.078325510025e+00   5.006158947945e-01   1.172350794077e-01  -1.524865269661e+00   0.000000000000e+00  -3.711694478989e-02  -1.557605899870e-02 
  1.119094491005e+00  -9.147406555712e-03  -5.561183691025e-01   1.091011047363e+00   4.035681858659e-02  -6.141562461853e-01   0.000000000000e+00   2.110508084297e-02  -6.968573480844e-02 
  0.000000000000e+00  -4.820616915822e-02  -5.613075569272e-02   0.000000000000e+00  -4.820616915822e-02  -5.613075569272e-02   0.000000000000e+00  -1.175974383950e-01  -1.015708923340e+00 
  0.000000000000e+00  -1.175974383950e-01  -1.015708923340e+00   2.876180410385e-01   6.084207892418e-01  -1.534265518188e+00   3.256936967373e-01   2.383366227150e-01  -1.052361249924e+00 
  7.713228464127e-02  -5.794519092888e-03  -2.663975000381e+00   1.134918034077e-01  -3.723081573844e-02  -1.857540130615e+00   3.820949494839e-01   1.269123982638e-02  -1.872192025185e+00 
  1.889955550432e-01   2.422253228724e-02  -2.379123449326e+00   2.102639675140e-01  -4.469697922468e-02  -1.787855148315e+00   2.102639675140e-01  -4.469697922468e-02  -1.787855148315e+00 
  0.000000000000e+00  -3.278606832027e-01  -1.017058610916e+00   0.000000000000e+00  -3.278606832027e-01  -1.017058610916e+00   2.739537656307e-01  -9.084556251764e-02  -1.416113495827e+00 
  8.086138367653e-01   8.123495429754e-02  -1.347504138947e+00   6.855556964874e-01  -3.169918200001e-03  -2.236226320267e+00   9.460508078337e-02   1.049014087766e-02  -2.056219100952e+00 
  3.782009705901e-02  -1.168773230165e-02  -2.616743803024e+00   1.698411852121e-01  -6.249322369695e-02  -2.502554893494e+00   1.906257569790e-01  -3.753511235118e-02  -2.003179550171e+00 
  1.906257569790e-01  -3.753511235118e-02  -2.003179550171e+00   0.000000000000e+00   0.000000000000e+00  -1.210020542145e+00   0.000000000000e+00   0.000000000000e+00  -1.210020542145e+00 
  9.880073368549e-02  -3.710421733558e-04  -8.673486113548e-01   5.777817964554e-01   0.000000000000e+00  -1.575429558754e+00  -1.094594895840e-01   0.000000000000e+00  -6.067378818989e-02 
 -5.554156005383e-02   0.000000000000e+00   1.269275665283e+00   0.000000000000e+00   0.000000000000e+00  -3.072639942169e+00   0.000000000000e+00   0.000000000000e+00  -3.070610284805e+00 
  0.000000000000e+00   0.000000000000e+00  -6.814029812813e-02   0.000000000000e+00   0.000000000000e+00  -6.814029812813e-02   0.000000000000e+00   0.000000000000e+00  -1.210020542145e+00 
  0.000000000000e+00   0.000000000000e+00  -1.210020542145e+00   9.880073368549e-02  -3.710421733558e-04  -8.673486113548e-01   5.777817964554e-01   0.000000000000e+00  -1.575429558754e+00 
 -1.094594895840e-01   0.000000000000e+00  -6.067378818989e-02  -5.554156005383e-02   0.000000000000e+00   1.269275665283e+00   0.000000000000e+00   0.000000000000e+00  -3.072639942169e+00 
  0.000000000000e+00   0.000000000000e+00  -3.070610284805e+00   0.000000000000e+00   0.000000000000e+00  -6.814029812813e-02   0.000000000000e+00   0.000000000000e+00  -6.814029812813e-02 
  0.000000000000e+00  -6.123294308782e-02  -8.485406637192e-01   0.000000000000e+00  -6.123294308782e-02  -8.485406637192e-01   2.698747217655e-01  -7.311695814133e-02  -6.853209733963e-01 
  2.851011753082e-01   2.203147113323e-01  -1.008217573166e+00   0.000000000000e+00  -1.560223251581e-01  -6.566249132156e-01   2.247639149427e-01  -2.117179632187e-01  -5.754731297493e-01 
  2.247639149427e-01  -1.173044666648e-01  -5.945605039597e-01   0.000000000000e+00   1.471150014549e-02  -1.000000014901e-01   0.000000000000e+00   0.000000000000e+00  -1.000000014901e-01 
  0.000000000000e+00   0.000000000000e+00  -1.000000014901e-01   0.000000000000e+00  -6.123294308782e-02  -8.485406637192e-01   0.000000000000e+00  -6.123294308782e-02  -8.485406637192e-01 
  2.698747217655e-01  -7.311695814133e-02  -6.853209733963e-01   2.851011753082e-01   2.203147113323e-01  -1.008217573166e+00   0.000000000000e+00  -1.560223251581e-01  -6.566249132156e-01 
  2.247639149427e-01  -2.117179632187e-01  -5.754731297493e-01   2.247639149427e-01  -1.173044666648e-01  -5.945605039597e-01   0.000000000000e+00   1.471150014549e-02  -1.000000014901e-01 
  0.000000000000e+00   0.000000000000e+00  -1.000000014901e-01   0.000000000000e+00   0.000000000000e+00  -1.000000014901e-01   0.000000000000e+00   6.813682615757e-02  -2.397124469280e-01 
  0.000000000000e+00   6.813682615757e-02  -2.397124469280e-01   7.424101978540e-02  -4.937693104148e-02  -2.434512972832e-01   1.477665454149e-01   2.156901657581e-01  -7.656781077385e-01 
  8.890260942280e-03  -1.875591874123e-01  -4.703522324562e-01   1.939659714699e-01  -2.117179632187e-01  -5.945605039597e-01   1.849569082260e-01  -1.021437719464e-01  -5.667877197266e-01 
  6.606566160917e-02   1.583274826407e-02  -7.575415819883e-02   0.000000000000e+00   0.000000000000e+00  -1.000000014901e-01   0.000000000000e+00   0.000000000000e+00  -1.000000014901e-01 
  0.000000000000e+00  -2.710919678211e-01  -1.752693504095e-01   0.000000000000e+00  -2.710919678211e-01  -1.752693504095e-01   1.441453695297e-01  -1.835994124413e-01  -2.125527262688e-01 
  1.542207002640e-01  -6.461796164513e-02  -5.452027320862e-01   8.448306471109e-02  -2.827451936901e-02  -4.887893199921e-01   1.401444673538e-01   0.000000000000e+00  -1.842372864485e-01 
  1.377423107624e-01  -3.084610961378e-02  -7.237987220287e-02   1.422885209322e-01   7.186090201139e-02  -6.863844394684e-02   1.711836308241e-01   0.000000000000e+00  -1.000000014901e-01 
  1.711836308241e-01   0.000000000000e+00  -1.000000014901e-01   0.000000000000e+00  -1.673743128777e-01  -3.574894368649e-01   0.000000000000e+00  -1.673743128777e-01  -3.574894368649e-01 
  2.847701497376e-02  -3.288029506803e-02  -3.838885724545e-01   5.493031442165e-02   1.875527761877e-02  -3.920407593250e-01   1.350029706955e-01   4.465287551284e-02  -1.659201830626e-01 
  3.102099597454e-01   0.000000000000e+00  -5.521405935287e-01   3.012195527554e-01   1.370044052601e-02  -5.233168005943e-01   1.084616407752e-01  -1.495156344026e-02  -8.967360109091e-02 
  2.149739265442e-01   0.000000000000e+00  -2.364667132497e-02   2.149739265442e-01   0.000000000000e+00  -2.364667132497e-02   0.000000000000e+00   2.395612895489e-01  -1.489315479994e-01 
  0.000000000000e+00   2.395612895489e-01  -1.489315479994e-01   3.082176856697e-02   2.133996933699e-01  -1.419597566128e-01   1.281238198280e-01   2.016426175833e-01  -7.731518149376e-01 
  2.913427650928e-01  -2.002358064055e-02  -1.000000014901e-01   0.000000000000e+00   0.000000000000e+00  -5.661823153496e-01   0.000000000000e+00   2.419230155647e-02  -5.521405935287e-01 
  0.000000000000e+00   2.172824554145e-02  -1.000000014901e-01   0.000000000000e+00  -4.457557201385e-02  -1.000000014901e-01   0.000000000000e+00  -4.457557201385e-02  -1.000000014901e-01 
  0.000000000000e+00   2.321835756302e-01  -4.606989920139e-01   0.000000000000e+00   2.321835756302e-01  -4.606989920139e-01   1.236043423414e-01   3.881818354130e-01  -6.997586488724e-01 
  1.836206018925e-01   2.585973739624e-01  -9.762179255486e-01   9.735302925110e-01   1.001185388304e-03  -1.648401737213e+00   6.210577487946e-01   0.000000000000e+00  -1.000000014901e-01 
  2.435209453106e-01   1.148037612438e-02  -1.294385313988e+00   1.663917005062e-01   2.162487991154e-02  -2.171242237091e+00   2.007492780685e-01  -4.126443713903e-02  -1.786556243896e+00 
  2.007492780685e-01  -4.126443713903e-02  -1.786556243896e+00   0.000000000000e+00  -8.643817901611e-02  -5.046358108521e-01   0.000000000000e+00  -8.643817901611e-02  -5.046358108521e-01 
  4.015301540494e-02   9.348934888840e-02  -9.012494683266e-01   1.099235057831e+00   8.972422778606e-02  -1.504764080048e+00   2.138860464096e+00   4.373852536082e-02  -5.464846491814e-01 
  1.085173726082e+00   2.033973298967e-02  -1.006482124329e+00   2.873978018761e-01  -2.592577598989e-03  -2.248811960220e+00   1.688306182623e-01  -5.619160085917e-02  -2.486062288284e+00 
  1.898809522390e-01  -3.769051283598e-02  -2.003538608551e+00   1.898809522390e-01  -3.769051283598e-02  -2.003538608551e+00   0.000000000000e+00   0.000000000000e+00  -7.690728902817e-01 
  0.000000000000e+00   0.000000000000e+00  -7.690728902817e-01   9.353575855494e-02   2.144506573677e-02  -9.471021890640e-01   6.187491416931e-01   0.000000000000e+00  -1.000854015350e+00 
  4.718330875039e-02   0.000000000000e+00   1.018032431602e+00  -9.712573885918e-02   0.000000000000e+00   1.244933843613e+00   0.000000000000e+00   0.000000000000e+00  -1.000000014901e-01 
  0.000000000000e+00   0.000000000000e+00  -1.000000014901e-01   0.000000000000e+00   0.000000000000e+00  -1.000000014901e-01   0.000000000000e+00   0.000000000000e+00  -1.000000014901e-01 
  0.000000000000e+00   0.000000000000e+00  -7.690728902817e-01   0.000000000000e+00   0.000000000000e+00  -7.690728902817e-01   9.353575855494e-02   2.144506573677e-02  -9.471021890640e-01 
  6.187491416931e-01   0.000000000000e+00  -1.000854015350e+00   4.718330875039e-02   0.000000000000e+00   1.018032431602e+00  -9.712573885918e-02   0.000000000000e+00   1.244933843613e+00 
  0.000000000000e+00   0.000000000000e+00  -1.000000014901e-01   0.000000000000e+00   0.000000000000e+00  -1.000000014901e-01   0.000000000000e+00   0.000000000000e+00  -1.000000014901e-01 
  0.000000000000e+00   0.000000000000e+00  -1.000000014901e-01   0.000000000000e+00  -8.346326649189e-02  -4.905345737934e-01   0.000000000000e+00  -8.346326649189e-02  -4.905345737934e-01 
  1.366633027792e-01  -2.035453356802e-02  -7.910118103027e-01   3.064973056316e-01   3.503635898232e-02  -1.963085055351e+00   0.000000000000e+00   4.014904424548e-02  -1.000000014901e-01 
  0.000000000000e+00  -1.995665132999e-01  -1.000000014901e-01   0.000000000000e+00  -1.416893117130e-02  -1.000000014901e-01   0.000000000000e+00   3.227075561881e-02  -1.000000014901e-01 
  8.492215275764e-01  -1.648876443505e-02  -2.054201602936e+00   8.492215275764e-01  -1.648876443505e-02  -2.054201602936e+00   0.000000000000e+00  -8.346326649189e-02  -4.905345737934e-01 
  0.000000000000e+00  -8.346326649189e-02  -4.905345737934e-01   1.366633027792e-01  -2.035453356802e-02  -7.910118103027e-01   3.064973056316e-01   3.503635898232e-02  -1.963085055351e+00 
  0.000000000000e+00   4.014904424548e-02  -1.000000014901e-01   0.000000000000e+00  -1.995665132999e-01  -1.000000014901e-01   0.000000000000e+00  -1.416893117130e-02  -1.000000014901e-01 
  0.000000000000e+00   3.227075561881e-02  -1.000000014901e-01   8.492215275764e-01  -1.648876443505e-02  -2.054201602936e+00   8.492215275764e-01  -1.648876443505e-02  -2.054201602936e+00 
  0.000000000000e+00  -2.434699982405e-01  -3.580023050308e-01   0.000000000000e+00  -2.434699982405e-01  -3.580023050308e-01   7.844229042530e-02  -5.092999897897e-03  -5.737276673317e-01 
  1.759322881699e-01   4.024965688586e-02  -1.128113508224e+00   8.490774780512e-02   4.067036136985e-02  -3.088145852089e-01   1.163366660476e-01  -2.011790424585e-01  -1.000000014901e-01 
  1.102717444301e-01  -1.611071638763e-02  -3.076499104500e-01   7.308399304748e-03   3.227075561881e-02  -1.000000014901e-01   0.000000000000e+00   8.103027194738e-02  -1.000000014901e-01 
  0.000000000000e+00   8.103027194738e-02  -1.000000014901e-01   0.000000000000e+00   5.219487845898e-02  -2.551641464233e-01   0.000000000000e+00   5.219487845898e-02  -2.551641464233e-01 
  8.098342269659e-02   1.669201999903e-02  -2.394065558910e-01   8.311126381159e-02   3.784994361922e-03  -3.323820829391e-01   8.664045482874e-02  -1.184263499454e-03  -3.959592282772e-01 
  1.380330622196e-01  -5.811038985848e-02  -1.870490759611e-01   1.511171162128e-01  -1.000642497092e-02  -1.010038629174e-01   6.663479655981e-02   2.247845195234e-02  -8.700596541166e-02 
  3.755227848887e-02   0.000000000000e+00  -1.000000014901e-01   3.755227848887e-02   0.000000000000e+00  -1.000000014901e-01   0.000000000000e+00   3.170702755451e-01   1.420989632607e-01 
  0.000000000000e+00   3.170702755451e-01   1.420989632607e-01  -7.690752297640e-02   2.442824244499e-01   3.438592702150e-02   0.000000000000e+00   1.623606979847e-01  -8.641901612282e-02 
  1.025767847896e-01   1.170705333352e-01  -1.849059760571e-01   1.836057901382e-01   2.655564434826e-02  -1.000000014901e-01   2.069748491049e-01   1.345040649176e-02  -3.522931635380e-01 
  1.029910147190e-01  -5.684191710316e-04  -9.113655984402e-02   1.469954103231e-01   0.000000000000e+00  -1.000000014901e-01   1.469954103231e-01   0.000000000000e+00  -1.000000014901e-01 
  0.000000000000e+00   3.522476851940e-01  -2.918610870838e-01   0.000000000000e+00   3.522476851940e-01  -2.918610870838e-01   2.395164966583e-02   1.817932352424e-02  -8.365558087826e-02 
  2.102130651474e-01   0.000000000000e+00  -2.892105579376e-01   2.552593052387e-01   1.423473060131e-01  -2.329714447260e-01   0.000000000000e+00   4.393409937620e-02  -1.000000014901e-01 
  0.000000000000e+00   3.254528343678e-02  -1.000000014901e-01   0.000000000000e+00   2.152762934566e-02  -1.000000014901e-01   1.219809893519e-02   0.000000000000e+00  -1.000000014901e-01 
  1.219809893519e-02   0.000000000000e+00  -1.000000014901e-01   0.000000000000e+00   4.700788557529e-01  -4.124007225037e-01   0.000000000000e+00   4.700788557529e-01  -4.124007225037e-01 
  4.605078697205e-02   5.668998956680e-01  -6.153453588486e-01   2.029258161783e-01   7.998111248016e-01  -8.065890073776e-01   7.497781515121e-01   5.520545840263e-01  -9.970920681953e-01 
  8.229988813400e-01   1.169731989503e-01  -2.820253968239e-01   2.359527498484e-01   4.301213845611e-02  -8.324266076088e-01   1.530345231295e-01   2.636262401938e-02  -1.802242398262e+00 
  1.844124943018e-01  -3.425060957670e-02  -1.748686671257e+00   1.844124943018e-01  -3.425060957670e-02  -1.748686671257e+00   0.000000000000e+00  -1.350972354412e-01  -5.614765286446e-01 
  0.000000000000e+00  -1.350972354412e-01  -5.614765286446e-01   1.023592650890e-01   8.978893607855e-02  -6.515350937843e-01   3.680820167065e-01   7.779669016600e-02  -1.056450486183e+00 
  2.289783716202e+00   4.792154952884e-02  -8.683280944824e-01   1.351658344269e+00   2.592190355062e-02  -8.453260064125e-01   6.818706393242e-01   9.114070795476e-03  -1.683834671974e+00 
  2.616642713547e-01  -4.297560453415e-02  -2.368023157120e+00   1.891221404076e-01  -3.785422816873e-02  -2.006620883942e+00   1.891221404076e-01  -3.785422816873e-02  -2.006620883942e+00 
  0.000000000000e+00   0.000000000000e+00  -2.464110106230e-01   0.000000000000e+00   0.000000000000e+00  -2.464110106230e-01  -4.654866177589e-03   0.000000000000e+00  -7.543033361435e-01 
  3.718238472939e-01   1.196875330061e-02  -1.084679245949e+00   3.341972827911e-01   1.038388069719e-02  -1.047512054443e+00   0.000000000000e+00   5.474976263940e-03  -1.000000014901e-01 
  0.000000000000e+00   1.218199962750e-03  -1.000000014901e-01   0.000000000000e+00   2.234991989098e-04  -1.000000014901e-01   0.000000000000e+00   6.479006970039e-06  -1.000000014901e-01 
  0.000000000000e+00   6.479006970039e-06  -1.000000014901e-01   0.000000000000e+00   0.000000000000e+00  -2.464110106230e-01   0.000000000000e+00   0.000000000000e+00  -2.464110106230e-01 
 -4.654866177589e-03   0.000000000000e+00  -7.543033361435e-01   3.718238472939e-01   1.196875330061e-02  -1.084679245949e+00   3.341972827911e-01   1.038388069719e-02  -1.047512054443e+00 
  0.000000000000e+00   5.474976263940e-03  -1.000000014901e-01   0.000000000000e+00   1.218199962750e-03  -1.000000014901e-01   0.000000000000e+00   2.234991989098e-04  -1.000000014901e-01 
  0.000000000000e+00   6.479006970039e-06  -1.000000014901e-01   0.000000000000e+00   6.479006970039e-06  -1.000000014901e-01   0.000000000000e+00   3.331365063787e-02  -7.744650244713e-01 
  0.000000000000e+00   3.331365063787e-02  -7.744650244713e-01   1.258681863546e-01   6.033333018422e-02  -8.697589635849e-01   1.727409511805e-01   5.152517929673e-02  -7.872912287712e-01 
  0.000000000000e+00   4.836957156658e-02  -1.000000014901e-01   0.000000000000e+00  -1.573124527931e-01  -1.000000014901e-01   0.000000000000e+00   1.206931844354e-02  -1.000000014901e-01 
  0.000000000000e+00   3.227075561881e-02  -1.000000014901e-01   8.979810476303e-01   3.227075561881e-02  -1.956682682037e+00   8.979810476303e-01   3.227075561881e-02  -1.956682682037e+00 
  0.000000000000e+00   3.331365063787e-02  -7.744650244713e-01   0.000000000000e+00   3.331365063787e-02  -7.744650244713e-01   1.258681863546e-01   6.033333018422e-02  -8.697589635849e-01 
  1.727409511805e-01   5.152517929673e-02  -7.872912287712e-01   0.000000000000e+00   4.836957156658e-02  -1.000000014901e-01   0.000000000000e+00  -1.573124527931e-01  -1.000000014901e-01 
  0.000000000000e+00   1.206931844354e-02  -1.000000014901e-01   0.000000000000e+00   3.227075561881e-02  -1.000000014901e-01   8.979810476303e-01   3.227075561881e-02  -1.956682682037e+00 
  8.979810476303e-01   3.227075561881e-02  -1.956682682037e+00   0.000000000000e+00  -1.338036954403e-01  -7.870658636093e-01   0.000000000000e+00  -1.338036954403e-01  -7.870658636093e-01 
  1.821555942297e-02   3.777123615146e-02  -8.284105658531e-01   8.532747626305e-02   4.283633455634e-02  -8.193520307541e-01   5.681636929512e-02   4.422182589769e-02  -5.851690173149e-01 
  5.740926042199e-02  -1.612181961536e-01  -1.044511869550e-01   7.626608759165e-02   1.134063489735e-02  -1.689696311951e-01   1.738656014204e-01   3.227075561881e-02  -1.000000014901e-01 
  4.448385536671e-01   3.227075561881e-02  -1.000000014901e-01   4.448385536671e-01   3.227075561881e-02  -1.000000014901e-01   0.000000000000e+00  -3.036756217480e-01  -5.791158080101e-01 
  0.000000000000e+00  -3.036756217480e-01  -5.791158080101e-01   6.813301146030e-02  -2.277969121933e-01  -5.262849926949e-01   5.612298846245e-02  -1.931495368481e-01  -4.828929603100e-01 
  4.017023369670e-02  -1.928883045912e-01  -4.480117261410e-01   3.204856067896e-02  -1.928575336933e-01  -2.741493880749e-01   4.950712621212e-02   6.604781374335e-03  -1.317576020956e-01 
  1.649763882160e-01   1.990548893809e-02  -9.597185999155e-02   2.730467319489e-01   0.000000000000e+00  -1.000000014901e-01   2.730467319489e-01   0.000000000000e+00  -1.000000014901e-01 
  0.000000000000e+00   4.566701054573e-01   2.976912818849e-02   0.000000000000e+00   4.566701054573e-01   2.976912818849e-02  -1.010366156697e-01   3.804747760296e-01  -1.036414206028e-01 
 -5.452113226056e-02   1.975731402636e-01  -1.705283075571e-01   3.330803662539e-02   1.217150408775e-02  -2.192719727755e-01   1.159892305732e-01  -4.615050181746e-02  -1.507911682129e-01 
  1.498676687479e-01   1.151450909674e-02  -2.520128190517e-01   9.482496976852e-02   7.342260330915e-03  -9.357840567827e-02   2.089123576880e-01   0.000000000000e+00  -1.000000014901e-01 
  2.089123576880e-01   0.000000000000e+00  -1.000000014901e-01   0.000000000000e+00   1.207813695073e-01  -2.608467042446e-01   0.000000000000e+00   1.207813695073e-01  -2.608467042446e-01 
  1.900774426758e-02   1.232740879059e-01  -4.061234891415e-01   1.005609706044e-01   1.654518395662e-01  -3.676843047142e-01   1.919991523027e-01   1.238996312022e-01  -3.778219223022e-01 
  1.964991390705e-01   7.645361125469e-02  -1.896365731955e-01   1.648705601692e-01   6.161839514971e-02  -1.000000014901e-01   3.049248084426e-02   1.816158927977e-02  -1.003469377756e-01 
  5.703162774444e-02   0.000000000000e+00  -1.000301986933e-01   5.703162774444e-02   0.000000000000e+00  -1.000301986933e-01   0.000000000000e+00   1.174763888121e-01  -3.876775801182e-01 
  0.000000000000e+00   1.174763888121e-01  -3.876775801182e-01  -3.259166702628e-02   3.421881496906e-01  -3.091212809086e-01   6.892447173595e-02   5.189440250397e-01  -5.524646043777e-01 
  1.648911535740e-01   1.565937548876e-01  -4.917925596237e-01   1.921159774065e-01   4.812952503562e-02  -4.275849759579e-01   1.172606348991e-01   1.647731661797e-02  -4.788486957550e-01 
  7.771787792444e-02   4.236890003085e-02  -1.203592300415e+00   1.449474543333e-01  -1.854126900434e-02  -1.626875042915e+00   1.449474543333e-01  -1.854126900434e-02  -1.626875042915e+00 
  0.000000000000e+00   4.789219051600e-02  -2.147755324841e-01   0.000000000000e+00   4.789219051600e-02  -2.147755324841e-01  -3.432089090347e-02   6.884056329727e-02  -3.732705414295e-01 
  0.000000000000e+00  -8.059444837272e-03  -9.478425979614e-01   1.841211616993e-01   3.866628976539e-03  -1.000000014901e-01   1.841211616993e-01  -1.550813484937e-02  -1.000000014901e-01 
  0.000000000000e+00  -2.069490402937e-02  -1.000000014901e-01   0.000000000000e+00  -2.311565354466e-02  -1.000000014901e-01   0.000000000000e+00  -3.249416500330e-02  -1.000000014901e-01 
  0.000000000000e+00  -3.249416500330e-02  -1.000000014901e-01   0.000000000000e+00   0.000000000000e+00  -4.520097970963e-01   0.000000000000e+00   0.000000000000e+00  -4.520097970963e-01 
 -6.704304367304e-02   1.529790274799e-02  -4.742889702320e-01   9.118773043156e-02   1.857732608914e-02  -8.574316501617e-01   1.640053242445e-01   3.866628976539e-03  -5.878283381462e-01 
  1.846317797899e-01  -9.626581333578e-03  -4.120484888554e-01   1.103625670075e-01  -1.483763754368e-02  -2.731673717499e-01   7.229907810688e-02  -1.918591372669e-02  -1.613006889820e-01 
  8.956205099821e-03  -4.107002634555e-03  -1.085517853498e-01   8.956205099821e-03  -4.107002634555e-03  -1.085517853498e-01   0.000000000000e+00   0.000000000000e+00  -4.520097970963e-01 
  0.000000000000e+00   0.000000000000e+00  -4.520097970963e-01  -6.704304367304e-02   1.529790274799e-02  -4.742889702320e-01   9.118773043156e-02   1.857732608914e-02  -8.574316501617e-01 
  1.640053242445e-01   3.866628976539e-03  -5.878283381462e-01   1.846317797899e-01  -9.626581333578e-03  -4.120484888554e-01   1.103625670075e-01  -1.483763754368e-02  -2.731673717499e-01 
  7.229907810688e-02  -1.918591372669e-02  -1.613006889820e-01   8.956205099821e-03  -4.107002634555e-03  -1.085517853498e-01   8.956205099821e-03  -4.107002634555e-03  -1.085517853498e-01 
  0.000000000000e+00   1.015994921327e-01  -3.656845092773e-01   0.000000000000e+00   1.015994921327e-01  -3.656845092773e-01   9.294098615646e-02   4.222684353590e-02  -5.349599719048e-01 
  1.717856973410e-01   3.670770302415e-02  -7.902923226357e-01   0.000000000000e+00   3.647899255157e-02  -1.000000014901e-01   0.000000000000e+00  -1.044823527336e+00  -1.000000014901e-01 
  0.000000000000e+00  -1.311296463013e+00  -1.000000014901e-01   0.000000000000e+00  -1.298312425613e+00  -1.000000014901e-01   0.000000000000e+00  -4.098302125931e-01  -1.000000014901e-01 
  0.000000000000e+00  -4.098302125931e-01  -1.000000014901e-01   0.000000000000e+00   1.015994921327e-01  -3.656845092773e-01   0.000000000000e+00   1.015994921327e-01  -3.656845092773e-01 
  9.294098615646e-02   4.222684353590e-02  -5.349599719048e-01   1.717856973410e-01   3.670770302415e-02  -7.902923226357e-01   0.000000000000e+00   3.647899255157e-02  -1.000000014901e-01 
  0.000000000000e+00  -1.044823527336e+00  -1.000000014901e-01   0.000000000000e+00  -1.311296463013e+00  -1.000000014901e-01   0.000000000000e+00  -1.298312425613e+00  -1.000000014901e-01 
  0.000000000000e+00  -4.098302125931e-01  -1.000000014901e-01   0.000000000000e+00  -4.098302125931e-01  -1.000000014901e-01   0.000000000000e+00  -4.513647779822e-02  -2.747992277145e-01 
  0.000000000000e+00  -4.513647779822e-02  -2.747992277145e-01   9.991074912250e-03  -6.185900885612e-03  -4.400196373463e-01   1.876734346151e-01  -1.818536780775e-02  -5.053595304489e-01 
  4.558724164963e-01  -4.694458469748e-02  -4.867231845856e-01   4.016579687595e-01  -1.101294398308e+00  -1.037916094065e-01   3.161964118481e-01  -1.376710414886e+00  -1.033977419138e-01 
  5.281866192818e-01  -1.373627305031e+00  -1.000000014901e-01   4.583149552345e-01  -5.106230974197e-01  -1.000000014901e-01   4.583149552345e-01  -5.106230974197e-01  -1.000000014901e-01 
  0.000000000000e+00  -5.928645133972e-01  -2.474478781223e-01   0.000000000000e+00  -5.928645133972e-01  -2.474478781223e-01   1.198695227504e-02  -5.791703462601e-01  -3.032808303833e-01 
  0.000000000000e+00  -6.009993553162e-01  -1.000000014901e-01   0.000000000000e+00  -5.200539827347e-01  -1.000000014901e-01   0.000000000000e+00  -4.218062758446e-01  -1.000000014901e-01 
  2.324859984219e-02  -8.730376362801e-01  -1.039854735136e-01   5.327789187431e-01  -6.563614606857e-01  -9.913830459118e-02   4.965895712376e-01   0.000000000000e+00  -1.000000014901e-01 
  4.965895712376e-01   0.000000000000e+00  -1.000000014901e-01   0.000000000000e+00  -8.131965994835e-02  -4.521352052689e-01   0.000000000000e+00  -8.131965994835e-02  -4.521352052689e-01 
 -3.203288093209e-02  -2.946922779083e-01  -4.275265634060e-01  -3.596456721425e-03  -4.906878471375e-01  -4.328133463860e-01   2.278802692890e-01  -4.768830835819e-01  -8.396354317665e-01 
  2.533566355705e-01  -3.982462882996e-01  -1.193661928177e+00   2.060554474592e-01  -5.053907036781e-01  -1.047338843346e+00   2.510572671890e-01  -3.534862101078e-01  -9.740655124187e-02 
  4.549012780190e-01   0.000000000000e+00  -1.000000014901e-01   4.549012780190e-01   0.000000000000e+00  -1.000000014901e-01   0.000000000000e+00   1.409672386944e-02  -4.927831888199e-01 
  0.000000000000e+00   1.409672386944e-02  -4.927831888199e-01  -4.883274901658e-03  -1.694118231535e-01  -4.460294246674e-01   5.836493521929e-02  -3.204649984837e-01  -4.033947885036e-01 
  1.764846891165e-01  -9.658352285624e-02  -1.489626646042e+00   2.149686068296e-01  -5.196195840836e-02  -1.636279940605e+00   1.697847247124e-01  -3.655518963933e-02  -1.387778997421e+00 
  1.211195588112e-01  -2.250323444605e-02  -9.108783602715e-01   8.167452365160e-02  -4.769457504153e-03  -3.643529713154e-01   8.167452365160e-02  -4.769457504153e-03  -3.643529713154e-01 
  0.000000000000e+00   3.110293745995e-01  -4.330582916737e-01   0.000000000000e+00   3.110293745995e-01  -4.330582916737e-01   2.213042788208e-02   1.766649335623e-01  -4.173713326454e-01 
  2.130648344755e-01  -1.724515855312e-02  -7.305066585541e-01   1.991102844477e-01   0.000000000000e+00  -1.831423997879e+00   2.251950949430e-01  -2.305681817234e-02  -1.747233629227e+00 
  1.288980841637e-01  -2.835420891643e-02  -1.069025516510e+00   8.313111960888e-02  -2.704762853682e-02  -7.597607374191e-01   6.231630221009e-02  -2.405013330281e-02  -9.252684116364e-01 
  6.231630221009e-02  -2.405013330281e-02  -9.252684116364e-01   0.000000000000e+00   3.712919652462e-01  -5.493927598000e-01   0.000000000000e+00   3.712919652462e-01  -5.493927598000e-01 
  2.456295490265e-02   1.958687156439e-01  -5.240626335144e-01   4.324078857899e-01  -3.990237787366e-02  -1.000000014901e-01   1.215502321720e-01  -5.870430916548e-02  -1.893994927406e+00 
  2.466921061277e-01  -4.032126441598e-02  -1.831423997879e+00   0.000000000000e+00  -3.417107462883e-02  -1.000000014901e-01   0.000000000000e+00  -3.151231259108e-02  -1.000000014901e-01 
  0.000000000000e+00  -2.834821119905e-02  -1.000000014901e-01   0.000000000000e+00  -2.834821119905e-02  -1.000000014901e-01   0.000000000000e+00   0.000000000000e+00  -2.589730024338e-01 
  0.000000000000e+00   0.000000000000e+00  -2.589730024338e-01  -1.417932566255e-02   4.238364845514e-02  -3.119909167290e-01   1.362633258104e-01  -1.748708449304e-02  -1.380300968885e-01 
  1.518039554358e-01   0.000000000000e+00  -1.000000014901e-01   2.037608325481e-01  -1.813096553087e-02  -8.827576637268e-01   1.166294589639e-01  -2.380539104342e-02  -5.448679924011e-01 
  7.521863281727e-02  -2.581007219851e-02  -3.975310027599e-01   5.033549666405e-02  -2.023111842573e-02  -2.544711530209e-01   5.033549666405e-02  -2.023111842573e-02  -2.544711530209e-01 
  0.000000000000e+00   0.000000000000e+00  -2.589730024338e-01   0.000000000000e+00   0.000000000000e+00  -2.589730024338e-01  -1.417932566255e-02   4.238364845514e-02  -3.119909167290e-01 
  1.362633258104e-01  -1.748708449304e-02  -1.380300968885e-01   1.518039554358e-01   0.000000000000e+00  -1.000000014901e-01   2.037608325481e-01  -1.813096553087e-02  -8.827576637268e-01 
  1.166294589639e-01  -2.380539104342e-02  -5.448679924011e-01   7.521863281727e-02  -2.581007219851e-02  -3.975310027599e-01   5.033549666405e-02  -2.023111842573e-02  -2.544711530209e-01 
  5.033549666405e-02  -2.023111842573e-02  -2.544711530209e-01   0.000000000000e+00  -1.365103274584e-01  -5.229371190071e-01   0.000000000000e+00  -1.365103274584e-01  -5.229371190071e-01 
  1.463872343302e-01  -1.311007738113e-01  -5.256088376045e-01   3.294708132744e-01  -2.037426084280e-01  -5.798313617706e-01   6.226813197136e-01  -3.301438093185e-01  -4.844402074814e-01 
  9.605512022972e-02  -8.634546399117e-01  -1.000000014901e-01   0.000000000000e+00  -1.418313384056e+00  -1.000000014901e-01   1.826224207878e+00  -1.418313384056e+00  -1.000000014901e-01 
  1.826224207878e+00  -7.090960144997e-01  -1.000000014901e-01   1.826224207878e+00  -7.090960144997e-01  -1.000000014901e-01   0.000000000000e+00  -1.365103274584e-01  -5.229371190071e-01 
  0.000000000000e+00  -1.365103274584e-01  -5.229371190071e-01   1.463872343302e-01  -1.311007738113e-01  -5.256088376045e-01   3.294708132744e-01  -2.037426084280e-01  -5.798313617706e-01 
  6.226813197136e-01  -3.301438093185e-01  -4.844402074814e-01   9.605512022972e-02  -8.634546399117e-01  -1.000000014901e-01   0.000000000000e+00  -1.418313384056e+00  -1.000000014901e-01 
  1.826224207878e+00  -1.418313384056e+00  -1.000000014901e-01   1.826224207878e+00  -7.090960144997e-01  -1.000000014901e-01   1.826224207878e+00  -7.090960144997e-01  -1.000000014901e-01 
  0.000000000000e+00  -3.897275403142e-02  -2.698961198330e-01   0.000000000000e+00  -3.897275403142e-02  -2.698961198330e-01   1.362629234791e-03  -1.852998435497e-01  -3.528376519680e-01 
  8.186515569687e-01  -3.137938678265e-01  -5.019760727882e-01   1.323560357094e+00  -2.947600185871e-01  -4.441636204720e-01   6.309617161751e-01  -8.721674084663e-01  -9.939114004374e-02 
  3.639802336693e-01  -1.418313384056e+00  -9.961926192045e-02   9.131121039391e-01  -1.418313384056e+00  -1.000000014901e-01   9.131121039391e-01  -7.091378569603e-01  -1.525382101536e-01 
  9.131121039391e-01  -7.091378569603e-01  -1.525382101536e-01   0.000000000000e+00  -5.103753805161e-01  -3.595037460327e-01   0.000000000000e+00  -5.103753805161e-01  -3.595037460327e-01 
  6.746916472912e-02  -6.974446773529e-01  -4.986961185932e-01   1.522019863129e+00  -7.026917934418e-01  -6.137269139290e-01   1.699678778648e+00  -4.361951947212e-01  -1.000000014901e-01 
  0.000000000000e+00  -1.519519984722e-01  -1.000000014901e-01   3.952961787581e-02  -5.794392824173e-01  -9.668146818876e-02   5.557466745377e-01   0.000000000000e+00  -1.000000014901e-01 
  5.543554425240e-01  -2.919676601887e-01  -1.568291485310e-01   5.543554425240e-01  -2.919676601887e-01  -1.568291485310e-01   0.000000000000e+00  -2.349299341440e-01  -3.954887092113e-01 
  0.000000000000e+00  -2.349299341440e-01  -3.954887092113e-01  -2.571886964142e-02  -6.299433708191e-01  -4.470889866352e-01   1.242982223630e-01  -6.942250728607e-01  -5.738299489021e-01 
  6.812109947205e-01  -4.273321628571e-01  -9.098859429359e-01   3.689493536949e-01  -2.496195286512e-01  -1.081577777863e+00   1.774325519800e-01  -2.702676355839e-01  -8.461575508118e-01 
  3.641821742058e-01   0.000000000000e+00  -1.000000014901e-01   3.699138760567e-01  -1.410611867905e-01  -1.504838615656e-01   3.699138760567e-01  -1.410611867905e-01  -1.504838615656e-01 
  0.000000000000e+00   1.088466122746e-01  -5.594407916069e-01   0.000000000000e+00   1.088466122746e-01  -5.594407916069e-01  -3.823046386242e-02  -6.841996908188e-01  -3.817993104458e-01 
  0.000000000000e+00  -5.757260322571e-01  -1.844975650311e-01   0.000000000000e+00   0.000000000000e+00  -1.784361243248e+00   0.000000000000e+00   0.000000000000e+00  -1.646860599518e+00 
  0.000000000000e+00   0.000000000000e+00  -1.315304160118e+00   1.578129082918e-01   0.000000000000e+00  -1.044193625450e+00   1.639052927494e-01  -6.848436594009e-02  -8.328289389610e-01 
  1.639052927494e-01  -6.848436594009e-02  -8.328289389610e-01   0.000000000000e+00   2.363291680813e-01  -2.208818793297e-01   0.000000000000e+00   2.363291680813e-01  -2.208818793297e-01 
  1.601661592722e-01  -1.916368901730e-01  -1.295444518328e-01   4.324078857899e-01   0.000000000000e+00  -4.821504056454e-01   9.590598940849e-01   0.000000000000e+00  -1.818144202232e+00 
  9.482620358467e-01   0.000000000000e+00  -1.558428883553e+00   5.427700877190e-01   0.000000000000e+00  -9.835867285728e-01   3.500524163246e-01   2.836348488927e-03  -6.917940378189e-01 
  2.399337887764e-01   1.654157764278e-03  -5.438808798790e-01   2.399337887764e-01   1.654157764278e-03  -5.438808798790e-01   0.000000000000e+00   1.009289100766e-01  -8.612164855003e-02 
  0.000000000000e+00   1.009289100766e-01  -8.612164855003e-02   7.113526016474e-02  -3.437944501638e-02  -2.656627073884e-02   4.049977362156e-01  -2.890218794346e-02   7.773172855377e-01 
  9.788030982018e-01   1.413988601416e-02  -1.365008115768e+00   9.393167495728e-01   9.703749790788e-03  -1.298713684082e+00   0.000000000000e+00   8.205832913518e-03  -1.000000014901e-01 
  0.000000000000e+00   7.541539147496e-03  -1.000000014901e-01   0.000000000000e+00   6.199568510056e-03  -1.000000014901e-01   0.000000000000e+00   6.199568510056e-03  -1.000000014901e-01 
  0.000000000000e+00   0.000000000000e+00  -3.545520007610e-01   0.000000000000e+00   0.000000000000e+00  -3.545520007610e-01  -2.484696172178e-02   0.000000000000e+00  -1.905937045813e-01 
  0.000000000000e+00  -1.265958789736e-02   3.418799042702e-01   0.000000000000e+00   0.000000000000e+00  -1.000000014901e-01   5.137293934822e-01   4.348858259618e-03  -6.993567943573e-01 
  2.940505146980e-01   5.681206937879e-03  -4.631193578243e-01   1.896440088749e-01   6.116829346865e-03  -3.432040214539e-01   1.303300261497e-01   5.440041888505e-03  -2.748421132565e-01 
  1.303300261497e-01   5.440041888505e-03  -2.748421132565e-01   0.000000000000e+00   0.000000000000e+00  -3.545520007610e-01   0.000000000000e+00   0.000000000000e+00  -3.545520007610e-01 
 -2.484696172178e-02   0.000000000000e+00  -1.905937045813e-01   0.000000000000e+00  -1.265958789736e-02   3.418799042702e-01   0.000000000000e+00   0.000000000000e+00  -1.000000014901e-01 
  5.137293934822e-01   4.348858259618e-03  -6.993567943573e-01   2.940505146980e-01   5.681206937879e-03  -4.631193578243e-01   1.896440088749e-01   6.116829346865e-03  -3.432040214539e-01 
  1.303300261497e-01   5.440041888505e-03  -2.748421132565e-01   1.303300261497e-01   5.440041888505e-03  -2.748421132565e-01   0.000000000000e+00  -2.837054133415e-01  -9.294286966324e-01 
  0.000000000000e+00  -2.837054133415e-01  -9.294286966324e-01   7.465489953756e-02  -3.117144703865e-01  -8.390199542046e-01   0.000000000000e+00   0.000000000000e+00  -7.517178654671e-01 
  0.000000000000e+00   0.000000000000e+00  -5.142489075661e-01   0.000000000000e+00   0.000000000000e+00  -1.000000014901e-01   0.000000000000e+00  -1.418313384056e+00  -1.000000014901e-01 
  1.824151992798e+00  -1.420385599136e+00  -5.617912411690e-01   1.828296542168e+00   0.000000000000e+00  -5.597189068794e-01   1.828296542168e+00   0.000000000000e+00  -5.597189068794e-01 
  0.000000000000e+00  -2.837054133415e-01  -9.294286966324e-01   0.000000000000e+00  -2.837054133415e-01  -9.294286966324e-01   7.465489953756e-02  -3.117144703865e-01  -8.390199542046e-01 
  0.000000000000e+00   0.000000000000e+00  -7.517178654671e-01   0.000000000000e+00   0.000000000000e+00  -5.142489075661e-01   0.000000000000e+00   0.000000000000e+00  -1.000000014901e-01 
  0.000000000000e+00  -1.418313384056e+00  -1.000000014901e-01   1.824151992798e+00  -1.420385599136e+00  -5.617912411690e-01   1.828296542168e+00   0.000000000000e+00  -5.597189068794e-01 
  1.828296542168e+00   0.000000000000e+00  -5.597189068794e-01   0.000000000000e+00  -3.963871300220e-01  -2.579714655876e-01   0.000000000000e+00  -3.963871300220e-01  -2.579714655876e-01 
 -7.067965716124e-02  -3.868801891804e-01  -3.514159917831e-01   1.699678778648e+00   0.000000000000e+00  -6.333732604980e-01   1.699678778648e+00   0.000000000000e+00  -6.938838958740e-01 
  0.000000000000e+00   0.000000000000e+00  -9.861225634813e-02   0.000000000000e+00  -1.418313384056e+00  -9.907526522875e-02   0.000000000000e+00  -1.416241049767e+00  -1.000000014901e-01 
  0.000000000000e+00   0.000000000000e+00  -3.237266540527e-01   0.000000000000e+00   0.000000000000e+00  -3.237266540527e-01   0.000000000000e+00  -8.696763515472e-01  -3.493970632553e-01 
  0.000000000000e+00  -8.696763515472e-01  -3.493970632553e-01   3.431275486946e-01  -7.038432359695e-01  -5.142331719398e-01   1.702592372894e+00  -7.197388410568e-01  -7.606595754623e-01 
  1.684791564941e+00   0.000000000000e+00  -7.822564840317e-01   0.000000000000e+00   0.000000000000e+00  -1.000000014901e-01   0.000000000000e+00   0.000000000000e+00  -9.136332571507e-02 
  0.000000000000e+00   0.000000000000e+00  -1.000000014901e-01   0.000000000000e+00   0.000000000000e+00  -2.292884290218e-01   0.000000000000e+00   0.000000000000e+00  -2.292884290218e-01 
 -3.340652957559e-02  -5.558234453201e-01  -7.624508142471e-01  -3.340652957559e-02  -5.558234453201e-01  -7.624508142471e-01  -1.189085002989e-02  -6.946730613708e-01  -5.172913074493e-01 
  1.108057498932e+00  -7.495133280754e-01  -7.461999654770e-01   0.000000000000e+00   0.000000000000e+00  -7.560495138168e-01   0.000000000000e+00   0.000000000000e+00  -4.946871101856e-01 
  0.000000000000e+00   0.000000000000e+00  -7.612736523151e-02   0.000000000000e+00   0.000000000000e+00  -1.000000014901e-01   0.000000000000e+00   0.000000000000e+00  -1.768498569727e-01 
  0.000000000000e+00   0.000000000000e+00  -1.768498569727e-01   0.000000000000e+00   1.194360852242e+00  -2.398684620857e-01   0.000000000000e+00   1.194360852242e+00  -2.398684620857e-01 
  1.328069437295e-02   1.476905345917e-01  -2.295597046614e-01   4.260981827974e-02   0.000000000000e+00  -1.579852849245e-01   3.397920727730e-01   0.000000000000e+00  -9.738407135010e-01 
  5.086312294006e-01   0.000000000000e+00  -1.191991090775e+00   4.029568135738e-01   0.000000000000e+00  -1.061574339867e+00   3.366520106792e-01   0.000000000000e+00  -8.741968274117e-01 
  0.000000000000e+00   0.000000000000e+00  -2.969992756844e-01   0.000000000000e+00   0.000000000000e+00  -2.969992756844e-01   0.000000000000e+00  -3.756811842322e-02  -2.851488888264e-01 
  0.000000000000e+00  -3.756811842322e-02  -2.851488888264e-01   7.994211465120e-02  -9.030061215162e-02  -1.581977494061e-02   1.307399719954e-01  -7.286413013935e-02  -1.085214167833e-01 
  9.585881233215e-01  -1.242122333497e-02  -8.743901848793e-01   9.551888704300e-01  -3.406106494367e-03  -1.086511969566e+00   5.529221296310e-01  -4.742834425997e-05  -7.749717831612e-01 
  3.576027452946e-01   1.121254172176e-03  -5.858518481255e-01   2.478913068771e-01   6.457378040068e-04  -4.685271084309e-01   2.478913068771e-01   6.457378040068e-04  -4.685271084309e-01 
  0.000000000000e+00  -1.744594722986e-01   4.720673561096e-01   0.000000000000e+00  -1.744594722986e-01   4.720673561096e-01  -2.151852473617e-02  -1.070517897606e-01   5.123685002327e-01 
  0.000000000000e+00  -1.650433428586e-02   7.773172855377e-01   9.590598940849e-01  -5.603304598480e-03  -8.941333889961e-01   9.590598940849e-01   1.405048067681e-03  -8.743901848793e-01 
  0.000000000000e+00   3.664751304314e-03  -1.000000014901e-01   0.000000000000e+00   4.675881471485e-03  -1.000000014901e-01   0.000000000000e+00   4.933782387525e-03  -1.000000014901e-01 
  0.000000000000e+00   4.933782387525e-03  -1.000000014901e-01   0.000000000000e+00   0.000000000000e+00  -1.358023136854e-01   0.000000000000e+00   0.000000000000e+00  -1.358023136854e-01 
 -5.458718910813e-02  -1.646958664060e-02   5.520541593432e-02  -3.423730283976e-02  -1.148206926882e-02   3.727902770042e-01   5.019768476486e-01  -5.603304598480e-03  -1.000000014901e-01 
  6.637012362480e-01  -3.029999243154e-05  -5.529868602753e-01   3.597521185875e-01   2.531652105972e-03  -3.984902501106e-01   2.228202819824e-01   3.828168613836e-03  -3.104353845119e-01 
  1.500070095062e-01   4.290265031159e-03  -2.558123767376e-01   1.500070095062e-01   4.290265031159e-03  -2.558123767376e-01   0.000000000000e+00   0.000000000000e+00  -1.358023136854e-01 
  0.000000000000e+00   0.000000000000e+00  -1.358023136854e-01  -5.458718910813e-02  -1.646958664060e-02   5.520541593432e-02  -3.423730283976e-02  -1.148206926882e-02   3.727902770042e-01 
  5.019768476486e-01  -5.603304598480e-03  -1.000000014901e-01   6.637012362480e-01  -3.029999243154e-05  -5.529868602753e-01   3.597521185875e-01   2.531652105972e-03  -3.984902501106e-01 
  2.228202819824e-01   3.828168613836e-03  -3.104353845119e-01   1.500070095062e-01   4.290265031159e-03  -2.558123767376e-01   1.500070095062e-01   4.290265031159e-03  -2.558123767376e-01 
  0.000000000000e+00  -2.837054133415e-01  -9.294286966324e-01   0.000000000000e+00  -2.837054133415e-01  -9.294286966324e-01   7.465489953756e-02  -3.117144703865e-01  -8.390199542046e-01 
  0.000000000000e+00   0.000000000000e+00  -7.517178654671e-01   0.000000000000e+00   0.000000000000e+00  -5.142489075661e-01   0.000000000000e+00   0.000000000000e+00  -1.000000014901e-01 
  0.000000000000e+00  -1.418313384056e+00  -1.000000014901e-01   1.824151992798e+00  -1.420385599136e+00  -5.617912411690e-01   1.828296542168e+00   0.000000000000e+00  -5.597189068794e-01 
  1.828296542168e+00   0.000000000000e+00  -5.597189068794e-01   0.000000000000e+00  -2.837054133415e-01  -9.294286966324e-01   0.000000000000e+00  -2.837054133415e-01  -9.294286966324e-01 
  7.465489953756e-02  -3.117144703865e-01  -8.390199542046e-01   0.000000000000e+00   0.000000000000e+00  -7.517178654671e-01   0.000000000000e+00   0.000000000000e+00  -5.142489075661e-01 
  0.000000000000e+00   0.000000000000e+00  -1.000000014901e-01   0.000000000000e+00  -1.418313384056e+00  -1.000000014901e-01   1.824151992798e+00  -1.420385599136e+00  -5.617912411690e-01 
  1.828296542168e+00   0.000000000000e+00  -5.597189068794e-01   1.828296542168e+00   0.000000000000e+00  -5.597189068794e-01   0.000000000000e+00  -3.963871300220e-01  -2.579714655876e-01 
  0.000000000000e+00  -3.963871300220e-01  -2.579714655876e-01  -7.067965716124e-02  -3.868801891804e-01  -3.514159917831e-01   1.699678778648e+00   0.000000000000e+00  -6.333732604980e-01 
  1.699678778648e+00   0.000000000000e+00  -6.938838958740e-01   0.000000000000e+00   0.000000000000e+00  -9.861225634813e-02   0.000000000000e+00  -1.418313384056e+00  -9.907526522875e-02 
  0.000000000000e+00  -1.416241049767e+00  -1.000000014901e-01   0.000000000000e+00   0.000000000000e+00  -3.237266540527e-01   0.000000000000e+00   0.000000000000e+00  -3.237266540527e-01 
  0.000000000000e+00  -8.696763515472e-01  -3.493970632553e-01   0.000000000000e+00  -8.696763515472e-01  -3.493970632553e-01   3.431275486946e-01  -7.038432359695e-01  -5.142331719398e-01 
  1.702592372894e+00  -7.197388410568e-01  -7.606595754623e-01   1.684791564941e+00   0.000000000000e+00  -7.822564840317e-01   0.000000000000e+00   0.000000000000e+00  -1.000000014901e-01 
  0.000000000000e+00   0.000000000000e+00  -9.136332571507e-02   0.000000000000e+00   0.000000000000e+00  -1.000000014901e-01   0.000000000000e+00   0.000000000000e+00  -2.292884290218e-01 
  0.000000000000e+00   0.000000000000e+00  -2.292884290218e-01  -3.340652957559e-02  -5.558234453201e-01  -7.624508142471e-01  -3.340652957559e-02  -5.558234453201e-01  -7.624508142471e-01 
 -1.189085002989e-02  -6.946730613708e-01  -5.172913074493e-01   1.108057498932e+00  -7.495133280754e-01  -7.461999654770e-01   0.000000000000e+00   0.000000000000e+00  -7.560495138168e-01 
  0.000000000000e+00   0.000000000000e+00  -4.946871101856e-01   0.000000000000e+00   0.000000000000e+00  -7.612736523151e-02   0.000000000000e+00   0.000000000000e+00  -1.000000014901e-01 
  0.000000000000e+00   0.000000000000e+00  -1.768498569727e-01   0.000000000000e+00   0.000000000000e+00  -1.768498569727e-01   0.000000000000e+00   1.194360852242e+00  -2.398684620857e-01 
  0.000000000000e+00   1.194360852242e+00  -2.398684620857e-01   1.328069437295e-02   1.476905345917e-01  -2.295597046614e-01   4.260981827974e-02   0.000000000000e+00  -1.579852849245e-01 
  3.397920727730e-01   0.000000000000e+00  -9.738407135010e-01   5.086312294006e-01   0.000000000000e+00  -1.191991090775e+00   4.029568135738e-01   0.000000000000e+00  -1.061574339867e+00 
  3.366520106792e-01   0.000000000000e+00  -8.741968274117e-01   0.000000000000e+00   0.000000000000e+00  -2.969992756844e-01   0.000000000000e+00   0.000000000000e+00  -2.969992756844e-01 
  0.000000000000e+00  -3.756811842322e-02  -2.851488888264e-01   0.000000000000e+00  -3.756811842322e-02  -2.851488888264e-01   7.994211465120e-02  -9.030061215162e-02  -1.581977494061e-02 
  1.307399719954e-01  -7.286413013935e-02  -1.085214167833e-01   9.585881233215e-01  -1.242122333497e-02  -8.743901848793e-01   9.551888704300e-01  -3.406106494367e-03  -1.086511969566e+00 
  5.529221296310e-01  -4.742834425997e-05  -7.749717831612e-01   3.576027452946e-01   1.121254172176e-03  -5.858518481255e-01   2.478913068771e-01   6.457378040068e-04  -4.685271084309e-01 
  2.478913068771e-01   6.457378040068e-04  -4.685271084309e-01   0.000000000000e+00  -1.744594722986e-01   4.720673561096e-01   0.000000000000e+00  -1.744594722986e-01   4.720673561096e-01 
 -2.151852473617e-02  -1.070517897606e-01   5.123685002327e-01   0.000000000000e+00  -1.650433428586e-02   7.773172855377e-01   9.590598940849e-01  -5.603304598480e-03  -8.941333889961e-01 
  9.590598940849e-01   1.405048067681e-03  -8.743901848793e-01   0.000000000000e+00   3.664751304314e-03  -1.000000014901e-01   0.000000000000e+00   4.675881471485e-03  -1.000000014901e-01 
  0.000000000000e+00   4.933782387525e-03  -1.000000014901e-01   0.000000000000e+00   4.933782387525e-03  -1.000000014901e-01   0.000000000000e+00   0.000000000000e+00  -1.358023136854e-01 
  0.000000000000e+00   0.000000000000e+00  -1.358023136854e-01  -5.458718910813e-02  -1.646958664060e-02   5.520541593432e-02  -3.423730283976e-02  -1.148206926882e-02   3.727902770042e-01 
  5.019768476486e-01  -5.603304598480e-03  -1.000000014901e-01   6.637012362480e-01  -3.029999243154e-05  -5.529868602753e-01   3.597521185875e-01   2.531652105972e-03  -3.984902501106e-01 
  2.228202819824e-01   3.828168613836e-03  -3.104353845119e-01   1.500070095062e-01   4.290265031159e-03  -2.558123767376e-01   1.500070095062e-01   4.290265031159e-03  -2.558123767376e-01 
  0.000000000000e+00   0.000000000000e+00  -1.358023136854e-01   0.000000000000e+00   0.000000000000e+00  -1.358023136854e-01  -5.458718910813e-02  -1.646958664060e-02   5.520541593432e-02 
 -3.423730283976e-02  -1.148206926882e-02   3.727902770042e-01   5.019768476486e-01  -5.603304598480e-03  -1.000000014901e-01   6.637012362480e-01  -3.029999243154e-05  -5.529868602753e-01 
  3.597521185875e-01   2.531652105972e-03  -3.984902501106e-01   2.228202819824e-01   3.828168613836e-03  -3.104353845119e-01   1.500070095062e-01   4.290265031159e-03  -2.558123767376e-01 
  1.500070095062e-01   4.290265031159e-03  -2.558123767376e-01 

