# vtk DataFile Version 2.0
Written using VisIt writer
ASCII
DATASET RECTILINEAR_GRID
DIMENSIONS 10 10 10
X_COORDINATES 10 float
  0.000000000000e+00   5.000000000000e-01   1.000000000000e+00   1.500000000000e+00   2.000000000000e+00   2.500000000000e+00   3.000000000000e+00   3.500000000000e+00   4.000000000000e+00 
  4.500000000000e+00 
Y_COORDINATES 10 float
  0.000000000000e+00   5.000000000000e-01   1.000000000000e+00   1.500000000000e+00   2.000000000000e+00   2.500000000000e+00   3.000000000000e+00   3.500000000000e+00   4.000000000000e+00 
  4.500000000000e+00 
Z_COORDINATES 10 float
  0.000000000000e+00   5.000000000000e-01   1.000000000000e+00   1.500000000000e+00   2.000000000000e+00   2.500000000000e+00   3.000000000000e+00   3.500000000000e+00   4.000000000000e+00 
  4.500000000000e+00 
CELL_DATA 729
POINT_DATA 1000
VECTORS velocity float
  0.000000000000e+00  -1.187691017985e-01  -2.073808014393e-01   3.251200000000e+04   0.000000000000e+00   0.000000000000e+00   0.000000000000e+00   0.000000000000e+00   0.000000000000e+00 
  1.038889735937e-01  -6.054304912686e-02  -1.495785415173e-01   0.000000000000e+00   0.000000000000e+00   0.000000000000e+00   0.000000000000e+00   1.431655808000e+09   1.070945600000e+09 
  1.522814631462e-01  -7.151052355766e-02  -1.556949317455e-01   1.071994176000e+09   0.000000000000e+00   0.000000000000e+00   0.000000000000e+00   0.000000000000e+00   0.000000000000e+00 
  1.689119189978e-01  -1.112985610962e-01  -1.829967200756e-01   0.000000000000e+00  -1.187691017985e-01  -2.073808014393e-01   1.070945600000e+09   0.000000000000e+00   0.000000000000e+00 
  6.791955977678e-02  -9.794649481773e-02  -1.984047144651e-01   1.038889735937e-01  -6.054304912686e-02  -1.495785415173e-01   1.431655808000e+09   1.070945600000e+09   0.000000000000e+00 
  1.202536821365e-01  -4.004294797778e-02  -1.300964504480e-01   1.522814631462e-01  -7.151052355766e-02  -1.556949317455e-01   0.000000000000e+00   0.000000000000e+00   1.071644672000e+09 
  1.689119189978e-01  -1.112985610962e-01  -1.829967200756e-01   1.689119189978e-01  -1.112985610962e-01  -1.829967200756e-01   0.000000000000e+00  -1.894619927043e-04  -1.706944555044e-01 
  0.000000000000e+00  -1.894619927043e-04  -1.706944555044e-01  -2.409451175481e-03  -8.735204488039e-02  -1.794246733189e-01   9.165074676275e-03  -2.721213996410e-01  -1.724210083485e-01 
  6.970756500959e-02  -2.109275311232e-01  -1.747599542141e-01   1.009481027722e-01  -1.108970865607e-01  -1.373881101608e-01   6.987299025059e-02  -4.155550152063e-02  -1.382730454206e-01 
  1.202191263437e-01   7.625452429056e-02  -1.313648819923e-01   1.257489025593e-01  -2.069186232984e-02  -1.469986736774e-01   1.257489025593e-01  -2.069186232984e-02  -1.469986736774e-01 
  0.000000000000e+00   1.873923465610e-02  -1.578099578619e-01   0.000000000000e+00   1.873923465610e-02  -1.578099578619e-01   6.255572289228e-02   3.948855679482e-03  -1.499939709902e-01 
 -1.402656175196e-02   6.360979378223e-02  -1.310959011316e-01   5.522710457444e-02   5.958917364478e-02  -1.356062144041e-01   1.340875923634e-01  -9.875591844320e-02  -1.414542496204e-01 
  1.103768870234e-01  -3.031147457659e-02  -1.779241114855e-01   1.740558594465e-01   7.477439939976e-02  -1.354333162308e-01   1.886474192142e-01  -2.065969165415e-03  -1.375838369131e-01 
  1.886474192142e-01  -2.065969165415e-03  -1.375838369131e-01   0.000000000000e+00  -8.276620879769e-03  -1.772471070290e-01   0.000000000000e+00  -8.276620879769e-03  -1.772471070290e-01 
 -1.546488143504e-02   5.306703504175e-03  -2.007625401020e-01   3.268330544233e-02   1.760347187519e-02  -1.449671089649e-01   8.977600932121e-02  -1.186870411038e-02  -1.355417370796e-01 
  9.277840703726e-02  -1.865609665401e-03  -1.283838748932e-01   9.813564270735e-02  -7.308979518712e-03  -1.475353986025e-01   1.471116989851e-01  -3.402926772833e-02  -1.544776260853e-01 
  1.433601975441e-01  -4.172566905618e-02  -1.822327375412e-01   1.433601975441e-01  -4.172566905618e-02  -1.822327375412e-01   0.000000000000e+00  -1.202760189772e-01  -1.792571097612e-01 
  0.000000000000e+00  -1.202760189772e-01  -1.792571097612e-01   6.235671788454e-02  -8.461083471775e-02  -1.866423785686e-01   5.663108453155e-02  -1.178016364574e-01  -1.731382608414e-01 
  5.194165185094e-02  -1.553200185299e-01  -1.990225017071e-01   1.195764988661e-01  -5.942609533668e-02  -1.425467729568e-01   1.208690851927e-01  -1.310770493001e-02  -1.347112655640e-01 
  1.465567052364e-01   2.047773078084e-02  -1.304999440908e-01   2.139395326376e-01   5.411706492305e-02  -1.433911025524e-01   2.139395326376e-01   5.411706492305e-02  -1.433911025524e-01 
  0.000000000000e+00  -1.199192553759e-01  -1.910444647074e-01   0.000000000000e+00  -1.199192553759e-01  -1.910444647074e-01   1.024721041322e-01  -5.966127663851e-02  -1.737440526485e-01 
  2.578066289425e-02  -2.555609680712e-02  -1.537187248468e-01   2.919808216393e-02  -1.390926633030e-02  -1.659211963415e-01   1.261507719755e-01  -1.525638103485e-01  -1.638785451651e-01 
  8.509159088135e-02  -9.314481914043e-02  -1.822793632746e-01   1.740018427372e-01  -5.833494290709e-02  -1.385789960623e-01   2.362018078566e-01  -8.608269505203e-03  -1.364101469517e-01 
  2.362018078566e-01  -8.608269505203e-03  -1.364101469517e-01   0.000000000000e+00  -2.149231433868e-01  -2.356102764606e-01   0.000000000000e+00  -2.149231433868e-01  -2.356102764606e-01 
 -1.397458277643e-02  -7.487755268812e-02  -2.396516650915e-01   6.785604357719e-02  -3.284592181444e-02  -1.726412028074e-01   8.175252377987e-02   1.326480600983e-02  -1.586121618748e-01 
  1.546311527491e-01   1.611747033894e-02  -1.390756964684e-01   1.293019950390e-01  -6.191499065608e-03  -1.483989804983e-01   1.221486404538e-01  -1.481890678406e-01  -1.613927334547e-01 
  1.832955926657e-01  -1.259400248528e-01  -1.961670070887e-01   1.832955926657e-01  -1.259400248528e-01  -1.961670070887e-01   0.000000000000e+00   0.000000000000e+00  -1.908568441868e-01 
  0.000000000000e+00   0.000000000000e+00  -1.908568441868e-01  -5.038294196129e-02   0.000000000000e+00  -1.991627663374e-01   6.700138002634e-02   0.000000000000e+00  -1.660383194685e-01 
  8.885182440281e-02   0.000000000000e+00  -1.935385614634e-01   1.843428462744e-01   0.000000000000e+00  -1.347861886024e-01   2.088773548603e-01   0.000000000000e+00  -1.182548999786e-01 
  1.942333728075e-01   0.000000000000e+00  -1.197533309460e-01   2.986547350883e-01   0.000000000000e+00  -1.259745806456e-01   2.986547350883e-01   0.000000000000e+00  -1.259745806456e-01 
  0.000000000000e+00   0.000000000000e+00  -1.908568441868e-01   0.000000000000e+00   0.000000000000e+00  -1.908568441868e-01  -5.038294196129e-02   0.000000000000e+00  -1.991627663374e-01 
  6.700138002634e-02   0.000000000000e+00  -1.660383194685e-01   8.885182440281e-02   0.000000000000e+00  -1.935385614634e-01   1.843428462744e-01   0.000000000000e+00  -1.347861886024e-01 
  2.088773548603e-01   0.000000000000e+00  -1.182548999786e-01   1.942333728075e-01   0.000000000000e+00  -1.197533309460e-01   2.986547350883e-01   0.000000000000e+00  -1.259745806456e-01 
  2.986547350883e-01   0.000000000000e+00  -1.259745806456e-01   0.000000000000e+00  -1.187691017985e-01  -2.073808014393e-01   0.000000000000e+00  -1.187691017985e-01  -2.073808014393e-01 
  6.791955977678e-02  -9.794649481773e-02  -1.984047144651e-01   1.038889735937e-01  -6.054304912686e-02  -1.495785415173e-01   1.413020938635e-01  -4.042696580291e-02  -1.359155178070e-01 
  1.202536821365e-01  -4.004294797778e-02  -1.300964504480e-01   1.522814631462e-01  -7.151052355766e-02  -1.556949317455e-01   1.430680900812e-01  -7.352454215288e-02  -1.659723222256e-01 
  1.689119189978e-01  -1.112985610962e-01  -1.829967200756e-01   1.689119189978e-01  -1.112985610962e-01  -1.829967200756e-01   0.000000000000e+00  -1.187691017985e-01  -2.073808014393e-01 
  0.000000000000e+00  -1.187691017985e-01  -2.073808014393e-01   6.791955977678e-02  -9.794649481773e-02  -1.984047144651e-01   1.038889735937e-01  -6.054304912686e-02  -1.495785415173e-01 
  1.413020938635e-01  -4.042696580291e-02  -1.359155178070e-01   1.202536821365e-01  -4.004294797778e-02  -1.300964504480e-01   1.522814631462e-01  -7.151052355766e-02  -1.556949317455e-01 
  1.430680900812e-01  -7.352454215288e-02  -1.659723222256e-01   1.689119189978e-01  -1.112985610962e-01  -1.829967200756e-01   1.689119189978e-01  -1.112985610962e-01  -1.829967200756e-01 
  0.000000000000e+00  -1.894619927043e-04  -1.706944555044e-01   0.000000000000e+00  -1.894619927043e-04  -1.706944555044e-01  -2.409451175481e-03  -8.735204488039e-02  -1.794246733189e-01 
  9.165074676275e-03  -2.721213996410e-01  -1.724210083485e-01   6.970756500959e-02  -2.109275311232e-01  -1.747599542141e-01   1.009481027722e-01  -1.108970865607e-01  -1.373881101608e-01 
  6.987299025059e-02  -4.155550152063e-02  -1.382730454206e-01   1.202191263437e-01   7.625452429056e-02  -1.313648819923e-01   1.257489025593e-01  -2.069186232984e-02  -1.469986736774e-01 
  1.257489025593e-01  -2.069186232984e-02  -1.469986736774e-01   0.000000000000e+00   1.873923465610e-02  -1.578099578619e-01   0.000000000000e+00   1.873923465610e-02  -1.578099578619e-01 
  6.255572289228e-02   3.948855679482e-03  -1.499939709902e-01  -1.402656175196e-02   6.360979378223e-02  -1.310959011316e-01   5.522710457444e-02   5.958917364478e-02  -1.356062144041e-01 
  1.340875923634e-01  -9.875591844320e-02  -1.414542496204e-01   1.103768870234e-01  -3.031147457659e-02  -1.779241114855e-01   1.740558594465e-01   7.477439939976e-02  -1.354333162308e-01 
  1.886474192142e-01  -2.065969165415e-03  -1.375838369131e-01   1.886474192142e-01  -2.065969165415e-03  -1.375838369131e-01   0.000000000000e+00  -8.276620879769e-03  -1.772471070290e-01 
  0.000000000000e+00  -8.276620879769e-03  -1.772471070290e-01  -1.546488143504e-02   5.306703504175e-03  -2.007625401020e-01   3.268330544233e-02   1.760347187519e-02  -1.449671089649e-01 
  8.977600932121e-02  -1.186870411038e-02  -1.355417370796e-01   9.277840703726e-02  -1.865609665401e-03  -1.283838748932e-01   9.813564270735e-02  -7.308979518712e-03  -1.475353986025e-01 
  1.471116989851e-01  -3.402926772833e-02  -1.544776260853e-01   1.433601975441e-01  -4.172566905618e-02  -1.822327375412e-01   1.433601975441e-01  -4.172566905618e-02  -1.822327375412e-01 
  0.000000000000e+00  -1.202760189772e-01  -1.792571097612e-01   0.000000000000e+00  -1.202760189772e-01  -1.792571097612e-01   6.235671788454e-02  -8.461083471775e-02  -1.866423785686e-01 
  5.663108453155e-02  -1.178016364574e-01  -1.731382608414e-01   5.194165185094e-02  -1.553200185299e-01  -1.990225017071e-01   1.195764988661e-01  -5.942609533668e-02  -1.425467729568e-01 
  1.208690851927e-01  -1.310770493001e-02  -1.347112655640e-01   1.465567052364e-01   2.047773078084e-02  -1.304999440908e-01   2.139395326376e-01   5.411706492305e-02  -1.433911025524e-01 
  2.139395326376e-01   5.411706492305e-02  -1.433911025524e-01   0.000000000000e+00  -1.199192553759e-01  -1.910444647074e-01   0.000000000000e+00  -1.199192553759e-01  -1.910444647074e-01 
  1.024721041322e-01  -5.966127663851e-02  -1.737440526485e-01   2.578066289425e-02  -2.555609680712e-02  -1.537187248468e-01   2.919808216393e-02  -1.390926633030e-02  -1.659211963415e-01 
  1.261507719755e-01  -1.525638103485e-01  -1.638785451651e-01   8.509159088135e-02  -9.314481914043e-02  -1.822793632746e-01   1.740018427372e-01  -5.833494290709e-02  -1.385789960623e-01 
  2.362018078566e-01  -8.608269505203e-03  -1.364101469517e-01   2.362018078566e-01  -8.608269505203e-03  -1.364101469517e-01   0.000000000000e+00  -2.149231433868e-01  -2.356102764606e-01 
  0.000000000000e+00  -2.149231433868e-01  -2.356102764606e-01  -1.397458277643e-02  -7.487755268812e-02  -2.396516650915e-01   6.785604357719e-02  -3.284592181444e-02  -1.726412028074e-01 
  8.175252377987e-02   1.326480600983e-02  -1.586121618748e-01   1.546311527491e-01   1.611747033894e-02  -1.390756964684e-01   1.293019950390e-01  -6.191499065608e-03  -1.483989804983e-01 
  1.221486404538e-01  -1.481890678406e-01  -1.613927334547e-01   1.832955926657e-01  -1.259400248528e-01  -1.961670070887e-01   1.832955926657e-01  -1.259400248528e-01  -1.961670070887e-01 
  0.000000000000e+00   0.000000000000e+00  -1.908568441868e-01   0.000000000000e+00   0.000000000000e+00  -1.908568441868e-01  -5.038294196129e-02   0.000000000000e+00  -1.991627663374e-01 
  6.700138002634e-02   0.000000000000e+00  -1.660383194685e-01   8.885182440281e-02   0.000000000000e+00  -1.935385614634e-01   1.843428462744e-01   0.000000000000e+00  -1.347861886024e-01 
  2.088773548603e-01   0.000000000000e+00  -1.182548999786e-01   1.942333728075e-01   0.000000000000e+00  -1.197533309460e-01   2.986547350883e-01   0.000000000000e+00  -1.259745806456e-01 
  2.986547350883e-01   0.000000000000e+00  -1.259745806456e-01   0.000000000000e+00   0.000000000000e+00  -1.908568441868e-01   0.000000000000e+00   0.000000000000e+00  -1.908568441868e-01 
 -5.038294196129e-02   0.000000000000e+00  -1.991627663374e-01   6.700138002634e-02   0.000000000000e+00  -1.660383194685e-01   8.885182440281e-02   0.000000000000e+00  -1.935385614634e-01 
  1.843428462744e-01   0.000000000000e+00  -1.347861886024e-01   2.088773548603e-01   0.000000000000e+00  -1.182548999786e-01   1.942333728075e-01   0.000000000000e+00  -1.197533309460e-01 
  2.986547350883e-01   0.000000000000e+00  -1.259745806456e-01   2.986547350883e-01   0.000000000000e+00  -1.259745806456e-01   0.000000000000e+00  -7.443915307522e-02  -1.060794830322e+00 
  0.000000000000e+00  -7.443915307522e-02  -1.060794830322e+00   4.842246770859e-01   5.572772026062e-02  -1.286153197289e+00   9.033160209656e-01   6.963469833136e-02  -5.429185032845e-01 
  8.376433253288e-01   5.639000330120e-03  -4.534098505974e-01   3.689870238304e-01  -4.156840741634e-01  -8.826152980328e-02   8.467519283295e-01  -1.658194884658e-02  -4.430507495999e-02 
  8.467519283295e-01   1.470640674233e-02  -3.402767702937e-02   0.000000000000e+00  -4.122117161751e-02  -1.700327545404e-02   0.000000000000e+00  -4.122117161751e-02  -1.700327545404e-02 
  0.000000000000e+00  -7.443915307522e-02  -1.060794830322e+00   0.000000000000e+00  -7.443915307522e-02  -1.060794830322e+00   4.842246770859e-01   5.572772026062e-02  -1.286153197289e+00 
  9.033160209656e-01   6.963469833136e-02  -5.429185032845e-01   8.376433253288e-01   5.639000330120e-03  -4.534098505974e-01   3.689870238304e-01  -4.156840741634e-01  -8.826152980328e-02 
  8.467519283295e-01  -1.658194884658e-02  -4.430507495999e-02   8.467519283295e-01   1.470640674233e-02  -3.402767702937e-02   0.000000000000e+00  -4.122117161751e-02  -1.700327545404e-02 
  0.000000000000e+00  -4.122117161751e-02  -1.700327545404e-02   0.000000000000e+00   3.500940650702e-02  -9.676753878593e-01   0.000000000000e+00   3.500940650702e-02  -9.676753878593e-01 
  3.773226439953e-01   1.121650263667e-01  -3.086936473846e-01   1.658486127853e-01   1.508477777243e-01  -4.116477668285e-01   3.642661273479e-01  -6.597092747688e-02   8.554461598396e-02 
  1.086084127426e+00  -6.927458643913e-01   5.103366076946e-02   1.388829469681e+00   2.986462228000e-02  -6.172695755959e-02   1.202191263437e-01   7.622095942497e-02  -6.863512098789e-02 
  1.257489025593e-01  -2.069185487926e-02  -1.362069368362e+00   1.257489025593e-01  -2.069185487926e-02  -1.362069368362e+00   0.000000000000e+00  -4.909292608500e-02  -7.644936442375e-01 
  0.000000000000e+00  -4.909292608500e-02  -7.644936442375e-01   1.400598734617e-01  -1.008957251906e-01  -7.743901610374e-01   1.773027330637e-01   3.277282463387e-03  -7.749193310738e-01 
  8.117885142565e-02   4.814627394080e-02  -7.228862643242e-01   1.252736002207e-01  -7.577099800110e-01  -5.208994150162e-01   1.101796478033e-01  -3.046469390392e-02  -2.207588404417e-02 
  1.740264892578e-01   7.477392256260e-02  -6.456667929888e-02   1.886473596096e-01  -2.065969165415e-03  -2.428045272827e+00   1.886473596096e-01  -2.065969165415e-03  -2.428045272827e+00 
  0.000000000000e+00   2.410144507885e-01  -6.398406624794e-01   0.000000000000e+00   2.410144507885e-01  -6.398406624794e-01   1.667153835297e-01   7.386527955532e-02  -4.582777321339e-01 
  1.630281656981e-01   3.472421690822e-02  -7.898502349854e-01  -1.236675865948e-02   3.512627780437e-01  -7.632759213448e-01  -9.275360032916e-03   1.492392155342e-03  -6.369215846062e-01 
  1.017266586423e-01  -7.063398603350e-03  -5.246460810304e-02   1.470082998276e-01  -3.400016948581e-02  -4.552237316966e-02   1.433825194836e-01  -4.172565788031e-02  -2.417310953140e+00 
  1.433825194836e-01  -4.172565788031e-02  -2.417310953140e+00   0.000000000000e+00   2.426651539281e-03  -7.457250356674e-01   0.000000000000e+00   2.426651539281e-03  -7.457250356674e-01 
  1.846486181021e-01  -2.035523205996e-01  -3.590958118439e-01   4.057144224644e-01  -9.238863363862e-03  -1.085466504097e+00   1.251277178526e-01   1.233750507236e-01  -4.865276217461e-01 
  1.129858270288e-01   1.625502482057e-02  -4.825047850609e-01   1.348010152578e-01  -1.027620118111e-02  -6.528873741627e-02   1.466495096684e-01   1.986084692180e-02  -6.950005888939e-02 
  2.139244824648e-01   5.410614237189e-02  -5.660889297724e-02   2.139244824648e-01   5.410614237189e-02  -5.660889297724e-02   0.000000000000e+00   9.020002186298e-02  -1.146755456924e+00 
  0.000000000000e+00   9.020002186298e-02  -1.146755456924e+00   4.469462856650e-02  -2.278614491224e-01  -1.084632992744e+00   4.475625753403e-01   1.186621785164e-01  -1.252754807472e+00 
  1.202001869678e-01   3.002462983131e-01  -5.873207449913e-01   1.912510544062e-01   6.635662168264e-02  -5.622709989548e-01   3.371188938618e-01  -5.275032669306e-02  -9.421578049660e-01 
  1.671375036240e-01  -5.821796879172e-02  -6.142100691795e-02   2.323569953442e-01  -8.714384399354e-03  -6.358984857798e-02   2.323569953442e-01  -8.714384399354e-03  -6.358984857798e-02 
  0.000000000000e+00  -6.097827106714e-02  -7.205815911293e-01   0.000000000000e+00  -6.097827106714e-02  -7.205815911293e-01   1.798750758171e-01  -1.247310936451e-01  -9.122048616409e-01 
  4.133685827255e-01  -7.361322641373e-02  -1.151091933250e+00   7.220968604088e-03  -1.925234496593e-02  -1.064711332321e+00   1.993888169527e-01  -1.067143771797e-02  -1.151641964912e+00 
  9.413935542107e-01  -7.014712318778e-03  -1.070618510246e+00   0.000000000000e+00  -1.242353618145e-01  -3.860725834966e-02   0.000000000000e+00  -1.258404254913e-01  -8.489055633545e-01 
  0.000000000000e+00  -1.258404254913e-01  -8.489055633545e-01   0.000000000000e+00   0.000000000000e+00  -8.819701671600e-01   0.000000000000e+00   0.000000000000e+00  -8.819701671600e-01 
 -1.001568417996e-02   0.000000000000e+00  -1.008661508560e+00   1.242837533355e-01   0.000000000000e+00  -1.135477781296e+00   9.359177947044e-02   0.000000000000e+00  -1.218990206718e+00 
  1.809687018394e-01   0.000000000000e+00  -1.359890937805e+00   4.315656721592e-01  -1.079173176549e-03  -1.111648440361e+00   1.830971390009e-01  -3.543763887137e-03  -8.024667203426e-02 
  2.936388552189e-01  -1.310239604209e-04  -9.184142351151e-01   2.936388552189e-01  -1.310239604209e-04  -9.184142351151e-01   0.000000000000e+00   0.000000000000e+00  -8.819701671600e-01 
  0.000000000000e+00   0.000000000000e+00  -8.819701671600e-01  -1.001568417996e-02   0.000000000000e+00  -1.008661508560e+00   1.242837533355e-01   0.000000000000e+00  -1.135477781296e+00 
  9.359177947044e-02   0.000000000000e+00  -1.218990206718e+00   1.809687018394e-01   0.000000000000e+00  -1.359890937805e+00   4.315656721592e-01  -1.079173176549e-03  -1.111648440361e+00 
  1.830971390009e-01  -3.543763887137e-03  -8.024667203426e-02   2.936388552189e-01  -1.310239604209e-04  -9.184142351151e-01   2.936388552189e-01  -1.310239604209e-04  -9.184142351151e-01 
  0.000000000000e+00   5.653556436300e-02  -8.409505486488e-01   0.000000000000e+00   5.653556436300e-02  -8.409505486488e-01   1.867309510708e-01   1.992768049240e-01  -2.998687624931e-01 
  5.659720301628e-01   1.240150034428e-01  -1.015156507492e+00   6.712961196899e-01  -2.293180376291e-01  -5.450165867805e-01   9.583569765091e-01   0.000000000000e+00  -9.940609931946e-01 
  7.969447374344e-01  -4.980714619160e-02  -1.256895661354e+00   8.965590596199e-01   3.202368505299e-03  -1.207088470459e+00   0.000000000000e+00  -2.221792377532e-02  -1.000000014901e-01 
  0.000000000000e+00  -2.221792377532e-02  -1.000000014901e-01   0.000000000000e+00   5.653556436300e-02  -8.409505486488e-01   0.000000000000e+00   5.653556436300e-02  -8.409505486488e-01 
  1.867309510708e-01   1.992768049240e-01  -2.998687624931e-01   5.659720301628e-01   1.240150034428e-01  -1.015156507492e+00   6.712961196899e-01  -2.293180376291e-01  -5.450165867805e-01 
  9.583569765091e-01   0.000000000000e+00  -9.940609931946e-01   7.969447374344e-01  -4.980714619160e-02  -1.256895661354e+00   8.965590596199e-01   3.202368505299e-03  -1.207088470459e+00 
  0.000000000000e+00  -2.221792377532e-02  -1.000000014901e-01   0.000000000000e+00  -2.221792377532e-02  -1.000000014901e-01   0.000000000000e+00   7.332415878773e-02  -5.560983419418e-01 
  0.000000000000e+00   7.332415878773e-02  -5.560983419418e-01   3.070845827460e-02   8.859152346849e-02  -1.883911341429e-01  -9.512768127024e-03   1.132539510727e-01  -5.433791875839e-01 
  0.000000000000e+00  -6.549805998802e-01  -1.000000014901e-01   1.375212788582e+00  -8.638762831688e-01  -7.534579038620e-01   1.390710473061e+00   4.980714619160e-02  -9.934031367302e-01 
  1.112212896347e+00   3.997358307242e-02  -6.402816176414e-01   3.918722569942e-01   1.369858044200e-03  -1.137719392776e+00   3.918722569942e-01   1.369858044200e-03  -1.137719392776e+00 
  0.000000000000e+00  -2.184698823839e-03  -5.441389083862e-01   0.000000000000e+00  -2.184698823839e-03  -5.441389083862e-01   5.555465444922e-02   1.936914026737e-02  -5.363889932632e-01 
  1.221291199327e-01   1.791939139366e-02  -5.920701026917e-01  -1.308922469616e-01  -7.569967508316e-01  -8.338568806648e-01  -2.440914958715e-01  -8.483787178993e-01  -8.589125275612e-01 
  1.175106763840e+00  -3.234916031361e-01  -5.208703875542e-01   7.445172667503e-01  -7.476678490639e-02  -2.249324023724e-01   2.870563268661e-01  -1.744064316154e-02  -2.229526519775e+00 
  2.870563268661e-01  -1.744064316154e-02  -2.229526519775e+00   0.000000000000e+00   4.257268011570e-01  -3.687324821949e-01   0.000000000000e+00   4.257268011570e-01  -3.687324821949e-01 
  5.905041471124e-02   1.253733932972e-01  -3.898206651211e-01   1.571584343910e-01   3.832990825176e-01  -8.402515649796e-01  -2.165534049273e-01   5.290085673332e-01  -8.962995409966e-01 
 -2.660356760025e-01   4.990399479866e-01  -9.193514585495e-01  -1.234591100365e-02   1.531458646059e-01  -3.720733523369e-01   1.929605603218e-01   7.972057908773e-03  -9.293239563704e-02 
  1.537608057261e-01  -3.724300116301e-02  -2.367849588394e+00   1.537608057261e-01  -3.724300116301e-02  -2.367849588394e+00   0.000000000000e+00  -1.357870455831e-02  -2.494893372059e-01 
  0.000000000000e+00  -1.357870455831e-02  -2.494893372059e-01   4.831800609827e-02  -1.665947958827e-02  -4.435656964779e-01   7.295633852482e-02   3.953900039196e-01  -8.459739685059e-01 
 -2.513710558414e-01   4.861973822117e-01  -6.116085648537e-01  -2.026453763247e-01   3.804385662079e-01  -5.486932396889e-01  -1.590407192707e-01   1.560617387295e-01  -2.317990064621e-01 
  1.318120658398e-01   4.326068237424e-02  -8.411998301744e-02   2.129231393337e-01   5.373185127974e-02  -5.679402127862e-02   2.129231393337e-01   5.373185127974e-02  -5.679402127862e-02 
  0.000000000000e+00   1.716158837080e-01  -4.617376923561e-01   0.000000000000e+00   1.716158837080e-01  -4.617376923561e-01   4.724537953734e-02  -3.482284769416e-02  -5.281627178192e-01 
  2.742498815060e-01   1.500069499016e-01  -8.530175089836e-01   3.271822035313e-01   2.839691340923e-01  -4.922007322311e-01   1.696464717388e-01   3.183961808681e-01  -5.693428516388e-01 
  2.220897078514e-01   1.856067031622e-02  -8.779830932617e-01   1.528900861740e-01  -4.739290103316e-02  -1.555051505566e-01   2.213023006916e-01  -9.431255050004e-03  -6.492253392935e-02 
  2.213023006916e-01  -9.431255050004e-03  -6.492253392935e-02   0.000000000000e+00   5.861952155828e-02  -2.266802340746e-01   0.000000000000e+00   5.861952155828e-02  -2.266802340746e-01 
  1.160703375936e-01  -1.037766113877e-01  -6.622202396393e-01   3.430107235909e-01   4.605279490352e-02  -6.626854538918e-01   3.965967595577e-01   8.504121750593e-02  -4.921045005322e-01 
  1.626440733671e-01   1.176210306585e-02  -6.579461097717e-01   0.000000000000e+00  -2.387983549852e-04  -1.129903316498e+00   0.000000000000e+00  -9.124627336860e-03  -1.000000014901e-01 
  0.000000000000e+00  -9.945906698704e-03  -1.000000014901e-01   0.000000000000e+00  -9.945906698704e-03  -1.000000014901e-01   0.000000000000e+00   0.000000000000e+00  -3.080224096775e-01 
  0.000000000000e+00   0.000000000000e+00  -3.080224096775e-01   1.650081202388e-02   0.000000000000e+00  -5.072064399719e-01  -1.646928787231e-01   0.000000000000e+00  -3.482481837273e-01 
  2.734192013741e-01   0.000000000000e+00   3.137553632259e-01   1.245259344578e-01   0.000000000000e+00  -3.936006426811e-01   2.387987226248e-01  -5.650238017552e-04  -8.689612150192e-01 
  1.831674277782e-01  -1.303431391716e-02  -1.989967823029e-01   2.804560959339e-01  -1.902704872191e-02  -8.992354273796e-01   2.804560959339e-01  -1.902704872191e-02  -8.992354273796e-01 
  0.000000000000e+00   0.000000000000e+00  -3.080224096775e-01   0.000000000000e+00   0.000000000000e+00  -3.080224096775e-01   1.650081202388e-02   0.000000000000e+00  -5.072064399719e-01 
 -1.646928787231e-01   0.000000000000e+00  -3.482481837273e-01   2.734192013741e-01   0.000000000000e+00   3.137553632259e-01   1.245259344578e-01   0.000000000000e+00  -3.936006426811e-01 
  2.387987226248e-01  -5.650238017552e-04  -8.689612150192e-01   1.831674277782e-01  -1.303431391716e-02  -1.989967823029e-01   2.804560959339e-01  -1.902704872191e-02  -8.992354273796e-01 
  2.804560959339e-01  -1.902704872191e-02  -8.992354273796e-01   0.000000000000e+00   6.447788327932e-02  -4.984013140202e-01   0.000000000000e+00   6.447788327932e-02  -4.984013140202e-01 
  1.202175975777e-03   2.081961743534e-02  -3.639864325523e-01   4.586878716946e-01   3.798355907202e-02   1.201421096921e-01   2.892522215843e-01  -3.809078335762e-01  -6.862786412239e-01 
  5.810082554817e-01  -2.108206897974e-01  -9.658388495445e-01   5.217864513397e-01   0.000000000000e+00  -1.157281279564e+00   0.000000000000e+00   2.097852993757e-03  -1.207088470459e+00 
  0.000000000000e+00  -1.108557730913e-02  -1.000000014901e-01   0.000000000000e+00  -1.108557730913e-02  -1.000000014901e-01   0.000000000000e+00   6.447788327932e-02  -4.984013140202e-01 
  0.000000000000e+00   6.447788327932e-02  -4.984013140202e-01   1.202175975777e-03   2.081961743534e-02  -3.639864325523e-01   4.586878716946e-01   3.798355907202e-02   1.201421096921e-01 
  2.892522215843e-01  -3.809078335762e-01  -6.862786412239e-01   5.810082554817e-01  -2.108206897974e-01  -9.658388495445e-01   5.217864513397e-01   0.000000000000e+00  -1.157281279564e+00 
  0.000000000000e+00   2.097852993757e-03  -1.207088470459e+00   0.000000000000e+00  -1.108557730913e-02  -1.000000014901e-01   0.000000000000e+00  -1.108557730913e-02  -1.000000014901e-01 
  0.000000000000e+00   8.657040446997e-02  -6.797678470612e-01   0.000000000000e+00   8.657040446997e-02  -6.797678470612e-01  -5.423843115568e-02   4.604853689671e-02  -5.895637869835e-01 
 -2.212487533689e-02   6.680823862553e-02  -5.704481601715e-01  -3.004114888608e-02  -5.774971246719e-01  -4.717107415199e-01   0.000000000000e+00  -5.656087994576e-01  -7.379603385925e-01 
  9.105448126793e-01   3.261040896177e-02  -9.655796885490e-01   7.686625719070e-01   2.845001779497e-02  -9.061145782471e-01   4.430451393127e-01   9.892065078020e-03  -9.094905853271e-01 
  4.430451393127e-01   9.892065078020e-03  -9.094905853271e-01   0.000000000000e+00   6.154638528824e-02  -2.482399493456e-01   0.000000000000e+00   6.154638528824e-02  -2.482399493456e-01 
  1.821668702178e-04   4.018766060472e-02  -3.985140323639e-01   1.249471753836e-01   3.553004562855e-02  -5.438575148582e-01  -1.760546118021e-01  -4.473572373390e-01  -8.950931429863e-01 
 -2.533978521824e-01   0.000000000000e+00  -8.794330358505e-01   6.009703874588e-01  -1.153545081615e-01  -7.515828013420e-01   8.150678873062e-01  -5.966589972377e-02  -5.484701395035e-01 
  4.360987842083e-01  -2.551673538983e-02  -1.768990635872e+00   4.360987842083e-01  -2.551673538983e-02  -1.768990635872e+00   0.000000000000e+00   4.746068120003e-01  -3.649648725986e-01 
  0.000000000000e+00   4.746068120003e-01  -3.649648725986e-01   1.229114234447e-01   3.740792721510e-02  -4.626116752625e-01   3.375822901726e-01   1.209916621447e-01  -1.145686388016e+00 
 -2.829794585705e-01   0.000000000000e+00  -9.652016758919e-01  -2.875791192055e-01   3.712672889233e-01  -9.895391464233e-01  -1.399594396353e-01   2.222693860531e-01  -6.965809464455e-01 
  4.539368301630e-02   7.310602813959e-02  -2.701189219952e-01   1.207509115338e-01  -1.383014302701e-02  -1.981513857841e+00   1.207509115338e-01  -1.383014302701e-02  -1.981513857841e+00 
  0.000000000000e+00   4.772847890854e-02  -3.442788124084e-01   0.000000000000e+00   4.772847890854e-02  -3.442788124084e-01   7.555776834488e-02  -8.527969568968e-02  -3.884651362896e-01 
  0.000000000000e+00   0.000000000000e+00  -1.481975317001e+00  -3.459414243698e-01   7.883445620537e-01  -1.614805459976e+00  -3.150887191296e-01   7.786222696304e-01  -2.088891983032e+00 
  0.000000000000e+00   5.382863283157e-01  -1.000000014901e-01  -1.628511957824e-02   2.871735692024e-01  -9.357754886150e-02  -3.541256859899e-02   7.646387070417e-02  -6.867356598377e-02 
 -3.541256859899e-02   7.646387070417e-02  -6.867356598377e-02   0.000000000000e+00  -1.034561730921e-02  -5.350684523582e-01   0.000000000000e+00  -1.034561730921e-02  -5.350684523582e-01 
  6.068584695458e-02  -2.704452909529e-02  -4.070619344711e-01   4.937385022640e-01   0.000000000000e+00  -5.326229333878e-01   4.504798650742e-01   8.191972970963e-01  -1.177625060081e+00 
  3.944944739342e-01   8.037709593773e-01  -8.944591879845e-01   2.609193027020e-01   3.567806184292e-01  -4.449861645699e-01  -6.963770836592e-02   0.000000000000e+00  -1.000000014901e-01 
 -6.546839326620e-02  -4.714894108474e-03  -8.860338479280e-02  -6.546839326620e-02  -4.714894108474e-03  -8.860338479280e-02   0.000000000000e+00   2.307032942772e-01  -3.054588139057e-01 
  0.000000000000e+00   2.307032942772e-01  -3.054588139057e-01   1.389483958483e-01  -2.793879061937e-02  -5.958630517125e-02   5.768635272980e-01   8.582117408514e-02  -5.399397015572e-01 
  5.813630819321e-01   7.834369689226e-02  -7.043259143829e-01   3.612699806690e-01   4.992844909430e-02  -6.204797029495e-01   0.000000000000e+00  -6.131440401077e-03  -1.000000014901e-01 
 -7.149275392294e-02  -1.277994923294e-02  -1.000000014901e-01  -7.149275392294e-02  -1.277994923294e-02  -1.000000014901e-01  -7.149275392294e-02  -1.277994923294e-02  -1.000000014901e-01 
  0.000000000000e+00   0.000000000000e+00  -3.351880609989e-01   0.000000000000e+00   0.000000000000e+00  -3.351880609989e-01   6.037067994475e-02   0.000000000000e+00  -1.842670142651e-01 
  2.310218513012e-01   0.000000000000e+00  -5.999602079391e-01   1.802822053432e-01   0.000000000000e+00  -9.748228788376e-01   0.000000000000e+00  -1.641392657348e-07   4.517137408257e-01 
  1.440863609314e-01  -5.550369154662e-03  -5.425392389297e-01  -6.311538815498e-02  -1.277994923294e-02  -1.000000014901e-01  -3.650538250804e-02  -1.277994923294e-02  -3.568466603756e-01 
 -3.650538250804e-02  -1.277994923294e-02  -3.568466603756e-01   0.000000000000e+00   0.000000000000e+00  -3.351880609989e-01   0.000000000000e+00   0.000000000000e+00  -3.351880609989e-01 
  6.037067994475e-02   0.000000000000e+00  -1.842670142651e-01   2.310218513012e-01   0.000000000000e+00  -5.999602079391e-01   1.802822053432e-01   0.000000000000e+00  -9.748228788376e-01 
  0.000000000000e+00  -1.641392657348e-07   4.517137408257e-01   1.440863609314e-01  -5.550369154662e-03  -5.425392389297e-01  -6.311538815498e-02  -1.277994923294e-02  -1.000000014901e-01 
 -3.650538250804e-02  -1.277994923294e-02  -3.568466603756e-01  -3.650538250804e-02  -1.277994923294e-02  -3.568466603756e-01   0.000000000000e+00   4.048706591129e-02  -2.889379858971e-01 
  0.000000000000e+00   4.048706591129e-02  -2.889379858971e-01  -2.700902149081e-02  -3.272024542093e-02  -4.928459823132e-01   5.628221482038e-02  -1.690865494311e-02  -1.507829666138e+00 
  0.000000000000e+00  -5.530091002584e-02  -4.062888920307e-01   0.000000000000e+00   8.996926044347e-05  -5.520085692406e-01   0.000000000000e+00   0.000000000000e+00  -1.000000014901e-01 
  0.000000000000e+00  -3.637941088527e-03  -1.000000014901e-01   0.000000000000e+00  -3.802694380283e-03  -1.000000014901e-01   0.000000000000e+00  -3.802694380283e-03  -1.000000014901e-01 
  0.000000000000e+00   4.048706591129e-02  -2.889379858971e-01   0.000000000000e+00   4.048706591129e-02  -2.889379858971e-01  -2.700902149081e-02  -3.272024542093e-02  -4.928459823132e-01 
  5.628221482038e-02  -1.690865494311e-02  -1.507829666138e+00   0.000000000000e+00  -5.530091002584e-02  -4.062888920307e-01   0.000000000000e+00   8.996926044347e-05  -5.520085692406e-01 
  0.000000000000e+00   0.000000000000e+00  -1.000000014901e-01   0.000000000000e+00  -3.637941088527e-03  -1.000000014901e-01   0.000000000000e+00  -3.802694380283e-03  -1.000000014901e-01 
  0.000000000000e+00  -3.802694380283e-03  -1.000000014901e-01   0.000000000000e+00   7.828808575869e-02  -3.846522569656e-01   0.000000000000e+00   7.828808575869e-02  -3.846522569656e-01 
 -1.251182109118e-01  -3.521976992488e-02  -4.214947521687e-01  -4.718728363514e-02   0.000000000000e+00  -7.204569578171e-01  -3.020312078297e-02  -1.206016838551e-01  -3.220407664776e-01 
  0.000000000000e+00   2.577645063866e-04  -1.000000014901e-01   0.000000000000e+00   0.000000000000e+00  -5.518732666969e-01   0.000000000000e+00  -3.713943762705e-03  -6.130993366241e-01 
  0.000000000000e+00  -3.831765847281e-03  -6.727544665337e-01   0.000000000000e+00  -3.831765847281e-03  -6.727544665337e-01   0.000000000000e+00   1.267425268888e-01  -3.643368184566e-01 
  0.000000000000e+00   1.267425268888e-01  -3.643368184566e-01  -1.378106474876e-01   8.578909188509e-02  -2.617299556732e-01  -9.868778288364e-02   5.650546774268e-02  -5.149767398834e-01 
 -1.524900645018e-01   4.291512444615e-02  -4.803370535374e-01  -2.115472853184e-01   3.898458089679e-04  -8.251752853394e-01   2.708781063557e-01   1.010929991025e-04  -6.218520998955e-01 
  1.295878142118e-01  -2.032097196206e-03  -6.076975464821e-01   6.313481926918e-02  -2.652271650732e-03  -1.434280395508e+00   6.313481926918e-02  -2.652271650732e-03  -1.434280395508e+00 
  0.000000000000e+00   3.310270011425e-01  -3.030792176723e-01   0.000000000000e+00   3.310270011425e-01  -3.030792176723e-01   8.161062374711e-03   1.985915601254e-01   5.105918273330e-02 
  0.000000000000e+00   1.327785700560e-01  -1.145686388016e+00  -2.144798487425e-01   1.648346707225e-02  -1.000000014901e-01  -1.875980645418e-01   2.750141322613e-01  -9.518842697144e-01 
 -1.228733882308e-01   2.487880885601e-01  -9.753211736679e-01  -2.733302826528e-04   9.620207548141e-02  -9.957849383354e-01   2.299807593226e-02   2.266607992351e-02  -1.548762798309e+00 
  2.299807593226e-02   2.266607992351e-02  -1.548762798309e+00   0.000000000000e+00   1.555493324995e-01  -3.835671544075e-01   0.000000000000e+00   1.555493324995e-01  -3.835671544075e-01 
  5.481849238276e-02   8.806930482388e-02  -3.856511712074e-01   8.978705108166e-02   1.340092532337e-02  -1.399531841278e+00   0.000000000000e+00   0.000000000000e+00  -2.163928031921e+00 
  0.000000000000e+00   4.013131558895e-01  -2.179354429245e+00   0.000000000000e+00   2.452302277088e-01  -1.467407345772e+00   0.000000000000e+00   0.000000000000e+00  -1.242971539497e+00 
  0.000000000000e+00   4.372250288725e-03  -1.532359004021e+00   0.000000000000e+00   4.372250288725e-03  -1.532359004021e+00   0.000000000000e+00  -2.104957774282e-02  -5.817945599556e-01 
  0.000000000000e+00  -2.104957774282e-02  -5.817945599556e-01   9.917239099741e-02  -4.252501949668e-02  -4.671837985516e-01   3.375383913517e-01  -5.462962202728e-03  -1.366553455591e-01 
  4.530272483826e-01   0.000000000000e+00  -9.037908911705e-01   3.621596992016e-01   4.013196825981e-01  -7.749733328819e-01   0.000000000000e+00   0.000000000000e+00  -1.073845744133e+00 
 -7.149275392294e-02   0.000000000000e+00  -1.825558423996e+00  -7.149275392294e-02   0.000000000000e+00  -1.825558423996e+00  -7.149275392294e-02   0.000000000000e+00  -1.825558423996e+00 
  0.000000000000e+00   9.664852172136e-03  -8.339576721191e-01   0.000000000000e+00   9.664852172136e-03  -8.339576721191e-01   9.928610175848e-02  -1.185408607125e-01  -3.823922574520e-01 
  5.491542816162e-01  -1.851374469697e-02   1.867665797472e-01   5.438905358315e-01   2.880903892219e-02  -2.851464152336e-01   2.366943955421e-01   0.000000000000e+00  -3.406367897987e-01 
 -1.294373571873e-01   0.000000000000e+00  -1.000000014901e-01  -1.294373571873e-01  -7.072456181049e-02  -1.883503079414e+00  -1.354813668877e-02  -1.277994923294e-02  -1.825558423996e+00 
 -1.354813668877e-02  -1.277994923294e-02  -1.825558423996e+00   0.000000000000e+00   0.000000000000e+00  -3.619410693645e-01   0.000000000000e+00   0.000000000000e+00  -3.619410693645e-01 
  1.447884142399e-01   0.000000000000e+00  -4.812798798084e-01   2.877933979034e-01   0.000000000000e+00  -4.502410888672e-01   0.000000000000e+00  -2.378053904977e-04  -1.301352858543e+00 
  0.000000000000e+00   0.000000000000e+00  -1.000000014901e-01   3.526706993580e-01   0.000000000000e+00  -8.597242236137e-01  -7.473069429398e-02   0.000000000000e+00  -1.000000014901e-01 
  0.000000000000e+00  -1.277994923294e-02  -1.074708938599e+00   0.000000000000e+00  -1.277994923294e-02  -1.074708938599e+00   0.000000000000e+00   0.000000000000e+00  -3.619410693645e-01 
  0.000000000000e+00   0.000000000000e+00  -3.619410693645e-01   1.447884142399e-01   0.000000000000e+00  -4.812798798084e-01   2.877933979034e-01   0.000000000000e+00  -4.502410888672e-01 
  0.000000000000e+00  -2.378053904977e-04  -1.301352858543e+00   0.000000000000e+00   0.000000000000e+00  -1.000000014901e-01   3.526706993580e-01   0.000000000000e+00  -8.597242236137e-01 
 -7.473069429398e-02   0.000000000000e+00  -1.000000014901e-01   0.000000000000e+00  -1.277994923294e-02  -1.074708938599e+00   0.000000000000e+00  -1.277994923294e-02  -1.074708938599e+00 
  0.000000000000e+00   6.205850094557e-02  -1.796570122242e-01   0.000000000000e+00   6.205850094557e-02  -1.796570122242e-01  -1.447089482099e-02  -2.138954028487e-02  -8.365417718887e-01 
  1.433716267347e-01  -2.949320524931e-02  -1.169475197792e+00   0.000000000000e+00  -9.617364034057e-03  -1.000000014901e-01   0.000000000000e+00   0.000000000000e+00  -1.000000014901e-01 
  0.000000000000e+00   0.000000000000e+00  -1.000000014901e-01   0.000000000000e+00  -6.561496295035e-03  -1.000000014901e-01   0.000000000000e+00  -3.978812135756e-03  -1.000000014901e-01 
  0.000000000000e+00  -3.978812135756e-03  -1.000000014901e-01   0.000000000000e+00   6.205850094557e-02  -1.796570122242e-01   0.000000000000e+00   6.205850094557e-02  -1.796570122242e-01 
 -1.447089482099e-02  -2.138954028487e-02  -8.365417718887e-01   1.433716267347e-01  -2.949320524931e-02  -1.169475197792e+00   0.000000000000e+00  -9.617364034057e-03  -1.000000014901e-01 
  0.000000000000e+00   0.000000000000e+00  -1.000000014901e-01   0.000000000000e+00   0.000000000000e+00  -1.000000014901e-01   0.000000000000e+00  -6.561496295035e-03  -1.000000014901e-01 
  0.000000000000e+00  -3.978812135756e-03  -1.000000014901e-01   0.000000000000e+00  -3.978812135756e-03  -1.000000014901e-01   0.000000000000e+00  -3.769745118916e-03  -2.308600395918e-01 
  0.000000000000e+00  -3.769745118916e-03  -2.308600395918e-01  -3.376161679626e-02  -5.161958932877e-02  -5.337000489235e-01   4.197183996439e-02  -4.337469860911e-02  -7.842559814453e-01 
  9.859158098698e-02  -5.547551903874e-03  -1.814344525337e-01   0.000000000000e+00   0.000000000000e+00  -1.000000014901e-01   0.000000000000e+00   0.000000000000e+00  -1.000000014901e-01 
  0.000000000000e+00  -6.561883259565e-03  -3.131805062294e-01   0.000000000000e+00  -3.979742992669e-03  -2.987631559372e-01   0.000000000000e+00  -3.979742992669e-03  -2.987631559372e-01 
  0.000000000000e+00  -1.045283973217e-01  -7.919261604548e-02   0.000000000000e+00  -1.045283973217e-01  -7.919261604548e-02  -3.336592391133e-02  -8.823031187057e-02  -7.922077178955e-02 
  2.569612264633e-01  -1.365232020617e-01  -8.228658884764e-02   1.372449874878e+00  -1.443673521280e-01  -1.629770100117e-01   1.327412724495e+00   0.000000000000e+00  -7.017614841461e-01 
  2.080049132928e-03   0.000000000000e+00  -1.000000014901e-01   9.149065241218e-03  -2.701671794057e-03  -2.713626325130e-01   3.308623097837e-03  -2.487780060619e-03  -4.233314692974e-01 
  3.308623097837e-03  -2.487780060619e-03  -4.233314692974e-01   0.000000000000e+00  -1.107570528984e-01  -3.265662118793e-02   0.000000000000e+00  -1.107570528984e-01  -3.265662118793e-02 
 -9.736979752779e-02  -6.834810227156e-02   4.572498146445e-03  -3.444144502282e-02  -1.661309003830e-01  -1.000000014901e-01   2.075534462929e-01  -1.602243781090e-01  -1.000000014901e-01 
  1.504850089550e-01  -9.082641452551e-02  -4.653344750404e-01   1.473307758570e-01   3.238938516006e-03  -7.864345312119e-01  -7.789379917085e-03  -1.568157895235e-04  -4.302344620228e-01 
 -1.360113173723e-02  -6.027350318618e-04  -1.135642409325e+00  -1.360113173723e-02  -6.027350318618e-04  -1.135642409325e+00   0.000000000000e+00   1.886855810881e-01  -3.518150150776e-01 
  0.000000000000e+00   1.886855810881e-01  -3.518150150776e-01  -7.198061794043e-02   1.683711856604e-01  -3.356596529484e-01  -1.435568649322e-02   1.159685254097e-01  -5.588237047195e-01 
  0.000000000000e+00   1.777893677354e-02  -1.000000014901e-01   3.025196492672e-02   2.186053693295e-01  -1.000000014901e-01   1.760600209236e-01   1.225764751434e-01  -1.090919613838e+00 
 -3.582086414099e-02   0.000000000000e+00  -1.000000014901e-01  -2.949478849769e-02  -2.437344483042e-05  -1.250232219696e+00  -2.949478849769e-02  -2.437344483042e-05  -1.250232219696e+00 
  0.000000000000e+00  -6.432153284550e-02  -3.655267357826e-01   0.000000000000e+00  -6.432153284550e-02  -3.655267357826e-01   9.141606092453e-02  -1.053976714611e-01  -2.088671028614e-01 
  3.613279759884e-01  -1.214513033628e-01  -6.887152791023e-02   2.588925361633e-01  -2.127650193870e-02  -4.151627123356e-01   5.080043077469e-01   1.296869665384e-01  -2.090528488159e+00 
  4.951206743717e-01   0.000000000000e+00  -1.323474168777e+00  -6.497494131327e-02   0.000000000000e+00  -1.825558423996e+00  -4.480741545558e-02  -2.599205588922e-03  -1.825558423996e+00 
 -4.480741545558e-02  -2.599205588922e-03  -1.825558423996e+00   0.000000000000e+00   1.662662774324e-01  -9.761638194323e-02   0.000000000000e+00   1.662662774324e-01  -9.761638194323e-02 
  1.573510281742e-02   3.296411782503e-02   1.944456100464e-01   7.012692689896e-01  -1.722910092212e-03   1.906060874462e-01   4.240499064326e-02  -3.257004311308e-03  -8.904981017113e-01 
  5.493683815002e-01   0.000000000000e+00  -2.221143245697e+00   5.848610997200e-01   0.000000000000e+00  -1.062797307968e+00  -7.473069429398e-02   0.000000000000e+00  -1.767613887787e+00 
  0.000000000000e+00  -6.313011050224e-03  -1.825558423996e+00   0.000000000000e+00  -6.313011050224e-03  -1.825558423996e+00   0.000000000000e+00   0.000000000000e+00  -2.213560193777e-01 
  0.000000000000e+00   0.000000000000e+00  -2.213560193777e-01   2.726671099663e-02   0.000000000000e+00  -4.853271842003e-01   4.362779483199e-02  -6.754942703992e-03  -4.677841365337e-01 
  0.000000000000e+00  -5.974568775855e-04  -1.000000014901e-01   4.878931939602e-01   0.000000000000e+00  -2.247125625610e+00   6.108435392380e-01   0.000000000000e+00  -2.185650587082e+00 
  6.108435392380e-01   0.000000000000e+00  -1.062797307968e+00   2.281351685524e-01  -6.141786463559e-03  -1.323724150658e+00   2.281351685524e-01  -6.141786463559e-03  -1.323724150658e+00 
  0.000000000000e+00   0.000000000000e+00  -2.213560193777e-01   0.000000000000e+00   0.000000000000e+00  -2.213560193777e-01   2.726671099663e-02   0.000000000000e+00  -4.853271842003e-01 
  4.362779483199e-02  -6.754942703992e-03  -4.677841365337e-01   0.000000000000e+00  -5.974568775855e-04  -1.000000014901e-01   4.878931939602e-01   0.000000000000e+00  -2.247125625610e+00 
  6.108435392380e-01   0.000000000000e+00  -2.185650587082e+00   6.108435392380e-01   0.000000000000e+00  -1.062797307968e+00   2.281351685524e-01  -6.141786463559e-03  -1.323724150658e+00 
  2.281351685524e-01  -6.141786463559e-03  -1.323724150658e+00   0.000000000000e+00   4.964955151081e-02   5.294071510434e-02   0.000000000000e+00   4.964955151081e-02   5.294071510434e-02 
 -2.362002246082e-02   3.444487694651e-03  -4.048718512058e-01   1.506652086973e-01  -1.100500300527e-02  -1.016343116760e+00   0.000000000000e+00  -7.733805687167e-04  -1.000000014901e-01 
  0.000000000000e+00   0.000000000000e+00  -1.000000014901e-01   5.037781596184e-01  -3.857203572989e-02  -1.277747988701e+00   5.546740293503e-01  -1.312411483377e-02  -1.252300024033e+00 
  0.000000000000e+00   0.000000000000e+00  -1.000000014901e-01   0.000000000000e+00   0.000000000000e+00  -1.000000014901e-01   0.000000000000e+00   4.964955151081e-02   5.294071510434e-02 
  0.000000000000e+00   4.964955151081e-02   5.294071510434e-02  -2.362002246082e-02   3.444487694651e-03  -4.048718512058e-01   1.506652086973e-01  -1.100500300527e-02  -1.016343116760e+00 
  0.000000000000e+00  -7.733805687167e-04  -1.000000014901e-01   0.000000000000e+00   0.000000000000e+00  -1.000000014901e-01   5.037781596184e-01  -3.857203572989e-02  -1.277747988701e+00 
  5.546740293503e-01  -1.312411483377e-02  -1.252300024033e+00   0.000000000000e+00   0.000000000000e+00  -1.000000014901e-01   0.000000000000e+00   0.000000000000e+00  -1.000000014901e-01 
  0.000000000000e+00   2.233180776238e-02  -1.778405159712e-01   0.000000000000e+00   2.233180776238e-02  -1.778405159712e-01   5.478635802865e-02  -3.328209975734e-03  -3.024439215660e-01 
  2.959185540676e-01  -2.691544825211e-03  -2.638727426529e-01   1.740377902985e+00  -1.656048843870e-04  -1.523701995611e-01   0.000000000000e+00   0.000000000000e+00  -1.000000014901e-01 
  0.000000000000e+00   1.232380792499e-02  -1.000000014901e-01   0.000000000000e+00  -1.312411483377e-02  -6.761500239372e-01   0.000000000000e+00   0.000000000000e+00  -4.494615495205e-01 
  0.000000000000e+00   0.000000000000e+00  -4.494615495205e-01   0.000000000000e+00   1.041165739298e-01   3.861065804958e-01   0.000000000000e+00   1.041165739298e-01   3.861065804958e-01 
 -6.472881417722e-03   3.218231350183e-02   1.781873106956e-01   2.639318466187e+00  -2.867060899734e-01  -1.000000014901e-01   2.639318466187e+00  -1.575145423412e-01  -1.000000014901e-01 
  1.376654148102e+00   0.000000000000e+00  -1.802094578743e-01   0.000000000000e+00   0.000000000000e+00  -1.000000014901e-01   0.000000000000e+00   0.000000000000e+00  -4.480247795582e-01 
  0.000000000000e+00   0.000000000000e+00  -4.483594596386e-01   0.000000000000e+00   0.000000000000e+00  -4.483594596386e-01   0.000000000000e+00  -2.164547797292e-03  -7.447425276041e-02 
  0.000000000000e+00  -2.164547797292e-03  -7.447425276041e-02  -3.993500396609e-02   6.796738598496e-03  -7.197365909815e-02   1.711747646332e-01  -3.397811949253e-01  -1.024466380477e-01 
  8.905153870583e-01  -1.723638027906e-01  -1.298571377993e-01   8.069269657135e-01   0.000000000000e+00  -2.605715095997e-01   4.480098187923e-02   0.000000000000e+00  -1.387273818254e-01 
  0.000000000000e+00   0.000000000000e+00  -1.176409348845e-01  -1.043014973402e-02   0.000000000000e+00  -5.899481773376e-01  -1.043014973402e-02   0.000000000000e+00  -5.899481773376e-01 
  0.000000000000e+00   5.377464741468e-02  -1.175210773945e-01   0.000000000000e+00   5.377464741468e-02  -1.175210773945e-01  -3.009629994631e-02   3.719562292099e-02  -1.455153971910e-01 
  1.904641836882e-01  -4.591909423470e-02  -1.049770340323e-01   2.551181316376e-01  -6.380263715982e-02  -8.829572051764e-02   2.374229580164e-01  -5.403430387378e-02  -7.334997653961e-01 
  2.966393828392e-01   2.713724970818e-02  -8.380666375160e-01  -4.287281259894e-02   3.502187086269e-03  -1.000000014901e-01  -3.131898120046e-02   6.806122255512e-04  -7.917023897171e-01 
 -3.131898120046e-02   6.806122255512e-04  -7.917023897171e-01   0.000000000000e+00  -3.192346394062e-01  -4.601678252220e-01   0.000000000000e+00  -3.192346394062e-01  -4.601678252220e-01 
  4.075527191162e-02  -4.602783620358e-01  -3.527799546719e-01   7.422525286674e-01  -2.521800100803e-01  -3.583984076977e-02   4.282618761063e-01  -1.339910477400e-01   7.848285883665e-02 
  2.279922217131e-01   1.620442839339e-03  -2.078423500061e+00   4.761578440666e-01   0.000000000000e+00  -9.721764922142e-01  -5.449391528964e-02   0.000000000000e+00  -1.000000014901e-01 
 -3.451032564044e-02  -2.366218250245e-03  -8.104503750801e-01  -3.451032564044e-02  -2.366218250245e-03  -8.104503750801e-01   0.000000000000e+00  -3.009002655745e-02  -3.483531773090e-01 
  0.000000000000e+00  -3.009002655745e-02  -3.483531773090e-01   1.485988795757e-01  -1.838325858116e-01  -3.376975655556e-01   1.386803507805e+00  -4.840752854943e-02   3.384155631065e-01 
 -3.559357821941e-01  -2.189147844911e-02  -8.424267172813e-01   1.734905987978e-01  -3.580844495445e-03  -2.185650587082e+00   5.054060220718e-01   0.000000000000e+00  -1.204698085785e+00 
 -5.281775072217e-02   0.000000000000e+00  -1.000000014901e-01   0.000000000000e+00  -3.753568045795e-03  -1.000000014901e-01   0.000000000000e+00  -3.753568045795e-03  -1.000000014901e-01 
  0.000000000000e+00   0.000000000000e+00  -1.290129721165e-01   0.000000000000e+00   0.000000000000e+00  -1.290129721165e-01  -3.946442157030e-02   0.000000000000e+00  -1.985745131969e-01 
  9.271104633808e-02  -7.447541225702e-03   2.799227535725e-01  -6.895797848701e-01  -2.791683655232e-03  -1.000000014901e-01   5.493683815002e-01   0.000000000000e+00  -2.124175310135e+00 
  5.493683815002e-01   0.000000000000e+00  -2.185650587082e+00   0.000000000000e+00   0.000000000000e+00  -1.195971369743e+00   9.696593880653e-02  -3.547792090103e-03  -9.649619460106e-01 
  9.696593880653e-02  -3.547792090103e-03  -9.649619460106e-01   0.000000000000e+00   0.000000000000e+00  -1.290129721165e-01   0.000000000000e+00   0.000000000000e+00  -1.290129721165e-01 
 -3.946442157030e-02   0.000000000000e+00  -1.985745131969e-01   9.271104633808e-02  -7.447541225702e-03   2.799227535725e-01  -6.895797848701e-01  -2.791683655232e-03  -1.000000014901e-01 
  5.493683815002e-01   0.000000000000e+00  -2.124175310135e+00   5.493683815002e-01   0.000000000000e+00  -2.185650587082e+00   0.000000000000e+00   0.000000000000e+00  -1.195971369743e+00 
  9.696593880653e-02  -3.547792090103e-03  -9.649619460106e-01   9.696593880653e-02  -3.547792090103e-03  -9.649619460106e-01   0.000000000000e+00   6.741464883089e-02  -3.503420650959e-01 
  0.000000000000e+00   6.741464883089e-02  -3.503420650959e-01   5.630034208298e-02   4.621903970838e-02  -3.099546432495e-01   3.423352837563e-01   1.946165785193e-02  -3.736672401428e-01 
  1.253826260567e+00  -2.808688674122e-03  -1.242776736617e-01   3.230163455009e-01  -6.561496295035e-03  -1.000000014901e-01   5.292261242867e-01  -1.312411483377e-02  -1.226852178574e+00 
  5.292261242867e-01  -1.312411483377e-02  -1.252300024033e+00   0.000000000000e+00  -7.960164919496e-03  -1.000000014901e-01   0.000000000000e+00  -7.960164919496e-03  -1.000000014901e-01 
  0.000000000000e+00   6.741464883089e-02  -3.503420650959e-01   0.000000000000e+00   6.741464883089e-02  -3.503420650959e-01   5.630034208298e-02   4.621903970838e-02  -3.099546432495e-01 
  3.423352837563e-01   1.946165785193e-02  -3.736672401428e-01   1.253826260567e+00  -2.808688674122e-03  -1.242776736617e-01   3.230163455009e-01  -6.561496295035e-03  -1.000000014901e-01 
  5.292261242867e-01  -1.312411483377e-02  -1.226852178574e+00   5.292261242867e-01  -1.312411483377e-02  -1.252300024033e+00   0.000000000000e+00  -7.960164919496e-03  -1.000000014901e-01 
  0.000000000000e+00  -7.960164919496e-03  -1.000000014901e-01   0.000000000000e+00   3.772145137191e-02  -2.644923031330e-01   0.000000000000e+00   3.772145137191e-02  -2.644923031330e-01 
  3.294845670462e-02   3.096710518003e-02  -2.851746380329e-01   2.639318466187e+00   0.000000000000e+00  -2.932156026363e-01   2.639318466187e+00   0.000000000000e+00  -3.138156235218e-01 
  1.385033845901e+00  -6.561883259565e-03  -1.000000014901e-01   2.646130621433e-01  -1.312411483377e-02  -1.000000014901e-01   2.646130621433e-01  -1.312411483377e-02  -6.761500239372e-01 
  1.089470162988e-01  -7.960323244333e-03  -4.494615197182e-01   1.089470162988e-01  -7.960323244333e-03  -4.494615197182e-01   8.381598442793e-02   1.560896337032e-01   6.582439541817e-01 
  8.381598442793e-02   1.560896337032e-01   6.582439541817e-01   1.555089950562e-01  -1.790919750929e-01  -1.980331540108e-01   2.701159477234e+00  -2.850989699364e-01  -3.197945654392e-01 
  2.577477216721e+00   0.000000000000e+00  -3.816356956959e-01   0.000000000000e+00   0.000000000000e+00  -3.265860378742e-01   8.343950659037e-02   0.000000000000e+00  -1.076421663165e-01 
  1.383807361126e-01  -5.246896762401e-03  -4.441121220589e-01   9.345404058695e-02  -4.913440905511e-03  -4.471068382263e-01   9.345404058695e-02  -4.913440905511e-03  -4.471068382263e-01 
  0.000000000000e+00   1.280880868435e-01   1.959829181433e-01   0.000000000000e+00   1.280880868435e-01   1.959829181433e-01   1.313102543354e-01  -1.876856759191e-02   1.925682425499e-01 
  0.000000000000e+00  -4.087812006474e-01  -1.796603649855e-01   0.000000000000e+00   0.000000000000e+00  -2.719675302505e-01   0.000000000000e+00   0.000000000000e+00  -2.897927761078e-01 
  0.000000000000e+00   0.000000000000e+00  -1.524301320314e-01   6.592434644699e-02  -2.356572076678e-03  -3.395380079746e-01   6.528808921576e-02  -2.909229835495e-03  -4.423716366291e-01 
  6.528808921576e-02  -2.909229835495e-03  -4.423716366291e-01   0.000000000000e+00   1.379540860653e-01   2.265331894159e-02   0.000000000000e+00   1.379540860653e-01   2.265331894159e-02 
  7.188349962234e-02   1.350441128016e-01   1.406503748149e-02   0.000000000000e+00   0.000000000000e+00   3.977297991514e-02   0.000000000000e+00   0.000000000000e+00   7.659983634949e-02 
  0.000000000000e+00   0.000000000000e+00  -1.054012924433e-01   8.762829750776e-02   4.473176319152e-03  -7.389352321625e-01  -8.741469122469e-03   2.460303017870e-03  -1.000000014901e-01 
 -2.302448824048e-02   1.399131258950e-03  -5.124781131744e-01  -2.302448824048e-02   1.399131258950e-03  -5.124781131744e-01   0.000000000000e+00  -5.354408025742e-01   2.911989577115e-02 
  0.000000000000e+00  -5.354408025742e-01   2.911989577115e-02  -2.854270115495e-02  -4.975370466709e-01  -7.087056990713e-03   1.072469353676e+00   0.000000000000e+00   7.422506064177e-02 
  1.072469353676e+00   0.000000000000e+00   1.213695332408e-01   0.000000000000e+00  -6.429839413613e-05  -1.999043375254e-01   1.140285432339e-01   2.116191200912e-03  -7.446044683456e-01 
 -1.661812700331e-02   1.929817517521e-04  -1.000000014901e-01  -2.137884683907e-02  -1.804667059332e-03  -4.404351115227e-01  -2.137884683907e-02  -1.804667059332e-03  -4.404351115227e-01 
  0.000000000000e+00   2.543505430222e-01   4.369180276990e-02   0.000000000000e+00   2.543505430222e-01   4.369180276990e-02  -6.061667203903e-02  -6.291106343269e-02   1.023971810937e-01 
  1.049463272095e+00   7.356888800859e-02   1.095811501145e-01   4.639875590801e-01   0.000000000000e+00   1.746427416801e-01   0.000000000000e+00  -3.128829703201e-04  -3.831204175949e-01 
  1.300296932459e-01  -3.795420343522e-04  -6.974573731422e-01  -8.115296252072e-03  -4.730635919259e-05  -1.000000014901e-01   0.000000000000e+00  -2.422865014523e-03  -1.000000014901e-01 
  0.000000000000e+00  -2.422865014523e-03  -1.000000014901e-01   0.000000000000e+00   0.000000000000e+00  -2.167897969484e-01   0.000000000000e+00   0.000000000000e+00  -2.167897969484e-01 
 -4.003243893385e-02  -9.678687900305e-03   2.493144571781e-01  -1.544628500938e+00   0.000000000000e+00   7.437967658043e-01  -1.471109032631e+00   0.000000000000e+00   7.244555354118e-01 
  0.000000000000e+00   0.000000000000e+00  -1.000000014901e-01   0.000000000000e+00   0.000000000000e+00  -1.000000014901e-01   0.000000000000e+00  -3.127908712486e-06  -6.219474673271e-01 
  4.755243286490e-02  -2.187638310716e-03  -6.779565215111e-01   4.755243286490e-02  -2.187638310716e-03  -6.779565215111e-01   0.000000000000e+00   0.000000000000e+00  -2.167897969484e-01 
  0.000000000000e+00   0.000000000000e+00  -2.167897969484e-01  -4.003243893385e-02  -9.678687900305e-03   2.493144571781e-01  -1.544628500938e+00   0.000000000000e+00   7.437967658043e-01 
 -1.471109032631e+00   0.000000000000e+00   7.244555354118e-01   0.000000000000e+00   0.000000000000e+00  -1.000000014901e-01   0.000000000000e+00   0.000000000000e+00  -1.000000014901e-01 
  0.000000000000e+00  -3.127908712486e-06  -6.219474673271e-01   4.755243286490e-02  -2.187638310716e-03  -6.779565215111e-01   4.755243286490e-02  -2.187638310716e-03  -6.779565215111e-01 
  0.000000000000e+00   6.741464883089e-02  -3.503420650959e-01   0.000000000000e+00   6.741464883089e-02  -3.503420650959e-01   5.630034208298e-02   4.621903970838e-02  -3.099546432495e-01 
  3.423352837563e-01   1.946165785193e-02  -3.736672401428e-01   1.253826260567e+00  -2.808688674122e-03  -1.242776736617e-01   3.230163455009e-01  -6.561496295035e-03  -1.000000014901e-01 
  5.292261242867e-01  -1.312411483377e-02  -1.226852178574e+00   5.292261242867e-01  -1.312411483377e-02  -1.252300024033e+00   0.000000000000e+00  -7.960164919496e-03  -1.000000014901e-01 
  0.000000000000e+00  -7.960164919496e-03  -1.000000014901e-01   0.000000000000e+00   6.741464883089e-02  -3.503420650959e-01   0.000000000000e+00   6.741464883089e-02  -3.503420650959e-01 
  5.630034208298e-02   4.621903970838e-02  -3.099546432495e-01   3.423352837563e-01   1.946165785193e-02  -3.736672401428e-01   1.253826260567e+00  -2.808688674122e-03  -1.242776736617e-01 
  3.230163455009e-01  -6.561496295035e-03  -1.000000014901e-01   5.292261242867e-01  -1.312411483377e-02  -1.226852178574e+00   5.292261242867e-01  -1.312411483377e-02  -1.252300024033e+00 
  0.000000000000e+00  -7.960164919496e-03  -1.000000014901e-01   0.000000000000e+00  -7.960164919496e-03  -1.000000014901e-01   0.000000000000e+00   3.772145137191e-02  -2.644923031330e-01 
  0.000000000000e+00   3.772145137191e-02  -2.644923031330e-01   3.294845670462e-02   3.096710518003e-02  -2.851746380329e-01   2.639318466187e+00   0.000000000000e+00  -2.932156026363e-01 
  2.639318466187e+00   0.000000000000e+00  -3.138156235218e-01   1.385033845901e+00  -6.561883259565e-03  -1.000000014901e-01   2.646130621433e-01  -1.312411483377e-02  -1.000000014901e-01 
  2.646130621433e-01  -1.312411483377e-02  -6.761500239372e-01   1.089470162988e-01  -7.960323244333e-03  -4.494615197182e-01   1.089470162988e-01  -7.960323244333e-03  -4.494615197182e-01 
  8.381598442793e-02   1.560896337032e-01   6.582439541817e-01   8.381598442793e-02   1.560896337032e-01   6.582439541817e-01   1.555089950562e-01  -1.790919750929e-01  -1.980331540108e-01 
  2.701159477234e+00  -2.850989699364e-01  -3.197945654392e-01   2.577477216721e+00   0.000000000000e+00  -3.816356956959e-01   0.000000000000e+00   0.000000000000e+00  -3.265860378742e-01 
  8.343950659037e-02   0.000000000000e+00  -1.076421663165e-01   1.383807361126e-01  -5.246896762401e-03  -4.441121220589e-01   9.345404058695e-02  -4.913440905511e-03  -4.471068382263e-01 
  9.345404058695e-02  -4.913440905511e-03  -4.471068382263e-01   0.000000000000e+00   1.280880868435e-01   1.959829181433e-01   0.000000000000e+00   1.280880868435e-01   1.959829181433e-01 
  1.313102543354e-01  -1.876856759191e-02   1.925682425499e-01   0.000000000000e+00  -4.087812006474e-01  -1.796603649855e-01   0.000000000000e+00   0.000000000000e+00  -2.719675302505e-01 
  0.000000000000e+00   0.000000000000e+00  -2.897927761078e-01   0.000000000000e+00   0.000000000000e+00  -1.524301320314e-01   6.592434644699e-02  -2.356572076678e-03  -3.395380079746e-01 
  6.528808921576e-02  -2.909229835495e-03  -4.423716366291e-01   6.528808921576e-02  -2.909229835495e-03  -4.423716366291e-01   0.000000000000e+00   1.379540860653e-01   2.265331894159e-02 
  0.000000000000e+00   1.379540860653e-01   2.265331894159e-02   7.188349962234e-02   1.350441128016e-01   1.406503748149e-02   0.000000000000e+00   0.000000000000e+00   3.977297991514e-02 
  0.000000000000e+00   0.000000000000e+00   7.659983634949e-02   0.000000000000e+00   0.000000000000e+00  -1.054012924433e-01   8.762829750776e-02   4.473176319152e-03  -7.389352321625e-01 
 -8.741469122469e-03   2.460303017870e-03  -1.000000014901e-01  -2.302448824048e-02   1.399131258950e-03  -5.124781131744e-01  -2.302448824048e-02   1.399131258950e-03  -5.124781131744e-01 
  0.000000000000e+00  -5.354408025742e-01   2.911989577115e-02   0.000000000000e+00  -5.354408025742e-01   2.911989577115e-02  -2.854270115495e-02  -4.975370466709e-01  -7.087056990713e-03 
  1.072469353676e+00   0.000000000000e+00   7.422506064177e-02   1.072469353676e+00   0.000000000000e+00   1.213695332408e-01   0.000000000000e+00  -6.429839413613e-05  -1.999043375254e-01 
  1.140285432339e-01   2.116191200912e-03  -7.446044683456e-01  -1.661812700331e-02   1.929817517521e-04  -1.000000014901e-01  -2.137884683907e-02  -1.804667059332e-03  -4.404351115227e-01 
 -2.137884683907e-02  -1.804667059332e-03  -4.404351115227e-01   0.000000000000e+00   2.543505430222e-01   4.369180276990e-02   0.000000000000e+00   2.543505430222e-01   4.369180276990e-02 
 -6.061667203903e-02  -6.291106343269e-02   1.023971810937e-01   1.049463272095e+00   7.356888800859e-02   1.095811501145e-01   4.639875590801e-01   0.000000000000e+00   1.746427416801e-01 
  0.000000000000e+00  -3.128829703201e-04  -3.831204175949e-01   1.300296932459e-01  -3.795420343522e-04  -6.974573731422e-01  -8.115296252072e-03  -4.730635919259e-05  -1.000000014901e-01 
  0.000000000000e+00  -2.422865014523e-03  -1.000000014901e-01   0.000000000000e+00  -2.422865014523e-03  -1.000000014901e-01   0.000000000000e+00   0.000000000000e+00  -2.167897969484e-01 
  0.000000000000e+00   0.000000000000e+00  -2.167897969484e-01  -4.003243893385e-02  -9.678687900305e-03   2.493144571781e-01  -1.544628500938e+00   0.000000000000e+00   7.437967658043e-01 
 -1.471109032631e+00   0.000000000000e+00   7.244555354118e-01   0.000000000000e+00   0.000000000000e+00  -1.000000014901e-01   0.000000000000e+00   0.000000000000e+00  -1.000000014901e-01 
  0.000000000000e+00  -3.127908712486e-06  -6.219474673271e-01   4.755243286490e-02  -2.187638310716e-03  -6.779565215111e-01   4.755243286490e-02  -2.187638310716e-03  -6.779565215111e-01 
  0.000000000000e+00   0.000000000000e+00  -2.167897969484e-01   0.000000000000e+00   0.000000000000e+00  -2.167897969484e-01  -4.003243893385e-02  -9.678687900305e-03   2.493144571781e-01 
 -1.544628500938e+00   0.000000000000e+00   7.437967658043e-01  -1.471109032631e+00   0.000000000000e+00   7.244555354118e-01   0.000000000000e+00   0.000000000000e+00  -1.000000014901e-01 
  0.000000000000e+00   0.000000000000e+00  -1.000000014901e-01   0.000000000000e+00  -3.127908712486e-06  -6.219474673271e-01   4.755243286490e-02  -2.187638310716e-03  -6.779565215111e-01 
  4.755243286490e-02  -2.187638310716e-03  -6.779565215111e-01 

