# vtk DataFile Version 2.0
Written using VisIt writer
ASCII
DATASET RECTILINEAR_GRID
DIMENSIONS 10 10 10
X_COORDINATES 10 float
  0.000000000000e+00   5.000000000000e-01   1.000000000000e+00   1.500000000000e+00   2.000000000000e+00   2.500000000000e+00   3.000000000000e+00   3.500000000000e+00   4.000000000000e+00 
  4.500000000000e+00 
Y_COORDINATES 10 float
  0.000000000000e+00   5.000000000000e-01   1.000000000000e+00   1.500000000000e+00   2.000000000000e+00   2.500000000000e+00   3.000000000000e+00   3.500000000000e+00   4.000000000000e+00 
  4.500000000000e+00 
Z_COORDINATES 10 float
  0.000000000000e+00   5.000000000000e-01   1.000000000000e+00   1.500000000000e+00   2.000000000000e+00   2.500000000000e+00   3.000000000000e+00   3.500000000000e+00   4.000000000000e+00 
  4.500000000000e+00 
CELL_DATA 729
POINT_DATA 1000
VECTORS velocity float
  0.000000000000e+00  -1.339250057936e-01  -2.377902567387e-01   3.251200000000e+04   0.000000000000e+00   0.000000000000e+00   0.000000000000e+00   0.000000000000e+00   0.000000000000e+00 
  1.176406294107e-01  -9.598496556282e-02  -1.836495101452e-01   0.000000000000e+00   0.000000000000e+00   0.000000000000e+00   0.000000000000e+00   1.431655808000e+09   1.070945600000e+09 
 -4.845263808966e-02  -9.078732132912e-02  -1.636681109667e-01   1.071994176000e+09   0.000000000000e+00   0.000000000000e+00   0.000000000000e+00   0.000000000000e+00   0.000000000000e+00 
  8.100674301386e-02  -1.699862331152e-01  -1.830599009991e-01   0.000000000000e+00  -1.339250057936e-01  -2.377902567387e-01   1.070945600000e+09   0.000000000000e+00   0.000000000000e+00 
  1.746988296509e-02  -1.288980543613e-01  -2.249742597342e-01   1.176406294107e-01  -9.598496556282e-02  -1.836495101452e-01   1.431655808000e+09   1.070945600000e+09   0.000000000000e+00 
  4.523120075464e-02  -5.584958940744e-02  -1.409373581409e-01  -4.845263808966e-02  -9.078732132912e-02  -1.636681109667e-01   0.000000000000e+00   0.000000000000e+00   1.071644672000e+09 
  8.100674301386e-02  -1.699862331152e-01  -1.830599009991e-01   8.100674301386e-02  -1.699862331152e-01  -1.830599009991e-01   0.000000000000e+00   3.481734171510e-02  -2.061925679445e-01 
  0.000000000000e+00   3.481734171510e-02  -2.061925679445e-01  -2.426326740533e-03  -1.303746253252e-01  -2.156038880348e-01   1.017108187079e-01  -2.525964081287e-01  -2.067588865757e-01 
  1.128017902374e-01  -1.642121672630e-01  -1.937525570393e-01   5.239083245397e-02  -4.151646420360e-02  -1.457244008780e-01   3.758197277784e-02  -1.626295410097e-02  -1.414565145969e-01 
  3.894198313355e-02  -1.327362749726e-02  -1.353735178709e-01   1.145929470658e-01   2.463090233505e-02  -1.429625451565e-01   1.145929470658e-01   2.463090233505e-02  -1.429625451565e-01 
  0.000000000000e+00   1.013403013349e-02  -1.943362057209e-01   0.000000000000e+00   1.013403013349e-02  -1.943362057209e-01   1.187138855457e-01  -1.430081762373e-02  -1.838598400354e-01 
  5.136856436729e-02   1.257345080376e-02  -1.661042720079e-01   4.483047500253e-02  -7.527793198824e-02  -1.670242547989e-01   7.430051267147e-02  -1.411976814270e-01  -1.587327867746e-01 
  6.103511154652e-02  -1.142686307430e-01  -1.869578361511e-01   1.731728315353e-01  -9.543582051992e-02  -1.407592594624e-01   1.069594323635e-01  -6.276874989271e-02  -1.426406204700e-01 
  1.069594323635e-01  -6.276874989271e-02  -1.426406204700e-01   0.000000000000e+00   8.043853449635e-04  -2.226768434048e-01   0.000000000000e+00   8.043853449635e-04  -2.226768434048e-01 
 -7.286245375872e-02  -7.141844183207e-02  -2.386716753244e-01   6.558721885085e-03  -8.075275458395e-03  -1.806856989861e-01   5.286820232868e-02  -6.742123514414e-02  -1.623869538307e-01 
  1.118045020849e-02  -6.650487333536e-02  -1.519700437784e-01   3.060250915587e-02  -1.529467175715e-03  -1.644026637077e-01   1.199912577868e-01  -4.405585303903e-02  -1.593703478575e-01 
  4.557199776173e-02  -1.496862471104e-01  -1.939979493618e-01   4.557199776173e-02  -1.496862471104e-01  -1.939979493618e-01   0.000000000000e+00  -5.869867280126e-03  -1.942816823721e-01 
  0.000000000000e+00  -5.869867280126e-03  -1.942816823721e-01  -1.289273053408e-02  -1.576410420239e-02  -1.940511465073e-01   1.062872111797e-01   2.385955117643e-02  -1.944110542536e-01 
  1.265284866095e-01  -2.784236334264e-02  -2.224269807339e-01   1.163766458631e-01   5.138437822461e-02  -1.466069668531e-01   2.959951758385e-03  -2.562225423753e-02  -1.460034549236e-01 
 -4.034685716033e-02  -1.411508861929e-02  -1.437208503485e-01  -5.630957335234e-02  -1.073430292308e-02  -1.676397919655e-01  -5.630957335234e-02  -1.073430292308e-02  -1.676397919655e-01 
  0.000000000000e+00  -1.715535670519e-02  -1.997925937176e-01   0.000000000000e+00  -1.715535670519e-02  -1.997925937176e-01   3.526078164577e-02  -5.713168904185e-02  -1.738564223051e-01 
  6.409928202629e-02   6.101065129042e-02  -1.544548720121e-01   8.885893970728e-02   5.674932152033e-02  -1.600794643164e-01   1.762474924326e-01   6.785856187344e-02  -1.620005518198e-01 
  8.870949596167e-02  -3.154738619924e-02  -1.852534264326e-01   8.607365936041e-02  -1.967709138989e-02  -1.455453932285e-01   8.576860278845e-02   6.983667612076e-02  -1.549191325903e-01 
  8.576860278845e-02   6.983667612076e-02  -1.549191325903e-01   0.000000000000e+00  -3.590513020754e-02  -2.283354103565e-01   0.000000000000e+00  -3.590513020754e-02  -2.283354103565e-01 
  1.167926378548e-02  -9.542023390532e-02  -2.256211042404e-01   1.154556125402e-01   6.785950623453e-03  -1.635499596596e-01   6.852251291275e-02   1.665086299181e-02  -1.514114290476e-01 
  1.709856837988e-01   7.459119427949e-03  -1.344178020954e-01   4.244159162045e-02   5.140233412385e-02  -1.511681824923e-01   9.903742372990e-02   1.959977298975e-02  -1.595032513142e-01 
  2.207903563976e-01  -5.075674131513e-02  -1.961745023727e-01   2.207903563976e-01  -5.075674131513e-02  -1.961745023727e-01   0.000000000000e+00   0.000000000000e+00  -1.894950270653e-01 
  0.000000000000e+00   0.000000000000e+00  -1.894950270653e-01  -2.848073607311e-03   0.000000000000e+00  -1.925868093967e-01   5.750996991992e-02   0.000000000000e+00  -1.640047878027e-01 
 -1.719112843275e-01   0.000000000000e+00  -1.996718943119e-01   1.969411969185e-01   0.000000000000e+00  -1.224229484797e-01   1.461870819330e-01   0.000000000000e+00  -1.240955591202e-01 
  1.338573694229e-01   0.000000000000e+00  -1.272298842669e-01   3.464030623436e-01   0.000000000000e+00  -1.252748817205e-01   3.464030623436e-01   0.000000000000e+00  -1.252748817205e-01 
  0.000000000000e+00   0.000000000000e+00  -1.894950270653e-01   0.000000000000e+00   0.000000000000e+00  -1.894950270653e-01  -2.848073607311e-03   0.000000000000e+00  -1.925868093967e-01 
  5.750996991992e-02   0.000000000000e+00  -1.640047878027e-01  -1.719112843275e-01   0.000000000000e+00  -1.996718943119e-01   1.969411969185e-01   0.000000000000e+00  -1.224229484797e-01 
  1.461870819330e-01   0.000000000000e+00  -1.240955591202e-01   1.338573694229e-01   0.000000000000e+00  -1.272298842669e-01   3.464030623436e-01   0.000000000000e+00  -1.252748817205e-01 
  3.464030623436e-01   0.000000000000e+00  -1.252748817205e-01   0.000000000000e+00  -1.339250057936e-01  -2.377902567387e-01   0.000000000000e+00  -1.339250057936e-01  -2.377902567387e-01 
  1.746988296509e-02  -1.288980543613e-01  -2.249742597342e-01   1.176406294107e-01  -9.598496556282e-02  -1.836495101452e-01   1.194610372186e-01  -6.284163147211e-02  -1.613993942738e-01 
  4.523120075464e-02  -5.584958940744e-02  -1.409373581409e-01  -4.845263808966e-02  -9.078732132912e-02  -1.636681109667e-01   1.952860131860e-02  -1.075816303492e-01  -1.668093204498e-01 
  8.100674301386e-02  -1.699862331152e-01  -1.830599009991e-01   8.100674301386e-02  -1.699862331152e-01  -1.830599009991e-01   0.000000000000e+00  -1.339250057936e-01  -2.377902567387e-01 
  0.000000000000e+00  -1.339250057936e-01  -2.377902567387e-01   1.746988296509e-02  -1.288980543613e-01  -2.249742597342e-01   1.176406294107e-01  -9.598496556282e-02  -1.836495101452e-01 
  1.194610372186e-01  -6.284163147211e-02  -1.613993942738e-01   4.523120075464e-02  -5.584958940744e-02  -1.409373581409e-01  -4.845263808966e-02  -9.078732132912e-02  -1.636681109667e-01 
  1.952860131860e-02  -1.075816303492e-01  -1.668093204498e-01   8.100674301386e-02  -1.699862331152e-01  -1.830599009991e-01   8.100674301386e-02  -1.699862331152e-01  -1.830599009991e-01 
  0.000000000000e+00   3.481734171510e-02  -2.061925679445e-01   0.000000000000e+00   3.481734171510e-02  -2.061925679445e-01  -2.426326740533e-03  -1.303746253252e-01  -2.156038880348e-01 
  1.017108187079e-01  -2.525964081287e-01  -2.067588865757e-01   1.128017902374e-01  -1.642121672630e-01  -1.937525570393e-01   5.239083245397e-02  -4.151646420360e-02  -1.457244008780e-01 
  3.758197277784e-02  -1.626295410097e-02  -1.414565145969e-01   3.894198313355e-02  -1.327362749726e-02  -1.353735178709e-01   1.145929470658e-01   2.463090233505e-02  -1.429625451565e-01 
  1.145929470658e-01   2.463090233505e-02  -1.429625451565e-01   0.000000000000e+00   1.013403013349e-02  -1.943362057209e-01   0.000000000000e+00   1.013403013349e-02  -1.943362057209e-01 
  1.187138855457e-01  -1.430081762373e-02  -1.838598400354e-01   5.136856436729e-02   1.257345080376e-02  -1.661042720079e-01   4.483047500253e-02  -7.527793198824e-02  -1.670242547989e-01 
  7.430051267147e-02  -1.411976814270e-01  -1.587327867746e-01   6.103511154652e-02  -1.142686307430e-01  -1.869578361511e-01   1.731728315353e-01  -9.543582051992e-02  -1.407592594624e-01 
  1.069594323635e-01  -6.276874989271e-02  -1.426406204700e-01   1.069594323635e-01  -6.276874989271e-02  -1.426406204700e-01   0.000000000000e+00   8.043853449635e-04  -2.226768434048e-01 
  0.000000000000e+00   8.043853449635e-04  -2.226768434048e-01  -7.286245375872e-02  -7.141844183207e-02  -2.386716753244e-01   6.558721885085e-03  -8.075275458395e-03  -1.806856989861e-01 
  5.286820232868e-02  -6.742123514414e-02  -1.623869538307e-01   1.118045020849e-02  -6.650487333536e-02  -1.519700437784e-01   3.060250915587e-02  -1.529467175715e-03  -1.644026637077e-01 
  1.199912577868e-01  -4.405585303903e-02  -1.593703478575e-01   4.557199776173e-02  -1.496862471104e-01  -1.939979493618e-01   4.557199776173e-02  -1.496862471104e-01  -1.939979493618e-01 
  0.000000000000e+00  -5.869867280126e-03  -1.942816823721e-01   0.000000000000e+00  -5.869867280126e-03  -1.942816823721e-01  -1.289273053408e-02  -1.576410420239e-02  -1.940511465073e-01 
  1.062872111797e-01   2.385955117643e-02  -1.944110542536e-01   1.265284866095e-01  -2.784236334264e-02  -2.224269807339e-01   1.163766458631e-01   5.138437822461e-02  -1.466069668531e-01 
  2.959951758385e-03  -2.562225423753e-02  -1.460034549236e-01  -4.034685716033e-02  -1.411508861929e-02  -1.437208503485e-01  -5.630957335234e-02  -1.073430292308e-02  -1.676397919655e-01 
 -5.630957335234e-02  -1.073430292308e-02  -1.676397919655e-01   0.000000000000e+00  -1.715535670519e-02  -1.997925937176e-01   0.000000000000e+00  -1.715535670519e-02  -1.997925937176e-01 
  3.526078164577e-02  -5.713168904185e-02  -1.738564223051e-01   6.409928202629e-02   6.101065129042e-02  -1.544548720121e-01   8.885893970728e-02   5.674932152033e-02  -1.600794643164e-01 
  1.762474924326e-01   6.785856187344e-02  -1.620005518198e-01   8.870949596167e-02  -3.154738619924e-02  -1.852534264326e-01   8.607365936041e-02  -1.967709138989e-02  -1.455453932285e-01 
  8.576860278845e-02   6.983667612076e-02  -1.549191325903e-01   8.576860278845e-02   6.983667612076e-02  -1.549191325903e-01   0.000000000000e+00  -3.590513020754e-02  -2.283354103565e-01 
  0.000000000000e+00  -3.590513020754e-02  -2.283354103565e-01   1.167926378548e-02  -9.542023390532e-02  -2.256211042404e-01   1.154556125402e-01   6.785950623453e-03  -1.635499596596e-01 
  6.852251291275e-02   1.665086299181e-02  -1.514114290476e-01   1.709856837988e-01   7.459119427949e-03  -1.344178020954e-01   4.244159162045e-02   5.140233412385e-02  -1.511681824923e-01 
  9.903742372990e-02   1.959977298975e-02  -1.595032513142e-01   2.207903563976e-01  -5.075674131513e-02  -1.961745023727e-01   2.207903563976e-01  -5.075674131513e-02  -1.961745023727e-01 
  0.000000000000e+00   0.000000000000e+00  -1.894950270653e-01   0.000000000000e+00   0.000000000000e+00  -1.894950270653e-01  -2.848073607311e-03   0.000000000000e+00  -1.925868093967e-01 
  5.750996991992e-02   0.000000000000e+00  -1.640047878027e-01  -1.719112843275e-01   0.000000000000e+00  -1.996718943119e-01   1.969411969185e-01   0.000000000000e+00  -1.224229484797e-01 
  1.461870819330e-01   0.000000000000e+00  -1.240955591202e-01   1.338573694229e-01   0.000000000000e+00  -1.272298842669e-01   3.464030623436e-01   0.000000000000e+00  -1.252748817205e-01 
  3.464030623436e-01   0.000000000000e+00  -1.252748817205e-01   0.000000000000e+00   0.000000000000e+00  -1.894950270653e-01   0.000000000000e+00   0.000000000000e+00  -1.894950270653e-01 
 -2.848073607311e-03   0.000000000000e+00  -1.925868093967e-01   5.750996991992e-02   0.000000000000e+00  -1.640047878027e-01  -1.719112843275e-01   0.000000000000e+00  -1.996718943119e-01 
  1.969411969185e-01   0.000000000000e+00  -1.224229484797e-01   1.461870819330e-01   0.000000000000e+00  -1.240955591202e-01   1.338573694229e-01   0.000000000000e+00  -1.272298842669e-01 
  3.464030623436e-01   0.000000000000e+00  -1.252748817205e-01   3.464030623436e-01   0.000000000000e+00  -1.252748817205e-01   0.000000000000e+00  -1.321204900742e-01  -7.551667690277e-01 
  0.000000000000e+00  -1.321204900742e-01  -7.551667690277e-01   2.977651357651e-01  -1.727867573500e-01  -1.187877297401e+00   5.716932415962e-01  -1.266752928495e-01  -1.011702418327e+00 
  7.211381793022e-01   9.591171145439e-02  -8.988614678383e-01   1.021230340004e+00   4.955909028649e-02  -4.347912073135e-01   0.000000000000e+00  -1.781175844371e-02  -3.633188456297e-02 
 -8.422403931618e-01  -1.834117770195e-01  -3.319067880511e-02  -8.290601968765e-01  -5.458291620016e-02  -1.694009266794e-02  -8.290601968765e-01  -5.458291620016e-02  -1.694009266794e-02 
  0.000000000000e+00  -1.321204900742e-01  -7.551667690277e-01   0.000000000000e+00  -1.321204900742e-01  -7.551667690277e-01   2.977651357651e-01  -1.727867573500e-01  -1.187877297401e+00 
  5.716932415962e-01  -1.266752928495e-01  -1.011702418327e+00   7.211381793022e-01   9.591171145439e-02  -8.988614678383e-01   1.021230340004e+00   4.955909028649e-02  -4.347912073135e-01 
  0.000000000000e+00  -1.781175844371e-02  -3.633188456297e-02  -8.422403931618e-01  -1.834117770195e-01  -3.319067880511e-02  -8.290601968765e-01  -5.458291620016e-02  -1.694009266794e-02 
 -8.290601968765e-01  -5.458291620016e-02  -1.694009266794e-02   0.000000000000e+00   2.071855515242e-01  -1.142977118492e+00   0.000000000000e+00   2.071855515242e-01  -1.142977118492e+00 
  2.654756903648e-01   6.993967294693e-02  -6.742026209831e-01   2.530533969402e-01   2.284577861428e-02  -7.055219411850e-01   3.522428572178e-01   1.624367535114e-01  -2.784649133682e-01 
  5.128000378609e-01   3.946862369776e-02  -2.966412305832e-01   3.695994243026e-02  -8.513449691236e-03  -5.854349210858e-02   4.787157475948e-02  -1.453968584538e-01  -6.462647765875e-02 
  1.126186847687e-01   2.450236305594e-02  -5.703744664788e-02   1.126186847687e-01   2.450236305594e-02  -5.703744664788e-02   0.000000000000e+00   2.318540122360e-03  -9.951532483101e-01 
  0.000000000000e+00   2.318540122360e-03  -9.951532483101e-01   2.165558040142e-01  -3.296343609691e-02  -8.436709046364e-01   2.669503092766e-01   2.051606476307e-01  -7.665223479271e-01 
  9.369611144066e-01  -4.402387142181e-01  -5.681309103966e-01   1.384273409843e+00  -2.311073243618e-01  -4.129554033279e-01  -7.825926691294e-02  -1.331881582737e-01  -5.001482367516e-01 
  1.012581661344e-01  -9.882448613644e-02  -4.656079709530e-01   8.206686377525e-02  -6.719004362822e-02  -4.860317111015e-01   8.206686377525e-02  -6.719004362822e-02  -4.860317111015e-01 
  0.000000000000e+00   5.385995283723e-02  -1.228147864342e+00   0.000000000000e+00   5.385995283723e-02  -1.228147864342e+00   3.006459772587e-01   1.468878239393e-01  -6.467522382736e-01 
  4.256946146488e-01   1.071040779352e-01  -6.944996714592e-01   3.016687631607e-01  -2.459306418896e-01  -7.354550957680e-01  -3.760656416416e-01  -1.447802782059e-01  -8.430457711220e-01 
 -5.017750263214e-01  -1.572865396738e-01  -7.058389782906e-01   6.345148384571e-02  -8.610907942057e-02  -6.118835210800e-01   1.149026677012e-03  -1.666869074106e-01  -7.363694310188e-01 
  1.149026677012e-03  -1.666869074106e-01  -7.363694310188e-01   0.000000000000e+00   7.576704025269e-02  -1.003397464752e+00   0.000000000000e+00   7.576704025269e-02  -1.003397464752e+00 
  2.000452280045e-01   1.963133513927e-01  -7.321853041649e-01   2.813077270985e-01  -9.101258218288e-02  -9.369858503342e-01   3.420799672604e-01   1.499042510986e-01  -6.731192469597e-01 
  4.576999545097e-01   4.207444190979e-02  -3.364510834217e-01   4.881767183542e-02  -1.671082898974e-02  -3.605596125126e-01   4.467382133007e-01  -9.562074393034e-02  -3.279153704643e-01 
 -5.538149550557e-02  -2.471074014902e-01  -6.939848661423e-01  -5.538149550557e-02  -2.471074014902e-01  -6.939848661423e-01   0.000000000000e+00   1.490992866457e-02  -8.388031721115e-01 
  0.000000000000e+00   1.490992866457e-02  -8.388031721115e-01   2.488974332809e-01   1.356572955847e-01  -5.871956944466e-01   4.408209323883e-01   8.885671198368e-02  -7.092587947845e-01 
  4.854980409145e-01   3.777935802937e-01  -7.698194980621e-01   8.988423347473e-01   3.318415582180e-02  -4.967651665211e-01   1.656899154186e-01  -3.317234292626e-02   4.218408763409e-01 
  1.798928678036e-01   3.544359281659e-02   5.231586098671e-01  -1.450636535883e-01   4.568465054035e-02  -1.313997030258e+00  -1.450636535883e-01   4.568465054035e-02  -1.313997030258e+00 
  0.000000000000e+00  -3.307772055268e-02  -7.408244013786e-01   0.000000000000e+00  -3.307772055268e-02  -7.408244013786e-01  -3.113894350827e-02  -1.286960393190e-01  -7.188174128532e-01 
  4.612849354744e-01   9.546113759279e-02  -1.039318323135e+00   5.249322056770e-01  -1.595522835851e-02  -9.744357466698e-01   1.332331299782e+00   4.919150378555e-03  -8.366303443909e-01 
  8.374836295843e-02  -6.214781897143e-04  -6.087055802345e-01   1.243470311165e-01   5.524415895343e-02  -3.335461318493e-01   7.738276571035e-02   1.399913877249e-01  -3.207862973213e-01 
  7.738276571035e-02   1.399913877249e-01  -3.207862973213e-01   0.000000000000e+00   0.000000000000e+00  -8.788969516754e-01   0.000000000000e+00   0.000000000000e+00  -8.788969516754e-01 
  3.982845544815e-01   0.000000000000e+00  -8.946976661682e-01   6.162292361259e-01   0.000000000000e+00  -9.810252785683e-01   4.694021344185e-01   0.000000000000e+00  -9.456486105919e-01 
  5.472466945648e-01   6.231928273337e-05  -5.940760970116e-01   1.414053291082e-01  -1.445159141440e-04  -7.212064415216e-02   1.326919645071e-01   3.797078505158e-03  -7.277011126280e-02 
  3.068440556526e-01   0.000000000000e+00  -7.472512125969e-02   3.068440556526e-01   0.000000000000e+00  -7.472512125969e-02   0.000000000000e+00   0.000000000000e+00  -8.788969516754e-01 
  0.000000000000e+00   0.000000000000e+00  -8.788969516754e-01   3.982845544815e-01   0.000000000000e+00  -8.946976661682e-01   6.162292361259e-01   0.000000000000e+00  -9.810252785683e-01 
  4.694021344185e-01   0.000000000000e+00  -9.456486105919e-01   5.472466945648e-01   6.231928273337e-05  -5.940760970116e-01   1.414053291082e-01  -1.445159141440e-04  -7.212064415216e-02 
  1.326919645071e-01   3.797078505158e-03  -7.277011126280e-02   3.068440556526e-01   0.000000000000e+00  -7.472512125969e-02   3.068440556526e-01   0.000000000000e+00  -7.472512125969e-02 
  0.000000000000e+00   4.518797248602e-02  -4.051518142223e-01   0.000000000000e+00   4.518797248602e-02  -4.051518142223e-01   1.752437353134e-01  -2.065773308277e-02  -7.457699626684e-02 
  2.926116883755e-01  -1.252297591418e-02   5.631138011813e-02   0.000000000000e+00   1.011556312442e-01  -9.013516306877e-01   0.000000000000e+00  -3.537504747510e-02  -3.423656225204e-01 
  0.000000000000e+00  -1.714284121990e-01  -1.000000014901e-01  -9.064854383469e-01  -2.287136167288e-01   1.739353057928e-03  -8.326668739319e-01  -1.751499772072e-01   3.864862769842e-02 
 -8.326668739319e-01  -1.751499772072e-01   3.864862769842e-02   0.000000000000e+00   4.518797248602e-02  -4.051518142223e-01   0.000000000000e+00   4.518797248602e-02  -4.051518142223e-01 
  1.752437353134e-01  -2.065773308277e-02  -7.457699626684e-02   2.926116883755e-01  -1.252297591418e-02   5.631138011813e-02   0.000000000000e+00   1.011556312442e-01  -9.013516306877e-01 
  0.000000000000e+00  -3.537504747510e-02  -3.423656225204e-01   0.000000000000e+00  -1.714284121990e-01  -1.000000014901e-01  -9.064854383469e-01  -2.287136167288e-01   1.739353057928e-03 
 -8.326668739319e-01  -1.751499772072e-01   3.864862769842e-02  -8.326668739319e-01  -1.751499772072e-01   3.864862769842e-02   0.000000000000e+00   2.136800885201e-01  -7.428692579269e-01 
  0.000000000000e+00   2.136800885201e-01  -7.428692579269e-01   1.093614846468e-01   1.507375575602e-02  -4.087722599506e-01   1.001277267933e-01   1.896002143621e-02  -2.187225222588e-01 
  2.915760576725e-01   1.117104738951e-01  -3.499674201012e-01   1.807607859373e-01  -1.332636028528e-01  -4.304646849632e-01  -4.475362002850e-01  -1.327229440212e-01  -1.518902480602e-01 
 -2.984467744827e-01  -1.548950672150e-01   3.864862769842e-02  -4.806498587132e-01  -1.306379735470e-01  -9.168830700219e-03  -4.806498587132e-01  -1.306379735470e-01  -9.168830700219e-03 
  0.000000000000e+00  -1.163538172841e-01  -1.928489655256e-01   0.000000000000e+00  -1.163538172841e-01  -1.928489655256e-01   1.434763371944e-01  -9.924244135618e-02  -4.833430051804e-01 
  2.681136429310e-01   5.301695317030e-02  -6.902009248734e-01   6.524807810783e-01  -3.442406654358e-01  -6.172125935555e-01  -8.950173258781e-01  -3.189541101456e-01  -6.127501726151e-01 
 -6.124091744423e-01  -5.080693960190e-02  -3.904381394386e-01  -3.437605202198e-01  -1.330999583006e-01  -4.214632511139e-01  -8.468541502953e-02  -9.922157227993e-02  -5.052847862244e-01 
 -8.468541502953e-02  -9.922157227993e-02  -5.052847862244e-01   0.000000000000e+00   4.171679168940e-02  -5.087773799896e-01   0.000000000000e+00   4.171679168940e-02  -5.087773799896e-01 
  1.415405124426e-01   3.121489472687e-02  -2.735708951950e-01   2.573911547661e-01   6.791256368160e-02  -3.422339856625e-01   1.464640256017e-02  -1.372444480658e-01  -4.197695255280e-01 
 -7.530645728111e-01  -3.841112181544e-02  -6.518372297287e-01  -6.150743365288e-01   7.025337964296e-02  -3.097933232784e-01  -4.055838286877e-01   2.778286347166e-03  -3.907377719879e-01 
 -1.646377891302e-01  -1.118087247014e-01  -6.041288971901e-01  -1.646377891302e-01  -1.118087247014e-01  -6.041288971901e-01   0.000000000000e+00   9.691691957414e-03  -3.584846556187e-01 
  0.000000000000e+00   9.691691957414e-03  -3.584846556187e-01   1.633101105690e-01   1.346253454685e-01  -3.128314316273e-01  -4.708286002278e-02   5.507985875010e-02  -2.788621485233e-01 
 -2.723759412766e-01  -1.237397640944e-02  -8.320824056864e-02  -5.549193620682e-01   1.295359730721e-01  -3.647709488869e-01  -5.373292565346e-01   9.792622178793e-02  -7.584448903799e-02 
  4.650521650910e-02  -1.195110846311e-02  -3.220639824867e-01   0.000000000000e+00  -1.206099241972e-01  -5.508506298065e-01   0.000000000000e+00  -1.206099241972e-01  -5.508506298065e-01 
  0.000000000000e+00   2.774911187589e-02  -2.900623083115e-01   0.000000000000e+00   2.774911187589e-02  -2.900623083115e-01   1.602684557438e-01   5.002454668283e-02  -3.459146618843e-01 
  3.491851687431e-01   1.078032255173e-01  -2.914620041847e-01   4.547461867332e-01   1.541541069746e-01  -7.223239541054e-01   2.460437864065e-01   1.487784236670e-01  -6.309401243925e-03 
 -3.668338060379e-02  -4.040523990989e-02   5.578216314316e-01   1.045926362276e-01   2.669340372086e-02  -2.876240313053e-01  -1.181727424264e-01   6.556227058172e-02  -1.617541193962e+00 
 -1.181727424264e-01   6.556227058172e-02  -1.617541193962e+00   0.000000000000e+00   6.479797419161e-03  -5.151963829994e-01   0.000000000000e+00   6.479797419161e-03  -5.151963829994e-01 
 -1.680315658450e-02  -5.727729294449e-04  -4.020465612411e-01   3.634663224220e-01  -4.481018707156e-02  -9.411244392395e-01   5.491483211517e-01   3.513383492827e-02  -1.376585602760e+00 
  7.273293733597e-01   5.150036513805e-02  -1.065547585487e+00   2.337529957294e-01   5.103878211230e-03  -1.763193458319e-01   2.135161012411e-01   2.707150019705e-02  -5.334906578064e-01 
  8.216225542128e-03   6.556227058172e-02  -1.691970348358e+00   8.216225542128e-03   6.556227058172e-02  -1.691970348358e+00   0.000000000000e+00   0.000000000000e+00  -5.085616707802e-01 
  0.000000000000e+00   0.000000000000e+00  -5.085616707802e-01   1.827466785908e-01  -5.072601197753e-05  -2.615003585815e-01   2.963099181652e-01   0.000000000000e+00  -1.069549322128e+00 
  1.731119155884e-01   8.034117519855e-03  -1.175651431084e+00   4.095305502415e-01   1.304944884032e-02  -8.785732388496e-01   3.115304410458e-01   3.728785365820e-02  -1.817615926266e-01 
  2.572677731514e-01   1.589641906321e-02  -1.254700571299e-01   2.415750324726e-01   0.000000000000e+00  -1.000000014901e-01   2.415750324726e-01   0.000000000000e+00  -1.000000014901e-01 
  0.000000000000e+00   0.000000000000e+00  -5.085616707802e-01   0.000000000000e+00   0.000000000000e+00  -5.085616707802e-01   1.827466785908e-01  -5.072601197753e-05  -2.615003585815e-01 
  2.963099181652e-01   0.000000000000e+00  -1.069549322128e+00   1.731119155884e-01   8.034117519855e-03  -1.175651431084e+00   4.095305502415e-01   1.304944884032e-02  -8.785732388496e-01 
  3.115304410458e-01   3.728785365820e-02  -1.817615926266e-01   2.572677731514e-01   1.589641906321e-02  -1.254700571299e-01   2.415750324726e-01   0.000000000000e+00  -1.000000014901e-01 
  2.415750324726e-01   0.000000000000e+00  -1.000000014901e-01   0.000000000000e+00   5.891812592745e-02  -5.131068229675e-01   0.000000000000e+00   5.891812592745e-02  -5.131068229675e-01 
  9.369477629662e-02  -7.232263684273e-03  -4.521109629422e-03   3.438066542149e-01  -2.303458005190e-02  -4.569326937199e-01   0.000000000000e+00   4.963154345751e-02  -1.000000014901e-01 
  0.000000000000e+00  -2.714081667364e-02  -1.743962615728e-01   0.000000000000e+00  -8.659509569407e-02  -1.000000014901e-01   0.000000000000e+00   0.000000000000e+00   7.555790245533e-02 
  0.000000000000e+00  -8.600721508265e-02   3.864862769842e-02   0.000000000000e+00  -8.600721508265e-02   3.864862769842e-02   0.000000000000e+00   5.891812592745e-02  -5.131068229675e-01 
  0.000000000000e+00   5.891812592745e-02  -5.131068229675e-01   9.369477629662e-02  -7.232263684273e-03  -4.521109629422e-03   3.438066542149e-01  -2.303458005190e-02  -4.569326937199e-01 
  0.000000000000e+00   4.963154345751e-02  -1.000000014901e-01   0.000000000000e+00  -2.714081667364e-02  -1.743962615728e-01   0.000000000000e+00  -8.659509569407e-02  -1.000000014901e-01 
  0.000000000000e+00   0.000000000000e+00   7.555790245533e-02   0.000000000000e+00  -8.600721508265e-02   3.864862769842e-02   0.000000000000e+00  -8.600721508265e-02   3.864862769842e-02 
  0.000000000000e+00   7.309757918119e-02  -5.438766479492e-01   0.000000000000e+00   7.309757918119e-02  -5.438766479492e-01   1.546283513308e-01   2.650686353445e-02  -4.499002397060e-01 
  3.191869854927e-01  -2.271842025220e-02  -3.608089685440e-01   4.631600677967e-01   6.798698008060e-02   1.885474175215e-01   0.000000000000e+00   0.000000000000e+00  -1.000000014901e-01 
  0.000000000000e+00  -7.696371525526e-02   4.027654230595e-01  -7.139566540718e-01   0.000000000000e+00   3.864862769842e-02  -2.256367653608e-01  -7.362016290426e-02   2.078555338085e-02 
 -2.256367653608e-01  -7.362016290426e-02   2.078555338085e-02   0.000000000000e+00  -9.784205257893e-02  -1.162527725101e-01   0.000000000000e+00  -9.784205257893e-02  -1.162527725101e-01 
  8.586530387402e-02  -6.579479575157e-02  -3.447719216347e-01   2.622973918915e-01  -2.113223448396e-02  -4.823682606220e-01   5.567165613174e-01  -2.436628490686e-01   6.678567528725e-01 
 -1.299323320389e+00  -3.272224962711e-01   1.130711555481e+00  -1.140276312828e+00  -1.951421797276e-01   6.629205942154e-01  -1.008870840073e+00  -1.415366232395e-01   2.793427705765e-01 
 -7.759364843369e-01  -1.112266108394e-01  -2.064066827297e-01  -7.759364843369e-01  -1.112266108394e-01  -2.064066827297e-01   0.000000000000e+00   7.266094535589e-02  -4.455039203167e-01 
  0.000000000000e+00   7.266094535589e-02  -4.455039203167e-01   1.536181941628e-02  -4.338908195496e-02  -1.132876425982e-01   9.592968225479e-02  -3.799486905336e-03  -3.989875316620e-01 
 -2.592216730118e-01  -1.154751032591e-01  -3.132964670658e-02  -7.905492186546e-01  -1.424081623554e-01   4.041455090046e-01  -9.870266914368e-01  -5.975376814604e-02   2.369084656239e-01 
 -7.755093574524e-01  -2.881156653166e-02   1.908712834120e-01  -4.319466650486e-01  -6.911683827639e-02  -3.042649030685e-01  -4.319466650486e-01  -6.911683827639e-02  -3.042649030685e-01 
  0.000000000000e+00   3.368815779686e-02  -4.938449859619e-01   0.000000000000e+00   3.368815779686e-02  -4.938449859619e-01   6.961260735989e-02   7.286101579666e-02  -8.115679621696e-01 
 -1.612003892660e-01   4.596447944641e-02  -6.350162625313e-01   1.058822870255e-02  -2.279940620065e-02  -3.913173079491e-01   9.951410815120e-03   1.050924230367e-02   4.978109151125e-03 
  3.426020219922e-02   2.385497838259e-02  -6.545974612236e-01   1.152388751507e-01   6.501659285277e-03  -4.927277565002e-01   2.731245383620e-02  -5.852105095983e-02  -5.032277703285e-01 
  2.731245383620e-02  -5.852105095983e-02  -5.032277703285e-01   0.000000000000e+00   3.791750967503e-02  -5.801444649696e-01   0.000000000000e+00   3.791750967503e-02  -5.801444649696e-01 
  1.464878916740e-01   1.460977923125e-02  -6.548372507095e-01   2.005773335695e-01   1.182131767273e-01  -7.403195500374e-01   2.739391624928e-01   1.697129309177e-01  -4.938644170761e-01 
  1.496100276709e-01  -5.825080722570e-02  -6.701313853264e-01   9.595992416143e-02  -1.173145920038e-01  -1.075003027916e+00   2.064505815506e-01  -6.580675393343e-02  -1.019757747650e+00 
  0.000000000000e+00   1.522924937308e-02  -1.000000014901e-01   0.000000000000e+00   1.522924937308e-02  -1.000000014901e-01   0.000000000000e+00   4.488809406757e-02  -5.732678771019e-01 
  0.000000000000e+00   4.488809406757e-02  -5.732678771019e-01   7.338567078114e-02  -1.183836441487e-02  -4.882328808308e-01   1.885290145874e-01  -2.833732170984e-03  -1.515876173973e+00 
  3.849023580551e-01   8.265023678541e-02  -1.143696904182e+00   2.119827419519e-01  -1.855822512880e-03  -8.492004871368e-01   2.594567537308e-01   2.451789751649e-02  -1.019757747650e+00 
  2.917208075523e-01  -6.668172311038e-03  -9.626607298851e-01   1.384610831738e-01   2.509158290923e-02  -9.717627763748e-01   1.384610831738e-01   2.509158290923e-02  -9.717627763748e-01 
  0.000000000000e+00   0.000000000000e+00  -6.657539606094e-01   0.000000000000e+00   0.000000000000e+00  -6.657539606094e-01   1.523610949516e-01   0.000000000000e+00  -6.208339706063e-02 
  3.115161955357e-01   0.000000000000e+00  -7.032116651535e-01   4.040875136852e-01   1.629442349076e-02  -9.364225864410e-01   2.471528351307e-01   2.216246351600e-02  -8.398830890656e-01 
  2.912501692772e-01   6.705179065466e-02  -1.000000014901e-01   3.292189836502e-01   2.264154702425e-02  -4.888253808022e-01   1.816019713879e-01   2.152634598315e-02  -4.304455816746e-01 
  1.816019713879e-01   2.152634598315e-02  -4.304455816746e-01   0.000000000000e+00   0.000000000000e+00  -6.657539606094e-01   0.000000000000e+00   0.000000000000e+00  -6.657539606094e-01 
  1.523610949516e-01   0.000000000000e+00  -6.208339706063e-02   3.115161955357e-01   0.000000000000e+00  -7.032116651535e-01   4.040875136852e-01   1.629442349076e-02  -9.364225864410e-01 
  2.471528351307e-01   2.216246351600e-02  -8.398830890656e-01   2.912501692772e-01   6.705179065466e-02  -1.000000014901e-01   3.292189836502e-01   2.264154702425e-02  -4.888253808022e-01 
  1.816019713879e-01   2.152634598315e-02  -4.304455816746e-01   1.816019713879e-01   2.152634598315e-02  -4.304455816746e-01   0.000000000000e+00   7.196828722954e-02  -6.101116538048e-01 
  0.000000000000e+00   7.196828722954e-02  -6.101116538048e-01  -3.134810552001e-02  -1.270153839141e-02  -5.983310341835e-01   2.514998018742e-01  -3.714482486248e-01  -6.839219331741e-01 
  2.599785029888e-01  -1.967077404261e-01  -1.000000014901e-01   7.333934307098e-02  -1.270579546690e-01  -1.121485233307e-01  -1.424426883459e-01   1.833637990057e-02   1.082857102156e-01 
 -3.564649820328e-02   0.000000000000e+00  -1.000000014901e-01   0.000000000000e+00  -5.052042007446e-02  -1.000000014901e-01   0.000000000000e+00  -5.052042007446e-02  -1.000000014901e-01 
  0.000000000000e+00   7.196828722954e-02  -6.101116538048e-01   0.000000000000e+00   7.196828722954e-02  -6.101116538048e-01  -3.134810552001e-02  -1.270153839141e-02  -5.983310341835e-01 
  2.514998018742e-01  -3.714482486248e-01  -6.839219331741e-01   2.599785029888e-01  -1.967077404261e-01  -1.000000014901e-01   7.333934307098e-02  -1.270579546690e-01  -1.121485233307e-01 
 -1.424426883459e-01   1.833637990057e-02   1.082857102156e-01  -3.564649820328e-02   0.000000000000e+00  -1.000000014901e-01   0.000000000000e+00  -5.052042007446e-02  -1.000000014901e-01 
  0.000000000000e+00  -5.052042007446e-02  -1.000000014901e-01   0.000000000000e+00   9.912616759539e-02  -4.059441089630e-01   0.000000000000e+00   9.912616759539e-02  -4.059441089630e-01 
  1.144816279411e-01  -4.016971960664e-02  -3.129081428051e-01   6.487740278244e-01  -2.682933807373e-01  -4.118411242962e-01   5.561006069183e-01  -1.774227917194e-01   3.647195696831e-01 
 -5.683729052544e-01  -1.282772123814e-01  -1.000000014901e-01  -2.357326596975e-01   2.358666621149e-02   8.388921022415e-01  -1.517200618982e-01  -6.299559026957e-03   2.302219718695e-01 
 -6.068611517549e-02  -4.268117249012e-02   1.084942147136e-01  -6.068611517549e-02  -4.268117249012e-02   1.084942147136e-01   0.000000000000e+00   1.597847938538e-01  -3.711160421371e-01 
  0.000000000000e+00   1.597847938538e-01  -3.711160421371e-01  -3.325928375125e-02   3.305480629206e-02  -2.440859973431e-01   2.329243570566e-01  -5.665642768145e-02  -3.231877982616e-01 
  4.577489495277e-01  -1.611323207617e-01   9.002088308334e-01  -8.580021858215e-01   6.746053695679e-02   1.309364795685e+00  -2.966196835041e-01   4.698295891285e-02   1.306469202042e+00 
 -1.139585748315e-01   2.684384956956e-02  -1.000000014901e-01   0.000000000000e+00   1.517931278795e-02  -1.021136865020e-01   0.000000000000e+00   1.517931278795e-02  -1.021136865020e-01 
  0.000000000000e+00   3.073210418224e-01  -4.768112003803e-01   0.000000000000e+00   3.073210418224e-01  -4.768112003803e-01  -4.133555293083e-02   1.448324918747e-01  -3.706403970718e-01 
  1.849469915032e-02   6.277731060982e-02  -2.907115817070e-01  -2.586732804775e-01  -2.139554359019e-02   1.831184327602e-01  -8.632482886314e-01   6.746053695679e-02   1.174801230431e+00 
 -8.489411473274e-01   9.324698150158e-02   6.928754448891e-01  -3.972107470036e-01   3.430227562785e-02   4.463436901569e-01  -2.289025634527e-01   1.082711294293e-02  -5.457486957312e-03 
 -2.289025634527e-01   1.082711294293e-02  -5.457486957312e-03   0.000000000000e+00   2.401646375656e-01  -5.113089084625e-01   0.000000000000e+00   2.401646375656e-01  -5.113089084625e-01 
 -1.499805320054e-02   1.733708232641e-01  -4.790492355824e-01   7.338735461235e-02   3.705368191004e-02  -5.540530681610e-01   4.911247268319e-02   6.671730428934e-02  -5.284929871559e-01 
  2.265816740692e-02   3.020600043237e-02   1.982798576355e-01   1.161570325494e-01   3.868088498712e-02  -7.400997877121e-01   1.852669119835e-01   3.508565947413e-02  -7.484163045883e-01 
  1.126229688525e-01  -1.901285909116e-02  -4.966797828674e-01   1.126229688525e-01  -1.901285909116e-02  -4.966797828674e-01   0.000000000000e+00   5.368082597852e-02  -5.946318507195e-01 
  0.000000000000e+00   5.368082597852e-02  -5.946318507195e-01   5.220855399966e-02  -2.602176554501e-02  -4.200102686882e-01   2.592903673649e-01   6.101711187512e-03  -3.686548769474e-01 
  4.067167043686e-01   1.203369423747e-01  -4.871643781662e-01   1.885631978512e-01  -3.597103431821e-02  -7.712832689285e-01   2.594566643238e-01   0.000000000000e+00  -9.645124077797e-01 
  2.917205393314e-01   6.439869175665e-04  -9.835867285728e-01   1.395047307014e-01   1.495169196278e-02  -1.000000014901e-01   1.395047307014e-01   1.495169196278e-02  -1.000000014901e-01 
  0.000000000000e+00  -7.673222571611e-02  -3.057563900948e-01   0.000000000000e+00  -7.673222571611e-02  -3.057563900948e-01   1.236172299832e-02  -1.314587239176e-02  -4.140279889107e-01 
  6.840829849243e-01   6.148475687951e-03  -1.555739250034e-02   6.432079672813e-01   1.599447987974e-02  -3.547247350216e-01   2.004130035639e-01   4.400374740362e-02  -6.036689281464e-01 
  3.828697800636e-01   8.185059577227e-02  -7.957046627998e-01   4.186413586140e-01   5.359033122659e-02  -8.004388809204e-01   0.000000000000e+00   3.914892673492e-02  -6.506906151772e-01 
  0.000000000000e+00   3.914892673492e-02  -6.506906151772e-01   0.000000000000e+00   0.000000000000e+00  -3.773963153362e-01   0.000000000000e+00   0.000000000000e+00  -3.773963153362e-01 
  3.790546208620e-02   0.000000000000e+00  -1.161964684725e-01   4.347226023674e-01   0.000000000000e+00   4.288482964039e-01   5.290880799294e-01   0.000000000000e+00  -1.519012749195e-01 
  1.805163174868e-01   1.549998065457e-03  -8.526708483696e-01   3.032574057579e-01   0.000000000000e+00  -8.094164729118e-01   4.334401488304e-01   0.000000000000e+00  -8.204543590546e-01 
  0.000000000000e+00   0.000000000000e+00  -7.392212748528e-01   0.000000000000e+00   0.000000000000e+00  -7.392212748528e-01   0.000000000000e+00   0.000000000000e+00  -3.773963153362e-01 
  0.000000000000e+00   0.000000000000e+00  -3.773963153362e-01   3.790546208620e-02   0.000000000000e+00  -1.161964684725e-01   4.347226023674e-01   0.000000000000e+00   4.288482964039e-01 
  5.290880799294e-01   0.000000000000e+00  -1.519012749195e-01   1.805163174868e-01   1.549998065457e-03  -8.526708483696e-01   3.032574057579e-01   0.000000000000e+00  -8.094164729118e-01 
  4.334401488304e-01   0.000000000000e+00  -8.204543590546e-01   0.000000000000e+00   0.000000000000e+00  -7.392212748528e-01   0.000000000000e+00   0.000000000000e+00  -7.392212748528e-01 
  0.000000000000e+00   4.940264672041e-02  -5.071713328362e-01   0.000000000000e+00   4.940264672041e-02  -5.071713328362e-01  -3.184908628464e-02  -3.448969125748e-01  -5.280601382256e-01 
  2.475348860025e-01  -6.072466969490e-01  -7.959229350090e-01   2.762630283833e-01   0.000000000000e+00  -7.805171012878e-01   0.000000000000e+00   0.000000000000e+00  -6.394608616829e-01 
  0.000000000000e+00   0.000000000000e+00  -8.867734074593e-01  -7.321906834841e-02   0.000000000000e+00  -4.028201401234e-01  -2.582950703800e-02  -1.840807311237e-02  -2.806863784790e-01 
 -2.582950703800e-02  -1.840807311237e-02  -2.806863784790e-01   0.000000000000e+00   4.940264672041e-02  -5.071713328362e-01   0.000000000000e+00   4.940264672041e-02  -5.071713328362e-01 
 -3.184908628464e-02  -3.448969125748e-01  -5.280601382256e-01   2.475348860025e-01  -6.072466969490e-01  -7.959229350090e-01   2.762630283833e-01   0.000000000000e+00  -7.805171012878e-01 
  0.000000000000e+00   0.000000000000e+00  -6.394608616829e-01   0.000000000000e+00   0.000000000000e+00  -8.867734074593e-01  -7.321906834841e-02   0.000000000000e+00  -4.028201401234e-01 
 -2.582950703800e-02  -1.840807311237e-02  -2.806863784790e-01  -2.582950703800e-02  -1.840807311237e-02  -2.806863784790e-01   0.000000000000e+00   8.644036203623e-02  -4.683743417263e-01 
  0.000000000000e+00   8.644036203623e-02  -4.683743417263e-01   1.000735908747e-02  -2.035137265921e-01  -2.768424749374e-01   3.235099911690e-01  -5.746776461601e-01  -5.118311643600e-01 
  2.599785029888e-01   0.000000000000e+00  -5.425935387611e-01   0.000000000000e+00   0.000000000000e+00  -3.655703365803e-01  -1.139585748315e-01   0.000000000000e+00  -8.967109918594e-01 
 -1.139585748315e-01   0.000000000000e+00  -8.967109918594e-01   0.000000000000e+00  -2.749849343672e-03  -5.893455743790e-01   0.000000000000e+00  -2.749849343672e-03  -5.893455743790e-01 
  0.000000000000e+00  -2.359849400818e-02   3.605054318905e-02   0.000000000000e+00  -2.359849400818e-02   3.605054318905e-02  -9.392748028040e-02  -2.883829548955e-02  -1.114015877247e-01 
  9.847640246153e-02  -3.203490674496e-01  -2.826542556286e-01   2.597932815552e-01   3.058795258403e-02  -1.000000014901e-01   0.000000000000e+00   5.239745602012e-02  -1.000000014901e-01 
 -1.884257495403e-01   8.656587451696e-03  -9.711781740189e-01  -3.949140757322e-02   0.000000000000e+00  -8.967109918594e-01   0.000000000000e+00   0.000000000000e+00  -1.000000014901e-01 
  0.000000000000e+00   0.000000000000e+00  -1.000000014901e-01   0.000000000000e+00   5.416772793978e-03  -5.455464124680e-02   0.000000000000e+00   5.416772793978e-03  -5.455464124680e-02 
 -6.602744013071e-02   2.778309024870e-02  -1.154993176460e-01  -3.681072592735e-02  -4.174981638789e-02  -2.771863341331e-01   1.037194207311e-01   8.328288793564e-02   2.935759127140e-01 
 -3.846445679665e-01   1.051973626018e-01   6.972194910049e-01  -1.385306566954e-01   1.575909256935e-01  -1.000000014901e-01   0.000000000000e+00   0.000000000000e+00  -4.668816626072e-01 
  0.000000000000e+00   0.000000000000e+00  -3.380506932735e-01   0.000000000000e+00   0.000000000000e+00  -3.380506932735e-01   0.000000000000e+00   2.315337359905e-01  -1.764169186354e-01 
  0.000000000000e+00   2.315337359905e-01  -1.764169186354e-01  -8.417176455259e-02   2.137663215399e-01  -3.626180291176e-01   8.281315863132e-02   1.742946356535e-01  -8.008034825325e-01 
  1.641037911177e-01   6.535375025123e-03  -1.000000014901e-01   2.744436562061e-01   4.977992549539e-02   4.322299361229e-02   1.654627919197e+00   0.000000000000e+00  -1.000000014901e-01 
  2.092563509941e-01   0.000000000000e+00  -4.439996778965e-01   2.260846942663e-01  -1.304335892200e-03  -4.360097050667e-01   2.260846942663e-01  -1.304335892200e-03  -4.360097050667e-01 
  0.000000000000e+00   1.532585769892e-01  -4.816425442696e-01   0.000000000000e+00   1.532585769892e-01  -4.816425442696e-01  -4.245668277144e-02   7.135145366192e-02  -6.048548221588e-01 
  4.115399420261e-01   3.381538763642e-02  -1.012164592743e+00   5.822163224220e-01  -1.007005013525e-02  -4.576103985310e-01   3.039050817490e+00  -8.361510932446e-03  -2.536827623844e-01 
  2.397461414337e+00   0.000000000000e+00  -1.000000014901e-01   8.947998285294e-01   8.703243918717e-03  -6.067405939102e-01   4.240003228188e-01   1.508269365877e-02  -3.331505954266e-01 
  4.240003228188e-01   1.508269365877e-02  -3.331505954266e-01   0.000000000000e+00  -7.159700244665e-02  -3.163044750690e-01   0.000000000000e+00  -7.159700244665e-02  -3.163044750690e-01 
  1.202581226826e-01   3.993290942162e-03  -2.531725466251e-01   1.105050683022e+00   3.564742626622e-03  -2.014051437378e+00   9.246500730515e-01  -2.353145740926e-02  -4.919112026691e-01 
  2.239221334457e+00  -1.075319498777e-01  -2.615705132484e-01   1.822493076324e+00   3.834630921483e-02  -9.111252427101e-01   0.000000000000e+00   3.626384213567e-02  -8.094164729118e-01 
  0.000000000000e+00   3.210714459419e-02  -1.000000014901e-01   0.000000000000e+00   3.210714459419e-02  -1.000000014901e-01   0.000000000000e+00   0.000000000000e+00  -1.154746785760e-01 
  0.000000000000e+00   0.000000000000e+00  -1.154746785760e-01   2.760767936707e-01   0.000000000000e+00  -9.721533209085e-02   3.875106573105e-01   0.000000000000e+00  -4.204271435738e-01 
  7.433193922043e-01  -3.425930013903e-18  -1.159301519394e+00   1.797111928463e-01   0.000000000000e+00  -9.242290258408e-01   2.211148142815e-01   1.122023211792e-03  -9.173741936684e-01 
  2.155264914036e-01   6.472692824900e-03  -8.690361976624e-01   1.345342248678e-01   9.724343195558e-03  -6.390896439552e-01   1.345342248678e-01   9.724343195558e-03  -6.390896439552e-01 
  0.000000000000e+00   0.000000000000e+00  -1.154746785760e-01   0.000000000000e+00   0.000000000000e+00  -1.154746785760e-01   2.760767936707e-01   0.000000000000e+00  -9.721533209085e-02 
  3.875106573105e-01   0.000000000000e+00  -4.204271435738e-01   7.433193922043e-01  -3.425930013903e-18  -1.159301519394e+00   1.797111928463e-01   0.000000000000e+00  -9.242290258408e-01 
  2.211148142815e-01   1.122023211792e-03  -9.173741936684e-01   2.155264914036e-01   6.472692824900e-03  -8.690361976624e-01   1.345342248678e-01   9.724343195558e-03  -6.390896439552e-01 
  1.345342248678e-01   9.724343195558e-03  -6.390896439552e-01   0.000000000000e+00  -2.358235605061e-02  -3.083585500717e-01   0.000000000000e+00  -2.358235605061e-02  -3.083585500717e-01 
 -6.485132128000e-02  -5.108613520861e-02  -6.049702763557e-01   0.000000000000e+00  -5.080896019936e-01  -7.642325162888e-01   0.000000000000e+00  -2.505608499050e-01  -7.805171012878e-01 
  0.000000000000e+00  -1.307814717293e-01  -6.566722393036e-01  -2.732199057937e-02  -1.685287803411e-02  -8.878027200699e-01  -5.434257909656e-02  -4.097521770746e-03  -7.414276003838e-01 
 -3.475158289075e-02  -7.397984154522e-03  -5.495356321335e-01  -3.475158289075e-02  -7.397984154522e-03  -5.495356321335e-01   0.000000000000e+00  -2.358235605061e-02  -3.083585500717e-01 
  0.000000000000e+00  -2.358235605061e-02  -3.083585500717e-01  -6.485132128000e-02  -5.108613520861e-02  -6.049702763557e-01   0.000000000000e+00  -5.080896019936e-01  -7.642325162888e-01 
  0.000000000000e+00  -2.505608499050e-01  -7.805171012878e-01   0.000000000000e+00  -1.307814717293e-01  -6.566722393036e-01  -2.732199057937e-02  -1.685287803411e-02  -8.878027200699e-01 
 -5.434257909656e-02  -4.097521770746e-03  -7.414276003838e-01  -3.475158289075e-02  -7.397984154522e-03  -5.495356321335e-01  -3.475158289075e-02  -7.397984154522e-03  -5.495356321335e-01 
  0.000000000000e+00   6.361854821444e-02  -4.585775136948e-01   0.000000000000e+00   6.361854821444e-02  -4.585775136948e-01  -3.564385324717e-02  -8.245157450438e-02  -3.060210347176e-01 
  1.434011850506e-02  -4.322979748249e-01  -5.564746856689e-01   6.910393480211e-03  -2.396476268768e-01  -6.251555085182e-01   1.438697986305e-02   7.150164805353e-03  -4.571785628796e-01 
 -5.697928741574e-02   0.000000000000e+00  -8.967109918594e-01  -5.697928741574e-02   0.000000000000e+00  -8.967109918594e-01  -2.345962636173e-02  -7.758622523397e-04  -5.848813056946e-01 
 -2.345962636173e-02  -7.758622523397e-04  -5.848813056946e-01   0.000000000000e+00  -2.426695972681e-01  -1.122647970915e-01   0.000000000000e+00  -2.426695972681e-01  -1.122647970915e-01 
 -5.022646486759e-02  -2.172969877720e-01  -1.488668918610e-01  -2.765784971416e-02  -2.176655828953e-01  -3.058508634567e-01   3.589375317097e-02  -4.166902974248e-02  -1.181370839477e-01 
  1.105761900544e-02   3.333348408341e-02  -1.000000014901e-01   0.000000000000e+00   0.000000000000e+00  -8.222438693047e-01   0.000000000000e+00   0.000000000000e+00  -8.967109918594e-01 
  0.000000000000e+00   0.000000000000e+00  -1.000000014901e-01   0.000000000000e+00   0.000000000000e+00  -1.000000014901e-01   0.000000000000e+00  -1.478852182627e-01  -1.702315956354e-01 
  0.000000000000e+00  -1.478852182627e-01  -1.702315956354e-01  -9.244175627828e-03  -1.441625952721e-01  -1.663834154606e-01  -3.643774660304e-03  -1.205110028386e-01  -2.527912557125e-01 
  2.055484354496e-01   2.939221682027e-03  -2.339292168617e-01   2.744827866554e-01   4.920648783445e-02   3.280450701714e-01  -6.324719637632e-02   0.000000000000e+00  -1.000000014901e-01 
 -1.959710754454e-02   0.000000000000e+00  -4.885953962803e-01  -8.068560622633e-03   0.000000000000e+00  -3.363321125507e-01  -8.068560622633e-03   0.000000000000e+00  -3.363321125507e-01 
  0.000000000000e+00   1.399663835764e-01  -1.267352551222e-01   0.000000000000e+00   1.399663835764e-01  -1.267352551222e-01  -5.728405714035e-02   1.337299048901e-01  -1.150321066380e-01 
  2.396974712610e-02  -1.082667801529e-02  -5.753514766693e-01   0.000000000000e+00   0.000000000000e+00  -1.000000014901e-01   2.231596261263e-01   3.657509759068e-02   3.232356309891e-01 
  1.655955195427e+00   3.347427118570e-03   5.163639187813e-01   1.796776413918e+00   1.150069059804e-03   1.547819525003e-01   1.045997023582e+00   1.116651619668e-04  -6.298861652613e-02 
  1.045997023582e+00   1.116651619668e-04  -6.298861652613e-02   0.000000000000e+00   1.267486512661e-01  -3.624125197530e-02   0.000000000000e+00   1.267486512661e-01  -3.624125197530e-02 
 -3.374055773020e-02   3.894384205341e-02  -7.171278446913e-02   2.375003695488e-01  -2.060630358756e-02  -8.720496892929e-01   3.749788179994e-02  -9.487688541412e-03   1.107836008072e+00 
  4.749565601349e+00   9.966789931059e-02   1.346447110176e+00   4.629939079285e+00   6.809297949076e-02   1.066365838051e+00   2.338857173920e+00   4.598141461611e-02   3.145188093185e-01 
  1.244826078415e+00   3.470344841480e-02   4.022329673171e-02   1.244826078415e+00   3.470344841480e-02   4.022329673171e-02   0.000000000000e+00   7.747890893370e-03  -1.079148873687e-01 
  0.000000000000e+00   7.747890893370e-03  -1.079148873687e-01   1.285526156425e-01  -6.746256351471e-02  -1.071843206882e-01   5.155696868896e-01  -4.137839376926e-02  -2.060545921326e+00 
  0.000000000000e+00   6.729583442211e-02   1.406585574150e+00   4.837138652802e+00   9.966789931059e-02   1.488044977188e+00   4.422739028931e+00   6.132450699806e-02   1.220243930817e+00 
  0.000000000000e+00   4.462868347764e-02  -1.000000014901e-01   0.000000000000e+00   3.616282716393e-02  -1.000000014901e-01   0.000000000000e+00   3.616282716393e-02  -1.000000014901e-01 
  0.000000000000e+00   0.000000000000e+00  -4.240788519382e-01   0.000000000000e+00   0.000000000000e+00  -4.240788519382e-01   2.531203925610e-01   0.000000000000e+00  -6.687076091766e-01 
  3.654660880566e-01  -8.684582076967e-03  -7.275249361992e-01   4.149070084095e-01   2.307476289570e-02  -9.782833456993e-01   2.455827951431e+00   0.000000000000e+00  -8.828254342079e-01 
  2.374407291412e+00   1.797904446721e-02  -5.641964077950e-01   1.258445501328e+00   2.148986794055e-02  -5.481806397438e-01   7.339957356453e-01   2.154885232449e-02  -4.807216525078e-01 
  7.339957356453e-01   2.154885232449e-02  -4.807216525078e-01   0.000000000000e+00   0.000000000000e+00  -4.240788519382e-01   0.000000000000e+00   0.000000000000e+00  -4.240788519382e-01 
  2.531203925610e-01   0.000000000000e+00  -6.687076091766e-01   3.654660880566e-01  -8.684582076967e-03  -7.275249361992e-01   4.149070084095e-01   2.307476289570e-02  -9.782833456993e-01 
  2.455827951431e+00   0.000000000000e+00  -8.828254342079e-01   2.374407291412e+00   1.797904446721e-02  -5.641964077950e-01   1.258445501328e+00   2.148986794055e-02  -5.481806397438e-01 
  7.339957356453e-01   2.154885232449e-02  -4.807216525078e-01   7.339957356453e-01   2.154885232449e-02  -4.807216525078e-01   0.000000000000e+00  -1.072439327836e-01  -2.662824392319e-01 
  0.000000000000e+00  -1.072439327836e-01  -2.662824392319e-01  -2.565041184425e-02   1.826892048120e-02  -2.548564076424e-01   1.937440969050e-02  -1.877089887857e-01  -5.253158211708e-01 
  9.255852550268e-03  -1.961329877377e-01  -1.000000014901e-01   1.312124822289e-02  -1.507281213999e-01  -3.168084025383e-01  -2.072998322546e-02  -3.452133759856e-02  -4.635717570782e-01 
 -3.799637034535e-02  -9.647954255342e-03  -5.534565448761e-01  -3.113841079175e-02  -5.558248143643e-03  -5.033479928970e-01  -3.113841079175e-02  -5.558248143643e-03  -5.033479928970e-01 
  0.000000000000e+00  -1.072439327836e-01  -2.662824392319e-01   0.000000000000e+00  -1.072439327836e-01  -2.662824392319e-01  -2.565041184425e-02   1.826892048120e-02  -2.548564076424e-01 
  1.937440969050e-02  -1.877089887857e-01  -5.253158211708e-01   9.255852550268e-03  -1.961329877377e-01  -1.000000014901e-01   1.312124822289e-02  -1.507281213999e-01  -3.168084025383e-01 
 -2.072998322546e-02  -3.452133759856e-02  -4.635717570782e-01  -3.799637034535e-02  -9.647954255342e-03  -5.534565448761e-01  -3.113841079175e-02  -5.558248143643e-03  -5.033479928970e-01 
 -3.113841079175e-02  -5.558248143643e-03  -5.033479928970e-01   0.000000000000e+00  -8.497776091099e-02   4.286634027958e-01   0.000000000000e+00  -8.497776091099e-02   4.286634027958e-01 
  8.247544057667e-03  -2.706515789032e-01  -2.365382015705e-01   8.131732791662e-02  -1.783029437065e-01  -5.658571124077e-01   0.000000000000e+00  -1.521485745907e-01  -5.128297805786e-01 
  5.074584111571e-02   1.002500671893e-02  -2.315635532141e-01  -2.551422268152e-02   0.000000000000e+00  -1.000000014901e-01  -3.213080391288e-02   1.136029914051e-05  -4.280234575272e-01 
 -2.072471007705e-02  -2.601809101179e-04  -4.026616513729e-01  -2.072471007705e-02  -2.601809101179e-04  -4.026616513729e-01   0.000000000000e+00   3.805733099580e-02   4.902448505163e-02 
  0.000000000000e+00   3.805733099580e-02   4.902448505163e-02  -5.125299096107e-03  -2.836602628231e-01  -5.478578433394e-02   0.000000000000e+00   0.000000000000e+00  -2.323441952467e-01 
  0.000000000000e+00   0.000000000000e+00  -3.914977908134e-01   2.317645847797e-01   1.576941087842e-02  -1.185966059566e-01   2.061843313277e-02   0.000000000000e+00  -1.000000014901e-01 
  0.000000000000e+00   3.192833901267e-05  -1.000000014901e-01   0.000000000000e+00   2.459478673700e-05  -1.000000014901e-01   0.000000000000e+00   2.459478673700e-05  -1.000000014901e-01 
  0.000000000000e+00  -2.811274230480e-01  -2.717413008213e-01   0.000000000000e+00  -2.811274230480e-01  -2.717413008213e-01   4.741266742349e-02  -8.721247315407e-02  -2.498624473810e-01 
  0.000000000000e+00   0.000000000000e+00  -3.505779802799e-01   3.876487314701e-01   0.000000000000e+00  -4.385927021503e-01   3.876487314701e-01   2.939221682027e-03  -4.227295517921e-01 
  1.955164074898e-01   3.396471438464e-04  -1.201488152146e-01   7.252225279808e-02   1.188753885799e-04  -2.563410997391e-01   2.148135378957e-02   5.277111995383e-05  -2.460293620825e-01 
  2.148135378957e-02   5.277111995383e-05  -2.460293620825e-01   0.000000000000e+00   1.227339170873e-02   2.210097908974e-01   0.000000000000e+00   1.227339170873e-02   2.210097908974e-01 
  1.085466146469e-01  -8.721247315407e-02   4.230477511883e-01   0.000000000000e+00  -1.530823111534e-02  -2.788313031197e-01   3.887736797333e-01  -1.418330427259e-02  -4.374677538872e-01 
  3.865238130093e-01   0.000000000000e+00  -4.235083162785e-01   0.000000000000e+00   5.828417488374e-04  -1.324953883886e-01   0.000000000000e+00   6.360269035213e-04   5.270744487643e-02 
  2.375089526176e-01   3.744305868167e-04   6.215022504330e-02   2.375089526176e-01   3.744305868167e-04   6.215022504330e-02   0.000000000000e+00   2.349060773849e-01   6.747052669525e-01 
  0.000000000000e+00   2.349060773849e-01   6.747052669525e-01   2.153113186359e-01  -6.510134041309e-02   6.308667063713e-01   4.055973589420e-01  -1.530823111534e-02   5.932311415672e-01 
  0.000000000000e+00  -1.643315888941e-02   3.333333432674e-01   0.000000000000e+00  -9.487688541412e-03   1.226820230484e+00   1.460341095924e+00   5.169619689696e-04   1.219726085663e+00 
  1.313246965408e+00   1.229896117002e-02   5.956705808640e-01   9.745900034904e-01   2.106680534780e-02   2.750355899334e-01   9.745900034904e-01   2.106680534780e-02   2.750355899334e-01 
  0.000000000000e+00  -2.024130076170e-01   2.247711084783e-02   0.000000000000e+00  -2.024130076170e-01   2.247711084783e-02   2.982104420662e-01  -1.298743486404e-01  -5.309455394745e-01 
  3.876554667950e-01  -9.459599852562e-02  -1.155795454979e+00   6.120520457625e-02  -1.643315888941e-02   1.252113103867e+00   2.792723417282e+00   5.754328891635e-02   1.139247298241e+00 
  0.000000000000e+00   4.759042710066e-02   1.346447110176e+00   0.000000000000e+00   4.070257022977e-02  -1.000000014901e-01   0.000000000000e+00   3.597108647227e-02  -1.000000014901e-01 
  0.000000000000e+00   3.597108647227e-02  -1.000000014901e-01   0.000000000000e+00   0.000000000000e+00  -2.392035126686e-01   0.000000000000e+00   0.000000000000e+00  -2.392035126686e-01 
  2.014880925417e-01  -4.589018598199e-02  -4.907109141350e-01   3.111560046673e-01  -4.867199063301e-02  -7.326685190201e-01   2.642449140549e-01   3.171479562297e-03  -4.084880650043e-02 
  2.333314895630e+00   0.000000000000e+00  -1.000000014901e-01   1.730298280716e+00   1.853587664664e-02   8.541896194220e-02   1.176415324211e+00   2.397647127509e-02  -1.614206880331e-01 
  8.051475882530e-01   2.525472082198e-02  -2.463921606541e-01   8.051475882530e-01   2.525472082198e-02  -2.463921606541e-01   0.000000000000e+00   0.000000000000e+00  -2.392035126686e-01 
  0.000000000000e+00   0.000000000000e+00  -2.392035126686e-01   2.014880925417e-01  -4.589018598199e-02  -4.907109141350e-01   3.111560046673e-01  -4.867199063301e-02  -7.326685190201e-01 
  2.642449140549e-01   3.171479562297e-03  -4.084880650043e-02   2.333314895630e+00   0.000000000000e+00  -1.000000014901e-01   1.730298280716e+00   1.853587664664e-02   8.541896194220e-02 
  1.176415324211e+00   2.397647127509e-02  -1.614206880331e-01   8.051475882530e-01   2.525472082198e-02  -2.463921606541e-01   8.051475882530e-01   2.525472082198e-02  -2.463921606541e-01 
  0.000000000000e+00  -1.072439327836e-01  -2.662824392319e-01   0.000000000000e+00  -1.072439327836e-01  -2.662824392319e-01  -2.565041184425e-02   1.826892048120e-02  -2.548564076424e-01 
  1.937440969050e-02  -1.877089887857e-01  -5.253158211708e-01   9.255852550268e-03  -1.961329877377e-01  -1.000000014901e-01   1.312124822289e-02  -1.507281213999e-01  -3.168084025383e-01 
 -2.072998322546e-02  -3.452133759856e-02  -4.635717570782e-01  -3.799637034535e-02  -9.647954255342e-03  -5.534565448761e-01  -3.113841079175e-02  -5.558248143643e-03  -5.033479928970e-01 
 -3.113841079175e-02  -5.558248143643e-03  -5.033479928970e-01   0.000000000000e+00  -1.072439327836e-01  -2.662824392319e-01   0.000000000000e+00  -1.072439327836e-01  -2.662824392319e-01 
 -2.565041184425e-02   1.826892048120e-02  -2.548564076424e-01   1.937440969050e-02  -1.877089887857e-01  -5.253158211708e-01   9.255852550268e-03  -1.961329877377e-01  -1.000000014901e-01 
  1.312124822289e-02  -1.507281213999e-01  -3.168084025383e-01  -2.072998322546e-02  -3.452133759856e-02  -4.635717570782e-01  -3.799637034535e-02  -9.647954255342e-03  -5.534565448761e-01 
 -3.113841079175e-02  -5.558248143643e-03  -5.033479928970e-01  -3.113841079175e-02  -5.558248143643e-03  -5.033479928970e-01   0.000000000000e+00  -8.497776091099e-02   4.286634027958e-01 
  0.000000000000e+00  -8.497776091099e-02   4.286634027958e-01   8.247544057667e-03  -2.706515789032e-01  -2.365382015705e-01   8.131732791662e-02  -1.783029437065e-01  -5.658571124077e-01 
  0.000000000000e+00  -1.521485745907e-01  -5.128297805786e-01   5.074584111571e-02   1.002500671893e-02  -2.315635532141e-01  -2.551422268152e-02   0.000000000000e+00  -1.000000014901e-01 
 -3.213080391288e-02   1.136029914051e-05  -4.280234575272e-01  -2.072471007705e-02  -2.601809101179e-04  -4.026616513729e-01  -2.072471007705e-02  -2.601809101179e-04  -4.026616513729e-01 
  0.000000000000e+00   3.805733099580e-02   4.902448505163e-02   0.000000000000e+00   3.805733099580e-02   4.902448505163e-02  -5.125299096107e-03  -2.836602628231e-01  -5.478578433394e-02 
  0.000000000000e+00   0.000000000000e+00  -2.323441952467e-01   0.000000000000e+00   0.000000000000e+00  -3.914977908134e-01   2.317645847797e-01   1.576941087842e-02  -1.185966059566e-01 
  2.061843313277e-02   0.000000000000e+00  -1.000000014901e-01   0.000000000000e+00   3.192833901267e-05  -1.000000014901e-01   0.000000000000e+00   2.459478673700e-05  -1.000000014901e-01 
  0.000000000000e+00   2.459478673700e-05  -1.000000014901e-01   0.000000000000e+00  -2.811274230480e-01  -2.717413008213e-01   0.000000000000e+00  -2.811274230480e-01  -2.717413008213e-01 
  4.741266742349e-02  -8.721247315407e-02  -2.498624473810e-01   0.000000000000e+00   0.000000000000e+00  -3.505779802799e-01   3.876487314701e-01   0.000000000000e+00  -4.385927021503e-01 
  3.876487314701e-01   2.939221682027e-03  -4.227295517921e-01   1.955164074898e-01   3.396471438464e-04  -1.201488152146e-01   7.252225279808e-02   1.188753885799e-04  -2.563410997391e-01 
  2.148135378957e-02   5.277111995383e-05  -2.460293620825e-01   2.148135378957e-02   5.277111995383e-05  -2.460293620825e-01   0.000000000000e+00   1.227339170873e-02   2.210097908974e-01 
  0.000000000000e+00   1.227339170873e-02   2.210097908974e-01   1.085466146469e-01  -8.721247315407e-02   4.230477511883e-01   0.000000000000e+00  -1.530823111534e-02  -2.788313031197e-01 
  3.887736797333e-01  -1.418330427259e-02  -4.374677538872e-01   3.865238130093e-01   0.000000000000e+00  -4.235083162785e-01   0.000000000000e+00   5.828417488374e-04  -1.324953883886e-01 
  0.000000000000e+00   6.360269035213e-04   5.270744487643e-02   2.375089526176e-01   3.744305868167e-04   6.215022504330e-02   2.375089526176e-01   3.744305868167e-04   6.215022504330e-02 
  0.000000000000e+00   2.349060773849e-01   6.747052669525e-01   0.000000000000e+00   2.349060773849e-01   6.747052669525e-01   2.153113186359e-01  -6.510134041309e-02   6.308667063713e-01 
  4.055973589420e-01  -1.530823111534e-02   5.932311415672e-01   0.000000000000e+00  -1.643315888941e-02   3.333333432674e-01   0.000000000000e+00  -9.487688541412e-03   1.226820230484e+00 
  1.460341095924e+00   5.169619689696e-04   1.219726085663e+00   1.313246965408e+00   1.229896117002e-02   5.956705808640e-01   9.745900034904e-01   2.106680534780e-02   2.750355899334e-01 
  9.745900034904e-01   2.106680534780e-02   2.750355899334e-01   0.000000000000e+00  -2.024130076170e-01   2.247711084783e-02   0.000000000000e+00  -2.024130076170e-01   2.247711084783e-02 
  2.982104420662e-01  -1.298743486404e-01  -5.309455394745e-01   3.876554667950e-01  -9.459599852562e-02  -1.155795454979e+00   6.120520457625e-02  -1.643315888941e-02   1.252113103867e+00 
  2.792723417282e+00   5.754328891635e-02   1.139247298241e+00   0.000000000000e+00   4.759042710066e-02   1.346447110176e+00   0.000000000000e+00   4.070257022977e-02  -1.000000014901e-01 
  0.000000000000e+00   3.597108647227e-02  -1.000000014901e-01   0.000000000000e+00   3.597108647227e-02  -1.000000014901e-01   0.000000000000e+00   0.000000000000e+00  -2.392035126686e-01 
  0.000000000000e+00   0.000000000000e+00  -2.392035126686e-01   2.014880925417e-01  -4.589018598199e-02  -4.907109141350e-01   3.111560046673e-01  -4.867199063301e-02  -7.326685190201e-01 
  2.642449140549e-01   3.171479562297e-03  -4.084880650043e-02   2.333314895630e+00   0.000000000000e+00  -1.000000014901e-01   1.730298280716e+00   1.853587664664e-02   8.541896194220e-02 
  1.176415324211e+00   2.397647127509e-02  -1.614206880331e-01   8.051475882530e-01   2.525472082198e-02  -2.463921606541e-01   8.051475882530e-01   2.525472082198e-02  -2.463921606541e-01 
  0.000000000000e+00   0.000000000000e+00  -2.392035126686e-01   0.000000000000e+00   0.000000000000e+00  -2.392035126686e-01   2.014880925417e-01  -4.589018598199e-02  -4.907109141350e-01 
  3.111560046673e-01  -4.867199063301e-02  -7.326685190201e-01   2.642449140549e-01   3.171479562297e-03  -4.084880650043e-02   2.333314895630e+00   0.000000000000e+00  -1.000000014901e-01 
  1.730298280716e+00   1.853587664664e-02   8.541896194220e-02   1.176415324211e+00   2.397647127509e-02  -1.614206880331e-01   8.051475882530e-01   2.525472082198e-02  -2.463921606541e-01 
  8.051475882530e-01   2.525472082198e-02  -2.463921606541e-01 

