# vtk DataFile Version 2.0
Written using VisIt writer
ASCII
DATASET RECTILINEAR_GRID
DIMENSIONS 10 10 10
X_COORDINATES 10 float
  0.000000000000e+00   5.000000000000e-01   1.000000000000e+00   1.500000000000e+00   2.000000000000e+00   2.500000000000e+00   3.000000000000e+00   3.500000000000e+00   4.000000000000e+00 
  4.500000000000e+00 
Y_COORDINATES 10 float
  0.000000000000e+00   5.000000000000e-01   1.000000000000e+00   1.500000000000e+00   2.000000000000e+00   2.500000000000e+00   3.000000000000e+00   3.500000000000e+00   4.000000000000e+00 
  4.500000000000e+00 
Z_COORDINATES 10 float
  0.000000000000e+00   5.000000000000e-01   1.000000000000e+00   1.500000000000e+00   2.000000000000e+00   2.500000000000e+00   3.000000000000e+00   3.500000000000e+00   4.000000000000e+00 
  4.500000000000e+00 
CELL_DATA 729
POINT_DATA 1000
VECTORS velocity float
  0.000000000000e+00  -1.277749836445e-01  -2.271592766047e-01   3.251200000000e+04   0.000000000000e+00   0.000000000000e+00   0.000000000000e+00   0.000000000000e+00   0.000000000000e+00 
  4.419811069965e-02  -8.688753843307e-02  -1.679197698832e-01   0.000000000000e+00   0.000000000000e+00   0.000000000000e+00   0.000000000000e+00   1.431655808000e+09   1.070945600000e+09 
 -9.317670017481e-02  -8.938881754875e-02  -1.630282998085e-01   1.071994176000e+09   0.000000000000e+00   0.000000000000e+00   0.000000000000e+00   0.000000000000e+00   0.000000000000e+00 
  6.508580595255e-02  -2.207036465406e-01  -1.880864500999e-01   0.000000000000e+00  -1.277749836445e-01  -2.271592766047e-01   1.070945600000e+09   0.000000000000e+00   0.000000000000e+00 
  4.578051343560e-02  -1.151408329606e-01  -2.097742408514e-01   4.419811069965e-02  -8.688753843307e-02  -1.679197698832e-01   1.431655808000e+09   1.070945600000e+09   0.000000000000e+00 
 -3.773372620344e-02  -6.621906906366e-02  -1.403375715017e-01  -9.317670017481e-02  -8.938881754875e-02  -1.630282998085e-01   0.000000000000e+00   0.000000000000e+00   1.071644672000e+09 
  6.508580595255e-02  -2.207036465406e-01  -1.880864500999e-01   6.508580595255e-02  -2.207036465406e-01  -1.880864500999e-01   0.000000000000e+00   1.346891187131e-02  -1.965766400099e-01 
  0.000000000000e+00   1.346891187131e-02  -1.965766400099e-01  -1.957216113806e-02  -1.394389867783e-01  -2.104053199291e-01   1.751219183207e-01  -2.723099589348e-01  -2.180418670177e-01 
  9.423210471869e-02  -1.331164538860e-01  -1.982865184546e-01   4.204311594367e-02  -3.491799160838e-02  -1.439519375563e-01   9.159368462861e-03  -2.244110964239e-02  -1.436147838831e-01 
  6.309060379863e-03  -4.419365525246e-02  -1.388707011938e-01   8.993910253048e-02   3.195582702756e-02  -1.553463041782e-01   8.993910253048e-02   3.195582702756e-02  -1.553463041782e-01 
  0.000000000000e+00   3.849952667952e-02  -1.911649554968e-01   0.000000000000e+00   3.849952667952e-02  -1.911649554968e-01   5.906986072659e-02   2.940744906664e-02  -1.794349402189e-01 
  6.729208678007e-02  -2.083803340793e-02  -1.665941327810e-01   4.577867314219e-02  -1.225533708930e-01  -1.601520329714e-01   4.748251661658e-02  -1.685261875391e-01  -1.589997410774e-01 
  4.993851855397e-02  -7.775337994099e-02  -1.865993142128e-01   8.433409780264e-02  -5.591515824199e-02  -1.414217352867e-01   1.171566769481e-01   2.045156247914e-02  -1.396548002958e-01 
  1.171566769481e-01   2.045156247914e-02  -1.396548002958e-01   0.000000000000e+00  -5.778253544122e-03  -2.135210484266e-01   0.000000000000e+00  -5.778253544122e-03  -2.135210484266e-01 
 -4.698332399130e-02  -2.990655973554e-02  -2.256751209497e-01   7.611823081970e-02  -2.126250229776e-02  -1.770083159208e-01   1.446450036019e-02  -6.994933634996e-02  -1.522464007139e-01 
 -2.766966447234e-02  -8.994493633509e-02  -1.500926613808e-01   1.617525890470e-02  -3.953084349632e-02  -1.648476570845e-01   4.876722395420e-02  -4.871135577559e-02  -1.627787351608e-01 
  1.230204477906e-02  -1.447664499283e-01  -1.982462406158e-01   1.230204477906e-02  -1.447664499283e-01  -1.982462406158e-01   0.000000000000e+00   1.882369443774e-02  -1.891115754843e-01 
  0.000000000000e+00   1.882369443774e-02  -1.891115754843e-01  -1.138951722533e-02  -5.300975963473e-02  -1.940321922302e-01   1.202275604010e-01  -1.930979825556e-02  -1.841764003038e-01 
  3.967564925551e-02  -2.551744505763e-02  -1.928124278784e-01   1.066472083330e-01   5.711570382118e-02  -1.420913785696e-01   6.476639956236e-02  -3.218415006995e-02  -1.571783572435e-01 
 -5.205585062504e-02  -1.578328665346e-03  -1.433661580086e-01  -7.452211529016e-02   9.180675260723e-03  -1.594847738743e-01  -7.452211529016e-02   9.180675260723e-03  -1.594847738743e-01 
  0.000000000000e+00  -1.982312090695e-02  -2.071143388748e-01   0.000000000000e+00  -1.982312090695e-02  -2.071143388748e-01   8.717427961528e-03  -6.828380376101e-02  -1.811428219080e-01 
  6.019639968872e-02   2.844733931124e-02  -1.704462915659e-01   7.635302841663e-02   2.065631002188e-02  -1.630461513996e-01   1.414728313684e-01   2.723760157824e-02  -1.593891531229e-01 
  7.806249707937e-02  -7.575350347906e-03  -1.816867887974e-01   5.578184127808e-02   3.275800496340e-03  -1.442679911852e-01   7.031960785389e-02  -1.338291727006e-02  -1.409257203341e-01 
  7.031960785389e-02  -1.338291727006e-02  -1.409257203341e-01   0.000000000000e+00  -9.931126842275e-04  -2.265763133764e-01   0.000000000000e+00  -9.931126842275e-04  -2.265763133764e-01 
 -4.117023199797e-03  -5.256050080061e-02  -2.214591503143e-01   1.453825682402e-01   5.716745182872e-02  -1.542324125767e-01   8.785510063171e-02   2.961230836809e-02  -1.423000991344e-01 
  1.281891912222e-01   3.337526321411e-02  -1.341705769300e-01   2.781483158469e-02   2.458791248500e-02  -1.516014337540e-01   5.328449234366e-02  -2.243576012552e-02  -1.613829880953e-01 
  1.633515805006e-01  -9.406259655952e-02  -1.916178762913e-01   1.633515805006e-01  -9.406259655952e-02  -1.916178762913e-01   0.000000000000e+00   0.000000000000e+00  -1.865907758474e-01 
  0.000000000000e+00   0.000000000000e+00  -1.865907758474e-01  -7.112272083759e-03   0.000000000000e+00  -1.743028163910e-01   3.190037608147e-02   0.000000000000e+00  -1.606841981411e-01 
 -3.482129797339e-02   0.000000000000e+00  -1.891866922379e-01   2.530053257942e-01   0.000000000000e+00  -1.257410645485e-01   1.476306468248e-01   0.000000000000e+00  -1.259877681732e-01 
  1.323819160461e-01   0.000000000000e+00  -1.267906427383e-01   2.714069187641e-01   0.000000000000e+00  -1.256745159626e-01   2.714069187641e-01   0.000000000000e+00  -1.256745159626e-01 
  0.000000000000e+00   0.000000000000e+00  -1.865907758474e-01   0.000000000000e+00   0.000000000000e+00  -1.865907758474e-01  -7.112272083759e-03   0.000000000000e+00  -1.743028163910e-01 
  3.190037608147e-02   0.000000000000e+00  -1.606841981411e-01  -3.482129797339e-02   0.000000000000e+00  -1.891866922379e-01   2.530053257942e-01   0.000000000000e+00  -1.257410645485e-01 
  1.476306468248e-01   0.000000000000e+00  -1.259877681732e-01   1.323819160461e-01   0.000000000000e+00  -1.267906427383e-01   2.714069187641e-01   0.000000000000e+00  -1.256745159626e-01 
  2.714069187641e-01   0.000000000000e+00  -1.256745159626e-01   0.000000000000e+00  -1.277749836445e-01  -2.271592766047e-01   0.000000000000e+00  -1.277749836445e-01  -2.271592766047e-01 
  4.578051343560e-02  -1.151408329606e-01  -2.097742408514e-01   4.419811069965e-02  -8.688753843307e-02  -1.679197698832e-01   8.861435204744e-02  -5.223362147808e-02  -1.436052322388e-01 
 -3.773372620344e-02  -6.621906906366e-02  -1.403375715017e-01  -9.317670017481e-02  -8.938881754875e-02  -1.630282998085e-01  -8.560593239963e-03  -1.231600269675e-01  -1.682161092758e-01 
  6.508580595255e-02  -2.207036465406e-01  -1.880864500999e-01   6.508580595255e-02  -2.207036465406e-01  -1.880864500999e-01   0.000000000000e+00  -1.277749836445e-01  -2.271592766047e-01 
  0.000000000000e+00  -1.277749836445e-01  -2.271592766047e-01   4.578051343560e-02  -1.151408329606e-01  -2.097742408514e-01   4.419811069965e-02  -8.688753843307e-02  -1.679197698832e-01 
  8.861435204744e-02  -5.223362147808e-02  -1.436052322388e-01  -3.773372620344e-02  -6.621906906366e-02  -1.403375715017e-01  -9.317670017481e-02  -8.938881754875e-02  -1.630282998085e-01 
 -8.560593239963e-03  -1.231600269675e-01  -1.682161092758e-01   6.508580595255e-02  -2.207036465406e-01  -1.880864500999e-01   6.508580595255e-02  -2.207036465406e-01  -1.880864500999e-01 
  0.000000000000e+00   1.346891187131e-02  -1.965766400099e-01   0.000000000000e+00   1.346891187131e-02  -1.965766400099e-01  -1.957216113806e-02  -1.394389867783e-01  -2.104053199291e-01 
  1.751219183207e-01  -2.723099589348e-01  -2.180418670177e-01   9.423210471869e-02  -1.331164538860e-01  -1.982865184546e-01   4.204311594367e-02  -3.491799160838e-02  -1.439519375563e-01 
  9.159368462861e-03  -2.244110964239e-02  -1.436147838831e-01   6.309060379863e-03  -4.419365525246e-02  -1.388707011938e-01   8.993910253048e-02   3.195582702756e-02  -1.553463041782e-01 
  8.993910253048e-02   3.195582702756e-02  -1.553463041782e-01   0.000000000000e+00   3.849952667952e-02  -1.911649554968e-01   0.000000000000e+00   3.849952667952e-02  -1.911649554968e-01 
  5.906986072659e-02   2.940744906664e-02  -1.794349402189e-01   6.729208678007e-02  -2.083803340793e-02  -1.665941327810e-01   4.577867314219e-02  -1.225533708930e-01  -1.601520329714e-01 
  4.748251661658e-02  -1.685261875391e-01  -1.589997410774e-01   4.993851855397e-02  -7.775337994099e-02  -1.865993142128e-01   8.433409780264e-02  -5.591515824199e-02  -1.414217352867e-01 
  1.171566769481e-01   2.045156247914e-02  -1.396548002958e-01   1.171566769481e-01   2.045156247914e-02  -1.396548002958e-01   0.000000000000e+00  -5.778253544122e-03  -2.135210484266e-01 
  0.000000000000e+00  -5.778253544122e-03  -2.135210484266e-01  -4.698332399130e-02  -2.990655973554e-02  -2.256751209497e-01   7.611823081970e-02  -2.126250229776e-02  -1.770083159208e-01 
  1.446450036019e-02  -6.994933634996e-02  -1.522464007139e-01  -2.766966447234e-02  -8.994493633509e-02  -1.500926613808e-01   1.617525890470e-02  -3.953084349632e-02  -1.648476570845e-01 
  4.876722395420e-02  -4.871135577559e-02  -1.627787351608e-01   1.230204477906e-02  -1.447664499283e-01  -1.982462406158e-01   1.230204477906e-02  -1.447664499283e-01  -1.982462406158e-01 
  0.000000000000e+00   1.882369443774e-02  -1.891115754843e-01   0.000000000000e+00   1.882369443774e-02  -1.891115754843e-01  -1.138951722533e-02  -5.300975963473e-02  -1.940321922302e-01 
  1.202275604010e-01  -1.930979825556e-02  -1.841764003038e-01   3.967564925551e-02  -2.551744505763e-02  -1.928124278784e-01   1.066472083330e-01   5.711570382118e-02  -1.420913785696e-01 
  6.476639956236e-02  -3.218415006995e-02  -1.571783572435e-01  -5.205585062504e-02  -1.578328665346e-03  -1.433661580086e-01  -7.452211529016e-02   9.180675260723e-03  -1.594847738743e-01 
 -7.452211529016e-02   9.180675260723e-03  -1.594847738743e-01   0.000000000000e+00  -1.982312090695e-02  -2.071143388748e-01   0.000000000000e+00  -1.982312090695e-02  -2.071143388748e-01 
  8.717427961528e-03  -6.828380376101e-02  -1.811428219080e-01   6.019639968872e-02   2.844733931124e-02  -1.704462915659e-01   7.635302841663e-02   2.065631002188e-02  -1.630461513996e-01 
  1.414728313684e-01   2.723760157824e-02  -1.593891531229e-01   7.806249707937e-02  -7.575350347906e-03  -1.816867887974e-01   5.578184127808e-02   3.275800496340e-03  -1.442679911852e-01 
  7.031960785389e-02  -1.338291727006e-02  -1.409257203341e-01   7.031960785389e-02  -1.338291727006e-02  -1.409257203341e-01   0.000000000000e+00  -9.931126842275e-04  -2.265763133764e-01 
  0.000000000000e+00  -9.931126842275e-04  -2.265763133764e-01  -4.117023199797e-03  -5.256050080061e-02  -2.214591503143e-01   1.453825682402e-01   5.716745182872e-02  -1.542324125767e-01 
  8.785510063171e-02   2.961230836809e-02  -1.423000991344e-01   1.281891912222e-01   3.337526321411e-02  -1.341705769300e-01   2.781483158469e-02   2.458791248500e-02  -1.516014337540e-01 
  5.328449234366e-02  -2.243576012552e-02  -1.613829880953e-01   1.633515805006e-01  -9.406259655952e-02  -1.916178762913e-01   1.633515805006e-01  -9.406259655952e-02  -1.916178762913e-01 
  0.000000000000e+00   0.000000000000e+00  -1.865907758474e-01   0.000000000000e+00   0.000000000000e+00  -1.865907758474e-01  -7.112272083759e-03   0.000000000000e+00  -1.743028163910e-01 
  3.190037608147e-02   0.000000000000e+00  -1.606841981411e-01  -3.482129797339e-02   0.000000000000e+00  -1.891866922379e-01   2.530053257942e-01   0.000000000000e+00  -1.257410645485e-01 
  1.476306468248e-01   0.000000000000e+00  -1.259877681732e-01   1.323819160461e-01   0.000000000000e+00  -1.267906427383e-01   2.714069187641e-01   0.000000000000e+00  -1.256745159626e-01 
  2.714069187641e-01   0.000000000000e+00  -1.256745159626e-01   0.000000000000e+00   0.000000000000e+00  -1.865907758474e-01   0.000000000000e+00   0.000000000000e+00  -1.865907758474e-01 
 -7.112272083759e-03   0.000000000000e+00  -1.743028163910e-01   3.190037608147e-02   0.000000000000e+00  -1.606841981411e-01  -3.482129797339e-02   0.000000000000e+00  -1.891866922379e-01 
  2.530053257942e-01   0.000000000000e+00  -1.257410645485e-01   1.476306468248e-01   0.000000000000e+00  -1.259877681732e-01   1.323819160461e-01   0.000000000000e+00  -1.267906427383e-01 
  2.714069187641e-01   0.000000000000e+00  -1.256745159626e-01   2.714069187641e-01   0.000000000000e+00  -1.256745159626e-01   0.000000000000e+00  -1.857750117779e-01  -8.605966567993e-01 
  0.000000000000e+00  -1.857750117779e-01  -8.605966567993e-01   4.523689746857e-01  -6.908959895372e-02  -5.716255903244e-01   5.325879454613e-01  -3.519375249743e-02  -6.152525544167e-01 
  8.200815320015e-01  -1.162534393370e-02  -4.952973127365e-01   1.641478091478e-01  -2.768213115633e-02  -7.620959877968e-01  -8.492748439312e-02  -5.496987327933e-02  -8.192201852798e-01 
 -5.039079114795e-02  -1.759557574987e-01  -8.138366341591e-01  -3.334981799126e-01   0.000000000000e+00   9.598264098167e-02  -3.334981799126e-01   0.000000000000e+00   9.598264098167e-02 
  0.000000000000e+00  -1.857750117779e-01  -8.605966567993e-01   0.000000000000e+00  -1.857750117779e-01  -8.605966567993e-01   4.523689746857e-01  -6.908959895372e-02  -5.716255903244e-01 
  5.325879454613e-01  -3.519375249743e-02  -6.152525544167e-01   8.200815320015e-01  -1.162534393370e-02  -4.952973127365e-01   1.641478091478e-01  -2.768213115633e-02  -7.620959877968e-01 
 -8.492748439312e-02  -5.496987327933e-02  -8.192201852798e-01  -5.039079114795e-02  -1.759557574987e-01  -8.138366341591e-01  -3.334981799126e-01   0.000000000000e+00   9.598264098167e-02 
 -3.334981799126e-01   0.000000000000e+00   9.598264098167e-02   0.000000000000e+00   5.561963468790e-02  -1.263426303864e+00   0.000000000000e+00   5.561963468790e-02  -1.263426303864e+00 
  2.468130886555e-01  -2.105148881674e-02  -1.175853013992e+00   2.175073772669e-01  -9.622050449252e-03  -8.189849257469e-01   4.422031044960e-01  -7.136925309896e-02  -4.816791713238e-01 
  9.672576189041e-02  -4.408919438720e-02  -5.604805797338e-02  -7.742944359779e-02  -6.708408147097e-02  -8.397213816643e-01  -2.243227809668e-01  -3.564834892750e-01  -8.433400988579e-01 
 -1.031534194946e+00  -9.321574568748e-01  -7.913133129478e-03  -1.031534194946e+00  -9.321574568748e-01  -7.913133129478e-03   0.000000000000e+00   1.440830826759e-01  -1.330233335495e+00 
  0.000000000000e+00   1.440830826759e-01  -1.330233335495e+00   3.188779950142e-01   1.384753584862e-01  -9.313356280327e-01   3.328173756599e-01  -4.982321336865e-02  -7.886086106300e-01 
  7.876811623573e-01  -8.618819713593e-02  -7.105662822723e-01  -2.114365845919e-01  -1.318238973618e-01  -6.363431215286e-01  -4.237846732140e-01  -9.188760817051e-02  -5.460522174835e-01 
 -4.734199866652e-02  -2.981499731541e-01  -3.779377639294e-01   2.741459310055e-01  -6.928941607475e-01  -3.342716097832e-01   2.741459310055e-01  -6.928941607475e-01  -3.342716097832e-01 
  0.000000000000e+00   1.002362221479e-01  -1.116932034492e+00   0.000000000000e+00   1.002362221479e-01  -1.116932034492e+00   3.796555101871e-01   2.380614429712e-01  -6.821461915970e-01 
  3.732061386108e-01  -7.761199772358e-02  -7.830415368080e-01   5.967534184456e-01  -5.502618104219e-02  -7.468014955521e-01  -7.253247499466e-01  -2.618473768234e-02  -6.188102364540e-01 
 -8.975079059601e-01  -1.413574069738e-01  -4.050947427750e-01  -8.955383300781e-02  -8.296632766724e-02  -6.505656838417e-01   5.492996573448e-01  -1.668315380812e-01  -1.129864811897e+00 
  5.492996573448e-01  -1.668315380812e-01  -1.129864811897e+00   0.000000000000e+00   1.000507995486e-01  -8.785583376884e-01   0.000000000000e+00   1.000507995486e-01  -8.785583376884e-01 
  1.414348632097e-01  -1.912693083286e-01  -1.054950833321e+00   3.262883722782e-01  -1.052635982633e-01  -9.717565178871e-01   6.036861538887e-01   6.108969822526e-02  -5.332420468330e-01 
  3.488322794437e-01   9.836187958717e-02  -6.071736812592e-01  -5.176982283592e-01   1.183014246635e-03  -8.009756207466e-01  -1.024308651686e-01  -3.512829914689e-02  -4.267879426479e-01 
 -2.493720948696e-01  -6.867826730013e-02  -8.237495422363e-01  -2.493720948696e-01  -6.867826730013e-02  -8.237495422363e-01   0.000000000000e+00   1.114481762052e-01  -1.122577309608e+00 
  0.000000000000e+00   1.114481762052e-01  -1.122577309608e+00   1.899986267090e-01   4.411649703979e-02  -1.281547069550e+00   3.214242756367e-01   5.659731850028e-02  -9.538899660110e-01 
  5.026348233223e-01   5.193940363824e-03  -7.535421848297e-01  -3.240513205528e-01   2.030146270990e-01  -9.762786626816e-01  -1.439235210419e-01   6.416140794754e-01  -5.230384469032e-01 
 -2.362358756363e-02   1.730864308774e-02  -5.048368573189e-01  -1.571717113256e-01   6.808446347713e-02  -4.108133614063e-01  -1.571717113256e-01   6.808446347713e-02  -4.108133614063e-01 
  0.000000000000e+00  -4.651207476854e-02  -1.034489750862e+00   0.000000000000e+00  -4.651207476854e-02  -1.034489750862e+00   8.600668609142e-02  -1.710668504238e-01  -9.094022512436e-01 
  1.897546797991e-01   1.607812792063e-01  -1.188973903656e+00  -2.994996905327e-01   1.244190614671e-02  -1.228375673294e+00  -4.073163866997e-01   2.613850682974e-02  -1.323712229729e+00 
 -1.135700866580e-01   1.683407425880e-01  -4.149854779243e-01   4.131120815873e-02  -1.795477978885e-02  -3.919790089130e-01   1.321808248758e-01   0.000000000000e+00  -3.603742420673e-01 
  1.321808248758e-01   0.000000000000e+00  -3.603742420673e-01   0.000000000000e+00   0.000000000000e+00  -1.048139691353e+00   0.000000000000e+00   0.000000000000e+00  -1.048139691353e+00 
  2.349829673767e-01   0.000000000000e+00  -2.070653289557e-01   2.015856355429e-01   2.847827970982e-02  -1.147063255310e+00   1.078991740942e-01   0.000000000000e+00  -4.049185514450e-01 
  3.502931892872e-01   0.000000000000e+00  -5.116863250732e-01  -1.332239866257e+00   3.820095298579e-05  -7.401222735643e-02   8.404602110386e-02  -2.616873644001e-05  -7.320935279131e-02 
  2.690137922764e-01   0.000000000000e+00  -7.432548701763e-02   2.690137922764e-01   0.000000000000e+00  -7.432548701763e-02   0.000000000000e+00   0.000000000000e+00  -1.048139691353e+00 
  0.000000000000e+00   0.000000000000e+00  -1.048139691353e+00   2.349829673767e-01   0.000000000000e+00  -2.070653289557e-01   2.015856355429e-01   2.847827970982e-02  -1.147063255310e+00 
  1.078991740942e-01   0.000000000000e+00  -4.049185514450e-01   3.502931892872e-01   0.000000000000e+00  -5.116863250732e-01  -1.332239866257e+00   3.820095298579e-05  -7.401222735643e-02 
  8.404602110386e-02  -2.616873644001e-05  -7.320935279131e-02   2.690137922764e-01   0.000000000000e+00  -7.432548701763e-02   2.690137922764e-01   0.000000000000e+00  -7.432548701763e-02 
  0.000000000000e+00   8.120548725128e-02  -4.040328562260e-01   0.000000000000e+00   8.120548725128e-02  -4.040328562260e-01   3.407390117645e-01   6.229945272207e-02  -2.001243978739e-01 
  3.993300795555e-01   1.485374197364e-02  -6.228529810905e-01   6.071717143059e-01  -7.701586931944e-03  -5.581344366074e-01   3.059446513653e-01  -2.350951917470e-02  -6.162248253822e-01 
 -1.234239190817e-01  -1.137700751424e-01  -7.214834690094e-01  -1.325779706240e-01  -1.901014447212e-01  -4.456471502781e-01  -1.032465100288e-01   0.000000000000e+00   7.896195165813e-03 
 -1.032465100288e-01   0.000000000000e+00   7.896195165813e-03   0.000000000000e+00   8.120548725128e-02  -4.040328562260e-01   0.000000000000e+00   8.120548725128e-02  -4.040328562260e-01 
  3.407390117645e-01   6.229945272207e-02  -2.001243978739e-01   3.993300795555e-01   1.485374197364e-02  -6.228529810905e-01   6.071717143059e-01  -7.701586931944e-03  -5.581344366074e-01 
  3.059446513653e-01  -2.350951917470e-02  -6.162248253822e-01  -1.234239190817e-01  -1.137700751424e-01  -7.214834690094e-01  -1.325779706240e-01  -1.901014447212e-01  -4.456471502781e-01 
 -1.032465100288e-01   0.000000000000e+00   7.896195165813e-03  -1.032465100288e-01   0.000000000000e+00   7.896195165813e-03   0.000000000000e+00   1.549974679947e-01  -3.662205040455e-01 
  0.000000000000e+00   1.549974679947e-01  -3.662205040455e-01   2.956746816635e-01  -1.518146414310e-02  -6.952103227377e-02   1.907692253590e-01  -1.252111326903e-02  -3.031596839428e-01 
  2.908426225185e-01  -4.206340759993e-02  -4.033374190331e-01   1.502240449190e-01  -3.866227716208e-02   3.350034058094e-01  -4.178138375282e-01  -1.465055346489e-01  -4.227311909199e-01 
 -3.713177740574e-01  -5.841706395149e-01  -1.000000014901e-01  -9.603785872459e-01  -8.610018491745e-01   7.905182242393e-02  -9.603785872459e-01  -8.610018491745e-01   7.905182242393e-02 
  0.000000000000e+00   1.030637100339e-01  -4.016830325127e-01   0.000000000000e+00   1.030637100339e-01  -4.016830325127e-01   1.778734773397e-01  -3.524396941066e-02  -4.666471481323e-01 
  1.788292676210e-01  -4.325381293893e-02  -4.546671509743e-01   7.196596264839e-02  -5.635029077530e-02  -4.063885807991e-01   1.568315029144e-01  -1.215560641140e-02   1.323038220406e+00 
 -7.837238907814e-01  -1.037724018097e-01   9.897206723690e-02  -5.091959238052e-01  -4.502537548542e-01  -1.718861162663e-01   5.814738944173e-02  -8.610018491745e-01  -1.000000014901e-01 
  5.814738944173e-02  -8.610018491745e-01  -1.000000014901e-01   0.000000000000e+00  -3.476057434455e-03  -6.551487445831e-01   0.000000000000e+00  -3.476057434455e-03  -6.551487445831e-01 
  2.462775856256e-01  -8.245269954205e-02  -5.406243801117e-01   2.936822772026e-01  -5.066598206758e-02  -2.840694487095e-01  -6.764628887177e-01  -7.829161733389e-02  -5.653327703476e-01 
  6.022586226463e-01   7.317458838224e-02  -7.157984375954e-01  -8.801692724228e-01  -1.132543981075e-01   2.985432744026e-01  -5.616542100906e-01  -4.842723160982e-02   1.100415736437e-01 
 -2.114883363247e-01   0.000000000000e+00  -6.857663989067e-01  -2.114883363247e-01   0.000000000000e+00  -6.857663989067e-01   0.000000000000e+00   2.840583771467e-02  -3.877163529396e-01 
  0.000000000000e+00   2.840583771467e-02  -3.877163529396e-01   1.988227963448e-01   1.341929566115e-02  -4.459977746010e-01   2.108436971903e-01   8.514344692230e-02  -3.759763240814e-01 
  1.857576519251e-01   4.361851513386e-02  -2.612089216709e-01   1.021715879440e+00  -9.050960652530e-03  -5.130630731583e-01  -7.370535135269e-01  -1.409925706685e-02  -1.875466667116e-02 
 -3.979710936546e-01  -2.276988141239e-02  -5.166774988174e-01  -1.483334451914e-01   2.534015476704e-02  -6.407380700111e-01  -1.483334451914e-01   2.534015476704e-02  -6.407380700111e-01 
  0.000000000000e+00   4.103506729007e-02  -4.241897165775e-01   0.000000000000e+00   4.103506729007e-02  -4.241897165775e-01   2.090745717287e-01   3.949623554945e-02  -3.280428946018e-01 
  3.086293637753e-01   8.804310113192e-02  -1.218696162105e-01  -7.233676500618e-03   1.529624611139e-01  -2.785991430283e-01  -6.282274127007e-01   6.136769056320e-02  -7.963241338730e-01 
  6.241419538856e-02   3.772988021374e-01  -1.000000014901e-01   0.000000000000e+00  -2.029407396913e-02  -1.000000014901e-01  -2.478398941457e-02  -7.684532552958e-02  -8.314144015312e-01 
 -2.478398941457e-02  -7.684532552958e-02  -8.314144015312e-01   0.000000000000e+00  -6.762818247080e-02  -6.388920545578e-01   0.000000000000e+00  -6.762818247080e-02  -6.388920545578e-01 
 -4.965199157596e-02  -1.136221643537e-02  -3.945317864418e-01   3.803071081638e-01   3.579120337963e-02  -8.127621412277e-01  -5.784854292870e-01  -2.323479950428e-02  -7.382162213326e-01 
 -1.220095992088e+00  -7.528248708695e-03  -8.155432939529e-01  -1.178735852242e+00  -1.033248230815e-01  -6.844958662987e-01  -2.850831747055e-01  -3.194288164377e-02  -4.218822717667e-01 
  1.882705092430e-02  -4.274605587125e-02  -8.133193850517e-01   1.882705092430e-02  -4.274605587125e-02  -8.133193850517e-01   0.000000000000e+00   0.000000000000e+00  -5.593968629837e-01 
  0.000000000000e+00   0.000000000000e+00  -5.593968629837e-01  -3.366272523999e-02   0.000000000000e+00  -4.769643247128e-01   2.205901145935e-01   0.000000000000e+00  -6.615459322929e-01 
 -4.995645880699e-01   0.000000000000e+00  -5.103296637535e-01  -1.378135681152e+00   0.000000000000e+00  -8.556788563728e-01  -1.286343932152e+00   0.000000000000e+00  -1.027588129044e+00 
  0.000000000000e+00  -3.630786668509e-03  -3.960971832275e-01   1.750643849373e-01   0.000000000000e+00  -3.284927010536e-01   1.750643849373e-01   0.000000000000e+00  -3.284927010536e-01 
  0.000000000000e+00   0.000000000000e+00  -5.593968629837e-01   0.000000000000e+00   0.000000000000e+00  -5.593968629837e-01  -3.366272523999e-02   0.000000000000e+00  -4.769643247128e-01 
  2.205901145935e-01   0.000000000000e+00  -6.615459322929e-01  -4.995645880699e-01   0.000000000000e+00  -5.103296637535e-01  -1.378135681152e+00   0.000000000000e+00  -8.556788563728e-01 
 -1.286343932152e+00   0.000000000000e+00  -1.027588129044e+00   0.000000000000e+00  -3.630786668509e-03  -3.960971832275e-01   1.750643849373e-01   0.000000000000e+00  -3.284927010536e-01 
  1.750643849373e-01   0.000000000000e+00  -3.284927010536e-01   0.000000000000e+00   5.269385501742e-02  -7.126347422600e-01   0.000000000000e+00   5.269385501742e-02  -7.126347422600e-01 
  1.683547534049e-02  -4.155512899160e-02  -2.901155054569e-01   1.328299343586e-01  -2.419336698949e-02  -3.997693359852e-01   2.924285531044e-01  -4.303381219506e-02  -4.503561258316e-01 
  2.567943036556e-01  -3.543184325099e-02  -4.109334647655e-01  -7.060013711452e-02  -1.869553327560e-02  -1.620561778545e-01   0.000000000000e+00   0.000000000000e+00  -1.000000014901e-01 
 -4.203747585416e-02   2.359643951058e-02  -5.099199414253e-01  -4.203747585416e-02   2.359643951058e-02  -5.099199414253e-01   0.000000000000e+00   5.269385501742e-02  -7.126347422600e-01 
  0.000000000000e+00   5.269385501742e-02  -7.126347422600e-01   1.683547534049e-02  -4.155512899160e-02  -2.901155054569e-01   1.328299343586e-01  -2.419336698949e-02  -3.997693359852e-01 
  2.924285531044e-01  -4.303381219506e-02  -4.503561258316e-01   2.567943036556e-01  -3.543184325099e-02  -4.109334647655e-01  -7.060013711452e-02  -1.869553327560e-02  -1.620561778545e-01 
  0.000000000000e+00   0.000000000000e+00  -1.000000014901e-01  -4.203747585416e-02   2.359643951058e-02  -5.099199414253e-01  -4.203747585416e-02   2.359643951058e-02  -5.099199414253e-01 
  0.000000000000e+00   1.519807130098e-01  -1.998305618763e-01   0.000000000000e+00   1.519807130098e-01  -1.998305618763e-01   1.085771098733e-01  -7.216288894415e-02   2.064988203347e-02 
 -2.451730147004e-02  -4.856516420841e-02  -8.408708870411e-02   7.680068165064e-02  -1.010729521513e-01  -2.942152917385e-01   1.209014579654e-01  -7.381949573755e-02  -1.263248473406e-01 
  2.727673761547e-02  -4.157932009548e-03  -4.281136021018e-02  -2.254866212606e-01   0.000000000000e+00  -1.000000014901e-01  -1.140759289265e-01   7.022749632597e-02  -1.000000014901e-01 
 -1.140759289265e-01   7.022749632597e-02  -1.000000014901e-01   0.000000000000e+00  -3.407569229603e-02  -2.843087613583e-01   0.000000000000e+00  -3.407569229603e-02  -2.843087613583e-01 
  1.042588576674e-01  -2.874316088855e-02  -3.585782051086e-01   1.164545565844e-01  -3.544488549232e-02  -4.317915141582e-01   1.169488430023e-01  -2.773296535015e-01  -5.650830268860e-01 
  1.359612345695e-01  -1.468888521194e-01  -3.814045786858e-01   2.472007460892e-02  -4.393551498652e-02   3.373340964317e-01  -9.914075583220e-02  -1.317245513201e-01   2.942758984864e-02 
 -1.765075027943e-01   0.000000000000e+00  -1.000000014901e-01  -1.765075027943e-01   0.000000000000e+00  -1.000000014901e-01   0.000000000000e+00   6.114799529314e-02  -5.804117918015e-01 
  0.000000000000e+00   6.114799529314e-02  -5.804117918015e-01   1.859343051910e-02  -2.786278426647e-01  -3.288230895996e-01   2.008554339409e-01  -1.635613590479e-01  -5.510386228561e-01 
  1.222950667143e-01  -4.299507439137e-01  -6.495779156685e-01   1.424489915371e-01  -1.548437625170e-01  -1.326276540756e+00   0.000000000000e+00  -8.772138506174e-02   6.253842115402e-01 
 -3.024295568466e-01  -4.027514159679e-02   3.058949112892e-01  -2.069981694221e-01   0.000000000000e+00  -4.744907319546e-01  -2.069981694221e-01   0.000000000000e+00  -4.744907319546e-01 
  0.000000000000e+00   1.785053312778e-01  -6.822498440742e-01   0.000000000000e+00   1.785053312778e-01  -6.822498440742e-01   1.338980644941e-01   1.388715505600e-01  -5.874741077423e-01 
  7.626656442881e-02  -4.697449132800e-02  -6.819248199463e-01   1.900308281183e-01  -1.790951341391e-01  -8.289179205894e-01   1.812803745270e-01  -1.228374242783e-01  -9.389668107033e-01 
 -7.609286159277e-02  -3.461930900812e-02  -7.563236355782e-01   7.580507546663e-02  -3.211304172873e-02  -6.926174163818e-01  -7.531490921974e-02   8.042949048104e-05  -1.000000014901e-01 
 -7.531490921974e-02   8.042949048104e-05  -1.000000014901e-01   0.000000000000e+00   1.155531182885e-01  -6.210594773293e-01   0.000000000000e+00   1.155531182885e-01  -6.210594773293e-01 
  3.785225003958e-02   1.177731975913e-01  -6.035276055336e-01   8.745893836021e-02   1.341173201799e-01  -6.970765590668e-01   3.023765087128e-01   2.197171151638e-01  -6.569201946259e-01 
  2.614493966103e-01  -3.321171104908e-01  -1.191200613976e+00   2.730933129787e-01  -4.513955712318e-01  -1.288416624069e+00   3.681993186474e-01  -7.479203399271e-03  -1.240863561630e+00 
 -6.688968744129e-03  -6.084107607603e-02  -7.952243089676e-01  -6.688968744129e-03  -6.084107607603e-02  -7.952243089676e-01   0.000000000000e+00   7.414054870605e-02  -5.099031329155e-01 
  0.000000000000e+00   7.414054870605e-02  -5.099031329155e-01  -4.041446745396e-02   1.894044689834e-02  -6.340961456299e-01   5.387627482414e-01  -2.440292388201e-02  -9.024083614349e-01 
  5.326945185661e-01  -1.962748728693e-02  -8.348993659019e-01  -3.398688733578e-01  -3.023458123207e-01  -8.912708759308e-01   1.001202762127e-01  -3.562895655632e-01  -1.239881634712e+00 
  1.387549936771e-01   0.000000000000e+00  -1.081615328789e+00   3.060890175402e-02  -4.738629236817e-02  -8.133193850517e-01   3.060890175402e-02  -4.738629236817e-02  -8.133193850517e-01 
  0.000000000000e+00   0.000000000000e+00  -4.707591533661e-01   0.000000000000e+00   0.000000000000e+00  -4.707591533661e-01  -6.497324910015e-03   0.000000000000e+00  -3.124557435513e-01 
  1.102833598852e-01   0.000000000000e+00  -2.699146866798e-01   3.823030889034e-01  -2.664935309440e-03  -7.598404884338e-01   0.000000000000e+00   0.000000000000e+00  -9.816923141479e-01 
  9.445790946484e-02   0.000000000000e+00  -1.033679723740e+00   3.975105285645e-02   0.000000000000e+00  -8.691914677620e-01   2.922860905528e-02  -2.016922831535e-02  -6.024431586266e-01 
  2.922860905528e-02  -2.016922831535e-02  -6.024431586266e-01   0.000000000000e+00   0.000000000000e+00  -4.707591533661e-01   0.000000000000e+00   0.000000000000e+00  -4.707591533661e-01 
 -6.497324910015e-03   0.000000000000e+00  -3.124557435513e-01   1.102833598852e-01   0.000000000000e+00  -2.699146866798e-01   3.823030889034e-01  -2.664935309440e-03  -7.598404884338e-01 
  0.000000000000e+00   0.000000000000e+00  -9.816923141479e-01   9.445790946484e-02   0.000000000000e+00  -1.033679723740e+00   3.975105285645e-02   0.000000000000e+00  -8.691914677620e-01 
  2.922860905528e-02  -2.016922831535e-02  -6.024431586266e-01   2.922860905528e-02  -2.016922831535e-02  -6.024431586266e-01   0.000000000000e+00  -3.469653800130e-02  -7.832893729210e-01 
  0.000000000000e+00  -3.469653800130e-02  -7.832893729210e-01   5.847962200642e-02  -5.941433459520e-02  -5.507776141167e-01   1.395016759634e-01  -6.747758388519e-02  -5.755892395973e-01 
  7.677873969078e-02  -6.339544802904e-02  -5.436024069786e-01   4.833947494626e-02   1.694141142070e-02  -2.284254282713e-01  -6.531431805342e-03   1.126077305526e-02  -1.163015663624e-01 
 -1.015154086053e-02   2.343590930104e-02  -1.000000014901e-01  -1.872194744647e-02   4.691196605563e-02  -4.632888734341e-01  -1.872194744647e-02   4.691196605563e-02  -4.632888734341e-01 
  0.000000000000e+00  -3.469653800130e-02  -7.832893729210e-01   0.000000000000e+00  -3.469653800130e-02  -7.832893729210e-01   5.847962200642e-02  -5.941433459520e-02  -5.507776141167e-01 
  1.395016759634e-01  -6.747758388519e-02  -5.755892395973e-01   7.677873969078e-02  -6.339544802904e-02  -5.436024069786e-01   4.833947494626e-02   1.694141142070e-02  -2.284254282713e-01 
 -6.531431805342e-03   1.126077305526e-02  -1.163015663624e-01  -1.015154086053e-02   2.343590930104e-02  -1.000000014901e-01  -1.872194744647e-02   4.691196605563e-02  -4.632888734341e-01 
 -1.872194744647e-02   4.691196605563e-02  -4.632888734341e-01   0.000000000000e+00   8.502908796072e-02  -7.621880173683e-01   0.000000000000e+00   8.502908796072e-02  -7.621880173683e-01 
  1.773677915335e-01  -1.404346376657e-01  -3.182658553123e-01   3.672232329845e-01  -8.980963379145e-02  -6.733718514442e-01   0.000000000000e+00  -9.174322336912e-02  -5.425885915756e-01 
  4.438123852015e-02   3.189871460199e-02  -2.199096530676e-01  -7.140046916902e-03   7.873111171648e-04  -1.000000014901e-01  -7.152339909226e-03   2.339699678123e-02  -1.000000014901e-01 
 -6.430926173925e-02   4.691196605563e-02  -1.000000014901e-01  -6.430926173925e-02   4.691196605563e-02  -1.000000014901e-01   0.000000000000e+00   7.203132659197e-02  -3.926045596600e-01 
  0.000000000000e+00   7.203132659197e-02  -3.926045596600e-01  -3.706198930740e-02   7.930421829224e-02  -3.029376864433e-01   1.146816015244e-01   1.832110248506e-02  -3.520316481590e-01 
  1.193417981267e-01  -8.965147286654e-02  -4.553061127663e-01   9.361721575260e-02   8.266559988260e-02  -2.833010852337e-01   0.000000000000e+00   0.000000000000e+00  -1.000000014901e-01 
  0.000000000000e+00  -5.418185028248e-04  -1.000000014901e-01  -1.749188755639e-03   2.421234734356e-02  -1.000000014901e-01  -1.749188755639e-03   2.421234734356e-02  -1.000000014901e-01 
  0.000000000000e+00   1.393007785082e-01  -3.124825060368e-01   0.000000000000e+00   1.393007785082e-01  -3.124825060368e-01  -4.220496118069e-02   2.031282987446e-03  -2.542405426502e-01 
  1.080022379756e-01  -1.210024282336e-01  -4.821089506149e-01   1.289104521275e-01   0.000000000000e+00  -3.891769945621e-01   1.390143483877e-01   5.496393889189e-02  -3.301463127136e-01 
  4.571296647191e-02   0.000000000000e+00   3.787279725075e-01   2.622234821320e-02  -1.750465831719e-03   2.802523076534e-01   8.765202946961e-03   6.717422977090e-03  -2.316587269306e-01 
  8.765202946961e-03   6.717422977090e-03  -2.316587269306e-01   0.000000000000e+00   1.631295531988e-01  -3.606216311455e-01   0.000000000000e+00   1.631295531988e-01  -3.606216311455e-01 
 -2.481031604111e-02   1.444496810436e-01  -1.055471748114e-01   2.594696879387e-01  -3.327148035169e-02  -4.999887347221e-01   1.390143483877e-01  -6.541784107685e-02  -3.895472288132e-01 
  1.619987934828e-01  -8.579247444868e-02  -8.971102833748e-01   1.397826359607e-03  -2.038580179214e-01  -1.000000014901e-01   5.975112691522e-02  -1.875636875629e-01  -7.135065793991e-01 
 -1.074237469584e-02  -4.555249586701e-02  -1.318112909794e-01  -1.074237469584e-02  -4.555249586701e-02  -1.318112909794e-01   0.000000000000e+00   5.116101726890e-02  -3.810189366341e-01 
  0.000000000000e+00   5.116101726890e-02  -3.810189366341e-01   2.411071211100e-02   1.089318841696e-01   5.949594452977e-02   9.278170466423e-01   8.342029154301e-02  -2.124719321728e-01 
  6.306885480881e-01   1.028178036213e-01  -8.833923339844e-01   1.613387465477e-01  -3.276417851448e-01  -1.073906779289e+00   8.372814208269e-02  -4.038425683975e-01  -1.193310618401e+00 
  9.504705667496e-02  -2.596073448658e-01  -1.240863561630e+00   2.800979651511e-02  -1.122623533010e-01  -1.000000014901e-01   2.800979651511e-02  -1.122623533010e-01  -1.000000014901e-01 
  0.000000000000e+00  -2.361381612718e-02  -5.608808994293e-01   0.000000000000e+00  -2.361381612718e-02  -5.608808994293e-01   3.144155442715e-02   9.636074304581e-03  -1.909300982952e-01 
  7.066673636436e-01  -8.713699877262e-03  -4.411315321922e-01   4.094321131706e-01  -7.198145240545e-02  -1.630367755890e+00   0.000000000000e+00  -1.459222435951e-01  -7.441443204880e-01 
 -1.205166429281e-01  -2.139537334442e-01  -8.654444813728e-01  -1.635118573904e-01  -1.400826573372e-01  -7.650205492973e-01   0.000000000000e+00  -9.845923632383e-02  -5.745881199837e-01 
  0.000000000000e+00  -9.845923632383e-02  -5.745881199837e-01   0.000000000000e+00   0.000000000000e+00  -3.095442354679e-01   0.000000000000e+00   0.000000000000e+00  -3.095442354679e-01 
  1.548922853544e-03   0.000000000000e+00  -2.287685275078e-01   6.730973720551e-02   0.000000000000e+00  -1.072300225496e-01   1.406180113554e-01  -4.011913668364e-03  -7.503457665443e-01 
  5.185674428940e-01   0.000000000000e+00  -1.000000014901e-01   2.010892182589e-01   0.000000000000e+00  -7.310091257095e-01  -2.027917057276e-01   0.000000000000e+00  -7.411463260651e-01 
  0.000000000000e+00  -3.589767962694e-02  -6.465176343918e-01   0.000000000000e+00  -3.589767962694e-02  -6.465176343918e-01   0.000000000000e+00   0.000000000000e+00  -3.095442354679e-01 
  0.000000000000e+00   0.000000000000e+00  -3.095442354679e-01   1.548922853544e-03   0.000000000000e+00  -2.287685275078e-01   6.730973720551e-02   0.000000000000e+00  -1.072300225496e-01 
  1.406180113554e-01  -4.011913668364e-03  -7.503457665443e-01   5.185674428940e-01   0.000000000000e+00  -1.000000014901e-01   2.010892182589e-01   0.000000000000e+00  -7.310091257095e-01 
 -2.027917057276e-01   0.000000000000e+00  -7.411463260651e-01   0.000000000000e+00  -3.589767962694e-02  -6.465176343918e-01   0.000000000000e+00  -3.589767962694e-02  -6.465176343918e-01 
  0.000000000000e+00  -6.450039148331e-02  -5.933706760406e-01   0.000000000000e+00  -6.450039148331e-02  -5.933706760406e-01   1.771654374897e-02   3.787301108241e-02  -7.548764348030e-01 
  4.805028811097e-02  -4.729884117842e-02  -6.997234821320e-01   0.000000000000e+00   0.000000000000e+00  -5.541471242905e-01   0.000000000000e+00   0.000000000000e+00  -4.336610734463e-01 
  0.000000000000e+00   0.000000000000e+00  -5.097278952599e-01  -9.960418567061e-03   9.725878946483e-03  -1.222825273871e-01  -1.727478392422e-02   0.000000000000e+00  -1.000000014901e-01 
 -1.727478392422e-02   0.000000000000e+00  -1.000000014901e-01   0.000000000000e+00  -6.450039148331e-02  -5.933706760406e-01   0.000000000000e+00  -6.450039148331e-02  -5.933706760406e-01 
  1.771654374897e-02   3.787301108241e-02  -7.548764348030e-01   4.805028811097e-02  -4.729884117842e-02  -6.997234821320e-01   0.000000000000e+00   0.000000000000e+00  -5.541471242905e-01 
  0.000000000000e+00   0.000000000000e+00  -4.336610734463e-01   0.000000000000e+00   0.000000000000e+00  -5.097278952599e-01  -9.960418567061e-03   9.725878946483e-03  -1.222825273871e-01 
 -1.727478392422e-02   0.000000000000e+00  -1.000000014901e-01  -1.727478392422e-02   0.000000000000e+00  -1.000000014901e-01   0.000000000000e+00   3.658784925938e-02  -4.606879949570e-01 
  0.000000000000e+00   3.658784925938e-02  -4.606879949570e-01  -3.180745756254e-03  -3.041414543986e-02  -2.570801377296e-01   1.113235875964e-01  -3.558360785246e-02  -3.686085641384e-01 
  6.132626906037e-02  -8.871750906110e-03  -3.914786577225e-01   0.000000000000e+00   0.000000000000e+00  -4.283717572689e-01  -1.431570108980e-02   0.000000000000e+00  -7.583814263344e-01 
 -1.431570108980e-02   7.918573101051e-04  -7.583814263344e-01  -9.798502549529e-03   2.909348532557e-02  -1.222825273871e-01  -9.798502549529e-03   2.909348532557e-02  -1.222825273871e-01 
  0.000000000000e+00   3.132171183825e-02  -4.223434329033e-01   0.000000000000e+00   3.132171183825e-02  -4.223434329033e-01  -4.428036138415e-02   3.258661925793e-02  -3.478522598743e-01 
  2.508916519582e-02   1.388450432569e-02  -3.614297211170e-01   7.562775164843e-02   1.053017228842e-01  -1.928548961878e-01   0.000000000000e+00   1.906951814890e-01  -1.000000014901e-01 
 -3.038243390620e-02   1.746284514666e-01  -7.744481563568e-01   1.751030446030e-03   0.000000000000e+00  -7.583814263344e-01   0.000000000000e+00   2.791615203023e-03  -5.162974596024e-01 
  0.000000000000e+00   2.791615203023e-03  -5.162974596024e-01   0.000000000000e+00   8.724284172058e-02  -1.185427159071e-01   0.000000000000e+00   8.724284172058e-02  -1.185427159071e-01 
 -2.711851708591e-02   6.886892020702e-02  -1.349379867315e-01   2.773297950625e-02   2.597109042108e-02  -2.728447020054e-01  -5.977439507842e-02   9.446644783020e-02  -1.000000014901e-01 
  6.608055531979e-02   1.906951814890e-01  -1.499701738358e-01   0.000000000000e+00   2.067619115114e-01  -1.000000014901e-01   0.000000000000e+00   0.000000000000e+00  -4.268145561218e-01 
  0.000000000000e+00   0.000000000000e+00  -4.478841125965e-01   0.000000000000e+00   0.000000000000e+00  -4.478841125965e-01   0.000000000000e+00   1.833176016808e-01  -3.337345719337e-01 
  0.000000000000e+00   1.833176016808e-01  -3.337345719337e-01  -7.632534950972e-02   1.744131147861e-01  -1.550709903240e-01   2.009878754616e-01   1.347480416298e-01  -6.800985336304e-02 
  1.050362214446e-01  -1.174315586686e-01  -1.000000014901e-01  -3.247477486730e-02   9.832551330328e-02  -6.577787995338e-01   4.521926864982e-02   0.000000000000e+00  -1.000000014901e-01 
  2.718243561685e-02   0.000000000000e+00  -4.425151646137e-01   1.230847928673e-02  -7.817748934031e-03  -2.655406892300e-01   1.230847928673e-02  -7.817748934031e-03  -2.655406892300e-01 
  0.000000000000e+00   2.086939364672e-01  -1.714332550764e-01   0.000000000000e+00   2.086939364672e-01  -1.714332550764e-01  -5.429740995169e-02   1.478427648544e-01   1.413647681475e-01 
  6.068110466003e-01   3.593208268285e-02   2.294040918350e-01   5.216582417488e-01  -6.234336271882e-02  -1.265763640404e-01   6.222714185715e-01  -1.811462827027e-02  -6.307284832001e-01 
  1.227882206440e-01   0.000000000000e+00  -1.000000014901e-01   2.490287832916e-02  -1.004664748907e-01  -6.471711397171e-01   2.162589691579e-02  -9.712780267000e-02  -3.009012341499e-01 
  2.162589691579e-02  -9.712780267000e-02  -3.009012341499e-01   0.000000000000e+00   9.122139774263e-03  -2.233579456806e-01   0.000000000000e+00   9.122139774263e-03  -2.233579456806e-01 
 -1.920686848462e-02  -6.886860355735e-03  -1.285060793161e-01   7.179033756256e-01  -5.898487567902e-02   3.349693119526e-01   4.364572465420e-01   0.000000000000e+00  -5.194680690765e-01 
  7.862673401833e-01  -1.384036894888e-02  -7.933448553085e-01   2.010892182589e-01   7.739102095366e-02  -6.053882837296e-01  -2.027917057276e-01  -2.724626287818e-02  -5.745845437050e-01 
  0.000000000000e+00  -5.823405086994e-02  -1.000000014901e-01   0.000000000000e+00  -5.823405086994e-02  -1.000000014901e-01   0.000000000000e+00   0.000000000000e+00  -2.269795238972e-01 
  0.000000000000e+00   0.000000000000e+00  -2.269795238972e-01   1.513004451990e-01   0.000000000000e+00  -3.971831202507e-01   4.484286606312e-01   0.000000000000e+00  -4.633152484894e-02 
  4.790555238724e-01   8.529129554518e-04  -9.481241703033e-01   7.647911906242e-01   0.000000000000e+00  -9.813014268875e-01   5.226950645447e-01   0.000000000000e+00  -7.933448553085e-01 
  3.775977194309e-01  -4.191714338958e-03  -7.180034518242e-01   2.341460883617e-01  -2.328894473612e-02  -5.365214943886e-01   2.341460883617e-01  -2.328894473612e-02  -5.365214943886e-01 
  0.000000000000e+00   0.000000000000e+00  -2.269795238972e-01   0.000000000000e+00   0.000000000000e+00  -2.269795238972e-01   1.513004451990e-01   0.000000000000e+00  -3.971831202507e-01 
  4.484286606312e-01   0.000000000000e+00  -4.633152484894e-02   4.790555238724e-01   8.529129554518e-04  -9.481241703033e-01   7.647911906242e-01   0.000000000000e+00  -9.813014268875e-01 
  5.226950645447e-01   0.000000000000e+00  -7.933448553085e-01   3.775977194309e-01  -4.191714338958e-03  -7.180034518242e-01   2.341460883617e-01  -2.328894473612e-02  -5.365214943886e-01 
  2.341460883617e-01  -2.328894473612e-02  -5.365214943886e-01   0.000000000000e+00   3.217277303338e-02  -1.917509883642e-01   0.000000000000e+00   3.217277303338e-02  -1.917509883642e-01 
 -6.209395080805e-02   2.520893700421e-02  -7.668219506741e-02   3.797275200486e-02  -1.789396977983e-03  -5.745329260826e-01   0.000000000000e+00  -2.958004130051e-03  -1.000000014901e-01 
 -3.913260996342e-03   3.633584454656e-02  -3.350533545017e-01  -9.506023488939e-03   0.000000000000e+00  -1.000000014901e-01  -1.173941511661e-02   2.230511605740e-02  -4.164099395275e-01 
 -1.437459792942e-02   0.000000000000e+00  -1.000000014901e-01  -1.437459792942e-02   0.000000000000e+00  -1.000000014901e-01   0.000000000000e+00   3.217277303338e-02  -1.917509883642e-01 
  0.000000000000e+00   3.217277303338e-02  -1.917509883642e-01  -6.209395080805e-02   2.520893700421e-02  -7.668219506741e-02   3.797275200486e-02  -1.789396977983e-03  -5.745329260826e-01 
  0.000000000000e+00  -2.958004130051e-03  -1.000000014901e-01  -3.913260996342e-03   3.633584454656e-02  -3.350533545017e-01  -9.506023488939e-03   0.000000000000e+00  -1.000000014901e-01 
 -1.173941511661e-02   2.230511605740e-02  -4.164099395275e-01  -1.437459792942e-02   0.000000000000e+00  -1.000000014901e-01  -1.437459792942e-02   0.000000000000e+00  -1.000000014901e-01 
  0.000000000000e+00   6.543820351362e-02  -1.124873399734e+00   0.000000000000e+00   6.543820351362e-02  -1.124873399734e+00   6.421532016248e-03  -4.279312491417e-02  -4.941964447498e-01 
  3.248880431056e-02  -2.708434127271e-02  -4.843754768372e-01   1.782069914043e-02  -1.981183886528e-02  -3.354224562645e-01  -1.616290584207e-02   7.790681719780e-02  -4.289367496967e-01 
 -1.431570108980e-02   0.000000000000e+00  -7.583814263344e-01  -1.431570108980e-02   3.697832301259e-02  -7.583814263344e-01  -8.774519897997e-03   3.221781179309e-02  -3.732429742813e-01 
 -8.774519897997e-03   3.221781179309e-02  -3.732429742813e-01   0.000000000000e+00   5.145226418972e-02   2.938504815102e-01   0.000000000000e+00   5.145226418972e-02   2.938504815102e-01 
 -1.174421757460e-01  -1.404764689505e-02   1.237298175693e-01  -8.571191877127e-02  -1.207580417395e-02  -7.279433310032e-02  -1.558695286512e-01   6.417992711067e-02  -1.242127045989e-01 
 -1.797238364816e-02   1.906951814890e-01  -1.000000014901e-01  -1.431570108980e-02   1.906951814890e-01  -7.423146963120e-01  -1.431570108980e-02   9.534759074450e-02  -7.583814263344e-01 
  0.000000000000e+00   5.598714575171e-02  -1.000000014901e-01   0.000000000000e+00   5.598714575171e-02  -1.000000014901e-01   0.000000000000e+00  -4.159074276686e-02  -2.086347490549e-01 
  0.000000000000e+00  -4.159074276686e-02  -2.086347490549e-01  -7.114861160517e-02  -4.084396734834e-02  -2.022895663977e-01  -5.856540054083e-02  -3.243281692266e-02  -1.758719384670e-01 
 -4.043053090572e-01  -1.026045382023e-01  -1.000000014901e-01  -4.043053090572e-01   1.906951814890e-01  -1.156925186515e-01  -7.140043191612e-03   1.906951814890e-01  -1.000000014901e-01 
 -7.152328267694e-03   9.534758329391e-02  -4.284538626671e-01  -2.944770967588e-03   5.733701214194e-02  -3.391509354115e-01  -2.944770967588e-03   5.733701214194e-02  -3.391509354115e-01 
  0.000000000000e+00   3.403722122312e-02  -2.974449098110e-02   0.000000000000e+00   3.403722122312e-02  -2.974449098110e-02  -7.185520231724e-02   4.085504263639e-02  -5.943657085299e-02 
 -1.922919042408e-02  -1.979994922876e-01  -1.725155413151e-01  -4.043053090572e-01  -2.064514160156e-01  -1.000000014901e-01  -4.043053090572e-01  -1.033147796988e-01   1.234775543213e+00 
 -2.158584296703e-01   9.575878828764e-02   1.242585405707e-01  -9.573776274920e-02   6.715587526560e-02  -1.628373116255e-01  -3.043266013265e-02   4.229667782784e-02  -2.233960181475e-01 
 -3.043266013265e-02   4.229667782784e-02  -2.233960181475e-01   0.000000000000e+00   2.442388683558e-01  -2.404548525810e-01   0.000000000000e+00   2.442388683558e-01  -2.404548525810e-01 
  1.635267958045e-02   2.143980860710e-01  -2.057659327984e-01   2.457629889250e-01  -1.663495898247e-01  -2.267961949110e-01   2.316513508558e-01  -2.064514160156e-01  -3.513247668743e-01 
  2.420876771212e-01  -1.035134717822e-01  -7.308182716370e-01   3.153682053089e-01  -5.895353481174e-02  -1.000000014901e-01   1.141386702657e-01  -6.626679003239e-02  -3.443574309349e-01 
  4.911462217569e-02  -7.876038551331e-02  -2.891443371773e-01   4.911462217569e-02  -7.876038551331e-02  -2.891443371773e-01   0.000000000000e+00  -4.792432487011e-02  -2.585669755936e-01 
  0.000000000000e+00  -4.792432487011e-02  -2.585669755936e-01   1.864975541830e-01  -4.498069360852e-02  -4.688040912151e-01   4.173309504986e-01  -3.317922353745e-02  -5.628737211227e-01 
  4.790555238724e-01  -1.869018375874e-02  -5.194680690765e-01   7.766278386116e-01  -1.378165557981e-02  -8.689336180687e-01   4.697466790676e-01   4.319630563259e-02  -6.672098040581e-01 
  5.960338935256e-02   4.661190323532e-04  -1.000000014901e-01   0.000000000000e+00  -2.821618691087e-02  -1.000000014901e-01   0.000000000000e+00  -2.821618691087e-02  -1.000000014901e-01 
  0.000000000000e+00   0.000000000000e+00  -4.081190526485e-01   0.000000000000e+00   0.000000000000e+00  -4.081190526485e-01   1.571556478739e-01   0.000000000000e+00  -3.844348788261e-01 
  2.739411294460e-01  -1.679702429101e-03  -4.454126358032e-01   3.510143160820e-01  -3.028219225598e-06  -9.385005235672e-01   7.862673401833e-01   0.000000000000e+00  -9.383491277695e-01 
  7.862673401833e-01   0.000000000000e+00  -9.598252773285e-01   0.000000000000e+00  -2.095758216456e-03  -8.066397309303e-01   8.859104663134e-02  -1.289664953947e-02  -6.224077343941e-01 
  8.859104663134e-02  -1.289664953947e-02  -6.224077343941e-01   0.000000000000e+00   0.000000000000e+00  -4.081190526485e-01   0.000000000000e+00   0.000000000000e+00  -4.081190526485e-01 
  1.571556478739e-01   0.000000000000e+00  -3.844348788261e-01   2.739411294460e-01  -1.679702429101e-03  -4.454126358032e-01   3.510143160820e-01  -3.028219225598e-06  -9.385005235672e-01 
  7.862673401833e-01   0.000000000000e+00  -9.383491277695e-01   7.862673401833e-01   0.000000000000e+00  -9.598252773285e-01   0.000000000000e+00  -2.095758216456e-03  -8.066397309303e-01 
  8.859104663134e-02  -1.289664953947e-02  -6.224077343941e-01   8.859104663134e-02  -1.289664953947e-02  -6.224077343941e-01   0.000000000000e+00   7.595926290378e-04  -6.103053689003e-01 
  0.000000000000e+00   7.595926290378e-04  -6.103053689003e-01  -6.297037005424e-02  -9.265989065170e-02  -6.445357203484e-01  -1.471124682575e-02  -4.687247425318e-02  -6.898344159126e-01 
  0.000000000000e+00  -2.651674672961e-02  -6.744986772537e-01  -3.752310294658e-04   7.239191792905e-03  -2.060966938734e-01  -1.531886681914e-02   4.421102930792e-04  -1.000000014901e-01 
 -1.254706270993e-02   2.357047051191e-02  -3.085454404354e-01  -1.206882763654e-02   1.383028272539e-02  -1.524359583855e-01  -1.206882763654e-02   1.383028272539e-02  -1.524359583855e-01 
  0.000000000000e+00   7.595926290378e-04  -6.103053689003e-01   0.000000000000e+00   7.595926290378e-04  -6.103053689003e-01  -6.297037005424e-02  -9.265989065170e-02  -6.445357203484e-01 
 -1.471124682575e-02  -4.687247425318e-02  -6.898344159126e-01   0.000000000000e+00  -2.651674672961e-02  -6.744986772537e-01  -3.752310294658e-04   7.239191792905e-03  -2.060966938734e-01 
 -1.531886681914e-02   4.421102930792e-04  -1.000000014901e-01  -1.254706270993e-02   2.357047051191e-02  -3.085454404354e-01  -1.206882763654e-02   1.383028272539e-02  -1.524359583855e-01 
 -1.206882763654e-02   1.383028272539e-02  -1.524359583855e-01   0.000000000000e+00  -3.129774332047e-02  -5.724731683731e-01   0.000000000000e+00  -3.129774332047e-02  -5.724731683731e-01 
  5.751869082451e-02  -1.850254833698e-01  -7.472268342972e-01   4.988586530089e-02   0.000000000000e+00  -8.713177442551e-01   0.000000000000e+00   0.000000000000e+00  -6.002477407455e-01 
  0.000000000000e+00   7.313197851181e-02  -1.877512484789e-01  -2.012349851429e-02   0.000000000000e+00  -1.000000014901e-01  -1.175586227328e-02   3.886029496789e-02  -3.710701167583e-01 
 -7.664504460990e-03   4.005778953433e-02  -3.085454404354e-01  -7.664504460990e-03   4.005778953433e-02  -3.085454404354e-01   0.000000000000e+00   2.822003094479e-03   3.884660005569e-01 
  0.000000000000e+00   2.822003094479e-03   3.884660005569e-01  -6.876233965158e-02  -9.399807453156e-02  -1.204026043415e-01   0.000000000000e+00   0.000000000000e+00  -3.930146694183e-01 
  0.000000000000e+00   0.000000000000e+00   2.134646654129e+00  -2.470057159662e-01   8.701609820127e-02  -2.237992174923e-02  -3.206581622362e-02   0.000000000000e+00  -1.000000014901e-01 
  0.000000000000e+00   6.816350668669e-02  -1.000000014901e-01   0.000000000000e+00   6.474229693413e-02  -1.000000014901e-01   0.000000000000e+00   6.474229693413e-02  -1.000000014901e-01 
  0.000000000000e+00   5.243416130543e-02  -8.535643666983e-02   0.000000000000e+00   5.243416130543e-02  -8.535643666983e-02  -7.251112908125e-02   0.000000000000e+00  -8.603928238153e-02 
  0.000000000000e+00   0.000000000000e+00   1.184411048889e+00  -4.043053090572e-01   0.000000000000e+00   2.491824626923e+00  -4.043053090572e-01   5.788822658360e-03   2.468951940536e+00 
 -2.155027836561e-01   1.181878447533e-01  -1.478334888816e-02  -9.337668865919e-02   9.629627317190e-02  -1.981048882008e-01  -3.264711424708e-02   7.443156093359e-02  -2.236397862434e-01 
 -3.264711424708e-02   7.443156093359e-02  -2.236397862434e-01   0.000000000000e+00  -7.939243316650e-02  -1.544734649360e-02   0.000000000000e+00  -7.939243316650e-02  -1.544734649360e-02 
  1.489167362452e-01  -4.225213453174e-02  -1.820315979421e-02   0.000000000000e+00  -2.064514160156e-01  -1.000000014901e-01  -3.382697105408e-01  -1.404158174992e-01   2.557860374451e+00 
 -4.703409075737e-01   0.000000000000e+00   2.491824626923e+00   0.000000000000e+00   1.104092039168e-02   2.121437072754e+00   0.000000000000e+00   3.061968088150e-02   1.318689227104e+00 
 -7.751842029393e-03   4.172991588712e-02   5.537655353546e-01  -7.751842029393e-03   4.172991588712e-02   5.537655353546e-01   0.000000000000e+00   3.048368096352e-01   3.695768117905e-01 
  0.000000000000e+00   3.048368096352e-01   3.695768117905e-01   4.666872620583e-01   1.224111542106e-01   1.720297150314e-02   8.892807960510e-01  -2.064514160156e-01  -6.198124885559e-01 
  0.000000000000e+00  -2.724870145321e-01  -1.000000014901e-01   0.000000000000e+00   0.000000000000e+00   1.186425685883e+00   0.000000000000e+00   0.000000000000e+00   6.803735494614e-01 
  2.893314696848e-03  -3.702818881720e-03   1.825129240751e-01   2.471812814474e-02  -2.118299715221e-02  -5.337573960423e-02   2.471812814474e-02  -2.118299715221e-02  -5.337573960423e-02 
  0.000000000000e+00  -1.260969787836e-01   3.593906015158e-02   0.000000000000e+00  -1.260969787836e-01   3.593906015158e-02   4.536909461021e-01  -7.819904386997e-02  -5.295310616493e-01 
  8.818687200546e-01  -5.431693047285e-02  -8.065581321716e-01   7.745615839958e-01   0.000000000000e+00  -5.785598158836e-01   4.491090476513e-01  -1.787526707631e-05  -5.281865596771e-01 
  3.795393109322e-01   1.498690154403e-02  -5.392073392868e-01   1.688844710588e-01   7.928590290248e-03  -2.740615904331e-01   7.403433322906e-02  -9.803235530853e-03  -1.000000014901e-01 
  7.403433322906e-02  -9.803235530853e-03  -1.000000014901e-01   0.000000000000e+00   0.000000000000e+00  -2.283991575241e-01   0.000000000000e+00   0.000000000000e+00  -2.283991575241e-01 
  3.054232895374e-01   0.000000000000e+00  -3.121699392796e-01   4.710545539856e-01  -1.598540507257e-02  -4.318890869617e-01   5.228171944618e-01  -8.007334545255e-03  -5.452607870102e-01 
  6.089744567871e-01  -1.595753361471e-03  -1.000000014901e-01   0.000000000000e+00  -6.155496230349e-04  -1.000000014901e-01   0.000000000000e+00  -1.428173505701e-03  -1.000000014901e-01 
  0.000000000000e+00  -7.150932215154e-03  -3.211387693882e-01   0.000000000000e+00  -7.150932215154e-03  -3.211387693882e-01   0.000000000000e+00   0.000000000000e+00  -2.283991575241e-01 
  0.000000000000e+00   0.000000000000e+00  -2.283991575241e-01   3.054232895374e-01   0.000000000000e+00  -3.121699392796e-01   4.710545539856e-01  -1.598540507257e-02  -4.318890869617e-01 
  5.228171944618e-01  -8.007334545255e-03  -5.452607870102e-01   6.089744567871e-01  -1.595753361471e-03  -1.000000014901e-01   0.000000000000e+00  -6.155496230349e-04  -1.000000014901e-01 
  0.000000000000e+00  -1.428173505701e-03  -1.000000014901e-01   0.000000000000e+00  -7.150932215154e-03  -3.211387693882e-01   0.000000000000e+00  -7.150932215154e-03  -3.211387693882e-01 
  0.000000000000e+00   7.595926290378e-04  -6.103053689003e-01   0.000000000000e+00   7.595926290378e-04  -6.103053689003e-01  -6.297037005424e-02  -9.265989065170e-02  -6.445357203484e-01 
 -1.471124682575e-02  -4.687247425318e-02  -6.898344159126e-01   0.000000000000e+00  -2.651674672961e-02  -6.744986772537e-01  -3.752310294658e-04   7.239191792905e-03  -2.060966938734e-01 
 -1.531886681914e-02   4.421102930792e-04  -1.000000014901e-01  -1.254706270993e-02   2.357047051191e-02  -3.085454404354e-01  -1.206882763654e-02   1.383028272539e-02  -1.524359583855e-01 
 -1.206882763654e-02   1.383028272539e-02  -1.524359583855e-01   0.000000000000e+00   7.595926290378e-04  -6.103053689003e-01   0.000000000000e+00   7.595926290378e-04  -6.103053689003e-01 
 -6.297037005424e-02  -9.265989065170e-02  -6.445357203484e-01  -1.471124682575e-02  -4.687247425318e-02  -6.898344159126e-01   0.000000000000e+00  -2.651674672961e-02  -6.744986772537e-01 
 -3.752310294658e-04   7.239191792905e-03  -2.060966938734e-01  -1.531886681914e-02   4.421102930792e-04  -1.000000014901e-01  -1.254706270993e-02   2.357047051191e-02  -3.085454404354e-01 
 -1.206882763654e-02   1.383028272539e-02  -1.524359583855e-01  -1.206882763654e-02   1.383028272539e-02  -1.524359583855e-01   0.000000000000e+00  -3.129774332047e-02  -5.724731683731e-01 
  0.000000000000e+00  -3.129774332047e-02  -5.724731683731e-01   5.751869082451e-02  -1.850254833698e-01  -7.472268342972e-01   4.988586530089e-02   0.000000000000e+00  -8.713177442551e-01 
  0.000000000000e+00   0.000000000000e+00  -6.002477407455e-01   0.000000000000e+00   7.313197851181e-02  -1.877512484789e-01  -2.012349851429e-02   0.000000000000e+00  -1.000000014901e-01 
 -1.175586227328e-02   3.886029496789e-02  -3.710701167583e-01  -7.664504460990e-03   4.005778953433e-02  -3.085454404354e-01  -7.664504460990e-03   4.005778953433e-02  -3.085454404354e-01 
  0.000000000000e+00   2.822003094479e-03   3.884660005569e-01   0.000000000000e+00   2.822003094479e-03   3.884660005569e-01  -6.876233965158e-02  -9.399807453156e-02  -1.204026043415e-01 
  0.000000000000e+00   0.000000000000e+00  -3.930146694183e-01   0.000000000000e+00   0.000000000000e+00   2.134646654129e+00  -2.470057159662e-01   8.701609820127e-02  -2.237992174923e-02 
 -3.206581622362e-02   0.000000000000e+00  -1.000000014901e-01   0.000000000000e+00   6.816350668669e-02  -1.000000014901e-01   0.000000000000e+00   6.474229693413e-02  -1.000000014901e-01 
  0.000000000000e+00   6.474229693413e-02  -1.000000014901e-01   0.000000000000e+00   5.243416130543e-02  -8.535643666983e-02   0.000000000000e+00   5.243416130543e-02  -8.535643666983e-02 
 -7.251112908125e-02   0.000000000000e+00  -8.603928238153e-02   0.000000000000e+00   0.000000000000e+00   1.184411048889e+00  -4.043053090572e-01   0.000000000000e+00   2.491824626923e+00 
 -4.043053090572e-01   5.788822658360e-03   2.468951940536e+00  -2.155027836561e-01   1.181878447533e-01  -1.478334888816e-02  -9.337668865919e-02   9.629627317190e-02  -1.981048882008e-01 
 -3.264711424708e-02   7.443156093359e-02  -2.236397862434e-01  -3.264711424708e-02   7.443156093359e-02  -2.236397862434e-01   0.000000000000e+00  -7.939243316650e-02  -1.544734649360e-02 
  0.000000000000e+00  -7.939243316650e-02  -1.544734649360e-02   1.489167362452e-01  -4.225213453174e-02  -1.820315979421e-02   0.000000000000e+00  -2.064514160156e-01  -1.000000014901e-01 
 -3.382697105408e-01  -1.404158174992e-01   2.557860374451e+00  -4.703409075737e-01   0.000000000000e+00   2.491824626923e+00   0.000000000000e+00   1.104092039168e-02   2.121437072754e+00 
  0.000000000000e+00   3.061968088150e-02   1.318689227104e+00  -7.751842029393e-03   4.172991588712e-02   5.537655353546e-01  -7.751842029393e-03   4.172991588712e-02   5.537655353546e-01 
  0.000000000000e+00   3.048368096352e-01   3.695768117905e-01   0.000000000000e+00   3.048368096352e-01   3.695768117905e-01   4.666872620583e-01   1.224111542106e-01   1.720297150314e-02 
  8.892807960510e-01  -2.064514160156e-01  -6.198124885559e-01   0.000000000000e+00  -2.724870145321e-01  -1.000000014901e-01   0.000000000000e+00   0.000000000000e+00   1.186425685883e+00 
  0.000000000000e+00   0.000000000000e+00   6.803735494614e-01   2.893314696848e-03  -3.702818881720e-03   1.825129240751e-01   2.471812814474e-02  -2.118299715221e-02  -5.337573960423e-02 
  2.471812814474e-02  -2.118299715221e-02  -5.337573960423e-02   0.000000000000e+00  -1.260969787836e-01   3.593906015158e-02   0.000000000000e+00  -1.260969787836e-01   3.593906015158e-02 
  4.536909461021e-01  -7.819904386997e-02  -5.295310616493e-01   8.818687200546e-01  -5.431693047285e-02  -8.065581321716e-01   7.745615839958e-01   0.000000000000e+00  -5.785598158836e-01 
  4.491090476513e-01  -1.787526707631e-05  -5.281865596771e-01   3.795393109322e-01   1.498690154403e-02  -5.392073392868e-01   1.688844710588e-01   7.928590290248e-03  -2.740615904331e-01 
  7.403433322906e-02  -9.803235530853e-03  -1.000000014901e-01   7.403433322906e-02  -9.803235530853e-03  -1.000000014901e-01   0.000000000000e+00   0.000000000000e+00  -2.283991575241e-01 
  0.000000000000e+00   0.000000000000e+00  -2.283991575241e-01   3.054232895374e-01   0.000000000000e+00  -3.121699392796e-01   4.710545539856e-01  -1.598540507257e-02  -4.318890869617e-01 
  5.228171944618e-01  -8.007334545255e-03  -5.452607870102e-01   6.089744567871e-01  -1.595753361471e-03  -1.000000014901e-01   0.000000000000e+00  -6.155496230349e-04  -1.000000014901e-01 
  0.000000000000e+00  -1.428173505701e-03  -1.000000014901e-01   0.000000000000e+00  -7.150932215154e-03  -3.211387693882e-01   0.000000000000e+00  -7.150932215154e-03  -3.211387693882e-01 
  0.000000000000e+00   0.000000000000e+00  -2.283991575241e-01   0.000000000000e+00   0.000000000000e+00  -2.283991575241e-01   3.054232895374e-01   0.000000000000e+00  -3.121699392796e-01 
  4.710545539856e-01  -1.598540507257e-02  -4.318890869617e-01   5.228171944618e-01  -8.007334545255e-03  -5.452607870102e-01   6.089744567871e-01  -1.595753361471e-03  -1.000000014901e-01 
  0.000000000000e+00  -6.155496230349e-04  -1.000000014901e-01   0.000000000000e+00  -1.428173505701e-03  -1.000000014901e-01   0.000000000000e+00  -7.150932215154e-03  -3.211387693882e-01 
  0.000000000000e+00  -7.150932215154e-03  -3.211387693882e-01 

