# vtk DataFile Version 2.0
Written using VisIt writer
ASCII
DATASET RECTILINEAR_GRID
DIMENSIONS 10 10 10
X_COORDINATES 10 float
  0.000000000000e+00   5.000000000000e-01   1.000000000000e+00   1.500000000000e+00   2.000000000000e+00   2.500000000000e+00   3.000000000000e+00   3.500000000000e+00   4.000000000000e+00 
  4.500000000000e+00 
Y_COORDINATES 10 float
  0.000000000000e+00   5.000000000000e-01   1.000000000000e+00   1.500000000000e+00   2.000000000000e+00   2.500000000000e+00   3.000000000000e+00   3.500000000000e+00   4.000000000000e+00 
  4.500000000000e+00 
Z_COORDINATES 10 float
  0.000000000000e+00   5.000000000000e-01   1.000000000000e+00   1.500000000000e+00   2.000000000000e+00   2.500000000000e+00   3.000000000000e+00   3.500000000000e+00   4.000000000000e+00 
  4.500000000000e+00 
CELL_DATA 729
POINT_DATA 1000
VECTORS velocity float
  0.000000000000e+00  -1.005066186190e-01  -2.233785539865e-01   3.251200000000e+04   0.000000000000e+00   0.000000000000e+00   0.000000000000e+00   0.000000000000e+00   0.000000000000e+00 
  1.401570998132e-02  -6.760942935944e-02  -1.498364657164e-01   0.000000000000e+00   0.000000000000e+00   0.000000000000e+00   0.000000000000e+00   1.431655808000e+09   1.070945600000e+09 
 -1.209633722901e-01  -9.481051564217e-02  -1.693948358297e-01   1.071994176000e+09   0.000000000000e+00   0.000000000000e+00   0.000000000000e+00   0.000000000000e+00   0.000000000000e+00 
 -1.378140747547e-01  -9.803047031164e-02  -1.957953274250e-01   0.000000000000e+00  -1.005066186190e-01  -2.233785539865e-01   1.070945600000e+09   0.000000000000e+00   0.000000000000e+00 
 -1.363994553685e-03  -1.147066429257e-01  -1.992519348860e-01   1.401570998132e-02  -6.760942935944e-02  -1.498364657164e-01   1.431655808000e+09   1.070945600000e+09   0.000000000000e+00 
 -7.846610993147e-02  -5.382226407528e-02  -1.357173323631e-01  -1.209633722901e-01  -9.481051564217e-02  -1.693948358297e-01   0.000000000000e+00   0.000000000000e+00   1.071644672000e+09 
 -1.378140747547e-01  -9.803047031164e-02  -1.957953274250e-01  -1.378140747547e-01  -9.803047031164e-02  -1.957953274250e-01   0.000000000000e+00   5.825751274824e-02  -1.869933158159e-01 
  0.000000000000e+00   5.825751274824e-02  -1.869933158159e-01  -8.518607914448e-02   1.788073964417e-02  -1.893076151609e-01  -4.359792172909e-02  -1.387422233820e-01  -1.694814115763e-01 
 -1.486369073391e-01  -2.478214204311e-01  -1.838297694921e-01   4.363209009171e-02  -9.030634164810e-02  -1.361515074968e-01   3.928299993277e-02  -5.418018624187e-02  -1.408826112747e-01 
  1.730426773429e-02  -3.180672228336e-02  -1.367034167051e-01  -3.942123055458e-02   2.696284092963e-02  -1.469066739082e-01  -3.942123055458e-02   2.696284092963e-02  -1.469066739082e-01 
  0.000000000000e+00   1.887432299554e-03  -1.878098547459e-01   0.000000000000e+00   1.887432299554e-03  -1.878098547459e-01  -2.468196116388e-02   8.104962110519e-02  -1.682016998529e-01 
 -7.246299646795e-03   7.905596494675e-02  -1.418020129204e-01  -2.871289290488e-02  -4.830821976066e-02  -1.476062238216e-01  -8.046545833349e-02  -1.354653686285e-01  -1.501955389977e-01 
 -1.942619383335e-01  -6.086422875524e-02  -1.885122060776e-01   3.489750996232e-02   4.094251617789e-02  -1.292394548655e-01   5.762622132897e-02   4.745316132903e-02  -1.188358366489e-01 
  5.762622132897e-02   4.745316132903e-02  -1.188358366489e-01   0.000000000000e+00  -8.178243041039e-02  -2.348952442408e-01   0.000000000000e+00  -8.178243041039e-02  -2.348952442408e-01 
 -5.071462690830e-02  -2.370410040021e-02  -2.531712353230e-01   1.690970659256e-01  -6.549459882081e-03  -1.720992177725e-01   6.294170767069e-02  -1.369388215244e-02  -1.411081850529e-01 
 -7.563875615597e-02   2.215993963182e-02  -1.332389265299e-01  -1.837252825499e-01   3.561417339370e-03  -1.545391976833e-01  -7.099293917418e-02  -5.726302042603e-02  -1.525831669569e-01 
 -3.860211372375e-02  -8.354260027409e-02  -1.845061779022e-01  -3.860211372375e-02  -8.354260027409e-02  -1.845061779022e-01   0.000000000000e+00   3.429896384478e-02  -1.847823709249e-01 
  0.000000000000e+00   3.429896384478e-02  -1.847823709249e-01  -2.032505348325e-02  -3.203728422523e-02  -1.953240334988e-01   6.104307249188e-02  -2.904552733526e-03  -1.944160312414e-01 
 -7.350497692823e-02   1.928719505668e-02  -1.959351599216e-01   2.736922167242e-02   6.077237799764e-02  -1.376553922892e-01  -1.620893180370e-02   1.846098154783e-02  -1.389306038618e-01 
 -1.026261504740e-02  -2.790945395827e-02  -1.363018900156e-01  -4.700189456344e-03  -6.861069798470e-02  -1.499571353197e-01  -4.700189456344e-03  -6.861069798470e-02  -1.499571353197e-01 
  0.000000000000e+00   6.154489889741e-02  -1.783367097378e-01   0.000000000000e+00   6.154489889741e-02  -1.783367097378e-01  -1.209992915392e-02  -3.476056456566e-02  -1.695388406515e-01 
 -8.448241278529e-03   3.524400666356e-02  -1.519940495491e-01  -7.122347503901e-02   6.882187724113e-02  -1.591501832008e-01  -1.280309408903e-01   2.266942709684e-02  -1.671661287546e-01 
 -5.849124491215e-02  -1.275135483593e-02  -1.937301903963e-01   7.047666609287e-02   6.938388571143e-03  -1.382488012314e-01   1.131635606289e-01  -1.054876446724e-01  -1.447274237871e-01 
  1.131635606289e-01  -1.054876446724e-01  -1.447274237871e-01   0.000000000000e+00   1.137979701161e-01  -2.210346758366e-01   0.000000000000e+00   1.137979701161e-01  -2.210346758366e-01 
 -5.576402693987e-02  -1.595878042281e-02  -2.235914617777e-01   5.197085440159e-02  -2.971705794334e-02  -1.534485220909e-01   1.140131987631e-02  -2.774708904326e-03  -1.467659771442e-01 
 -6.414271891117e-02   6.310937553644e-02  -1.409880667925e-01  -2.990211173892e-02   9.761196374893e-02  -1.487092673779e-01   7.386881113052e-02   4.590597748756e-02  -1.554218977690e-01 
  1.592319086194e-02  -1.433659940958e-01  -2.271166145802e-01   1.592319086194e-02  -1.433659940958e-01  -2.271166145802e-01   0.000000000000e+00   0.000000000000e+00  -1.878543049097e-01 
  0.000000000000e+00   0.000000000000e+00  -1.878543049097e-01  -5.865291226655e-03   0.000000000000e+00  -2.010374516249e-01   1.290829852223e-03   0.000000000000e+00  -1.884852945805e-01 
 -5.851266160607e-02   0.000000000000e+00  -1.981530636549e-01   6.753426045179e-02   0.000000000000e+00  -1.425308287144e-01   1.886971853673e-02   0.000000000000e+00  -1.494957357645e-01 
  1.053360253572e-01   0.000000000000e+00  -1.295120567083e-01   8.206765353680e-02   0.000000000000e+00  -1.374955475330e-01   8.206765353680e-02   0.000000000000e+00  -1.374955475330e-01 
  0.000000000000e+00   0.000000000000e+00  -1.878543049097e-01   0.000000000000e+00   0.000000000000e+00  -1.878543049097e-01  -5.865291226655e-03   0.000000000000e+00  -2.010374516249e-01 
  1.290829852223e-03   0.000000000000e+00  -1.884852945805e-01  -5.851266160607e-02   0.000000000000e+00  -1.981530636549e-01   6.753426045179e-02   0.000000000000e+00  -1.425308287144e-01 
  1.886971853673e-02   0.000000000000e+00  -1.494957357645e-01   1.053360253572e-01   0.000000000000e+00  -1.295120567083e-01   8.206765353680e-02   0.000000000000e+00  -1.374955475330e-01 
  8.206765353680e-02   0.000000000000e+00  -1.374955475330e-01   0.000000000000e+00  -1.005066186190e-01  -2.233785539865e-01   0.000000000000e+00  -1.005066186190e-01  -2.233785539865e-01 
 -1.363994553685e-03  -1.147066429257e-01  -1.992519348860e-01   1.401570998132e-02  -6.760942935944e-02  -1.498364657164e-01  -2.257054485381e-02  -4.872393235564e-02  -1.402953267097e-01 
 -7.846610993147e-02  -5.382226407528e-02  -1.357173323631e-01  -1.209633722901e-01  -9.481051564217e-02  -1.693948358297e-01  -1.038975343108e-01  -8.914440870285e-02  -1.722829788923e-01 
 -1.378140747547e-01  -9.803047031164e-02  -1.957953274250e-01  -1.378140747547e-01  -9.803047031164e-02  -1.957953274250e-01   0.000000000000e+00  -1.005066186190e-01  -2.233785539865e-01 
  0.000000000000e+00  -1.005066186190e-01  -2.233785539865e-01  -1.363994553685e-03  -1.147066429257e-01  -1.992519348860e-01   1.401570998132e-02  -6.760942935944e-02  -1.498364657164e-01 
 -2.257054485381e-02  -4.872393235564e-02  -1.402953267097e-01  -7.846610993147e-02  -5.382226407528e-02  -1.357173323631e-01  -1.209633722901e-01  -9.481051564217e-02  -1.693948358297e-01 
 -1.038975343108e-01  -8.914440870285e-02  -1.722829788923e-01  -1.378140747547e-01  -9.803047031164e-02  -1.957953274250e-01  -1.378140747547e-01  -9.803047031164e-02  -1.957953274250e-01 
  0.000000000000e+00   5.825751274824e-02  -1.869933158159e-01   0.000000000000e+00   5.825751274824e-02  -1.869933158159e-01  -8.518607914448e-02   1.788073964417e-02  -1.893076151609e-01 
 -4.359792172909e-02  -1.387422233820e-01  -1.694814115763e-01  -1.486369073391e-01  -2.478214204311e-01  -1.838297694921e-01   4.363209009171e-02  -9.030634164810e-02  -1.361515074968e-01 
  3.928299993277e-02  -5.418018624187e-02  -1.408826112747e-01   1.730426773429e-02  -3.180672228336e-02  -1.367034167051e-01  -3.942123055458e-02   2.696284092963e-02  -1.469066739082e-01 
 -3.942123055458e-02   2.696284092963e-02  -1.469066739082e-01   0.000000000000e+00   1.887432299554e-03  -1.878098547459e-01   0.000000000000e+00   1.887432299554e-03  -1.878098547459e-01 
 -2.468196116388e-02   8.104962110519e-02  -1.682016998529e-01  -7.246299646795e-03   7.905596494675e-02  -1.418020129204e-01  -2.871289290488e-02  -4.830821976066e-02  -1.476062238216e-01 
 -8.046545833349e-02  -1.354653686285e-01  -1.501955389977e-01  -1.942619383335e-01  -6.086422875524e-02  -1.885122060776e-01   3.489750996232e-02   4.094251617789e-02  -1.292394548655e-01 
  5.762622132897e-02   4.745316132903e-02  -1.188358366489e-01   5.762622132897e-02   4.745316132903e-02  -1.188358366489e-01   0.000000000000e+00  -8.178243041039e-02  -2.348952442408e-01 
  0.000000000000e+00  -8.178243041039e-02  -2.348952442408e-01  -5.071462690830e-02  -2.370410040021e-02  -2.531712353230e-01   1.690970659256e-01  -6.549459882081e-03  -1.720992177725e-01 
  6.294170767069e-02  -1.369388215244e-02  -1.411081850529e-01  -7.563875615597e-02   2.215993963182e-02  -1.332389265299e-01  -1.837252825499e-01   3.561417339370e-03  -1.545391976833e-01 
 -7.099293917418e-02  -5.726302042603e-02  -1.525831669569e-01  -3.860211372375e-02  -8.354260027409e-02  -1.845061779022e-01  -3.860211372375e-02  -8.354260027409e-02  -1.845061779022e-01 
  0.000000000000e+00   3.429896384478e-02  -1.847823709249e-01   0.000000000000e+00   3.429896384478e-02  -1.847823709249e-01  -2.032505348325e-02  -3.203728422523e-02  -1.953240334988e-01 
  6.104307249188e-02  -2.904552733526e-03  -1.944160312414e-01  -7.350497692823e-02   1.928719505668e-02  -1.959351599216e-01   2.736922167242e-02   6.077237799764e-02  -1.376553922892e-01 
 -1.620893180370e-02   1.846098154783e-02  -1.389306038618e-01  -1.026261504740e-02  -2.790945395827e-02  -1.363018900156e-01  -4.700189456344e-03  -6.861069798470e-02  -1.499571353197e-01 
 -4.700189456344e-03  -6.861069798470e-02  -1.499571353197e-01   0.000000000000e+00   6.154489889741e-02  -1.783367097378e-01   0.000000000000e+00   6.154489889741e-02  -1.783367097378e-01 
 -1.209992915392e-02  -3.476056456566e-02  -1.695388406515e-01  -8.448241278529e-03   3.524400666356e-02  -1.519940495491e-01  -7.122347503901e-02   6.882187724113e-02  -1.591501832008e-01 
 -1.280309408903e-01   2.266942709684e-02  -1.671661287546e-01  -5.849124491215e-02  -1.275135483593e-02  -1.937301903963e-01   7.047666609287e-02   6.938388571143e-03  -1.382488012314e-01 
  1.131635606289e-01  -1.054876446724e-01  -1.447274237871e-01   1.131635606289e-01  -1.054876446724e-01  -1.447274237871e-01   0.000000000000e+00   1.137979701161e-01  -2.210346758366e-01 
  0.000000000000e+00   1.137979701161e-01  -2.210346758366e-01  -5.576402693987e-02  -1.595878042281e-02  -2.235914617777e-01   5.197085440159e-02  -2.971705794334e-02  -1.534485220909e-01 
  1.140131987631e-02  -2.774708904326e-03  -1.467659771442e-01  -6.414271891117e-02   6.310937553644e-02  -1.409880667925e-01  -2.990211173892e-02   9.761196374893e-02  -1.487092673779e-01 
  7.386881113052e-02   4.590597748756e-02  -1.554218977690e-01   1.592319086194e-02  -1.433659940958e-01  -2.271166145802e-01   1.592319086194e-02  -1.433659940958e-01  -2.271166145802e-01 
  0.000000000000e+00   0.000000000000e+00  -1.878543049097e-01   0.000000000000e+00   0.000000000000e+00  -1.878543049097e-01  -5.865291226655e-03   0.000000000000e+00  -2.010374516249e-01 
  1.290829852223e-03   0.000000000000e+00  -1.884852945805e-01  -5.851266160607e-02   0.000000000000e+00  -1.981530636549e-01   6.753426045179e-02   0.000000000000e+00  -1.425308287144e-01 
  1.886971853673e-02   0.000000000000e+00  -1.494957357645e-01   1.053360253572e-01   0.000000000000e+00  -1.295120567083e-01   8.206765353680e-02   0.000000000000e+00  -1.374955475330e-01 
  8.206765353680e-02   0.000000000000e+00  -1.374955475330e-01   0.000000000000e+00   0.000000000000e+00  -1.878543049097e-01   0.000000000000e+00   0.000000000000e+00  -1.878543049097e-01 
 -5.865291226655e-03   0.000000000000e+00  -2.010374516249e-01   1.290829852223e-03   0.000000000000e+00  -1.884852945805e-01  -5.851266160607e-02   0.000000000000e+00  -1.981530636549e-01 
  6.753426045179e-02   0.000000000000e+00  -1.425308287144e-01   1.886971853673e-02   0.000000000000e+00  -1.494957357645e-01   1.053360253572e-01   0.000000000000e+00  -1.295120567083e-01 
  8.206765353680e-02   0.000000000000e+00  -1.374955475330e-01   8.206765353680e-02   0.000000000000e+00  -1.374955475330e-01   0.000000000000e+00  -5.789983645082e-02  -5.874609947205e-01 
  0.000000000000e+00  -5.789983645082e-02  -5.874609947205e-01   3.205134570599e-01  -1.884316094220e-02  -2.906368672848e-01   5.640625357628e-01  -1.047909166664e-02  -6.553511023521e-01 
  1.148348450661e-01  -6.639584153891e-02  -5.898756384850e-01  -7.916514575481e-02   2.950005047023e-02  -1.034936785698e+00  -1.021284088492e-01   9.753002971411e-02  -8.014785051346e-01 
 -2.742996998131e-02   4.011835530400e-02  -7.072331309319e-01   1.256040576845e-02  -1.829564332962e+00  -4.212298393250e-01   1.256040576845e-02  -1.829564332962e+00  -4.212298393250e-01 
  0.000000000000e+00  -5.789983645082e-02  -5.874609947205e-01   0.000000000000e+00  -5.789983645082e-02  -5.874609947205e-01   3.205134570599e-01  -1.884316094220e-02  -2.906368672848e-01 
  5.640625357628e-01  -1.047909166664e-02  -6.553511023521e-01   1.148348450661e-01  -6.639584153891e-02  -5.898756384850e-01  -7.916514575481e-02   2.950005047023e-02  -1.034936785698e+00 
 -1.021284088492e-01   9.753002971411e-02  -8.014785051346e-01  -2.742996998131e-02   4.011835530400e-02  -7.072331309319e-01   1.256040576845e-02  -1.829564332962e+00  -4.212298393250e-01 
  1.256040576845e-02  -1.829564332962e+00  -4.212298393250e-01   0.000000000000e+00   9.083798527718e-02  -5.015095472336e-01   0.000000000000e+00   9.083798527718e-02  -5.015095472336e-01 
  1.727486252785e-01   6.961283832788e-02  -2.752997279167e-01   5.646442174911e-01  -3.435442969203e-02  -7.206934690475e-01   3.286816552281e-02  -1.939887106419e-01  -3.267698884010e-01 
  3.542121946812e-01  -2.794735832140e-03  -2.488677352667e-01   5.077229142189e-01   1.722284704447e-01   1.645459681749e-01   1.171419546008e-01   4.203870519996e-02  -6.329658627510e-02 
  3.287706291303e-03  -1.560941934586e+00  -5.309331789613e-02   3.287706291303e-03  -1.560941934586e+00  -5.309331789613e-02   0.000000000000e+00  -8.378055877984e-03  -6.758430004120e-01 
  0.000000000000e+00  -8.378055877984e-03  -6.758430004120e-01   2.841061651707e-01  -4.854222387075e-02  -5.766723155975e-01   6.070927381516e-01   1.978585310280e-02  -8.955156207085e-01 
  1.527252346277e-01  -2.215142361820e-02  -4.967120885849e-01   8.191680908203e-01  -2.171914326027e-03  -2.742110490799e-01   1.444602727890e+00  -4.130012542009e-02  -3.745427727699e-01 
  3.485207259655e-02  -5.626443028450e-02  -3.843035995960e-01   7.803263515234e-02  -2.445155829191e-01   3.206166327000e-01   7.803263515234e-02  -2.445155829191e-01   3.206166327000e-01 
  0.000000000000e+00   3.081208467484e-02  -6.586476564407e-01   0.000000000000e+00   3.081208467484e-02  -6.586476564407e-01   3.100079298019e-01   1.390685737133e-01  -3.522391915321e-01 
  5.478847622871e-01   6.639586389065e-02  -6.013247966766e-01   3.225052654743e-01   2.855847962201e-02  -1.885438561440e-01   4.080040156841e-01   2.033983916044e-01  -2.617748379707e-01 
  1.657001823187e-01   3.471331438050e-03  -4.294541180134e-01   2.296361140907e-02  -1.999017596245e-02  -1.011644080281e-01   1.109339445829e-01   1.699608378112e-02   1.837856620550e-01 
  1.109339445829e-01   1.699608378112e-02   1.837856620550e-01   0.000000000000e+00  -5.812835693359e-02  -9.665567278862e-01   0.000000000000e+00  -5.812835693359e-02  -9.665567278862e-01 
  2.874470353127e-01   1.216492801905e-01  -6.931637525558e-01   3.800279498100e-01   6.959659606218e-02  -8.503034114838e-01   3.184579908848e-01  -1.601527482271e-01   1.096203848720e-01 
  9.082621932030e-01  -1.052114143968e-01  -1.198811363429e-02   5.132436156273e-01   6.049704924226e-02   8.313704282045e-02   1.810109913349e-01   1.690589822829e-02  -5.932846665382e-01 
 -1.107999160886e-01   6.731835752726e-02  -7.826643586159e-01  -1.107999160886e-01   6.731835752726e-02  -7.826643586159e-01   0.000000000000e+00  -1.331975217909e-02  -6.071245074272e-01 
  0.000000000000e+00  -1.331975217909e-02  -6.071245074272e-01   2.165065556765e-01   3.442064672709e-02  -4.154469072819e-01   4.146578311920e-01   3.319837898016e-02  -1.003179669380e+00 
  3.437637984753e-01  -1.146579310298e-01  -9.425806403160e-01   6.027548313141e-01  -1.352734863758e-01  -4.929398894310e-01   1.836914718151e-01  -8.605027943850e-02   4.645384475589e-02 
 -1.035880222917e-01   1.304126828909e-01  -1.968101114035e-01  -2.736087441444e-01   5.872803926468e-01  -3.923955857754e-01  -2.736087441444e-01   5.872803926468e-01  -3.923955857754e-01 
  0.000000000000e+00   1.179145351052e-01  -6.020405292511e-01   0.000000000000e+00   1.179145351052e-01  -6.020405292511e-01   3.141230344772e-01  -1.069992501289e-02  -6.058896780014e-01 
  5.440522432327e-01   9.284825064242e-04  -6.185866594315e-01   1.832433342934e-01  -1.379381865263e-02  -4.613780975342e-01   1.058869808912e-01   5.400064401329e-03  -6.937806606293e-01 
 -1.639578044415e-01  -2.071580290794e-02  -3.606301546097e-01  -4.609124734998e-02  -2.545977234840e-01  -2.362984269857e-01  -1.288427710533e-01  -1.718041151762e-01  -6.710138320923e-01 
 -1.288427710533e-01  -1.718041151762e-01  -6.710138320923e-01   0.000000000000e+00   0.000000000000e+00  -1.000357985497e+00   0.000000000000e+00   0.000000000000e+00  -1.000357985497e+00 
  5.369670987129e-01   0.000000000000e+00  -6.519709229469e-01   1.003813862801e+00   0.000000000000e+00  -3.813350498676e-01   2.849675118923e-01   0.000000000000e+00   1.393182128668e-01 
  4.460709393024e-01   5.387877877183e-08  -6.653039455414e-01  -4.320792853832e-01   0.000000000000e+00  -7.930853366852e-01  -2.860113680363e-01   0.000000000000e+00  -6.270276904106e-01 
 -1.263919193298e-02  -3.436082229018e-02  -9.677528738976e-01  -1.263919193298e-02  -3.436082229018e-02  -9.677528738976e-01   0.000000000000e+00   0.000000000000e+00  -1.000357985497e+00 
  0.000000000000e+00   0.000000000000e+00  -1.000357985497e+00   5.369670987129e-01   0.000000000000e+00  -6.519709229469e-01   1.003813862801e+00   0.000000000000e+00  -3.813350498676e-01 
  2.849675118923e-01   0.000000000000e+00   1.393182128668e-01   4.460709393024e-01   5.387877877183e-08  -6.653039455414e-01  -4.320792853832e-01   0.000000000000e+00  -7.930853366852e-01 
 -2.860113680363e-01   0.000000000000e+00  -6.270276904106e-01  -1.263919193298e-02  -3.436082229018e-02  -9.677528738976e-01  -1.263919193298e-02  -3.436082229018e-02  -9.677528738976e-01 
  0.000000000000e+00   1.075465902686e-01  -2.569079697132e-01   0.000000000000e+00   1.075465902686e-01  -2.569079697132e-01   1.409816294909e-01   4.557879641652e-02  -2.168094366789e-01 
  3.302071988583e-01   1.094903424382e-02  -3.302042484283e-01   2.120087891817e-01  -8.724621683359e-02  -6.479842662811e-01  -3.270025923848e-02   3.433791175485e-02  -1.050145983696e+00 
 -6.477919220924e-02   7.167672365904e-02  -1.070733666420e+00  -6.477919220924e-02  -1.848963022232e+00  -1.108082890511e+00   4.012171551585e-02  -2.579304933548e+00   6.893708109856e-01 
  4.012171551585e-02  -2.579304933548e+00   6.893708109856e-01   0.000000000000e+00   1.075465902686e-01  -2.569079697132e-01   0.000000000000e+00   1.075465902686e-01  -2.569079697132e-01 
  1.409816294909e-01   4.557879641652e-02  -2.168094366789e-01   3.302071988583e-01   1.094903424382e-02  -3.302042484283e-01   2.120087891817e-01  -8.724621683359e-02  -6.479842662811e-01 
 -3.270025923848e-02   3.433791175485e-02  -1.050145983696e+00  -6.477919220924e-02   7.167672365904e-02  -1.070733666420e+00  -6.477919220924e-02  -1.848963022232e+00  -1.108082890511e+00 
  4.012171551585e-02  -2.579304933548e+00   6.893708109856e-01   4.012171551585e-02  -2.579304933548e+00   6.893708109856e-01   0.000000000000e+00   7.021985948086e-02  -9.674301743507e-02 
  0.000000000000e+00   7.021985948086e-02  -9.674301743507e-02   1.467009782791e-01   5.159849766642e-03  -9.113316237926e-02   3.960842490196e-01  -3.155023232102e-02  -4.703909456730e-01 
  0.000000000000e+00   5.328828934580e-03  -2.202367484570e-01   7.816058397293e-01   2.457476593554e-02   2.624545395374e-01   7.094231247902e-01   1.086912602186e-01   1.626694053411e-01 
  1.158810257912e-01  -1.661984324455e+00   2.392722666264e-01   2.651723660529e-02  -2.468224525452e+00   7.449110746384e-01   2.651723660529e-02  -2.468224525452e+00   7.449110746384e-01 
  0.000000000000e+00   8.480847626925e-02  -3.905160129070e-01   0.000000000000e+00   8.480847626925e-02  -3.905160129070e-01   1.534634530544e-01  -9.575717151165e-02  -1.569387912750e-01 
  3.927724659443e-01  -8.140394836664e-02  -3.792689740658e-01   3.273685276508e-01   9.170875884593e-03  -1.429374814034e-01   1.050684571266e+00  -1.511745061725e-02   2.557365000248e-01 
  1.316583037376e+00  -3.415301814675e-02  -1.170874089003e-01   6.811617314816e-02  -4.368856549263e-02   2.478579618037e-02   7.813449949026e-02   0.000000000000e+00   5.708848834038e-01 
  7.813449949026e-02   0.000000000000e+00   5.708848834038e-01   0.000000000000e+00  -3.740405663848e-02  -3.455098867416e-01   0.000000000000e+00  -3.740405663848e-02  -3.455098867416e-01 
  1.904501318932e-01  -6.655547767878e-02   4.253330826759e-02   2.014874368906e-01   7.375320419669e-03  -3.794097900391e-01   2.631980478764e-01   1.591870635748e-01   4.827801510692e-02 
  1.561993241310e+00  -1.511745061725e-02   1.619199365377e-01   1.555535078049e+00   4.194403812289e-02  -3.279996812344e-01   2.078901529312e-01   2.507028728724e-02   8.304404467344e-02 
  2.325742244720e-01   9.446316957474e-02   4.342179894447e-01   2.325742244720e-01   9.446316957474e-02   4.342179894447e-01   0.000000000000e+00  -1.036485657096e-02  -3.291140496731e-01 
  0.000000000000e+00  -1.036485657096e-02  -3.291140496731e-01   2.903291583061e-01  -1.061396393925e-02  -3.400261700153e-01   1.378732025623e-01   9.580354392529e-02  -7.525461912155e-01 
  2.682123482227e-01   4.158159196377e-01   3.115746974945e-01   2.263641357422e+00   1.852182447910e-01   1.609879881144e-01   2.338462114334e+00   7.227092981339e-02  -3.744818270206e-01 
  0.000000000000e+00   3.936135768890e-02  -2.934785783291e-01  -6.114831939340e-02   9.364006668329e-02  -3.439043760300e-01  -6.114831939340e-02   9.364006668329e-02  -3.439043760300e-01 
  0.000000000000e+00  -7.133538369089e-03  -2.285441309214e-01   0.000000000000e+00  -7.133538369089e-03  -2.285441309214e-01   3.271110355854e-01  -4.170425236225e-02  -1.521632224321e-01 
  5.079534053802e-01   1.493687462062e-02  -8.197306394577e-01   4.666403532028e-01   2.746975719929e-01  -1.939115375280e-01   1.355794310570e+00   6.723307305947e-04  -5.349642038345e-02 
  1.250377297401e+00  -1.094571966678e-02   1.080859825015e-01  -2.345701307058e-01   8.159300684929e-02   3.094346821308e-01   0.000000000000e+00   3.554229736328e-01   2.312755584717e-01 
  0.000000000000e+00   3.554229736328e-01   2.312755584717e-01   0.000000000000e+00   7.345474511385e-02  -2.545630931854e-01   0.000000000000e+00   7.345474511385e-02  -2.545630931854e-01 
  1.506012678146e-01   5.881461873651e-02   4.244855046272e-02   3.398579955101e-01   3.056445345283e-02  -1.060453951359e-01   2.898820638657e-01   3.405369352549e-03  -3.974817991257e-01 
  2.948175668716e-01   3.972311504185e-03  -4.024233818054e-01  -1.646619439125e-01   3.593371436000e-02  -6.565397381783e-01  -3.501335084438e-01   0.000000000000e+00   6.217292323709e-02 
 -6.062263846397e-01   1.855062991381e-01  -4.579245746136e-01  -6.062263846397e-01   1.855062991381e-01  -4.579245746136e-01   0.000000000000e+00   0.000000000000e+00  -5.178763270378e-01 
  0.000000000000e+00   0.000000000000e+00  -5.178763270378e-01   3.995833545923e-02   0.000000000000e+00  -7.797651737928e-02   4.272645711899e-01   5.224031396210e-03  -2.783598005772e-01 
  4.242109954357e-01   1.592865330167e-03  -5.321714282036e-01   4.242109954357e-01   9.208201081492e-04  -6.213166713715e-01  -3.600032031536e-01   0.000000000000e+00  -5.924175977707e-01 
 -3.970336914062e-01   0.000000000000e+00  -4.277264773846e-01  -7.344732284546e-01   0.000000000000e+00  -1.000000014901e-01  -7.344732284546e-01   0.000000000000e+00  -1.000000014901e-01 
  0.000000000000e+00   0.000000000000e+00  -5.178763270378e-01   0.000000000000e+00   0.000000000000e+00  -5.178763270378e-01   3.995833545923e-02   0.000000000000e+00  -7.797651737928e-02 
  4.272645711899e-01   5.224031396210e-03  -2.783598005772e-01   4.242109954357e-01   1.592865330167e-03  -5.321714282036e-01   4.242109954357e-01   9.208201081492e-04  -6.213166713715e-01 
 -3.600032031536e-01   0.000000000000e+00  -5.924175977707e-01  -3.970336914062e-01   0.000000000000e+00  -4.277264773846e-01  -7.344732284546e-01   0.000000000000e+00  -1.000000014901e-01 
 -7.344732284546e-01   0.000000000000e+00  -1.000000014901e-01   0.000000000000e+00   8.478946238756e-02  -2.327813953161e-01   0.000000000000e+00   8.478946238756e-02  -2.327813953161e-01 
  1.038917452097e-01   1.775457151234e-02  -2.354956269264e-01   2.079010158777e-01  -4.918038845062e-02  -3.723907768726e-01   9.602405875921e-02  -9.826796129346e-03   4.713745713234e-01 
  6.395721808076e-03   2.170754596591e-04  -1.000000014901e-01   0.000000000000e+00   0.000000000000e+00  -1.000000014901e-01   0.000000000000e+00  -2.328903228045e-01  -1.000000014901e-01 
  0.000000000000e+00   0.000000000000e+00   8.004513382912e-01   0.000000000000e+00   0.000000000000e+00   8.004513382912e-01   0.000000000000e+00   8.478946238756e-02  -2.327813953161e-01 
  0.000000000000e+00   8.478946238756e-02  -2.327813953161e-01   1.038917452097e-01   1.775457151234e-02  -2.354956269264e-01   2.079010158777e-01  -4.918038845062e-02  -3.723907768726e-01 
  9.602405875921e-02  -9.826796129346e-03   4.713745713234e-01   6.395721808076e-03   2.170754596591e-04  -1.000000014901e-01   0.000000000000e+00   0.000000000000e+00  -1.000000014901e-01 
  0.000000000000e+00  -2.328903228045e-01  -1.000000014901e-01   0.000000000000e+00   0.000000000000e+00   8.004513382912e-01   0.000000000000e+00   0.000000000000e+00   8.004513382912e-01 
  0.000000000000e+00  -7.681699004024e-03  -2.015840560198e-01   0.000000000000e+00  -7.681699004024e-03  -2.015840560198e-01   1.259157210588e-01  -2.817128226161e-02  -2.669673264027e-01 
  2.109894305468e-01  -8.333901315928e-02  -5.275941491127e-01  -7.569003850222e-03   0.000000000000e+00   5.762682557106e-01   0.000000000000e+00   3.947114237235e-05   7.292196154594e-02 
  3.897507485817e-05   0.000000000000e+00  -1.000000014901e-01   2.143472956959e-04  -1.922642737627e-01   1.488444507122e-01   1.378073263913e-02   0.000000000000e+00   7.449110746384e-01 
  1.378073263913e-02   0.000000000000e+00   7.449110746384e-01   0.000000000000e+00   1.258132010698e-01  -2.027298808098e-01   0.000000000000e+00   1.258132010698e-01  -2.027298808098e-01 
  5.252020433545e-02  -1.253775656223e-01  -3.045141994953e-01   3.502290844917e-01  -8.401888608932e-02  -3.495228886604e-01   0.000000000000e+00   0.000000000000e+00  -2.382345646620e-01 
  3.802895545959e-01  -2.492733299732e-03  -1.000000014901e-01   8.839862942696e-01  -2.204581978731e-04  -1.862324476242e-01   3.816881477833e-01  -4.433930292726e-02  -2.294339239597e-02 
  7.751976698637e-02   0.000000000000e+00  -1.000000014901e-01   7.751976698637e-02   0.000000000000e+00  -1.000000014901e-01   0.000000000000e+00   8.514086902142e-02  -2.879595756531e-01 
  0.000000000000e+00   8.514086902142e-02  -2.879595756531e-01   6.285644322634e-02  -5.791907757521e-02  -3.649604618549e-01   5.826611816883e-02  -5.694863572717e-02  -4.923366606236e-01 
 -1.113357096910e-01   0.000000000000e+00  -2.815981209278e-01  -2.578987739980e-02   1.184448152781e-01  -2.998627722263e-01   4.839488863945e-01   1.005454957485e-01  -5.722256898880e-01 
  1.162306442857e-01   2.228027582169e-02  -7.045769691467e-02   1.343935281038e-01   0.000000000000e+00  -1.000000014901e-01   1.343935281038e-01   0.000000000000e+00  -1.000000014901e-01 
  0.000000000000e+00   1.377130299807e-02  -3.024278879166e-01   0.000000000000e+00   1.377130299807e-02  -3.024278879166e-01   2.316096276045e-01  -6.972492486238e-02  -2.318796664476e-01 
 -1.077277883887e-01   3.294306695461e-01  -7.661609649658e-01  -2.401399314404e-01   8.080263733864e-01  -2.311992645264e-01  -2.483601719141e-01   4.528169929981e-01  -5.658472776413e-01 
  0.000000000000e+00   2.059494704008e-01  -1.007456421852e+00  -2.171790599823e-01   7.922405004501e-02  -3.611052930355e-01  -3.298569023609e-01   7.897476851940e-02  -1.331724822521e-01 
 -3.298569023609e-01   7.897476851940e-02  -1.331724822521e-01   0.000000000000e+00   9.274239838123e-02  -4.160123765469e-01   0.000000000000e+00   9.274239838123e-02  -4.160123765469e-01 
  3.336029350758e-01  -9.609477967024e-02  -3.501918017864e-01   4.200104773045e-01   2.041501551867e-01  -9.689564704895e-01   1.508516520262e-01   7.998061180115e-01  -5.953982472420e-01 
  2.143367081881e-01   3.910073935986e-01  -3.331638574600e-01  -2.353827357292e-01   1.063537821174e-01   5.980292335153e-02  -5.881469845772e-01   3.354478254914e-02   1.842103451490e-01 
 -5.870586633682e-01   1.014422103763e-01   1.939391791821e-01  -5.870586633682e-01   1.014422103763e-01   1.939391791821e-01   0.000000000000e+00   8.765167742968e-02  -3.077476620674e-01 
  0.000000000000e+00   8.765167742968e-02  -3.077476620674e-01   1.772075444460e-01   4.241931065917e-02  -1.275674253702e-01   4.020008146763e-01   2.604457363486e-02  -1.391845792532e-01 
  4.471355080605e-01   5.633535385132e-01  -1.802149862051e-01   0.000000000000e+00   3.310341015458e-02  -3.054790757596e-02  -5.009759068489e-01   5.665487796068e-02   7.327924668789e-02 
 -5.252875089645e-01  -2.484850119799e-04   6.424771249294e-02  -7.412741184235e-01  -5.843335017562e-02   9.128334373236e-02  -7.412741184235e-01  -5.843335017562e-02   9.128334373236e-02 
  0.000000000000e+00   0.000000000000e+00  -2.340172529221e-01   0.000000000000e+00   0.000000000000e+00  -2.340172529221e-01   1.608121395111e-01   0.000000000000e+00   6.194610893726e-02 
  8.489785194397e-01   0.000000000000e+00  -1.863955378532e+00   0.000000000000e+00   0.000000000000e+00  -1.000000014901e-01   0.000000000000e+00   0.000000000000e+00  -1.354863047600e-01 
 -4.811167418957e-01   0.000000000000e+00  -9.158414602280e-02  -4.679268598557e-01   0.000000000000e+00   9.128334373236e-02  -7.450610995293e-01   0.000000000000e+00   1.127197518945e-01 
 -7.450610995293e-01   0.000000000000e+00   1.127197518945e-01   0.000000000000e+00   0.000000000000e+00  -2.340172529221e-01   0.000000000000e+00   0.000000000000e+00  -2.340172529221e-01 
  1.608121395111e-01   0.000000000000e+00   6.194610893726e-02   8.489785194397e-01   0.000000000000e+00  -1.863955378532e+00   0.000000000000e+00   0.000000000000e+00  -1.000000014901e-01 
  0.000000000000e+00   0.000000000000e+00  -1.354863047600e-01  -4.811167418957e-01   0.000000000000e+00  -9.158414602280e-02  -4.679268598557e-01   0.000000000000e+00   9.128334373236e-02 
 -7.450610995293e-01   0.000000000000e+00   1.127197518945e-01  -7.450610995293e-01   0.000000000000e+00   1.127197518945e-01   0.000000000000e+00  -3.022292442620e-02  -5.728689432144e-01 
  0.000000000000e+00  -3.022292442620e-02  -5.728689432144e-01   1.003692969680e-01   2.478921599686e-02  -3.458119332790e-01   1.748146712780e-01  -9.521875530481e-03  -1.607351303101e-01 
  9.436064958572e-02  -7.461445406079e-03   3.068337738514e-01   0.000000000000e+00   0.000000000000e+00  -1.000000014901e-01   2.439040899277e+00  -2.920288741589e-01  -5.726056694984e-01 
  2.319440364838e+00  -3.518291115761e-01  -6.324058771133e-01   0.000000000000e+00  -1.756203621626e-01  -1.000000014901e-01   0.000000000000e+00  -1.756203621626e-01  -1.000000014901e-01 
  0.000000000000e+00  -3.022292442620e-02  -5.728689432144e-01   0.000000000000e+00  -3.022292442620e-02  -5.728689432144e-01   1.003692969680e-01   2.478921599686e-02  -3.458119332790e-01 
  1.748146712780e-01  -9.521875530481e-03  -1.607351303101e-01   9.436064958572e-02  -7.461445406079e-03   3.068337738514e-01   0.000000000000e+00   0.000000000000e+00  -1.000000014901e-01 
  2.439040899277e+00  -2.920288741589e-01  -5.726056694984e-01   2.319440364838e+00  -3.518291115761e-01  -6.324058771133e-01   0.000000000000e+00  -1.756203621626e-01  -1.000000014901e-01 
  0.000000000000e+00  -1.756203621626e-01  -1.000000014901e-01   0.000000000000e+00  -7.565505057573e-02  -5.057455301285e-01   0.000000000000e+00  -7.565505057573e-02  -5.057455301285e-01 
  2.081753462553e-01   6.990469247103e-02  -1.401932686567e-01   2.566249966621e-01  -3.320906311274e-02   6.837845593691e-02  -7.229066453874e-03  -1.830954477191e-02   5.762682557106e-01 
 -2.304532099515e-03   0.000000000000e+00  -1.000000014901e-01   0.000000000000e+00  -4.116293191910e-01  -1.000000014901e-01   0.000000000000e+00  -3.518291115761e-01  -3.676670491695e-01 
  4.291312361602e-04  -1.750082075596e-01   2.942917943001e-01   4.291312361602e-04  -1.750082075596e-01   2.942917943001e-01   0.000000000000e+00   2.580646984279e-02  -3.086969554424e-01 
  0.000000000000e+00   2.580646984279e-02  -3.086969554424e-01   8.900509774685e-02  -1.249606981874e-01  -1.555363237858e-01   2.312113344669e-01  -9.824766963720e-02  -1.164835467935e-01 
  1.435801833868e-01  -5.704393237829e-02  -1.885080784559e-01   2.000772655010e-01  -2.884684945457e-04  -1.688032895327e-01   9.436254948378e-02   0.000000000000e+00  -1.008423045278e-01 
  4.439077898860e-02   0.000000000000e+00  -2.703831493855e-01   3.260482847691e-02  -5.474014952779e-02  -1.000000014901e-01   3.260482847691e-02  -5.474014952779e-02  -1.000000014901e-01 
  0.000000000000e+00   5.029309913516e-02  -3.113424479961e-01   0.000000000000e+00   5.029309913516e-02  -3.113424479961e-01   2.580489730462e-03  -1.410384625196e-01  -3.133320212364e-01 
  2.374654822052e-02  -1.138294935226e-01  -4.004366099834e-01  -4.394543543458e-02  -5.228038504720e-02  -2.454010248184e-01  -2.097435854375e-02   8.900190889835e-02  -2.531649768353e-01 
  1.751006096601e-01   6.017397623509e-03  -4.471832811832e-01  -3.643056452274e-01   3.000622848049e-03  -3.458769619465e-02  -2.079875767231e-01  -2.847985597327e-03  -1.000000014901e-01 
 -2.079875767231e-01  -2.847985597327e-03  -1.000000014901e-01   0.000000000000e+00   1.737804897130e-02  -3.995754122734e-01   0.000000000000e+00   1.737804897130e-02  -3.995754122734e-01 
  4.503815621138e-02  -1.629676297307e-02  -2.986694872379e-01   8.419672399759e-02   2.109779119492e-01  -5.022881627083e-01   0.000000000000e+00   0.000000000000e+00  -2.148772031069e-01 
  0.000000000000e+00   2.968403100967e-01  -2.107670903206e-01  -1.518129184842e-02   1.746891438961e-01  -4.744223356247e-01  -5.324702858925e-01   3.301839530468e-02   2.839561784640e-03 
 -5.938884615898e-01   4.083513841033e-02   4.248411953449e-02  -5.938884615898e-01   4.083513841033e-02   4.248411953449e-02   0.000000000000e+00   1.415596753359e-01  -5.546109080315e-01 
  0.000000000000e+00   1.415596753359e-01  -5.546109080315e-01   1.878975480795e-01  -3.875790908933e-02  -2.847115099430e-01   3.850999474525e-01  -1.476602442563e-02  -4.368507564068e-01 
  3.742420673370e-01   4.232686161995e-01  -3.940888643265e-01   2.330348491669e-01   3.444072604179e-01  -1.821431219578e-01  -4.548429846764e-01   3.755084797740e-02  -3.745584189892e-02 
 -7.047106623650e-01   0.000000000000e+00   1.842103451490e-01  -7.061975002289e-01  -9.092834778130e-03   1.426637917757e-01  -7.061975002289e-01  -9.092834778130e-03   1.426637917757e-01 
  0.000000000000e+00   1.566634178162e-01  -5.877104401588e-01   0.000000000000e+00   1.566634178162e-01  -5.877104401588e-01   1.920584887266e-01   9.153559803963e-02  -3.453300893307e-01 
  4.540396928787e-01   7.117474824190e-02  -6.320849657059e-01   1.090396046638e+00   1.970298290253e-01  -5.856443643570e-01   2.757127504083e-06   5.532212555408e-03  -1.000000014901e-01 
 -4.278153479099e-01  -1.383764948696e-02   4.117789492011e-02  -7.346609234810e-01  -9.535723179579e-02   1.254794746637e-01  -7.220944166183e-01  -5.274027213454e-02   9.561714529991e-02 
 -7.220944166183e-01  -5.274027213454e-02   9.561714529991e-02   0.000000000000e+00   0.000000000000e+00  -3.781003654003e-01   0.000000000000e+00   0.000000000000e+00  -3.781003654003e-01 
  3.440754711628e-01   0.000000000000e+00  -3.501135408878e-01   8.419054150581e-01   0.000000000000e+00  -1.234715342522e+00   1.048025488853e+00   0.000000000000e+00  -1.039835691452e+00 
  0.000000000000e+00  -1.039970899001e-03  -5.490083992481e-02  -5.258668661118e-01  -5.302687641233e-03   1.561135984957e-02  -6.763785481453e-01   0.000000000000e+00   9.561714529991e-02 
 -7.332327365875e-01  -1.498025143519e-03   2.483179792762e-02  -7.332327365875e-01  -1.498025143519e-03   2.483179792762e-02   0.000000000000e+00   0.000000000000e+00  -3.781003654003e-01 
  0.000000000000e+00   0.000000000000e+00  -3.781003654003e-01   3.440754711628e-01   0.000000000000e+00  -3.501135408878e-01   8.419054150581e-01   0.000000000000e+00  -1.234715342522e+00 
  1.048025488853e+00   0.000000000000e+00  -1.039835691452e+00   0.000000000000e+00  -1.039970899001e-03  -5.490083992481e-02  -5.258668661118e-01  -5.302687641233e-03   1.561135984957e-02 
 -6.763785481453e-01   0.000000000000e+00   9.561714529991e-02  -7.332327365875e-01  -1.498025143519e-03   2.483179792762e-02  -7.332327365875e-01  -1.498025143519e-03   2.483179792762e-02 
  0.000000000000e+00  -5.739946383983e-03  -5.935243144631e-02   0.000000000000e+00  -5.739946383983e-03  -5.935243144631e-02  -2.042226865888e-02   4.328412190080e-02   1.542821973562e-01 
  4.923847503960e-03   3.577359765768e-02   5.163037180901e-01   2.693264978006e-03  -8.278676122427e-02  -1.329503429588e-04   0.000000000000e+00  -1.758995056152e-01  -1.000000014901e-01 
  2.379240512848e+00  -3.518291115761e-01  -6.922060847282e-01   2.379240512848e+00  -3.518291115761e-01  -6.324058771133e-01   0.000000000000e+00  -2.635903060436e-01  -1.000000014901e-01 
  0.000000000000e+00  -2.635903060436e-01  -1.000000014901e-01   0.000000000000e+00  -5.739946383983e-03  -5.935243144631e-02   0.000000000000e+00  -5.739946383983e-03  -5.935243144631e-02 
 -2.042226865888e-02   4.328412190080e-02   1.542821973562e-01   4.923847503960e-03   3.577359765768e-02   5.163037180901e-01   2.693264978006e-03  -8.278676122427e-02  -1.329503429588e-04 
  0.000000000000e+00  -1.758995056152e-01  -1.000000014901e-01   2.379240512848e+00  -3.518291115761e-01  -6.922060847282e-01   2.379240512848e+00  -3.518291115761e-01  -6.324058771133e-01 
  0.000000000000e+00  -2.635903060436e-01  -1.000000014901e-01   0.000000000000e+00  -2.635903060436e-01  -1.000000014901e-01   0.000000000000e+00  -4.904463514686e-02  -2.691228687763e-01 
  0.000000000000e+00  -4.904463514686e-02  -2.691228687763e-01   1.335326135159e-01   1.083311885595e-01   3.916186988354e-01   3.900045454502e-01   6.163818016648e-02   1.068164229393e+00 
  0.000000000000e+00  -3.651889041066e-02  -1.000000014901e-01  -1.118920161389e-03  -1.759098917246e-01  -1.000000014901e-01   2.132966279984e+00  -3.518291115761e-01  -1.000000014901e-01 
  1.859017372131e+00  -3.518291115761e-01  -3.666569590569e-01   5.224655270576e-01  -2.633229792118e-01  -5.028855055571e-02   5.224655270576e-01  -2.633229792118e-01  -5.028855055571e-02 
  0.000000000000e+00  -2.509740367532e-02  -3.218898773193e-01   0.000000000000e+00  -2.509740367532e-02  -3.218898773193e-01  -2.479696832597e-02   5.834993906319e-03  -2.634086310863e-01 
  1.610452830791e-01  -2.157090464607e-03   4.024842008948e-02   1.200585663319e-01  -2.208029292524e-02  -3.863960504532e-02   3.419220075011e-02  -4.198965802789e-02  -9.268327802420e-02 
  4.725752770901e-01   0.000000000000e+00  -1.000000014901e-01   4.986166059971e-01  -6.730352342129e-02  -2.285064756870e-01   2.861832976341e-01  -1.011543571949e-01  -1.310582906008e-01 
  2.861832976341e-01  -1.011543571949e-01  -1.310582906008e-01   0.000000000000e+00   1.341107301414e-02  -3.227936327457e-01   0.000000000000e+00   1.341107301414e-02  -3.227936327457e-01 
  8.315631188452e-03  -7.456432562321e-03  -3.007914721966e-01   8.835466951132e-02  -5.532904528081e-03  -1.988339275122e-01   1.172528490424e-01  -1.281274948269e-02  -1.839324384928e-01 
  7.238043099642e-02  -2.126558125019e-02  -1.880215555429e-01  -9.209782630205e-02   0.000000000000e+00  -8.849177509546e-02  -2.177989929914e-01  -1.446103584021e-02  -9.783310443163e-02 
 -4.491873383522e-01  -1.640333794057e-02   1.154643073678e-01  -4.491873383522e-01  -1.640333794057e-02   1.154643073678e-01   0.000000000000e+00   3.357061743736e-02  -3.936708569527e-01 
  0.000000000000e+00   3.357061743736e-02  -3.936708569527e-01  -1.776759512722e-02   9.746781550348e-03  -3.403255045414e-01   9.065598994493e-02   2.510731865186e-04  -4.229095876217e-01 
  9.115789085627e-02  -5.393248796463e-02  -1.000000014901e-01   0.000000000000e+00  -4.296502470970e-02  -1.000000014901e-01  -2.086976617575e-01  -4.214478656650e-03  -5.918670818210e-02 
 -8.034476637840e-01   0.000000000000e+00  -1.000000014901e-01  -8.274680376053e-01  -1.915679126978e-02   3.682783544064e-01  -8.274680376053e-01  -1.915679126978e-02   3.682783544064e-01 
  0.000000000000e+00   3.626554459333e-02  -4.753136038780e-01   0.000000000000e+00   3.626554459333e-02  -4.753136038780e-01   4.036626592278e-02   3.983479365706e-02  -2.820455431938e-01 
  2.633712887764e-01   3.994916379452e-02  -3.527996540070e-01   4.513926208019e-01  -6.183466315269e-02  -4.293064773083e-01   4.884183406830e-01  -4.725749418139e-02   1.303564757109e-02 
 -4.666166305542e-01  -3.092916682363e-02   2.178563922644e-01  -8.588701486588e-01   0.000000000000e+00   7.218828797340e-01  -8.526533246040e-01  -5.078665167093e-02   6.916744709015e-01 
 -8.526533246040e-01  -5.078665167093e-02   6.916744709015e-01   0.000000000000e+00   1.793721169233e-01  -3.347916305065e-01   0.000000000000e+00   1.793721169233e-01  -3.347916305065e-01 
  1.307957619429e-01   4.951886087656e-02  -6.909573078156e-02   4.996021389961e-01   4.165763780475e-02  -4.302945137024e-01   7.380908131599e-01   1.653634384274e-02  -6.987975239754e-01 
  5.352059602737e-01  -5.020105466247e-02  -1.000000014901e-01   0.000000000000e+00  -8.114238828421e-02  -1.000000014901e-01  -8.828182220459e-01  -1.418777108192e-01   7.044839859009e-01 
 -8.503266572952e-01  -9.116797894239e-02   6.874312758446e-01  -8.503266572952e-01  -9.116797894239e-02   6.874312758446e-01   0.000000000000e+00   0.000000000000e+00  -9.153568148613e-01 
  0.000000000000e+00   0.000000000000e+00  -9.153568148613e-01   9.466841816902e-03   0.000000000000e+00  -2.896290421486e-01   3.634209334850e-01   0.000000000000e+00  -1.107190489769e+00 
  1.074947595596e+00   0.000000000000e+00  -1.049826145172e+00   0.000000000000e+00  -1.722308993340e-02  -7.746776938438e-01  -5.692712590098e-02  -3.313617035747e-02   1.929451078176e-01 
 -8.437432050705e-01   0.000000000000e+00   6.304456591606e-01  -8.266333937645e-01  -3.178569301963e-02   3.505486845970e-01  -8.266333937645e-01  -3.178569301963e-02   3.505486845970e-01 
  0.000000000000e+00   0.000000000000e+00  -9.153568148613e-01   0.000000000000e+00   0.000000000000e+00  -9.153568148613e-01   9.466841816902e-03   0.000000000000e+00  -2.896290421486e-01 
  3.634209334850e-01   0.000000000000e+00  -1.107190489769e+00   1.074947595596e+00   0.000000000000e+00  -1.049826145172e+00   0.000000000000e+00  -1.722308993340e-02  -7.746776938438e-01 
 -5.692712590098e-02  -3.313617035747e-02   1.929451078176e-01  -8.437432050705e-01   0.000000000000e+00   6.304456591606e-01  -8.266333937645e-01  -3.178569301963e-02   3.505486845970e-01 
 -8.266333937645e-01  -3.178569301963e-02   3.505486845970e-01   0.000000000000e+00   1.165711432695e-01  -4.590743184090e-01   0.000000000000e+00   1.165711432695e-01  -4.590743184090e-01 
 -6.647645682096e-02   5.313630774617e-02   3.231837972999e-02  -3.510830700397e-01   0.000000000000e+00   1.626512557268e-01   0.000000000000e+00   0.000000000000e+00  -1.000000014901e-01 
  0.000000000000e+00  -9.381661564112e-02  -1.000000014901e-01   1.866566896439e+00   0.000000000000e+00  -1.000000014901e-01   1.866744995117e+00  -1.850122213364e-01  -1.000000014901e-01 
  7.558531761169e-01  -2.097827941179e-01  -1.000000014901e-01   7.558531761169e-01  -2.097827941179e-01  -1.000000014901e-01   0.000000000000e+00   1.165711432695e-01  -4.590743184090e-01 
  0.000000000000e+00   1.165711432695e-01  -4.590743184090e-01  -6.647645682096e-02   5.313630774617e-02   3.231837972999e-02  -3.510830700397e-01   0.000000000000e+00   1.626512557268e-01 
  0.000000000000e+00   0.000000000000e+00  -1.000000014901e-01   0.000000000000e+00  -9.381661564112e-02  -1.000000014901e-01   1.866566896439e+00   0.000000000000e+00  -1.000000014901e-01 
  1.866744995117e+00  -1.850122213364e-01  -1.000000014901e-01   7.558531761169e-01  -2.097827941179e-01  -1.000000014901e-01   7.558531761169e-01  -2.097827941179e-01  -1.000000014901e-01 
  0.000000000000e+00   7.132210582495e-02  -9.985760599375e-02   0.000000000000e+00   7.132210582495e-02  -9.985760599375e-02  -4.379731416702e-02   6.043023988605e-02   1.034481078386e-01 
 -5.649646278471e-03   4.244136437774e-02   1.732009291649e+00  -3.083919407800e-03   2.958724275231e-02  -1.000000014901e-01   1.258215750568e-03  -5.303459707648e-03  -1.000000014901e-01 
  6.522292736918e-03   0.000000000000e+00  -1.000000014901e-01   5.324447993189e-03   0.000000000000e+00  -1.000000014901e-01   2.192192245275e-03   0.000000000000e+00  -9.311652183533e-02 
  2.192192245275e-03   0.000000000000e+00  -9.311652183533e-02   0.000000000000e+00  -2.251258492470e-01  -1.895550489426e-01   0.000000000000e+00  -2.251258492470e-01  -1.895550489426e-01 
 -6.077525671571e-03  -1.205914691091e-01  -1.832611113787e-01   8.082114160061e-02  -7.484377920628e-02  -2.809342443943e-01   1.067005023360e-01  -1.707939617336e-02   7.030603885651e-01 
  2.188724465668e-03  -2.469974756241e-02  -1.000000014901e-01   0.000000000000e+00   0.000000000000e+00  -1.000000014901e-01   0.000000000000e+00   0.000000000000e+00  -1.000000014901e-01 
  0.000000000000e+00   0.000000000000e+00  -1.000000014901e-01   0.000000000000e+00   0.000000000000e+00  -1.000000014901e-01   0.000000000000e+00   3.355024755001e-02  -3.538356423378e-01 
  0.000000000000e+00   3.355024755001e-02  -3.538356423378e-01   3.133801370859e-02  -5.940515175462e-02  -1.348148733377e-01   1.797007173300e-01   0.000000000000e+00  -9.667153954506e-01 
  1.529191136360e-01  -2.866049297154e-02   8.030159473419e-01   6.822568178177e-02  -2.469974756241e-02   5.897406935692e-01   0.000000000000e+00   0.000000000000e+00  -1.000000014901e-01 
  0.000000000000e+00   0.000000000000e+00  -1.581420153379e-01   0.000000000000e+00   0.000000000000e+00   1.330224098638e-03   0.000000000000e+00   0.000000000000e+00   1.330224098638e-03 
  0.000000000000e+00   2.143275365233e-02  -3.394850790501e-01   0.000000000000e+00   2.143275365233e-02  -3.394850790501e-01  -1.695382222533e-02  -2.558341249824e-02  -2.484540939331e-01 
  2.360101491213e-01  -1.675031892955e-02   1.459239244461e+00   1.773933321238e-02  -8.280524611473e-02  -1.000000014901e-01   1.773933321238e-02  -4.846895113587e-02  -1.000000014901e-01 
  8.240718394518e-03  -9.069633088075e-04   5.527871251106e-01  -1.775925159454e-01  -3.735514183063e-04  -1.000000014901e-01  -5.283029675484e-01  -5.598044954240e-04   3.838374316692e-01 
 -5.283029675484e-01  -5.598044954240e-04   3.838374316692e-01   0.000000000000e+00   2.299512550235e-02  -4.965693056583e-01   0.000000000000e+00   2.299512550235e-02  -4.965693056583e-01 
  2.479343488812e-02   3.511479496956e-02  -1.181352064013e-01   4.230183064938e-01   1.042096875608e-02  -5.802564788610e-03   4.433519542217e-01  -1.308971345425e-01  -5.928573608398e-01 
  4.468158483505e-01  -6.075140461326e-02  -5.052075386047e-01  -4.066276829690e-03  -1.506778993644e-03   2.754446268082e-01  -4.307652413845e-01   0.000000000000e+00   7.218828797340e-01 
 -4.277333617210e-01  -3.066329844296e-02   7.125086188316e-01  -4.277333617210e-01  -3.066329844296e-02   7.125086188316e-01   0.000000000000e+00   1.426285207272e-01  -1.343826949596e-01 
  0.000000000000e+00   1.426285207272e-01  -1.343826949596e-01   7.430965453386e-02   3.791842900682e-04   2.602988779545e-01   5.635561347008e-01   1.141664455645e-03   2.380219548941e-01 
  8.969416022301e-01   0.000000000000e+00  -1.682116031647e+00   8.969416022301e-01   0.000000000000e+00  -1.266874551773e+00   0.000000000000e+00  -3.518824279308e-02  -1.000000014901e-01 
  0.000000000000e+00   0.000000000000e+00   7.381286621094e-01   0.000000000000e+00  -3.861496224999e-02   7.218828797340e-01   0.000000000000e+00  -3.861496224999e-02   7.218828797340e-01 
  0.000000000000e+00   0.000000000000e+00  -4.861515164375e-01   0.000000000000e+00   0.000000000000e+00  -4.861515164375e-01   2.604517638683e-01   0.000000000000e+00   2.690723836422e-01 
  7.104939222336e-01   0.000000000000e+00   2.849094867706e-01   8.528046011925e-01   0.000000000000e+00  -2.324923276901e+00   9.410786032677e-01   0.000000000000e+00  -2.280786275864e+00 
  0.000000000000e+00  -2.086255140603e-02  -3.516818210483e-02  -4.272570014000e-01   0.000000000000e+00  -1.000000014901e-01  -4.320866167545e-01  -2.306161448359e-02   3.257406651974e-01 
 -4.320866167545e-01  -2.306161448359e-02   3.257406651974e-01   0.000000000000e+00   0.000000000000e+00  -4.861515164375e-01   0.000000000000e+00   0.000000000000e+00  -4.861515164375e-01 
  2.604517638683e-01   0.000000000000e+00   2.690723836422e-01   7.104939222336e-01   0.000000000000e+00   2.849094867706e-01   8.528046011925e-01   0.000000000000e+00  -2.324923276901e+00 
  9.410786032677e-01   0.000000000000e+00  -2.280786275864e+00   0.000000000000e+00  -2.086255140603e-02  -3.516818210483e-02  -4.272570014000e-01   0.000000000000e+00  -1.000000014901e-01 
 -4.320866167545e-01  -2.306161448359e-02   3.257406651974e-01  -4.320866167545e-01  -2.306161448359e-02   3.257406651974e-01   0.000000000000e+00   1.424021869898e-01   2.813469432294e-02 
  0.000000000000e+00   1.424021869898e-01   2.813469432294e-02  -1.130488812923e-01   7.295675575733e-02   3.762113451958e-01   0.000000000000e+00   4.575863480568e-02   3.959628641605e-01 
  0.000000000000e+00   3.379501774907e-02  -1.000000014901e-01   0.000000000000e+00  -1.206980645657e-02  -1.656009107828e-01   7.795432955027e-02   0.000000000000e+00  -1.000000014901e-01 
  7.795713096857e-02  -2.380241267383e-02  -2.326322644949e-01   6.521060317755e-02  -3.988914936781e-02  -2.288508862257e-01   6.521060317755e-02  -3.988914936781e-02  -2.288508862257e-01 
  0.000000000000e+00   1.424021869898e-01   2.813469432294e-02   0.000000000000e+00   1.424021869898e-01   2.813469432294e-02  -1.130488812923e-01   7.295675575733e-02   3.762113451958e-01 
  0.000000000000e+00   4.575863480568e-02   3.959628641605e-01   0.000000000000e+00   3.379501774907e-02  -1.000000014901e-01   0.000000000000e+00  -1.206980645657e-02  -1.656009107828e-01 
  7.795432955027e-02   0.000000000000e+00  -1.000000014901e-01   7.795713096857e-02  -2.380241267383e-02  -2.326322644949e-01   6.521060317755e-02  -3.988914936781e-02  -2.288508862257e-01 
  6.521060317755e-02  -3.988914936781e-02  -2.288508862257e-01   0.000000000000e+00   2.291693724692e-02  -5.475158989429e-02   0.000000000000e+00   2.291693724692e-02  -5.475158989429e-02 
 -7.814604043961e-02   4.241675511003e-02   9.612271934748e-02  -4.780180007219e-02   4.295370727777e-02   5.776763558388e-01  -2.474362403154e-02   1.369141787291e-02   5.420044660568e-01 
  0.000000000000e+00   0.000000000000e+00  -2.417798638344e-01   1.412142347544e-02   0.000000000000e+00  -3.880731463432e-01   1.412142347544e-02   0.000000000000e+00  -3.844844698906e-01 
  0.000000000000e+00   0.000000000000e+00  -2.663655579090e-01   0.000000000000e+00   0.000000000000e+00  -2.663655579090e-01   0.000000000000e+00  -2.523906230927e-01  -2.804751098156e-01 
  0.000000000000e+00  -2.523906230927e-01  -2.804751098156e-01   1.753848604858e-02  -2.157617360353e-01  -1.130593940616e-01   6.963388621807e-02  -1.706685423851e-01  -1.658974587917e-01 
  0.000000000000e+00   0.000000000000e+00   1.540966868401e+00   0.000000000000e+00  -4.939949512482e-02  -1.000000014901e-01   3.343050135300e-03  -6.017787009478e-02  -3.988515138626e-01 
  2.489979751408e-02   0.000000000000e+00  -3.880731463432e-01   0.000000000000e+00   0.000000000000e+00  -1.000000014901e-01   0.000000000000e+00   0.000000000000e+00  -1.000000014901e-01 
  0.000000000000e+00  -4.137849435210e-02  -3.397647142410e-01   0.000000000000e+00  -4.137849435210e-02  -3.397647142410e-01   4.004501271993e-03  -5.288098379970e-02   2.168013453484e-01 
  2.137243598700e-01  -5.566623527557e-03  -1.918272674084e-01   1.773933321238e-02   0.000000000000e+00   3.100129365921e+00   1.773933321238e-02  -4.939949512482e-02   1.613251805305e+00 
  0.000000000000e+00  -3.862112015486e-02  -1.000000014901e-01   0.000000000000e+00   0.000000000000e+00  -2.371561825275e-01   0.000000000000e+00   0.000000000000e+00  -1.694819182158e-01 
  0.000000000000e+00   0.000000000000e+00  -1.694819182158e-01   0.000000000000e+00  -1.073766425252e-01  -2.383190244436e-01   0.000000000000e+00  -1.073766425252e-01  -2.383190244436e-01 
 -6.198543682694e-02  -8.011223375797e-02  -1.426423806697e-02   9.845095276833e-01  -1.581828854978e-02   3.248876571655e+00   9.624686092138e-02  -5.238960310817e-02   3.431400775909e+00 
 -6.076819822192e-02   0.000000000000e+00   3.352893352509e+00   0.000000000000e+00   0.000000000000e+00   1.611406207085e+00   0.000000000000e+00   0.000000000000e+00   8.849962949753e-01 
 -2.097644284368e-02   0.000000000000e+00   5.715237259865e-01  -2.097644284368e-02   0.000000000000e+00   5.715237259865e-01   0.000000000000e+00   1.255324333906e-01   5.915628373623e-02 
  0.000000000000e+00   1.255324333906e-01   5.915628373623e-02   6.924729049206e-02   7.769127190113e-02   3.643654882908e-01   9.528914690018e-01   4.196408763528e-02   3.611263632774e-01 
  0.000000000000e+00  -2.094046622515e-01   3.328097164631e-01   0.000000000000e+00   0.000000000000e+00   3.450531661510e-01   0.000000000000e+00   0.000000000000e+00  -9.807522408664e-03 
 -2.533348500729e-01   0.000000000000e+00  -1.000000014901e-01  -2.579968571663e-01  -1.392799057066e-02   2.338811755180e-01  -2.579968571663e-01  -1.392799057066e-02   2.338811755180e-01 
  0.000000000000e+00   1.320040225983e-01  -5.271167308092e-02   0.000000000000e+00   1.320040225983e-01  -5.271167308092e-02   5.964409559965e-02   7.749258540571e-03  -5.345395766199e-03 
  4.876043498516e-01   1.819436065853e-02   1.323038637638e-01   8.130896687508e-01  -1.707014739513e-01  -1.810294151306e+00   8.698312640190e-01  -9.120094776154e-02  -1.805625677109e+00 
  1.773741990328e-01  -2.129594981670e-02  -1.000000014901e-01   0.000000000000e+00   0.000000000000e+00  -1.000000014901e-01   0.000000000000e+00  -2.142680808902e-02  -1.000000014901e-01 
  0.000000000000e+00  -2.142680808902e-02  -1.000000014901e-01   0.000000000000e+00   0.000000000000e+00   2.318365871906e-01   0.000000000000e+00   0.000000000000e+00   2.318365871906e-01 
  4.360337257385e-01   0.000000000000e+00   2.743633389473e-01   1.132165789604e+00   0.000000000000e+00   5.450291037560e-01   8.969416022301e-01   0.000000000000e+00  -2.236649274826e+00 
  8.969416022301e-01   0.000000000000e+00  -2.280786275864e+00   0.000000000000e+00  -1.542015839368e-02  -5.268515646458e-02  -3.024629950523e-01   0.000000000000e+00  -1.000000014901e-01 
 -2.754009366035e-01  -1.609541662037e-02   8.574111759663e-02  -2.754009366035e-01  -1.609541662037e-02   8.574111759663e-02   0.000000000000e+00   0.000000000000e+00   2.318365871906e-01 
  0.000000000000e+00   0.000000000000e+00   2.318365871906e-01   4.360337257385e-01   0.000000000000e+00   2.743633389473e-01   1.132165789604e+00   0.000000000000e+00   5.450291037560e-01 
  8.969416022301e-01   0.000000000000e+00  -2.236649274826e+00   8.969416022301e-01   0.000000000000e+00  -2.280786275864e+00   0.000000000000e+00  -1.542015839368e-02  -5.268515646458e-02 
 -3.024629950523e-01   0.000000000000e+00  -1.000000014901e-01  -2.754009366035e-01  -1.609541662037e-02   8.574111759663e-02  -2.754009366035e-01  -1.609541662037e-02   8.574111759663e-02 
  0.000000000000e+00   1.424021869898e-01   2.813469432294e-02   0.000000000000e+00   1.424021869898e-01   2.813469432294e-02  -1.130488812923e-01   7.295675575733e-02   3.762113451958e-01 
  0.000000000000e+00   4.575863480568e-02   3.959628641605e-01   0.000000000000e+00   3.379501774907e-02  -1.000000014901e-01   0.000000000000e+00  -1.206980645657e-02  -1.656009107828e-01 
  7.795432955027e-02   0.000000000000e+00  -1.000000014901e-01   7.795713096857e-02  -2.380241267383e-02  -2.326322644949e-01   6.521060317755e-02  -3.988914936781e-02  -2.288508862257e-01 
  6.521060317755e-02  -3.988914936781e-02  -2.288508862257e-01   0.000000000000e+00   1.424021869898e-01   2.813469432294e-02   0.000000000000e+00   1.424021869898e-01   2.813469432294e-02 
 -1.130488812923e-01   7.295675575733e-02   3.762113451958e-01   0.000000000000e+00   4.575863480568e-02   3.959628641605e-01   0.000000000000e+00   3.379501774907e-02  -1.000000014901e-01 
  0.000000000000e+00  -1.206980645657e-02  -1.656009107828e-01   7.795432955027e-02   0.000000000000e+00  -1.000000014901e-01   7.795713096857e-02  -2.380241267383e-02  -2.326322644949e-01 
  6.521060317755e-02  -3.988914936781e-02  -2.288508862257e-01   6.521060317755e-02  -3.988914936781e-02  -2.288508862257e-01   0.000000000000e+00   2.291693724692e-02  -5.475158989429e-02 
  0.000000000000e+00   2.291693724692e-02  -5.475158989429e-02  -7.814604043961e-02   4.241675511003e-02   9.612271934748e-02  -4.780180007219e-02   4.295370727777e-02   5.776763558388e-01 
 -2.474362403154e-02   1.369141787291e-02   5.420044660568e-01   0.000000000000e+00   0.000000000000e+00  -2.417798638344e-01   1.412142347544e-02   0.000000000000e+00  -3.880731463432e-01 
  1.412142347544e-02   0.000000000000e+00  -3.844844698906e-01   0.000000000000e+00   0.000000000000e+00  -2.663655579090e-01   0.000000000000e+00   0.000000000000e+00  -2.663655579090e-01 
  0.000000000000e+00  -2.523906230927e-01  -2.804751098156e-01   0.000000000000e+00  -2.523906230927e-01  -2.804751098156e-01   1.753848604858e-02  -2.157617360353e-01  -1.130593940616e-01 
  6.963388621807e-02  -1.706685423851e-01  -1.658974587917e-01   0.000000000000e+00   0.000000000000e+00   1.540966868401e+00   0.000000000000e+00  -4.939949512482e-02  -1.000000014901e-01 
  3.343050135300e-03  -6.017787009478e-02  -3.988515138626e-01   2.489979751408e-02   0.000000000000e+00  -3.880731463432e-01   0.000000000000e+00   0.000000000000e+00  -1.000000014901e-01 
  0.000000000000e+00   0.000000000000e+00  -1.000000014901e-01   0.000000000000e+00  -4.137849435210e-02  -3.397647142410e-01   0.000000000000e+00  -4.137849435210e-02  -3.397647142410e-01 
  4.004501271993e-03  -5.288098379970e-02   2.168013453484e-01   2.137243598700e-01  -5.566623527557e-03  -1.918272674084e-01   1.773933321238e-02   0.000000000000e+00   3.100129365921e+00 
  1.773933321238e-02  -4.939949512482e-02   1.613251805305e+00   0.000000000000e+00  -3.862112015486e-02  -1.000000014901e-01   0.000000000000e+00   0.000000000000e+00  -2.371561825275e-01 
  0.000000000000e+00   0.000000000000e+00  -1.694819182158e-01   0.000000000000e+00   0.000000000000e+00  -1.694819182158e-01   0.000000000000e+00  -1.073766425252e-01  -2.383190244436e-01 
  0.000000000000e+00  -1.073766425252e-01  -2.383190244436e-01  -6.198543682694e-02  -8.011223375797e-02  -1.426423806697e-02   9.845095276833e-01  -1.581828854978e-02   3.248876571655e+00 
  9.624686092138e-02  -5.238960310817e-02   3.431400775909e+00  -6.076819822192e-02   0.000000000000e+00   3.352893352509e+00   0.000000000000e+00   0.000000000000e+00   1.611406207085e+00 
  0.000000000000e+00   0.000000000000e+00   8.849962949753e-01  -2.097644284368e-02   0.000000000000e+00   5.715237259865e-01  -2.097644284368e-02   0.000000000000e+00   5.715237259865e-01 
  0.000000000000e+00   1.255324333906e-01   5.915628373623e-02   0.000000000000e+00   1.255324333906e-01   5.915628373623e-02   6.924729049206e-02   7.769127190113e-02   3.643654882908e-01 
  9.528914690018e-01   4.196408763528e-02   3.611263632774e-01   0.000000000000e+00  -2.094046622515e-01   3.328097164631e-01   0.000000000000e+00   0.000000000000e+00   3.450531661510e-01 
  0.000000000000e+00   0.000000000000e+00  -9.807522408664e-03  -2.533348500729e-01   0.000000000000e+00  -1.000000014901e-01  -2.579968571663e-01  -1.392799057066e-02   2.338811755180e-01 
 -2.579968571663e-01  -1.392799057066e-02   2.338811755180e-01   0.000000000000e+00   1.320040225983e-01  -5.271167308092e-02   0.000000000000e+00   1.320040225983e-01  -5.271167308092e-02 
  5.964409559965e-02   7.749258540571e-03  -5.345395766199e-03   4.876043498516e-01   1.819436065853e-02   1.323038637638e-01   8.130896687508e-01  -1.707014739513e-01  -1.810294151306e+00 
  8.698312640190e-01  -9.120094776154e-02  -1.805625677109e+00   1.773741990328e-01  -2.129594981670e-02  -1.000000014901e-01   0.000000000000e+00   0.000000000000e+00  -1.000000014901e-01 
  0.000000000000e+00  -2.142680808902e-02  -1.000000014901e-01   0.000000000000e+00  -2.142680808902e-02  -1.000000014901e-01   0.000000000000e+00   0.000000000000e+00   2.318365871906e-01 
  0.000000000000e+00   0.000000000000e+00   2.318365871906e-01   4.360337257385e-01   0.000000000000e+00   2.743633389473e-01   1.132165789604e+00   0.000000000000e+00   5.450291037560e-01 
  8.969416022301e-01   0.000000000000e+00  -2.236649274826e+00   8.969416022301e-01   0.000000000000e+00  -2.280786275864e+00   0.000000000000e+00  -1.542015839368e-02  -5.268515646458e-02 
 -3.024629950523e-01   0.000000000000e+00  -1.000000014901e-01  -2.754009366035e-01  -1.609541662037e-02   8.574111759663e-02  -2.754009366035e-01  -1.609541662037e-02   8.574111759663e-02 
  0.000000000000e+00   0.000000000000e+00   2.318365871906e-01   0.000000000000e+00   0.000000000000e+00   2.318365871906e-01   4.360337257385e-01   0.000000000000e+00   2.743633389473e-01 
  1.132165789604e+00   0.000000000000e+00   5.450291037560e-01   8.969416022301e-01   0.000000000000e+00  -2.236649274826e+00   8.969416022301e-01   0.000000000000e+00  -2.280786275864e+00 
  0.000000000000e+00  -1.542015839368e-02  -5.268515646458e-02  -3.024629950523e-01   0.000000000000e+00  -1.000000014901e-01  -2.754009366035e-01  -1.609541662037e-02   8.574111759663e-02 
 -2.754009366035e-01  -1.609541662037e-02   8.574111759663e-02 

