# vtk DataFile Version 2.0
Written using VisIt writer
ASCII
DATASET RECTILINEAR_GRID
DIMENSIONS 10 10 10
X_COORDINATES 10 float
  0.000000000000e+00   5.000000000000e-01   1.000000000000e+00   1.500000000000e+00   2.000000000000e+00   2.500000000000e+00   3.000000000000e+00   3.500000000000e+00   4.000000000000e+00 
  4.500000000000e+00 
Y_COORDINATES 10 float
  0.000000000000e+00   5.000000000000e-01   1.000000000000e+00   1.500000000000e+00   2.000000000000e+00   2.500000000000e+00   3.000000000000e+00   3.500000000000e+00   4.000000000000e+00 
  4.500000000000e+00 
Z_COORDINATES 10 float
  0.000000000000e+00   5.000000000000e-01   1.000000000000e+00   1.500000000000e+00   2.000000000000e+00   2.500000000000e+00   3.000000000000e+00   3.500000000000e+00   4.000000000000e+00 
  4.500000000000e+00 
CELL_DATA 729
POINT_DATA 1000
VECTORS velocity float
  0.000000000000e+00  -1.340560764074e-01  -2.744482457638e-01   3.251200000000e+04   0.000000000000e+00   0.000000000000e+00   0.000000000000e+00   0.000000000000e+00   0.000000000000e+00 
 -6.815640628338e-02  -1.242982298136e-01  -2.925055921078e-01   0.000000000000e+00   0.000000000000e+00   0.000000000000e+00   0.000000000000e+00   1.431655808000e+09   1.070945600000e+09 
 -1.672061979771e-01  -1.548469364643e-01  -3.383516669273e-01   1.071994176000e+09   0.000000000000e+00   0.000000000000e+00   0.000000000000e+00   0.000000000000e+00   0.000000000000e+00 
 -6.675612926483e-02  -1.823758333921e-01  -4.630660414696e-01   0.000000000000e+00  -1.340560764074e-01  -2.744482457638e-01   1.070945600000e+09   0.000000000000e+00   0.000000000000e+00 
 -1.414470225573e-01  -1.542007029057e-01  -3.147224187851e-01  -6.815640628338e-02  -1.242982298136e-01  -2.925055921078e-01   1.431655808000e+09   1.070945600000e+09   0.000000000000e+00 
 -8.580101281404e-02  -1.196253746748e-01  -2.618737220764e-01  -1.672061979771e-01  -1.548469364643e-01  -3.383516669273e-01   0.000000000000e+00   0.000000000000e+00   1.071644672000e+09 
 -6.675612926483e-02  -1.823758333921e-01  -4.630660414696e-01  -6.675612926483e-02  -1.823758333921e-01  -4.630660414696e-01   0.000000000000e+00   4.584968835115e-02  -2.361618131399e-01 
  0.000000000000e+00   4.584968835115e-02  -2.361618131399e-01  -2.141312360764e-01   6.366059929132e-02  -2.723068296909e-01  -1.485768854618e-01  -4.077427834272e-02  -3.009811639786e-01 
 -1.472492814064e-01  -1.010361760855e-01  -3.835233747959e-01   5.961900204420e-02   3.313208743930e-02  -2.797707319260e-01   1.667173765600e-02   7.944837212563e-02  -2.721008658409e-01 
 -1.725576585159e-03   1.073614507914e-01  -2.534435987473e-01  -2.821455523372e-02   9.256108105183e-02  -3.010260164738e-01  -2.821455523372e-02   9.256108105183e-02  -3.010260164738e-01 
  0.000000000000e+00  -1.201635599136e-02  -2.391657680273e-01   0.000000000000e+00  -1.201635599136e-02  -2.391657680273e-01  -2.066239267588e-01   3.286718204618e-02  -2.699425518513e-01 
 -8.904950320721e-02   1.186547428370e-02  -2.493505328894e-01  -9.965608268976e-02  -2.781169675291e-02  -2.693944871426e-01  -9.116623550653e-02   1.959649659693e-02  -2.740240693092e-01 
 -1.377795338631e-01   1.124399714172e-02  -3.879675865173e-01   5.082270875573e-02   6.268612109125e-03  -2.813406586647e-01   2.585999853909e-02  -4.998483881354e-02  -2.940039336681e-01 
  2.585999853909e-02  -4.998483881354e-02  -2.940039336681e-01   0.000000000000e+00  -5.523466691375e-02  -2.455825060606e-01   0.000000000000e+00  -5.523466691375e-02  -2.455825060606e-01 
 -1.871037781239e-01  -9.400166571140e-02  -3.472205698490e-01   4.359687492251e-02  -4.074502363801e-02  -2.988032996655e-01  -8.055849932134e-03  -2.583204209805e-02  -2.733914554119e-01 
 -9.248350560665e-02   6.619891524315e-02  -2.565237581730e-01  -1.793557852507e-01   6.706801801920e-02  -3.137232363224e-01  -1.273399740458e-01  -5.739974603057e-02  -3.195818662643e-01 
 -1.004974022508e-01  -9.500145912170e-02  -4.291025102139e-01  -1.004974022508e-01  -9.500145912170e-02  -4.291025102139e-01   0.000000000000e+00   4.843335971236e-02  -2.109153866768e-01 
  0.000000000000e+00   4.843335971236e-02  -2.109153866768e-01  -1.829339414835e-01   8.700117468834e-02  -2.590084671974e-01  -1.541119068861e-01   8.609180152416e-02  -3.281404972076e-01 
 -1.622528582811e-01   5.777469649911e-02  -3.798465728760e-01   3.200920298696e-02   9.492511302233e-02  -2.718290388584e-01  -1.498715393245e-02   7.421189546585e-02  -2.802959084511e-01 
 -4.855152964592e-02   5.992893129587e-02  -2.474910765886e-01  -6.539570540190e-02   5.761713162065e-02  -2.749997079372e-01  -6.539570540190e-02   5.761713162065e-02  -2.749997079372e-01 
  0.000000000000e+00  -2.455209568143e-02  -2.427069842815e-01   0.000000000000e+00  -2.455209568143e-02  -2.427069842815e-01  -2.118504643440e-01   6.129716988653e-03  -2.922166883945e-01 
 -1.218780949712e-01   8.526682108641e-02  -2.776355147362e-01  -1.507069915533e-01   1.244941651821e-01  -2.754758000374e-01  -1.189806461334e-01   3.575675934553e-02  -3.059176206589e-01 
 -1.285969316959e-01   2.985086175613e-04  -4.330592155457e-01   5.509448423982e-02  -3.144547715783e-02  -3.045682013035e-01   5.557376518846e-02  -4.135992377996e-02  -3.302658796310e-01 
  5.557376518846e-02  -4.135992377996e-02  -3.302658796310e-01   0.000000000000e+00  -1.064325571060e-01  -2.578915655613e-01   0.000000000000e+00  -1.064325571060e-01  -2.578915655613e-01 
 -2.082776725292e-01  -3.174481913447e-02  -3.216537833214e-01  -2.960974723101e-02   2.948081865907e-02  -2.561344504356e-01  -3.217905387282e-02   6.042287871242e-02  -2.396738231182e-01 
 -6.066444143653e-02   9.152698516846e-02  -2.280894219875e-01  -9.734775125980e-02   3.293190523982e-02  -2.727990448475e-01  -7.198789715767e-02  -1.280596852303e-01  -3.103972971439e-01 
 -3.365308046341e-02  -1.697082668543e-01  -3.950625658035e-01  -3.365308046341e-02  -1.697082668543e-01  -3.950625658035e-01   0.000000000000e+00   0.000000000000e+00  -2.191625386477e-01 
  0.000000000000e+00   0.000000000000e+00  -2.191625386477e-01  -2.002740502357e-01   0.000000000000e+00  -2.881712019444e-01  -1.426515132189e-01   0.000000000000e+00  -3.103812932968e-01 
 -1.135536357760e-01   0.000000000000e+00  -3.463571667671e-01   1.363705545664e-01   0.000000000000e+00  -2.406144440174e-01   8.026950061321e-02   0.000000000000e+00  -2.437750101089e-01 
  1.791469007730e-02   0.000000000000e+00  -2.577174007893e-01   1.171532198787e-01   0.000000000000e+00  -2.892429530621e-01   1.171532198787e-01   0.000000000000e+00  -2.892429530621e-01 
  0.000000000000e+00   0.000000000000e+00  -2.191625386477e-01   0.000000000000e+00   0.000000000000e+00  -2.191625386477e-01  -2.002740502357e-01   0.000000000000e+00  -2.881712019444e-01 
 -1.426515132189e-01   0.000000000000e+00  -3.103812932968e-01  -1.135536357760e-01   0.000000000000e+00  -3.463571667671e-01   1.363705545664e-01   0.000000000000e+00  -2.406144440174e-01 
  8.026950061321e-02   0.000000000000e+00  -2.437750101089e-01   1.791469007730e-02   0.000000000000e+00  -2.577174007893e-01   1.171532198787e-01   0.000000000000e+00  -2.892429530621e-01 
  1.171532198787e-01   0.000000000000e+00  -2.892429530621e-01   0.000000000000e+00  -1.340560764074e-01  -2.744482457638e-01   0.000000000000e+00  -1.340560764074e-01  -2.744482457638e-01 
 -1.414470225573e-01  -1.542007029057e-01  -3.147224187851e-01  -6.815640628338e-02  -1.242982298136e-01  -2.925055921078e-01  -7.746667414904e-02  -1.254089623690e-01  -2.678081095219e-01 
 -8.580101281404e-02  -1.196253746748e-01  -2.618737220764e-01  -1.672061979771e-01  -1.548469364643e-01  -3.383516669273e-01  -1.065373420715e-01  -1.619414240122e-01  -3.385752439499e-01 
 -6.675612926483e-02  -1.823758333921e-01  -4.630660414696e-01  -6.675612926483e-02  -1.823758333921e-01  -4.630660414696e-01   0.000000000000e+00  -1.340560764074e-01  -2.744482457638e-01 
  0.000000000000e+00  -1.340560764074e-01  -2.744482457638e-01  -1.414470225573e-01  -1.542007029057e-01  -3.147224187851e-01  -6.815640628338e-02  -1.242982298136e-01  -2.925055921078e-01 
 -7.746667414904e-02  -1.254089623690e-01  -2.678081095219e-01  -8.580101281404e-02  -1.196253746748e-01  -2.618737220764e-01  -1.672061979771e-01  -1.548469364643e-01  -3.383516669273e-01 
 -1.065373420715e-01  -1.619414240122e-01  -3.385752439499e-01  -6.675612926483e-02  -1.823758333921e-01  -4.630660414696e-01  -6.675612926483e-02  -1.823758333921e-01  -4.630660414696e-01 
  0.000000000000e+00   4.584968835115e-02  -2.361618131399e-01   0.000000000000e+00   4.584968835115e-02  -2.361618131399e-01  -2.141312360764e-01   6.366059929132e-02  -2.723068296909e-01 
 -1.485768854618e-01  -4.077427834272e-02  -3.009811639786e-01  -1.472492814064e-01  -1.010361760855e-01  -3.835233747959e-01   5.961900204420e-02   3.313208743930e-02  -2.797707319260e-01 
  1.667173765600e-02   7.944837212563e-02  -2.721008658409e-01  -1.725576585159e-03   1.073614507914e-01  -2.534435987473e-01  -2.821455523372e-02   9.256108105183e-02  -3.010260164738e-01 
 -2.821455523372e-02   9.256108105183e-02  -3.010260164738e-01   0.000000000000e+00  -1.201635599136e-02  -2.391657680273e-01   0.000000000000e+00  -1.201635599136e-02  -2.391657680273e-01 
 -2.066239267588e-01   3.286718204618e-02  -2.699425518513e-01  -8.904950320721e-02   1.186547428370e-02  -2.493505328894e-01  -9.965608268976e-02  -2.781169675291e-02  -2.693944871426e-01 
 -9.116623550653e-02   1.959649659693e-02  -2.740240693092e-01  -1.377795338631e-01   1.124399714172e-02  -3.879675865173e-01   5.082270875573e-02   6.268612109125e-03  -2.813406586647e-01 
  2.585999853909e-02  -4.998483881354e-02  -2.940039336681e-01   2.585999853909e-02  -4.998483881354e-02  -2.940039336681e-01   0.000000000000e+00  -5.523466691375e-02  -2.455825060606e-01 
  0.000000000000e+00  -5.523466691375e-02  -2.455825060606e-01  -1.871037781239e-01  -9.400166571140e-02  -3.472205698490e-01   4.359687492251e-02  -4.074502363801e-02  -2.988032996655e-01 
 -8.055849932134e-03  -2.583204209805e-02  -2.733914554119e-01  -9.248350560665e-02   6.619891524315e-02  -2.565237581730e-01  -1.793557852507e-01   6.706801801920e-02  -3.137232363224e-01 
 -1.273399740458e-01  -5.739974603057e-02  -3.195818662643e-01  -1.004974022508e-01  -9.500145912170e-02  -4.291025102139e-01  -1.004974022508e-01  -9.500145912170e-02  -4.291025102139e-01 
  0.000000000000e+00   4.843335971236e-02  -2.109153866768e-01   0.000000000000e+00   4.843335971236e-02  -2.109153866768e-01  -1.829339414835e-01   8.700117468834e-02  -2.590084671974e-01 
 -1.541119068861e-01   8.609180152416e-02  -3.281404972076e-01  -1.622528582811e-01   5.777469649911e-02  -3.798465728760e-01   3.200920298696e-02   9.492511302233e-02  -2.718290388584e-01 
 -1.498715393245e-02   7.421189546585e-02  -2.802959084511e-01  -4.855152964592e-02   5.992893129587e-02  -2.474910765886e-01  -6.539570540190e-02   5.761713162065e-02  -2.749997079372e-01 
 -6.539570540190e-02   5.761713162065e-02  -2.749997079372e-01   0.000000000000e+00  -2.455209568143e-02  -2.427069842815e-01   0.000000000000e+00  -2.455209568143e-02  -2.427069842815e-01 
 -2.118504643440e-01   6.129716988653e-03  -2.922166883945e-01  -1.218780949712e-01   8.526682108641e-02  -2.776355147362e-01  -1.507069915533e-01   1.244941651821e-01  -2.754758000374e-01 
 -1.189806461334e-01   3.575675934553e-02  -3.059176206589e-01  -1.285969316959e-01   2.985086175613e-04  -4.330592155457e-01   5.509448423982e-02  -3.144547715783e-02  -3.045682013035e-01 
  5.557376518846e-02  -4.135992377996e-02  -3.302658796310e-01   5.557376518846e-02  -4.135992377996e-02  -3.302658796310e-01   0.000000000000e+00  -1.064325571060e-01  -2.578915655613e-01 
  0.000000000000e+00  -1.064325571060e-01  -2.578915655613e-01  -2.082776725292e-01  -3.174481913447e-02  -3.216537833214e-01  -2.960974723101e-02   2.948081865907e-02  -2.561344504356e-01 
 -3.217905387282e-02   6.042287871242e-02  -2.396738231182e-01  -6.066444143653e-02   9.152698516846e-02  -2.280894219875e-01  -9.734775125980e-02   3.293190523982e-02  -2.727990448475e-01 
 -7.198789715767e-02  -1.280596852303e-01  -3.103972971439e-01  -3.365308046341e-02  -1.697082668543e-01  -3.950625658035e-01  -3.365308046341e-02  -1.697082668543e-01  -3.950625658035e-01 
  0.000000000000e+00   0.000000000000e+00  -2.191625386477e-01   0.000000000000e+00   0.000000000000e+00  -2.191625386477e-01  -2.002740502357e-01   0.000000000000e+00  -2.881712019444e-01 
 -1.426515132189e-01   0.000000000000e+00  -3.103812932968e-01  -1.135536357760e-01   0.000000000000e+00  -3.463571667671e-01   1.363705545664e-01   0.000000000000e+00  -2.406144440174e-01 
  8.026950061321e-02   0.000000000000e+00  -2.437750101089e-01   1.791469007730e-02   0.000000000000e+00  -2.577174007893e-01   1.171532198787e-01   0.000000000000e+00  -2.892429530621e-01 
  1.171532198787e-01   0.000000000000e+00  -2.892429530621e-01   0.000000000000e+00   0.000000000000e+00  -2.191625386477e-01   0.000000000000e+00   0.000000000000e+00  -2.191625386477e-01 
 -2.002740502357e-01   0.000000000000e+00  -2.881712019444e-01  -1.426515132189e-01   0.000000000000e+00  -3.103812932968e-01  -1.135536357760e-01   0.000000000000e+00  -3.463571667671e-01 
  1.363705545664e-01   0.000000000000e+00  -2.406144440174e-01   8.026950061321e-02   0.000000000000e+00  -2.437750101089e-01   1.791469007730e-02   0.000000000000e+00  -2.577174007893e-01 
  1.171532198787e-01   0.000000000000e+00  -2.892429530621e-01   1.171532198787e-01   0.000000000000e+00  -2.892429530621e-01   0.000000000000e+00  -1.185197979212e-01  -3.065436184406e-01 
  0.000000000000e+00  -1.185197979212e-01  -3.065436184406e-01  -6.994440406561e-02  -1.435621380806e-01  -7.520822882652e-01  -1.302213817835e-01  -1.611384302378e-01  -1.195996522903e+00 
 -1.232551932335e-01  -1.709990054369e-01  -1.126619219780e+00  -3.845990821719e-02  -1.704046130180e-01  -1.146147966385e+00  -7.290220260620e-02  -1.821189820766e-01  -1.130324006081e+00 
 -2.216170914471e-02  -1.824751645327e-01  -1.096663355827e+00   2.989034913480e-02  -1.809932142496e-01  -1.045376896858e+00   2.989034913480e-02  -1.809932142496e-01  -1.045376896858e+00 
  0.000000000000e+00  -1.185197979212e-01  -3.065436184406e-01   0.000000000000e+00  -1.185197979212e-01  -3.065436184406e-01  -6.994440406561e-02  -1.435621380806e-01  -7.520822882652e-01 
 -1.302213817835e-01  -1.611384302378e-01  -1.195996522903e+00  -1.232551932335e-01  -1.709990054369e-01  -1.126619219780e+00  -3.845990821719e-02  -1.704046130180e-01  -1.146147966385e+00 
 -7.290220260620e-02  -1.821189820766e-01  -1.130324006081e+00  -2.216170914471e-02  -1.824751645327e-01  -1.096663355827e+00   2.989034913480e-02  -1.809932142496e-01  -1.045376896858e+00 
  2.989034913480e-02  -1.809932142496e-01  -1.045376896858e+00   0.000000000000e+00   5.177121609449e-03  -3.481516242027e-01   0.000000000000e+00   5.177121609449e-03  -3.481516242027e-01 
 -7.568244636059e-02  -3.341828286648e-02  -7.466549277306e-01  -1.381400674582e-01  -1.920465193689e-02  -1.125058054924e+00  -1.339834928513e-01  -4.366622865200e-02  -1.019790410995e+00 
 -5.494621396065e-02  -4.153607785702e-02  -1.112207531929e+00  -4.656560346484e-02  -3.095551021397e-02  -1.117080569267e+00  -2.118132822216e-02  -2.772411517799e-02  -1.118685245514e+00 
  5.126253515482e-02  -9.260538034141e-03  -1.096768975258e+00   5.126253515482e-02  -9.260538034141e-03  -1.096768975258e+00   0.000000000000e+00   3.761651366949e-02  -3.129320442677e-01 
  0.000000000000e+00   3.761651366949e-02  -3.129320442677e-01  -2.045210264623e-02   2.000137865543e-01  -5.951170325279e-01  -1.411601603031e-01   1.328389644623e-01  -1.172797918320e+00 
 -1.276562064886e-01   1.214937120676e-01  -1.093492269516e+00  -1.349354069680e-02   1.424025148153e-01  -1.083499908447e+00  -5.601578578353e-02   1.304343342781e-01  -1.015561223030e+00 
 -2.420517802238e-02   1.407765448093e-01  -1.139950156212e+00   4.861250519753e-02   1.427605003119e-01  -1.139708638191e+00   4.861250519753e-02   1.427605003119e-01  -1.139708638191e+00 
  0.000000000000e+00  -2.494050748646e-02  -3.311587274075e-01   0.000000000000e+00  -2.494050748646e-02  -3.311587274075e-01  -6.973750144243e-02  -3.923193737864e-02  -6.739122271538e-01 
 -1.242667213082e-01  -4.219545796514e-02  -1.186922311783e+00  -9.394568204880e-02  -1.651451177895e-02  -1.069760322571e+00  -2.582556568086e-02  -9.899104945362e-03  -1.037311673164e+00 
 -5.599677190185e-02   3.843532176688e-03  -1.020884513855e+00  -3.096381761134e-02   3.210782771930e-03  -1.061872720718e+00   2.557496540248e-02   2.632459159940e-03  -1.027383804321e+00 
  2.557496540248e-02   2.632459159940e-03  -1.027383804321e+00   0.000000000000e+00   2.707538008690e-02  -5.372450947762e-01   0.000000000000e+00   2.707538008690e-02  -5.372450947762e-01 
 -5.457803979516e-02  -3.313697176054e-03  -8.017482757568e-01  -1.493434309959e-01  -5.539594590664e-02  -1.129429817200e+00  -8.718913048506e-02  -4.416286945343e-02  -1.015832066536e+00 
 -3.320448799059e-03  -3.022372350097e-02  -1.085139274597e+00  -5.402503907681e-02  -2.893833816051e-02  -1.098334312439e+00  -2.847142145038e-02  -1.430916227400e-02  -1.163450121880e+00 
  6.352044641972e-02  -1.095401588827e-02  -1.142804026604e+00   6.352044641972e-02  -1.095401588827e-02  -1.142804026604e+00   0.000000000000e+00  -5.660216324031e-03  -3.614565134048e-01 
  0.000000000000e+00  -5.660216324031e-03  -3.614565134048e-01  -3.980798646808e-02   2.282734215260e-02  -7.090449929237e-01  -1.412480920553e-01   3.810594230890e-02  -1.197514057159e+00 
 -7.995956391096e-02   5.408200621605e-02  -1.088615417480e+00   5.990596488118e-03   7.114031165838e-02  -1.029944300652e+00  -5.185873061419e-02   8.942350000143e-02  -1.013124585152e+00 
 -3.887374699116e-02   9.165427833796e-02  -1.120651602745e+00   5.944846197963e-02   9.177313745022e-02  -1.122779130936e+00   5.944846197963e-02   9.177313745022e-02  -1.122779130936e+00 
  0.000000000000e+00  -6.862324476242e-02  -2.487031966448e-01   0.000000000000e+00  -6.862324476242e-02  -2.487031966448e-01  -5.432432889938e-02  -1.042045131326e-01  -6.608666777611e-01 
 -1.181334108114e-01  -8.877020329237e-02  -1.188032627106e+00  -5.823468044400e-02  -7.031958550215e-02  -1.070126175880e+00   2.709275670350e-02  -6.010288372636e-02  -1.075128197670e+00 
 -3.297923132777e-02  -5.760711431503e-02  -1.026561617851e+00  -2.471883408725e-02  -4.702158644795e-02  -1.063723683357e+00   2.080356329679e-02  -6.138524413109e-02  -9.695476293564e-01 
  2.080356329679e-02  -6.138524413109e-02  -9.695476293564e-01   0.000000000000e+00   0.000000000000e+00  -4.298564791679e-01   0.000000000000e+00   0.000000000000e+00  -4.298564791679e-01 
 -6.642861664295e-02   0.000000000000e+00  -8.914667963982e-01  -1.583062261343e-01   0.000000000000e+00  -1.194641351700e+00  -4.657001420856e-02   0.000000000000e+00  -1.051953434944e+00 
  2.949163503945e-02   0.000000000000e+00  -1.135635852814e+00  -1.450970210135e-02   0.000000000000e+00  -1.053749799728e+00  -4.656631872058e-02   0.000000000000e+00  -1.129752993584e+00 
  6.786292046309e-02   0.000000000000e+00  -1.120780706406e+00   6.786292046309e-02   0.000000000000e+00  -1.120780706406e+00   0.000000000000e+00   0.000000000000e+00  -4.298564791679e-01 
  0.000000000000e+00   0.000000000000e+00  -4.298564791679e-01  -6.642861664295e-02   0.000000000000e+00  -8.914667963982e-01  -1.583062261343e-01   0.000000000000e+00  -1.194641351700e+00 
 -4.657001420856e-02   0.000000000000e+00  -1.051953434944e+00   2.949163503945e-02   0.000000000000e+00  -1.135635852814e+00  -1.450970210135e-02   0.000000000000e+00  -1.053749799728e+00 
 -4.656631872058e-02   0.000000000000e+00  -1.129752993584e+00   6.786292046309e-02   0.000000000000e+00  -1.120780706406e+00   6.786292046309e-02   0.000000000000e+00  -1.120780706406e+00 
  0.000000000000e+00  -4.985339939594e-02  -3.136651813984e-01   0.000000000000e+00  -4.985339939594e-02  -3.136651813984e-01   7.998408377171e-02  -3.077892959118e-02  -5.027142167091e-01 
 -4.539354518056e-02  -2.018308639526e-02  -8.769778013229e-01  -1.654059588909e-01  -4.944854974747e-02  -8.322996497154e-01  -3.444756940007e-02  -4.926022514701e-02  -9.093519449234e-01 
 -6.830498576164e-02  -5.524357780814e-02  -8.961487412453e-01  -1.935584470630e-02  -5.482328683138e-02  -8.887763619423e-01   8.638445287943e-03  -5.643769353628e-02  -9.002768993378e-01 
  8.638445287943e-03  -5.643769353628e-02  -9.002768993378e-01   0.000000000000e+00  -4.985339939594e-02  -3.136651813984e-01   0.000000000000e+00  -4.985339939594e-02  -3.136651813984e-01 
  7.998408377171e-02  -3.077892959118e-02  -5.027142167091e-01  -4.539354518056e-02  -2.018308639526e-02  -8.769778013229e-01  -1.654059588909e-01  -4.944854974747e-02  -8.322996497154e-01 
 -3.444756940007e-02  -4.926022514701e-02  -9.093519449234e-01  -6.830498576164e-02  -5.524357780814e-02  -8.961487412453e-01  -1.935584470630e-02  -5.482328683138e-02  -8.887763619423e-01 
  8.638445287943e-03  -5.643769353628e-02  -9.002768993378e-01   8.638445287943e-03  -5.643769353628e-02  -9.002768993378e-01   0.000000000000e+00  -3.912893589586e-04  -1.616301536560e-01 
  0.000000000000e+00  -3.912893589586e-04  -1.616301536560e-01   9.422461688519e-02  -4.534036293626e-02  -4.292940199375e-01  -7.453235238791e-02  -4.787500202656e-02  -8.848145008087e-01 
 -1.836958229542e-01  -7.654760777950e-02  -7.882301807404e-01  -3.585403412580e-02  -6.512270122766e-02  -8.571572899818e-01  -4.954011738300e-02  -8.747942745686e-02  -8.566091656685e-01 
 -3.523482754827e-02  -7.825361192226e-02  -8.358254432678e-01   4.980223625898e-02  -3.618665784597e-02  -8.450704813004e-01   4.980223625898e-02  -3.618665784597e-02  -8.450704813004e-01 
  0.000000000000e+00   5.199454352260e-02  -2.459211796522e-01   0.000000000000e+00   5.199454352260e-02  -2.459211796522e-01   7.796676456928e-02   2.582034841180e-02  -4.116492867470e-01 
 -9.487299248576e-03   1.025753170252e-01  -8.529109358788e-01  -1.546349376440e-01   7.333792746067e-02  -8.387010097504e-01  -1.576589420438e-02   8.076135814190e-02  -8.794496059418e-01 
 -6.547371298075e-02   7.013982627541e-03  -9.253145456314e-01  -2.368920668960e-02   7.332215458155e-02  -9.441573023796e-01   4.834302142262e-02   2.233601920307e-02  -8.299348950386e-01 
  4.834302142262e-02   2.233601920307e-02  -8.299348950386e-01   0.000000000000e+00   4.095065593719e-02  -2.722295224667e-01   0.000000000000e+00   4.095065593719e-02  -2.722295224667e-01 
  7.178733497858e-02  -4.283558204770e-02  -4.366850256920e-01  -2.300494536757e-02  -2.954788319767e-02  -8.928328752518e-01  -7.435923069715e-02   1.233225408942e-02  -8.034210205078e-01 
 -2.756429649889e-02   9.077586233616e-03  -8.277690410614e-01  -6.323438882828e-02   4.132004454732e-02  -7.839382290840e-01  -6.784788519144e-02  -9.528866969049e-03  -8.513439893723e-01 
  4.576455056667e-02  -4.692327976227e-02  -8.432077169418e-01   4.576455056667e-02  -4.692327976227e-02  -8.432077169418e-01   0.000000000000e+00   9.383010119200e-02  -8.151239156723e-02 
  0.000000000000e+00   9.383010119200e-02  -8.151239156723e-02   1.449515223503e-01   8.521399646997e-02  -1.864504516125e-01  -1.658624708652e-01  -6.174895912409e-02  -9.392989277840e-01 
 -6.475272029638e-02  -4.487590491772e-02  -7.405345439911e-01  -2.930302545428e-02  -4.851715639234e-02  -9.037126302719e-01  -6.957544386387e-02  -4.707330092788e-02  -8.445765972137e-01 
 -4.054611548781e-02   2.092193346471e-03  -8.820608258247e-01   6.039190664887e-02  -2.876174449921e-02  -8.816658854485e-01   6.039190664887e-02  -2.876174449921e-02  -8.816658854485e-01 
  0.000000000000e+00  -2.824757806957e-02  -2.208528518677e-01   0.000000000000e+00  -2.824757806957e-02  -2.208528518677e-01   1.320219188929e-01   4.750245064497e-02  -3.535929918289e-01 
 -1.577608436346e-01   6.484887748957e-02  -9.210325479507e-01  -5.557223781943e-02   1.044114306569e-01  -8.527031540871e-01  -5.187343806028e-02   7.704368978739e-02  -8.925908207893e-01 
 -5.034250766039e-02   1.320637017488e-01  -8.319685459137e-01  -4.508179798722e-02   1.149685084820e-01  -8.918610811234e-01   5.400731414557e-02   9.920269250870e-02  -8.796517848969e-01 
  5.400731414557e-02   9.920269250870e-02  -8.796517848969e-01   0.000000000000e+00  -7.582835108042e-02  -2.458071857691e-01   0.000000000000e+00  -7.582835108042e-02  -2.458071857691e-01 
  1.311998069286e-01  -8.391683548689e-02  -3.607771694660e-01  -1.348232775927e-01  -4.523224011064e-02  -8.927820920944e-01  -3.299353271723e-02  -3.166697546840e-02  -8.514116406441e-01 
  6.433957815170e-02  -6.841083522886e-03  -8.630509376526e-01   2.990555949509e-02  -2.867870405316e-02  -7.984524965286e-01  -5.656944215298e-02  -3.379477560520e-02  -8.296109437943e-01 
  4.933583363891e-02  -5.098325014114e-02  -7.139473557472e-01   4.933583363891e-02  -5.098325014114e-02  -7.139473557472e-01   0.000000000000e+00   0.000000000000e+00  -2.257129549980e-01 
  0.000000000000e+00   0.000000000000e+00  -2.257129549980e-01   1.365388482809e-01  -8.372745696761e-07  -2.728448212147e-01  -1.682112067938e-01   0.000000000000e+00  -1.002317309380e+00 
 -7.752384990454e-03   0.000000000000e+00  -7.875332832336e-01   1.015869230032e-01   0.000000000000e+00  -9.212102293968e-01   1.575140953064e-01  -1.479316706536e-04  -7.590563893318e-01 
 -4.991580173373e-02   0.000000000000e+00  -8.341499567032e-01   1.185492724180e-01   0.000000000000e+00  -7.905989289284e-01   1.185492724180e-01   0.000000000000e+00  -7.905989289284e-01 
  0.000000000000e+00   0.000000000000e+00  -2.257129549980e-01   0.000000000000e+00   0.000000000000e+00  -2.257129549980e-01   1.365388482809e-01  -8.372745696761e-07  -2.728448212147e-01 
 -1.682112067938e-01   0.000000000000e+00  -1.002317309380e+00  -7.752384990454e-03   0.000000000000e+00  -7.875332832336e-01   1.015869230032e-01   0.000000000000e+00  -9.212102293968e-01 
  1.575140953064e-01  -1.479316706536e-04  -7.590563893318e-01  -4.991580173373e-02   0.000000000000e+00  -8.341499567032e-01   1.185492724180e-01   0.000000000000e+00  -7.905989289284e-01 
  1.185492724180e-01   0.000000000000e+00  -7.905989289284e-01   0.000000000000e+00   2.395609766245e-02  -3.283223882318e-02   0.000000000000e+00   2.395609766245e-02  -3.283223882318e-02 
  4.165179654956e-02   8.918514475226e-03  -4.276080727577e-01   0.000000000000e+00  -4.262825846672e-02  -1.087529182434e+00   0.000000000000e+00  -4.350732266903e-02  -9.806869029999e-01 
 -3.453340008855e-02  -1.232794523239e-01  -1.062533736229e+00  -5.373404547572e-02   0.000000000000e+00  -1.070531010628e+00  -3.659479692578e-02  -1.040801554918e-01  -1.032505035400e+00 
  6.301487796009e-03  -5.501502379775e-02  -1.032169699669e+00   6.301487796009e-03  -5.501502379775e-02  -1.032169699669e+00   0.000000000000e+00   2.395609766245e-02  -3.283223882318e-02 
  0.000000000000e+00   2.395609766245e-02  -3.283223882318e-02   4.165179654956e-02   8.918514475226e-03  -4.276080727577e-01   0.000000000000e+00  -4.262825846672e-02  -1.087529182434e+00 
  0.000000000000e+00  -4.350732266903e-02  -9.806869029999e-01  -3.453340008855e-02  -1.232794523239e-01  -1.062533736229e+00  -5.373404547572e-02   0.000000000000e+00  -1.070531010628e+00 
 -3.659479692578e-02  -1.040801554918e-01  -1.032505035400e+00   6.301487796009e-03  -5.501502379775e-02  -1.032169699669e+00   6.301487796009e-03  -5.501502379775e-02  -1.032169699669e+00 
  0.000000000000e+00   3.605721890926e-02  -2.742301821709e-01   0.000000000000e+00   3.605721890926e-02  -2.742301821709e-01   2.517881244421e-02   4.803338553756e-03  -3.241285383701e-01 
 -2.352462895215e-02  -6.077734008431e-02  -8.903067111969e-01  -1.172549128532e-01  -8.534341305494e-02  -9.161829352379e-01   0.000000000000e+00  -2.677353322506e-01  -6.053317189217e-01 
 -3.272591158748e-02  -4.911306500435e-01  -7.520861923695e-02  -5.819335207343e-02  -2.114716023207e-01  -3.297228515148e-01   6.716642063111e-03  -6.596006453037e-02  -4.366495832801e-02 
  6.716642063111e-03  -6.596006453037e-02  -4.366495832801e-02   0.000000000000e+00   6.080013513565e-02  -1.106838434935e-01   0.000000000000e+00   6.080013513565e-02  -1.106838434935e-01 
 -1.008225884289e-02   3.827398642898e-02  -3.281221389771e-01  -2.118610963225e-02   5.612977221608e-02  -7.523627281189e-01  -1.116699278355e-01   0.000000000000e+00  -8.422482013702e-01 
 -3.582271561027e-02  -2.917386889458e-01  -4.641473293304e-01  -2.868030965328e-02  -5.165981054306e-01  -6.830333918333e-02   3.961526788771e-03   8.140747994184e-02  -4.579579532146e-01 
  1.910699345171e-02  -1.538114529103e-02   2.261752933264e-01   1.910699345171e-02  -1.538114529103e-02   2.261752933264e-01   0.000000000000e+00   7.137875538319e-03  -7.937299460173e-02 
  0.000000000000e+00   7.137875538319e-03  -7.937299460173e-02  -2.849978161976e-03  -1.784885302186e-02  -2.494123876095e-01  -9.128291159868e-02  -4.203020595014e-03  -3.474769294262e-01 
 -7.213521003723e-02   0.000000000000e+00   1.191875636578e-01  -3.790355846286e-02  -7.120350748301e-02  -3.288315534592e-01  -3.477786481380e-02  -1.554136723280e-01  -5.772488117218e-01 
 -1.709966175258e-02   4.264145344496e-02  -6.043381094933e-01   2.321982569993e-02  -1.207420155406e-01  -7.991834282875e-01   2.321982569993e-02  -1.207420155406e-01  -7.991834282875e-01 
  0.000000000000e+00   9.772960096598e-02  -2.741515636444e-01   0.000000000000e+00   9.772960096598e-02  -2.741515636444e-01   1.324349194765e-01   4.522977396846e-02  -1.854429095984e-01 
 -2.448209375143e-01   2.347466535866e-02  -1.512871682644e-01  -7.046730816364e-02   5.144352838397e-02   4.577029645443e-01  -2.715947851539e-02   1.166771072894e-02   2.067309170961e-01 
  0.000000000000e+00  -1.629279926419e-02  -2.248860895634e-01  -4.018709063530e-02   0.000000000000e+00  -1.001001596451e+00   5.666429176927e-02  -3.320579603314e-02  -1.047185659409e+00 
  5.666429176927e-02  -3.320579603314e-02  -1.047185659409e+00   0.000000000000e+00  -1.386102288961e-02  -1.556108891964e-01   0.000000000000e+00  -1.386102288961e-02  -1.556108891964e-01 
  6.665332615376e-02  -3.902098163962e-03  -2.031489610672e-01  -1.689823865891e-01  -3.419155627489e-02  -1.239824518561e-01  -7.879830896854e-02  -1.821879483759e-02   1.619054824114e-01 
 -4.160585626960e-02   4.114234074950e-02   6.286229491234e-01  -3.776074945927e-02   7.285452634096e-02  -7.033412456512e-01  -1.444743573666e-02   0.000000000000e+00  -2.898948192596e-01 
  1.183658745140e-02   9.738139063120e-02   2.839533686638e-01   1.183658745140e-02   9.738139063120e-02   2.839533686638e-01   0.000000000000e+00  -3.679290041327e-02  -1.367820650339e-01 
  0.000000000000e+00  -3.679290041327e-02  -1.367820650339e-01   2.324746735394e-02  -4.795983806252e-02  -1.897683888674e-01  -5.859589949250e-02  -4.022216424346e-02  -3.464379608631e-01 
 -2.405511029065e-02  -2.460724487901e-02  -3.538804054260e-01   5.576162412763e-02   1.839035376906e-02  -3.791112899780e-01   1.170508563519e-02   3.694881498814e-01  -4.122487306595e-01 
 -6.677610334009e-03   8.478479385376e-01  -2.465528547764e-01   4.760782467201e-04   1.103884577751e-01   6.462635397911e-01   4.760782467201e-04   1.103884577751e-01   6.462635397911e-01 
  0.000000000000e+00   0.000000000000e+00  -6.631617993116e-02   0.000000000000e+00   0.000000000000e+00  -6.631617993116e-02  -3.012660308741e-04  -2.972758466058e-07   3.027603216469e-02 
 -4.409594088793e-02  -6.065488378226e-08   2.632205486298e-01   2.649842062965e-03   1.783677289495e-04   3.020098805428e-01   4.748484492302e-02   5.668421741575e-03   2.542518079281e-01 
  0.000000000000e+00   8.752300590277e-02  -4.596889019012e-01   9.650991111994e-02   0.000000000000e+00   1.100216060877e-01   2.569761574268e-01   0.000000000000e+00   8.231705427170e-01 
  2.569761574268e-01   0.000000000000e+00   8.231705427170e-01   0.000000000000e+00   0.000000000000e+00  -6.631617993116e-02   0.000000000000e+00   0.000000000000e+00  -6.631617993116e-02 
 -3.012660308741e-04  -2.972758466058e-07   3.027603216469e-02  -4.409594088793e-02  -6.065488378226e-08   2.632205486298e-01   2.649842062965e-03   1.783677289495e-04   3.020098805428e-01 
  4.748484492302e-02   5.668421741575e-03   2.542518079281e-01   0.000000000000e+00   8.752300590277e-02  -4.596889019012e-01   9.650991111994e-02   0.000000000000e+00   1.100216060877e-01 
  2.569761574268e-01   0.000000000000e+00   8.231705427170e-01   2.569761574268e-01   0.000000000000e+00   8.231705427170e-01   0.000000000000e+00   2.338373474777e-02  -3.648660778999e-01 
  0.000000000000e+00   2.338373474777e-02  -3.648660778999e-01   9.202226251364e-02   3.336818143725e-02  -7.686615586281e-01   0.000000000000e+00   3.780324012041e-02  -1.000000014901e-01 
  0.000000000000e+00  -6.859977543354e-02  -1.000000014901e-01  -3.172925487161e-02  -1.235287860036e-01  -7.609852552414e-01  -3.743870556355e-02   0.000000000000e+00  -1.000000014901e-01 
 -3.692802414298e-02  -9.588282555342e-02  -7.050436735153e-01   6.196600152180e-04  -7.623300701380e-02  -8.707817196846e-01   6.196600152180e-04  -7.623300701380e-02  -8.707817196846e-01 
  0.000000000000e+00   2.338373474777e-02  -3.648660778999e-01   0.000000000000e+00   2.338373474777e-02  -3.648660778999e-01   9.202226251364e-02   3.336818143725e-02  -7.686615586281e-01 
  0.000000000000e+00   3.780324012041e-02  -1.000000014901e-01   0.000000000000e+00  -6.859977543354e-02  -1.000000014901e-01  -3.172925487161e-02  -1.235287860036e-01  -7.609852552414e-01 
 -3.743870556355e-02   0.000000000000e+00  -1.000000014901e-01  -3.692802414298e-02  -9.588282555342e-02  -7.050436735153e-01   6.196600152180e-04  -7.623300701380e-02  -8.707817196846e-01 
  6.196600152180e-04  -7.623300701380e-02  -8.707817196846e-01   0.000000000000e+00   5.668288096786e-02   6.656587868929e-02   0.000000000000e+00   5.668288096786e-02   6.656587868929e-02 
  3.531200438738e-02   4.059387743473e-02   6.228096038103e-02   2.727821469307e-02   4.186115041375e-02  -7.967816591263e-01  -9.227061271667e-02  -9.625622630119e-02  -7.900334000587e-01 
  0.000000000000e+00  -1.649988442659e-01  -1.000000014901e-01   0.000000000000e+00   0.000000000000e+00  -1.005571410060e-01  -3.724063932896e-02  -9.904292225838e-02  -2.627972066402e-01 
 -1.671585370786e-03  -6.399669498205e-02  -4.973652958870e-02  -1.671585370786e-03  -6.399669498205e-02  -4.973652958870e-02   0.000000000000e+00   4.556326940656e-02   3.849758505821e-01 
  0.000000000000e+00   4.556326940656e-02   3.849758505821e-01   6.241287291050e-02   2.664254046977e-02   1.267998665571e-01   3.295430168509e-02   2.250615321100e-02  -4.773869812489e-01 
 -7.462900876999e-02  -1.630213856697e-02  -1.000000014901e-01  -3.701149672270e-02  -1.569616794586e-01  -2.700192034245e-01  -1.261462084949e-02   0.000000000000e+00  -1.504262983799e-01 
  0.000000000000e+00   5.209644138813e-02  -3.385701775551e-01   0.000000000000e+00  -3.855006769300e-02   2.682182937860e-03   0.000000000000e+00  -3.855006769300e-02   2.682182937860e-03 
  0.000000000000e+00  -4.567604511976e-02   1.260969936848e-01   0.000000000000e+00  -4.567604511976e-02   1.260969936848e-01   5.748257040977e-02  -3.978209197521e-02   3.737585991621e-02 
 -5.761901848018e-03  -1.938615739346e-02  -2.201908081770e-01  -3.450838103890e-02   4.021719563752e-03  -4.607832059264e-02  -2.381189726293e-02  -7.668802887201e-02  -4.480879381299e-02 
 -2.244205772877e-02  -7.084799557924e-02  -5.199688673019e-01  -5.145218223333e-03   0.000000000000e+00  -5.506562590599e-01   1.178674492985e-02  -8.229199051857e-02  -1.567257791758e-01 
  1.178674492985e-02  -8.229199051857e-02  -1.567257791758e-01   0.000000000000e+00   1.020196154714e-01   7.941724359989e-02   0.000000000000e+00   1.020196154714e-01   7.941724359989e-02 
 -1.701438450254e-03   9.489330649376e-02  -1.895394921303e-01   0.000000000000e+00   2.369606308639e-02  -2.499420791864e-01   0.000000000000e+00   2.889262512326e-02  -1.700100898743e-01 
  0.000000000000e+00   2.088094502687e-02   4.285601675510e-01   0.000000000000e+00  -1.110757328570e-02  -1.000000014901e-01  -3.511323779821e-02   0.000000000000e+00  -9.230429530144e-01 
  3.803937509656e-02  -4.267254099250e-02  -8.535642623901e-01   3.803937509656e-02  -4.267254099250e-02  -8.535642623901e-01   0.000000000000e+00  -1.397284306586e-02   9.478581696749e-02 
  0.000000000000e+00  -1.397284306586e-02   9.478581696749e-02   3.209614753723e-02  -1.323707494885e-02   8.351785689592e-02  -4.759918525815e-02  -1.406586542726e-02  -1.601591855288e-01 
 -4.540447145700e-02   1.021807314828e-03  -9.512374550104e-02  -2.889655157924e-02   2.718157693744e-02   5.106427073479e-01  -3.383403643966e-02   4.468081519008e-02  -4.176482558250e-01 
 -1.137747708708e-02   0.000000000000e+00  -2.374060004950e-01  -2.064939774573e-02   8.678516000509e-02   4.320748448372e-01  -2.064939774573e-02   8.678516000509e-02   4.320748448372e-01 
  0.000000000000e+00  -4.469854012132e-02   1.067812591791e-01   0.000000000000e+00  -4.469854012132e-02   1.067812591791e-01   9.088395163417e-03  -4.480516165495e-02   9.698627889156e-02 
 -6.251798477024e-03  -3.628651425242e-02  -9.526073187590e-02  -1.419333647937e-02  -2.069837227464e-02  -2.651990652084e-01   4.229950159788e-02   3.805553168058e-02  -2.343641966581e-01 
  0.000000000000e+00   1.921932548285e-01  -1.000000014901e-01   0.000000000000e+00   4.922863841057e-02  -2.942403852940e-01  -5.476748570800e-02   6.131326407194e-02   5.623092055321e-01 
 -5.476748570800e-02   6.131326407194e-02   5.623092055321e-01   0.000000000000e+00   0.000000000000e+00   1.576057076454e-01   0.000000000000e+00   0.000000000000e+00   1.576057076454e-01 
  4.179706797004e-02  -1.534632687594e-08   1.486116200686e-01   0.000000000000e+00  -3.494623967981e-08  -1.000000014901e-01   0.000000000000e+00   3.953736086260e-05  -1.000000014901e-01 
  0.000000000000e+00   2.173631079495e-02  -1.000000014901e-01   0.000000000000e+00   8.297158032656e-02  -1.503204256296e-01   1.056771427393e-01   1.449472550303e-02   1.681412011385e-01 
  1.904871761799e-01   0.000000000000e+00   7.056125402451e-01   1.904871761799e-01   0.000000000000e+00   7.056125402451e-01   0.000000000000e+00   0.000000000000e+00   1.576057076454e-01 
  0.000000000000e+00   0.000000000000e+00   1.576057076454e-01   4.179706797004e-02  -1.534632687594e-08   1.486116200686e-01   0.000000000000e+00  -3.494623967981e-08  -1.000000014901e-01 
  0.000000000000e+00   3.953736086260e-05  -1.000000014901e-01   0.000000000000e+00   2.173631079495e-02  -1.000000014901e-01   0.000000000000e+00   8.297158032656e-02  -1.503204256296e-01 
  1.056771427393e-01   1.449472550303e-02   1.681412011385e-01   1.904871761799e-01   0.000000000000e+00   7.056125402451e-01   1.904871761799e-01   0.000000000000e+00   7.056125402451e-01 
  0.000000000000e+00   5.106921773404e-03  -3.199490010738e-01   0.000000000000e+00   5.106921773404e-03  -3.199490010738e-01   6.618217378855e-02   4.835699126124e-02  -5.026726722717e-01 
 -4.563932120800e-02   4.732335358858e-02   1.615552753210e-01   0.000000000000e+00   3.526443615556e-02  -1.000000014901e-01   0.000000000000e+00  -1.109126657248e-01  -5.213863253593e-01 
 -2.874478511512e-02   0.000000000000e+00  -1.000000014901e-01  -3.291884437203e-02  -7.098012417555e-02  -4.697705805302e-01  -4.214880056679e-03  -7.951176166534e-02  -6.470251679420e-01 
 -4.214880056679e-03  -7.951176166534e-02  -6.470251679420e-01   0.000000000000e+00   5.106921773404e-03  -3.199490010738e-01   0.000000000000e+00   5.106921773404e-03  -3.199490010738e-01 
  6.618217378855e-02   4.835699126124e-02  -5.026726722717e-01  -4.563932120800e-02   4.732335358858e-02   1.615552753210e-01   0.000000000000e+00   3.526443615556e-02  -1.000000014901e-01 
  0.000000000000e+00  -1.109126657248e-01  -5.213863253593e-01  -2.874478511512e-02   0.000000000000e+00  -1.000000014901e-01  -3.291884437203e-02  -7.098012417555e-02  -4.697705805302e-01 
 -4.214880056679e-03  -7.951176166534e-02  -6.470251679420e-01  -4.214880056679e-03  -7.951176166534e-02  -6.470251679420e-01   0.000000000000e+00  -5.826108902693e-02  -2.123600393534e-01 
  0.000000000000e+00  -5.826108902693e-02  -2.123600393534e-01   7.550502568483e-02   1.605097204447e-02  -3.190938830376e-01   0.000000000000e+00   4.732335358858e-02  -1.629616320133e-01 
 -3.601618343964e-03   2.718304656446e-02  -5.140552520752e-01  -5.962480208836e-04  -1.125372201204e-01  -1.000000014901e-01   0.000000000000e+00   0.000000000000e+00  -1.000000014901e-01 
 -2.696014754474e-02  -4.680526629090e-02  -1.849877834320e-01  -4.112951923162e-03  -5.685590580106e-02  -8.341836929321e-02  -4.112951923162e-03  -5.685590580106e-02  -8.341836929321e-02 
  0.000000000000e+00   5.923483893275e-02  -2.483988553286e-01   0.000000000000e+00   5.923483893275e-02  -2.483988553286e-01   1.014114394784e-01  -1.294148117304e-01  -2.573227286339e-01 
  7.485558092594e-02   0.000000000000e+00  -2.443217933178e-01   2.238690108061e-02  -1.492556999438e-03  -1.467290967703e-01  -2.278344146907e-02  -9.935869276524e-02  -1.908337324858e-01 
 -6.466298829764e-03   0.000000000000e+00  -1.283180713654e-01   0.000000000000e+00   3.771491721272e-02  -1.000000014901e-01   0.000000000000e+00  -4.385176673532e-02  -1.000000014901e-01 
  0.000000000000e+00  -4.385176673532e-02  -1.000000014901e-01   0.000000000000e+00   3.310200572014e-02  -2.889893949032e-01   0.000000000000e+00   3.310200572014e-02  -2.889893949032e-01 
  8.852048218250e-02   2.673519775271e-02  -2.780485451221e-01   6.555312126875e-02   1.739911176264e-02  -2.191824913025e-01   1.034147199243e-02   1.232408359647e-02  -9.959074854851e-02 
 -8.078070357442e-03  -6.712443381548e-02  -8.281289786100e-02  -1.656540855765e-02  -3.735227510333e-02  -2.513618767262e-01  -1.291239284910e-03   0.000000000000e+00  -1.000000014901e-01 
  7.173071615398e-03  -6.698143482208e-02  -1.315859854221e-01   7.173071615398e-03  -6.698143482208e-02  -1.315859854221e-01   0.000000000000e+00   7.784580439329e-02  -6.073151528835e-02 
  0.000000000000e+00   7.784580439329e-02  -6.073151528835e-02   6.175168231130e-02   7.809780538082e-02  -6.369485706091e-02   0.000000000000e+00   4.672449082136e-02  -1.000000014901e-01 
  0.000000000000e+00   2.605687268078e-02  -1.000000014901e-01   0.000000000000e+00   2.202751673758e-02  -1.000000014901e-01   0.000000000000e+00  -1.079426240176e-02  -1.009182184935e-01 
 -3.287107124925e-02   0.000000000000e+00  -7.460970878601e-01   2.260544709861e-02  -4.734296351671e-02  -5.326691269875e-01   2.260544709861e-02  -4.734296351671e-02  -5.326691269875e-01 
  0.000000000000e+00  -3.572288155556e-02  -7.460982352495e-02   0.000000000000e+00  -3.572288155556e-02  -7.460982352495e-02   6.290390342474e-02  -3.567434847355e-02  -7.449328899384e-02 
  3.840089589357e-02  -1.813022792339e-02  -1.058479547501e-01  -4.996550735086e-03   3.047915874049e-03  -9.902664273977e-02  -1.630187779665e-02   1.998208463192e-02   2.571077942848e-01 
 -2.862043865025e-02   3.087760508060e-02  -2.523128390312e-01  -8.535720407963e-03   0.000000000000e+00  -1.000000014901e-01  -1.264665275812e-02   7.170070707798e-02   4.866044521332e-01 
 -1.264665275812e-02   7.170070707798e-02   4.866044521332e-01   0.000000000000e+00  -4.609897732735e-02  -1.891102939844e-01   0.000000000000e+00  -4.609897732735e-02  -1.891102939844e-01 
  6.840007007122e-02  -4.609820246696e-02  -1.889454573393e-01   6.209889799356e-02  -4.191824048758e-02  -1.702215075493e-01   3.676794841886e-02  -2.385407313704e-02  -1.863867342472e-01 
 -4.494057502598e-03   4.240416735411e-02  -1.740215867758e-01   0.000000000000e+00   1.079626083374e-01  -1.000000014901e-01   0.000000000000e+00   0.000000000000e+00  -1.000000014901e-01 
  0.000000000000e+00   3.880669549108e-02   5.623092055321e-01   0.000000000000e+00   3.880669549108e-02   5.623092055321e-01   0.000000000000e+00   0.000000000000e+00  -4.353632926941e-01 
  0.000000000000e+00   0.000000000000e+00  -4.353632926941e-01   7.889580726624e-02  -1.201278659879e-11  -4.350354373455e-01   0.000000000000e+00  -6.273292996184e-09  -1.000000014901e-01 
  0.000000000000e+00   1.782724393706e-05  -1.000000014901e-01   0.000000000000e+00   3.262149170041e-02  -1.000000014901e-01   9.333571419120e-03   6.461613625288e-02  -7.746262103319e-02 
  1.013452857733e-01   9.392351843417e-03   3.998230397701e-02   1.592635214329e-01   0.000000000000e+00  -1.000000014901e-01   1.592635214329e-01   0.000000000000e+00  -1.000000014901e-01 
  0.000000000000e+00   0.000000000000e+00  -4.353632926941e-01   0.000000000000e+00   0.000000000000e+00  -4.353632926941e-01   7.889580726624e-02  -1.201278659879e-11  -4.350354373455e-01 
  0.000000000000e+00  -6.273292996184e-09  -1.000000014901e-01   0.000000000000e+00   1.782724393706e-05  -1.000000014901e-01   0.000000000000e+00   3.262149170041e-02  -1.000000014901e-01 
  9.333571419120e-03   6.461613625288e-02  -7.746262103319e-02   1.013452857733e-01   9.392351843417e-03   3.998230397701e-02   1.592635214329e-01   0.000000000000e+00  -1.000000014901e-01 
  1.592635214329e-01   0.000000000000e+00  -1.000000014901e-01   0.000000000000e+00   4.668033495545e-02  -5.129702091217e-01   0.000000000000e+00   4.668033495545e-02  -5.129702091217e-01 
  1.788311055861e-03   5.284023657441e-02  -4.586411416531e-01  -3.179912269115e-02   5.469209328294e-02   1.615552753210e-01   0.000000000000e+00   4.906856268644e-02  -1.000000014901e-01 
  0.000000000000e+00  -2.406348474324e-02  -4.876477420330e-01  -2.134491689503e-02  -2.643363783136e-03  -1.000000014901e-01  -2.818291634321e-02  -4.958346486092e-02  -3.305846452713e-01 
 -7.126832380891e-03  -7.419603317976e-02  -4.715878665447e-01  -7.126832380891e-03  -7.419603317976e-02  -4.715878665447e-01   0.000000000000e+00   4.668033495545e-02  -5.129702091217e-01 
  0.000000000000e+00   4.668033495545e-02  -5.129702091217e-01   1.788311055861e-03   5.284023657441e-02  -4.586411416531e-01  -3.179912269115e-02   5.469209328294e-02   1.615552753210e-01 
  0.000000000000e+00   4.906856268644e-02  -1.000000014901e-01   0.000000000000e+00  -2.406348474324e-02  -4.876477420330e-01  -2.134491689503e-02  -2.643363783136e-03  -1.000000014901e-01 
 -2.818291634321e-02  -4.958346486092e-02  -3.305846452713e-01  -7.126832380891e-03  -7.419603317976e-02  -4.715878665447e-01  -7.126832380891e-03  -7.419603317976e-02  -4.715878665447e-01 
  0.000000000000e+00   9.990406036377e-02  -2.512585520744e-01   0.000000000000e+00   9.990406036377e-02  -2.512585520744e-01   2.993217669427e-02   6.686252355576e-02  -3.255047798157e-01 
  1.284628827125e-02   5.937851965427e-02  -1.655695587397e-01   6.731645204127e-03   4.931316152215e-02  -2.036261707544e-01   2.675547963008e-03  -9.125335514545e-02  -1.000000014901e-01 
  0.000000000000e+00   0.000000000000e+00  -1.000000014901e-01  -2.092342823744e-02  -2.134098112583e-02  -1.513736993074e-01  -4.840928595513e-03  -4.985355958343e-02  -9.541788697243e-02 
 -4.840928595513e-03  -4.985355958343e-02  -9.541788697243e-02   0.000000000000e+00  -3.364928066730e-03  -2.918467819691e-01   0.000000000000e+00  -3.364928066730e-03  -2.918467819691e-01 
  1.798555441201e-02  -1.457832474262e-02  -2.954145669937e-01   2.051588706672e-02  -4.399265162647e-03  -2.684814929962e-01   2.093405276537e-02   3.232809016481e-03  -2.319483160973e-01 
  1.436560414732e-03  -7.389327883720e-02  -1.526825577021e-01  -3.911161329597e-03   0.000000000000e+00  -1.178955957294e-01   0.000000000000e+00   2.927006967366e-02  -1.000000014901e-01 
  0.000000000000e+00  -4.457880556583e-02  -1.000000014901e-01   0.000000000000e+00  -4.457880556583e-02  -1.000000014901e-01   0.000000000000e+00   2.767953649163e-02  -3.484666347504e-01 
  0.000000000000e+00   2.767953649163e-02  -3.484666347504e-01   3.338866680861e-02   2.757971175015e-02  -3.474790751934e-01   3.429247438908e-02   2.643634378910e-02  -3.130496740341e-01 
  2.607230655849e-02   2.270679548383e-02  -2.003675997257e-01   8.813564665616e-03  -5.994563549757e-02  -8.896727114916e-02  -1.738210581243e-02  -2.168692462146e-02  -1.875125616789e-01 
  9.222952940036e-05   0.000000000000e+00  -1.000000014901e-01   4.833327140659e-03  -5.917099118233e-02  -1.199559494853e-01   4.833327140659e-03  -5.917099118233e-02  -1.199559494853e-01 
  0.000000000000e+00   4.961521923542e-02  -4.270360171795e-01   0.000000000000e+00   4.961521923542e-02  -4.270360171795e-01   3.571471944451e-02   4.963071644306e-02  -4.269903004169e-01 
  0.000000000000e+00   4.772939905524e-02  -1.000000014901e-01   0.000000000000e+00   3.384088352323e-02  -1.000000014901e-01   0.000000000000e+00   2.495441399515e-02  -1.000000014901e-01 
  0.000000000000e+00  -1.029990799725e-02  -1.044110283256e-01  -2.884056791663e-02   0.000000000000e+00  -5.778160095215e-01   1.246277336031e-02  -4.889181256294e-02  -2.549245953560e-01 
  1.246277336031e-02  -4.889181256294e-02  -2.549245953560e-01   0.000000000000e+00  -9.216262958944e-03  -1.971879303455e-01   0.000000000000e+00  -9.216262958944e-03  -1.971879303455e-01 
  4.534987360239e-02  -9.216359816492e-03  -1.971887052059e-01   4.440291598439e-02  -9.245884604752e-03  -1.799439489841e-01   2.942413091660e-02   5.327803082764e-04  -1.373477578163e-01 
  6.082606036216e-03   1.348172593862e-02   6.140564754605e-02  -1.748619787395e-02   2.283478900790e-02  -1.791291683912e-01  -6.450132001191e-03   0.000000000000e+00  -1.000000014901e-01 
 -8.526389487088e-03   5.753250047565e-02   5.129728913307e-01  -8.526389487088e-03   5.753250047565e-02   5.129728913307e-01   0.000000000000e+00  -1.210111076944e-03  -4.883544445038e-01 
  0.000000000000e+00  -1.210111076944e-03  -4.883544445038e-01   9.911897033453e-02  -1.210119109601e-03  -4.883543848991e-01   9.876595437527e-02  -3.639901988208e-03  -4.795670509338e-01 
  9.152218699455e-02  -8.342399261892e-03  -4.080105423927e-01   5.440017208457e-02   1.978498650715e-03  -1.445312350988e-01   0.000000000000e+00   6.844439357519e-02  -1.000000014901e-01 
  0.000000000000e+00   0.000000000000e+00  -1.000000014901e-01   0.000000000000e+00   2.661415934563e-02   5.623092055321e-01   0.000000000000e+00   2.661415934563e-02   5.623092055321e-01 
  0.000000000000e+00   0.000000000000e+00  -4.981593489647e-01   0.000000000000e+00   0.000000000000e+00  -4.981593489647e-01   5.745926499367e-02  -2.028792387594e-18  -4.981593191624e-01 
  0.000000000000e+00  -1.585820502692e-10  -1.000000014901e-01   0.000000000000e+00   3.683595650728e-06  -1.000000014901e-01   0.000000000000e+00   3.489679843187e-02  -1.000000014901e-01 
  7.486987859011e-03   4.929011315107e-02  -6.331788003445e-02   9.431707859039e-02   6.639285944402e-03  -1.538302283734e-02   1.377556174994e-01   0.000000000000e+00  -1.000000014901e-01 
  1.377556174994e-01   0.000000000000e+00  -1.000000014901e-01   0.000000000000e+00   0.000000000000e+00  -4.981593489647e-01   0.000000000000e+00   0.000000000000e+00  -4.981593489647e-01 
  5.745926499367e-02  -2.028792387594e-18  -4.981593191624e-01   0.000000000000e+00  -1.585820502692e-10  -1.000000014901e-01   0.000000000000e+00   3.683595650728e-06  -1.000000014901e-01 
  0.000000000000e+00   3.489679843187e-02  -1.000000014901e-01   7.486987859011e-03   4.929011315107e-02  -6.331788003445e-02   9.431707859039e-02   6.639285944402e-03  -1.538302283734e-02 
  1.377556174994e-01   0.000000000000e+00  -1.000000014901e-01   1.377556174994e-01   0.000000000000e+00  -1.000000014901e-01   0.000000000000e+00   8.957033604383e-02   2.191102802753e-01 
  0.000000000000e+00   8.957033604383e-02   2.191102802753e-01  -3.970158845186e-02   9.830445051193e-02   2.596544325352e-01   0.000000000000e+00   1.055178940296e-01  -1.000000014901e-01 
  0.000000000000e+00   9.762682020664e-02  -1.000000014901e-01   0.000000000000e+00   5.777820944786e-02  -1.000000014901e-01  -1.157355029136e-02   1.981917954981e-02  -1.000000014901e-01 
 -2.253072708845e-02  -2.685357257724e-02  -2.449183762074e-01  -8.583763614297e-03  -6.444863229990e-02  -3.514780402184e-01  -8.583763614297e-03  -6.444863229990e-02  -3.514780402184e-01 
  0.000000000000e+00   8.957033604383e-02   2.191102802753e-01   0.000000000000e+00   8.957033604383e-02   2.191102802753e-01  -3.970158845186e-02   9.830445051193e-02   2.596544325352e-01 
  0.000000000000e+00   1.055178940296e-01  -1.000000014901e-01   0.000000000000e+00   9.762682020664e-02  -1.000000014901e-01   0.000000000000e+00   5.777820944786e-02  -1.000000014901e-01 
 -1.157355029136e-02   1.981917954981e-02  -1.000000014901e-01  -2.253072708845e-02  -2.685357257724e-02  -2.449183762074e-01  -8.583763614297e-03  -6.444863229990e-02  -3.514780402184e-01 
 -8.583763614297e-03  -6.444863229990e-02  -3.514780402184e-01   0.000000000000e+00   1.688204556704e-01  -3.778095170856e-02   0.000000000000e+00   1.688204556704e-01  -3.778095170856e-02 
 -4.030835814774e-03   1.532220691442e-01  -1.712530478835e-02  -2.399778459221e-03   1.321998685598e-01  -4.567384719849e-02  -8.955346420407e-04   1.108315810561e-01  -7.959809899330e-02 
  1.310877851211e-04   6.026195362210e-02  -1.000000014901e-01   0.000000000000e+00   1.417235657573e-02  -1.000000014901e-01  -1.680287532508e-02  -5.849898792803e-03  -1.339090913534e-01 
 -4.956609569490e-03  -4.367807134986e-02  -1.001979187131e-01  -4.956609569490e-03  -4.367807134986e-02  -1.001979187131e-01   0.000000000000e+00   3.972083702683e-02  -5.118210911751e-01 
  0.000000000000e+00   3.972083702683e-02  -5.118210911751e-01   4.661256447434e-02   3.843690454960e-02  -4.976556301117e-01   4.598375409842e-02   3.670836985111e-02  -4.626995325089e-01 
  4.483776167035e-02   3.523241356015e-02  -4.330096244812e-01   3.637166321278e-02   7.528946734965e-03  -1.472166031599e-01   5.892422515899e-03   3.238214179873e-03  -1.122354567051e-01 
  0.000000000000e+00   2.359830960631e-02  -1.000000014901e-01   0.000000000000e+00  -4.391673579812e-02  -1.000000014901e-01   0.000000000000e+00  -4.391673579812e-02  -1.000000014901e-01 
  0.000000000000e+00   7.842338085175e-02   8.887267112732e-02   0.000000000000e+00   7.842338085175e-02   8.887267112732e-02   2.929478883743e-02   7.837153971195e-02   8.827451616526e-02 
  2.929770946503e-02   7.786001265049e-02   8.374111354351e-02   2.863718569279e-02   7.277192175388e-02   3.556624054909e-02   2.295295707881e-02   4.538718611002e-02  -2.388867735863e-02 
  1.729816896841e-03  -1.402467768639e-02  -1.558330804110e-01   4.054796008859e-04   0.000000000000e+00  -1.000000014901e-01   3.473585471511e-03  -5.447402223945e-02  -1.136651337147e-01 
  3.473585471511e-03  -5.447402223945e-02  -1.136651337147e-01   0.000000000000e+00   8.922436088324e-02   1.586536914110e-01   0.000000000000e+00   8.922436088324e-02   1.586536914110e-01 
 -1.615112461150e-02   8.922430872917e-02   1.586536020041e-01   0.000000000000e+00   8.838450908661e-02  -1.000000014901e-01   0.000000000000e+00   7.598189264536e-02  -1.000000014901e-01 
  0.000000000000e+00   5.311821028590e-02  -1.000000014901e-01   0.000000000000e+00   2.218785136938e-02  -1.034235283732e-01  -2.141764201224e-02   6.738559459336e-04  -4.249630570412e-01 
  6.145424675196e-03  -4.860686138272e-02  -5.057059228420e-02   6.145424675196e-03  -4.860686138272e-02  -5.057059228420e-02   0.000000000000e+00  -3.682764619589e-02   8.823703974485e-02 
  0.000000000000e+00  -3.682764619589e-02   8.823703974485e-02   6.678342819214e-02  -3.682764619589e-02   8.823703974485e-02   6.669760495424e-02  -3.622575476766e-02   8.399663865566e-02 
  6.329178810120e-02  -2.690528891981e-02   4.193713515997e-02   4.747214913368e-02  -7.965459488332e-03   2.960976213217e-02   1.609061844647e-02   1.160292048007e-02  -1.452284455299e-01 
 -5.017243791372e-03   1.365285716020e-04  -1.000000014901e-01  -6.120779085904e-03   4.566695913672e-02   5.277169346809e-01  -6.120779085904e-03   4.566695913672e-02   5.277169346809e-01 
  0.000000000000e+00  -1.085395738482e-02   1.764011830091e-01   0.000000000000e+00  -1.085395738482e-02   1.764011830091e-01   1.415703445673e-01  -1.085395738482e-02   1.764011830091e-01 
  1.415663957596e-01  -1.083192788064e-02   1.762280464172e-01   1.407971978188e-01  -1.077580824494e-02   1.574457883835e-01   1.289252489805e-01  -7.424446754158e-03   6.920016556978e-02 
  0.000000000000e+00   4.985993355513e-02  -1.000000014901e-01   0.000000000000e+00   0.000000000000e+00  -1.000000014901e-01   0.000000000000e+00   1.929855346680e-02   5.623092055321e-01 
  0.000000000000e+00   1.929855346680e-02   5.623092055321e-01   0.000000000000e+00   0.000000000000e+00   3.762732446194e-01   0.000000000000e+00   0.000000000000e+00   3.762732446194e-01 
  3.715693950653e-02  -2.522701389930e-32   3.762732446194e-01   0.000000000000e+00  -5.935782600034e-14  -1.000000014901e-01   0.000000000000e+00   1.266797511335e-07  -1.000000014901e-01 
  0.000000000000e+00   1.047314726748e-03  -1.000000014901e-01   3.451701020822e-03   3.866606950760e-02  -6.391461193562e-02   8.721647411585e-02   4.974468145519e-03  -4.391290992498e-02 
  1.218059957027e-01   0.000000000000e+00  -1.000000014901e-01   1.218059957027e-01   0.000000000000e+00  -1.000000014901e-01   0.000000000000e+00   0.000000000000e+00   3.762732446194e-01 
  0.000000000000e+00   0.000000000000e+00   3.762732446194e-01   3.715693950653e-02  -2.522701389930e-32   3.762732446194e-01   0.000000000000e+00  -5.935782600034e-14  -1.000000014901e-01 
  0.000000000000e+00   1.266797511335e-07  -1.000000014901e-01   0.000000000000e+00   1.047314726748e-03  -1.000000014901e-01   3.451701020822e-03   3.866606950760e-02  -6.391461193562e-02 
  8.721647411585e-02   4.974468145519e-03  -4.391290992498e-02   1.218059957027e-01   0.000000000000e+00  -1.000000014901e-01   1.218059957027e-01   0.000000000000e+00  -1.000000014901e-01 
  0.000000000000e+00   8.957033604383e-02   2.191102802753e-01   0.000000000000e+00   8.957033604383e-02   2.191102802753e-01  -3.970158845186e-02   9.830445051193e-02   2.596544325352e-01 
  0.000000000000e+00   1.055178940296e-01  -1.000000014901e-01   0.000000000000e+00   9.762682020664e-02  -1.000000014901e-01   0.000000000000e+00   5.777820944786e-02  -1.000000014901e-01 
 -1.157355029136e-02   1.981917954981e-02  -1.000000014901e-01  -2.253072708845e-02  -2.685357257724e-02  -2.449183762074e-01  -8.583763614297e-03  -6.444863229990e-02  -3.514780402184e-01 
 -8.583763614297e-03  -6.444863229990e-02  -3.514780402184e-01   0.000000000000e+00   8.957033604383e-02   2.191102802753e-01   0.000000000000e+00   8.957033604383e-02   2.191102802753e-01 
 -3.970158845186e-02   9.830445051193e-02   2.596544325352e-01   0.000000000000e+00   1.055178940296e-01  -1.000000014901e-01   0.000000000000e+00   9.762682020664e-02  -1.000000014901e-01 
  0.000000000000e+00   5.777820944786e-02  -1.000000014901e-01  -1.157355029136e-02   1.981917954981e-02  -1.000000014901e-01  -2.253072708845e-02  -2.685357257724e-02  -2.449183762074e-01 
 -8.583763614297e-03  -6.444863229990e-02  -3.514780402184e-01  -8.583763614297e-03  -6.444863229990e-02  -3.514780402184e-01   0.000000000000e+00   1.688204556704e-01  -3.778095170856e-02 
  0.000000000000e+00   1.688204556704e-01  -3.778095170856e-02  -4.030835814774e-03   1.532220691442e-01  -1.712530478835e-02  -2.399778459221e-03   1.321998685598e-01  -4.567384719849e-02 
 -8.955346420407e-04   1.108315810561e-01  -7.959809899330e-02   1.310877851211e-04   6.026195362210e-02  -1.000000014901e-01   0.000000000000e+00   1.417235657573e-02  -1.000000014901e-01 
 -1.680287532508e-02  -5.849898792803e-03  -1.339090913534e-01  -4.956609569490e-03  -4.367807134986e-02  -1.001979187131e-01  -4.956609569490e-03  -4.367807134986e-02  -1.001979187131e-01 
  0.000000000000e+00   3.972083702683e-02  -5.118210911751e-01   0.000000000000e+00   3.972083702683e-02  -5.118210911751e-01   4.661256447434e-02   3.843690454960e-02  -4.976556301117e-01 
  4.598375409842e-02   3.670836985111e-02  -4.626995325089e-01   4.483776167035e-02   3.523241356015e-02  -4.330096244812e-01   3.637166321278e-02   7.528946734965e-03  -1.472166031599e-01 
  5.892422515899e-03   3.238214179873e-03  -1.122354567051e-01   0.000000000000e+00   2.359830960631e-02  -1.000000014901e-01   0.000000000000e+00  -4.391673579812e-02  -1.000000014901e-01 
  0.000000000000e+00  -4.391673579812e-02  -1.000000014901e-01   0.000000000000e+00   7.842338085175e-02   8.887267112732e-02   0.000000000000e+00   7.842338085175e-02   8.887267112732e-02 
  2.929478883743e-02   7.837153971195e-02   8.827451616526e-02   2.929770946503e-02   7.786001265049e-02   8.374111354351e-02   2.863718569279e-02   7.277192175388e-02   3.556624054909e-02 
  2.295295707881e-02   4.538718611002e-02  -2.388867735863e-02   1.729816896841e-03  -1.402467768639e-02  -1.558330804110e-01   4.054796008859e-04   0.000000000000e+00  -1.000000014901e-01 
  3.473585471511e-03  -5.447402223945e-02  -1.136651337147e-01   3.473585471511e-03  -5.447402223945e-02  -1.136651337147e-01   0.000000000000e+00   8.922436088324e-02   1.586536914110e-01 
  0.000000000000e+00   8.922436088324e-02   1.586536914110e-01  -1.615112461150e-02   8.922430872917e-02   1.586536020041e-01   0.000000000000e+00   8.838450908661e-02  -1.000000014901e-01 
  0.000000000000e+00   7.598189264536e-02  -1.000000014901e-01   0.000000000000e+00   5.311821028590e-02  -1.000000014901e-01   0.000000000000e+00   2.218785136938e-02  -1.034235283732e-01 
 -2.141764201224e-02   6.738559459336e-04  -4.249630570412e-01   6.145424675196e-03  -4.860686138272e-02  -5.057059228420e-02   6.145424675196e-03  -4.860686138272e-02  -5.057059228420e-02 
  0.000000000000e+00  -3.682764619589e-02   8.823703974485e-02   0.000000000000e+00  -3.682764619589e-02   8.823703974485e-02   6.678342819214e-02  -3.682764619589e-02   8.823703974485e-02 
  6.669760495424e-02  -3.622575476766e-02   8.399663865566e-02   6.329178810120e-02  -2.690528891981e-02   4.193713515997e-02   4.747214913368e-02  -7.965459488332e-03   2.960976213217e-02 
  1.609061844647e-02   1.160292048007e-02  -1.452284455299e-01  -5.017243791372e-03   1.365285716020e-04  -1.000000014901e-01  -6.120779085904e-03   4.566695913672e-02   5.277169346809e-01 
 -6.120779085904e-03   4.566695913672e-02   5.277169346809e-01   0.000000000000e+00  -1.085395738482e-02   1.764011830091e-01   0.000000000000e+00  -1.085395738482e-02   1.764011830091e-01 
  1.415703445673e-01  -1.085395738482e-02   1.764011830091e-01   1.415663957596e-01  -1.083192788064e-02   1.762280464172e-01   1.407971978188e-01  -1.077580824494e-02   1.574457883835e-01 
  1.289252489805e-01  -7.424446754158e-03   6.920016556978e-02   0.000000000000e+00   4.985993355513e-02  -1.000000014901e-01   0.000000000000e+00   0.000000000000e+00  -1.000000014901e-01 
  0.000000000000e+00   1.929855346680e-02   5.623092055321e-01   0.000000000000e+00   1.929855346680e-02   5.623092055321e-01   0.000000000000e+00   0.000000000000e+00   3.762732446194e-01 
  0.000000000000e+00   0.000000000000e+00   3.762732446194e-01   3.715693950653e-02  -2.522701389930e-32   3.762732446194e-01   0.000000000000e+00  -5.935782600034e-14  -1.000000014901e-01 
  0.000000000000e+00   1.266797511335e-07  -1.000000014901e-01   0.000000000000e+00   1.047314726748e-03  -1.000000014901e-01   3.451701020822e-03   3.866606950760e-02  -6.391461193562e-02 
  8.721647411585e-02   4.974468145519e-03  -4.391290992498e-02   1.218059957027e-01   0.000000000000e+00  -1.000000014901e-01   1.218059957027e-01   0.000000000000e+00  -1.000000014901e-01 
  0.000000000000e+00   0.000000000000e+00   3.762732446194e-01   0.000000000000e+00   0.000000000000e+00   3.762732446194e-01   3.715693950653e-02  -2.522701389930e-32   3.762732446194e-01 
  0.000000000000e+00  -5.935782600034e-14  -1.000000014901e-01   0.000000000000e+00   1.266797511335e-07  -1.000000014901e-01   0.000000000000e+00   1.047314726748e-03  -1.000000014901e-01 
  3.451701020822e-03   3.866606950760e-02  -6.391461193562e-02   8.721647411585e-02   4.974468145519e-03  -4.391290992498e-02   1.218059957027e-01   0.000000000000e+00  -1.000000014901e-01 
  1.218059957027e-01   0.000000000000e+00  -1.000000014901e-01 

