# vtk DataFile Version 2.0
Written using VisIt writer
ASCII
DATASET RECTILINEAR_GRID
DIMENSIONS 10 10 10
X_COORDINATES 10 float
  0.000000000000e+00   5.000000000000e-01   1.000000000000e+00   1.500000000000e+00   2.000000000000e+00   2.500000000000e+00   3.000000000000e+00   3.500000000000e+00   4.000000000000e+00 
  4.500000000000e+00 
Y_COORDINATES 10 float
  0.000000000000e+00   5.000000000000e-01   1.000000000000e+00   1.500000000000e+00   2.000000000000e+00   2.500000000000e+00   3.000000000000e+00   3.500000000000e+00   4.000000000000e+00 
  4.500000000000e+00 
Z_COORDINATES 10 float
  0.000000000000e+00   5.000000000000e-01   1.000000000000e+00   1.500000000000e+00   2.000000000000e+00   2.500000000000e+00   3.000000000000e+00   3.500000000000e+00   4.000000000000e+00 
  4.500000000000e+00 
CELL_DATA 729
POINT_DATA 1000
VECTORS velocity float
  0.000000000000e+00  -1.144710481167e-01  -2.075132578611e-01   3.251200000000e+04   0.000000000000e+00   0.000000000000e+00   0.000000000000e+00   0.000000000000e+00   0.000000000000e+00 
  1.353832632303e-01  -6.319299340248e-02  -1.522311866283e-01   0.000000000000e+00   0.000000000000e+00   0.000000000000e+00   0.000000000000e+00   1.431655808000e+09   1.070945600000e+09 
  1.211333125830e-01  -9.560968726873e-02  -1.689105033875e-01   1.071994176000e+09   0.000000000000e+00   0.000000000000e+00   0.000000000000e+00   0.000000000000e+00   0.000000000000e+00 
  8.198188245296e-02  -2.074479311705e-01  -1.921156346798e-01   0.000000000000e+00  -1.144710481167e-01  -2.075132578611e-01   1.070945600000e+09   0.000000000000e+00   0.000000000000e+00 
  6.490245461464e-02  -9.307309985161e-02  -2.006281316280e-01   1.353832632303e-01  -6.319299340248e-02  -1.522311866283e-01   1.431655808000e+09   1.070945600000e+09   0.000000000000e+00 
  1.406209468842e-01  -5.183340609074e-02  -1.352206617594e-01   1.211333125830e-01  -9.560968726873e-02  -1.689105033875e-01   0.000000000000e+00   0.000000000000e+00   1.071644672000e+09 
  8.198188245296e-02  -2.074479311705e-01  -1.921156346798e-01   8.198188245296e-02  -2.074479311705e-01  -1.921156346798e-01   0.000000000000e+00   3.429526090622e-02  -1.809061765671e-01 
  0.000000000000e+00   3.429526090622e-02  -1.809061765671e-01  -4.130190238357e-02  -2.538121044636e-01  -2.064090371132e-01   1.923564672470e-01  -2.885761857033e-01  -1.864024996758e-01 
  1.187684759498e-01  -1.146141439676e-01  -1.883721500635e-01   8.269087970257e-02  -6.455849856138e-02  -1.450064182281e-01   1.078421846032e-01   2.684488520026e-02  -1.384698301554e-01 
  7.104446738958e-02  -6.851918995380e-03  -1.382117867470e-01   1.132478043437e-01  -5.040759593248e-02  -1.464419215918e-01   1.132478043437e-01  -5.040759593248e-02  -1.464419215918e-01 
  0.000000000000e+00   3.826774284244e-02  -1.736535131931e-01   0.000000000000e+00   3.826774284244e-02  -1.736535131931e-01   8.703702688217e-02  -5.460933595896e-02  -1.766218096018e-01 
  1.305590718985e-01   2.999398298562e-02  -1.509292721748e-01   5.935143306851e-02   2.872313559055e-02  -1.510016322136e-01   1.667148023844e-01  -6.577908992767e-02  -1.459415256977e-01 
  1.737350523472e-01  -5.790404509753e-03  -1.798630803823e-01   1.006994843483e-01  -3.955643996596e-02  -1.414378136396e-01   2.051534354687e-01  -1.856965199113e-02  -1.292040348053e-01 
  2.051534354687e-01  -1.856965199113e-02  -1.292040348053e-01   0.000000000000e+00   2.604735828936e-02  -2.080985307693e-01   0.000000000000e+00   2.604735828936e-02  -2.080985307693e-01 
 -5.268555134535e-02  -9.268561005592e-02  -2.449713945389e-01   1.691393405199e-01   6.218375056051e-04  -1.599750667810e-01   1.083565205336e-01  -7.560472469777e-03  -1.440034955740e-01 
  1.256773173809e-01  -1.863503828645e-02  -1.343429684639e-01   8.439160138369e-02   5.820440594107e-03  -1.510948687792e-01   1.124685034156e-01  -5.219630524516e-02  -1.536333113909e-01 
  2.078152447939e-01  -6.560425460339e-02  -1.763242930174e-01   2.078152447939e-01  -6.560425460339e-02  -1.763242930174e-01   0.000000000000e+00  -2.539701573551e-02  -1.801047474146e-01 
  0.000000000000e+00  -2.539701573551e-02  -1.801047474146e-01   1.439839252271e-03  -8.660134859383e-03  -1.870314925909e-01   1.386930197477e-01  -3.055407665670e-02  -1.738948673010e-01 
  7.146538048983e-02  -1.224576979876e-01  -2.057360261679e-01   1.044406965375e-01  -1.356327384710e-01  -1.549617052078e-01   7.532165944576e-02  -4.596865549684e-02  -1.400986015797e-01 
  6.309498101473e-02   1.787530444562e-02  -1.330884546041e-01   1.736308932304e-01   6.417681276798e-02  -1.394169032574e-01   1.736308932304e-01   6.417681276798e-02  -1.394169032574e-01 
  0.000000000000e+00  -1.331681665033e-02  -1.777359396219e-01   0.000000000000e+00  -1.331681665033e-02  -1.777359396219e-01   4.650381579995e-02  -7.698417175561e-03  -1.716116368771e-01 
  7.603898644447e-02   3.661473840475e-02  -1.506380438805e-01   6.042200326920e-02   1.252368092537e-01  -1.617240905762e-01   9.747391939163e-02  -3.734527155757e-02  -1.659348756075e-01 
  1.477572470903e-01  -8.641398698092e-02  -1.780695319176e-01   1.016352847219e-01  -7.675450295210e-02  -1.427824199200e-01   1.625804156065e-01  -2.405463717878e-02  -1.370482891798e-01 
  1.625804156065e-01  -2.405463717878e-02  -1.370482891798e-01   0.000000000000e+00  -1.096169203520e-01  -2.174951136112e-01   0.000000000000e+00  -1.096169203520e-01  -2.174951136112e-01 
 -6.263390183449e-02  -4.530710354447e-02  -2.284568101168e-01   1.132496893406e-01   2.050617337227e-02  -1.555303037167e-01   6.910816580057e-02   9.699448943138e-02  -1.426573395729e-01 
  8.520476520061e-02   5.478620156646e-02  -1.330254375935e-01   1.246045231819e-01   7.525079883635e-03  -1.429384350777e-01   1.473255455494e-01  -6.247613951564e-02  -1.554036289454e-01 
  2.337817251682e-01  -1.169247403741e-01  -1.912553906441e-01   2.337817251682e-01  -1.169247403741e-01  -1.912553906441e-01   0.000000000000e+00   0.000000000000e+00  -1.796309649944e-01 
  0.000000000000e+00   0.000000000000e+00  -1.796309649944e-01  -1.014192029834e-01   0.000000000000e+00  -1.940065622330e-01   1.328724324703e-01   0.000000000000e+00  -1.587805002928e-01 
 -1.169332675636e-02   0.000000000000e+00  -1.897873282433e-01   1.546104401350e-01   0.000000000000e+00  -1.438784301281e-01   1.844306886196e-01   0.000000000000e+00  -1.216241195798e-01 
  1.768808513880e-01   0.000000000000e+00  -1.217149123549e-01   2.762760221958e-01   0.000000000000e+00  -1.253159493208e-01   2.762760221958e-01   0.000000000000e+00  -1.253159493208e-01 
  0.000000000000e+00   0.000000000000e+00  -1.796309649944e-01   0.000000000000e+00   0.000000000000e+00  -1.796309649944e-01  -1.014192029834e-01   0.000000000000e+00  -1.940065622330e-01 
  1.328724324703e-01   0.000000000000e+00  -1.587805002928e-01  -1.169332675636e-02   0.000000000000e+00  -1.897873282433e-01   1.546104401350e-01   0.000000000000e+00  -1.438784301281e-01 
  1.844306886196e-01   0.000000000000e+00  -1.216241195798e-01   1.768808513880e-01   0.000000000000e+00  -1.217149123549e-01   2.762760221958e-01   0.000000000000e+00  -1.253159493208e-01 
  2.762760221958e-01   0.000000000000e+00  -1.253159493208e-01   0.000000000000e+00  -1.144710481167e-01  -2.075132578611e-01   0.000000000000e+00  -1.144710481167e-01  -2.075132578611e-01 
  6.490245461464e-02  -9.307309985161e-02  -2.006281316280e-01   1.353832632303e-01  -6.319299340248e-02  -1.522311866283e-01   1.657530516386e-01  -4.782424867153e-02  -1.395959556103e-01 
  1.406209468842e-01  -5.183340609074e-02  -1.352206617594e-01   1.211333125830e-01  -9.560968726873e-02  -1.689105033875e-01   1.331024914980e-01  -9.257245808840e-02  -1.720966100693e-01 
  8.198188245296e-02  -2.074479311705e-01  -1.921156346798e-01   8.198188245296e-02  -2.074479311705e-01  -1.921156346798e-01   0.000000000000e+00  -1.144710481167e-01  -2.075132578611e-01 
  0.000000000000e+00  -1.144710481167e-01  -2.075132578611e-01   6.490245461464e-02  -9.307309985161e-02  -2.006281316280e-01   1.353832632303e-01  -6.319299340248e-02  -1.522311866283e-01 
  1.657530516386e-01  -4.782424867153e-02  -1.395959556103e-01   1.406209468842e-01  -5.183340609074e-02  -1.352206617594e-01   1.211333125830e-01  -9.560968726873e-02  -1.689105033875e-01 
  1.331024914980e-01  -9.257245808840e-02  -1.720966100693e-01   8.198188245296e-02  -2.074479311705e-01  -1.921156346798e-01   8.198188245296e-02  -2.074479311705e-01  -1.921156346798e-01 
  0.000000000000e+00   3.429526090622e-02  -1.809061765671e-01   0.000000000000e+00   3.429526090622e-02  -1.809061765671e-01  -4.130190238357e-02  -2.538121044636e-01  -2.064090371132e-01 
  1.923564672470e-01  -2.885761857033e-01  -1.864024996758e-01   1.187684759498e-01  -1.146141439676e-01  -1.883721500635e-01   8.269087970257e-02  -6.455849856138e-02  -1.450064182281e-01 
  1.078421846032e-01   2.684488520026e-02  -1.384698301554e-01   7.104446738958e-02  -6.851918995380e-03  -1.382117867470e-01   1.132478043437e-01  -5.040759593248e-02  -1.464419215918e-01 
  1.132478043437e-01  -5.040759593248e-02  -1.464419215918e-01   0.000000000000e+00   3.826774284244e-02  -1.736535131931e-01   0.000000000000e+00   3.826774284244e-02  -1.736535131931e-01 
  8.703702688217e-02  -5.460933595896e-02  -1.766218096018e-01   1.305590718985e-01   2.999398298562e-02  -1.509292721748e-01   5.935143306851e-02   2.872313559055e-02  -1.510016322136e-01 
  1.667148023844e-01  -6.577908992767e-02  -1.459415256977e-01   1.737350523472e-01  -5.790404509753e-03  -1.798630803823e-01   1.006994843483e-01  -3.955643996596e-02  -1.414378136396e-01 
  2.051534354687e-01  -1.856965199113e-02  -1.292040348053e-01   2.051534354687e-01  -1.856965199113e-02  -1.292040348053e-01   0.000000000000e+00   2.604735828936e-02  -2.080985307693e-01 
  0.000000000000e+00   2.604735828936e-02  -2.080985307693e-01  -5.268555134535e-02  -9.268561005592e-02  -2.449713945389e-01   1.691393405199e-01   6.218375056051e-04  -1.599750667810e-01 
  1.083565205336e-01  -7.560472469777e-03  -1.440034955740e-01   1.256773173809e-01  -1.863503828645e-02  -1.343429684639e-01   8.439160138369e-02   5.820440594107e-03  -1.510948687792e-01 
  1.124685034156e-01  -5.219630524516e-02  -1.536333113909e-01   2.078152447939e-01  -6.560425460339e-02  -1.763242930174e-01   2.078152447939e-01  -6.560425460339e-02  -1.763242930174e-01 
  0.000000000000e+00  -2.539701573551e-02  -1.801047474146e-01   0.000000000000e+00  -2.539701573551e-02  -1.801047474146e-01   1.439839252271e-03  -8.660134859383e-03  -1.870314925909e-01 
  1.386930197477e-01  -3.055407665670e-02  -1.738948673010e-01   7.146538048983e-02  -1.224576979876e-01  -2.057360261679e-01   1.044406965375e-01  -1.356327384710e-01  -1.549617052078e-01 
  7.532165944576e-02  -4.596865549684e-02  -1.400986015797e-01   6.309498101473e-02   1.787530444562e-02  -1.330884546041e-01   1.736308932304e-01   6.417681276798e-02  -1.394169032574e-01 
  1.736308932304e-01   6.417681276798e-02  -1.394169032574e-01   0.000000000000e+00  -1.331681665033e-02  -1.777359396219e-01   0.000000000000e+00  -1.331681665033e-02  -1.777359396219e-01 
  4.650381579995e-02  -7.698417175561e-03  -1.716116368771e-01   7.603898644447e-02   3.661473840475e-02  -1.506380438805e-01   6.042200326920e-02   1.252368092537e-01  -1.617240905762e-01 
  9.747391939163e-02  -3.734527155757e-02  -1.659348756075e-01   1.477572470903e-01  -8.641398698092e-02  -1.780695319176e-01   1.016352847219e-01  -7.675450295210e-02  -1.427824199200e-01 
  1.625804156065e-01  -2.405463717878e-02  -1.370482891798e-01   1.625804156065e-01  -2.405463717878e-02  -1.370482891798e-01   0.000000000000e+00  -1.096169203520e-01  -2.174951136112e-01 
  0.000000000000e+00  -1.096169203520e-01  -2.174951136112e-01  -6.263390183449e-02  -4.530710354447e-02  -2.284568101168e-01   1.132496893406e-01   2.050617337227e-02  -1.555303037167e-01 
  6.910816580057e-02   9.699448943138e-02  -1.426573395729e-01   8.520476520061e-02   5.478620156646e-02  -1.330254375935e-01   1.246045231819e-01   7.525079883635e-03  -1.429384350777e-01 
  1.473255455494e-01  -6.247613951564e-02  -1.554036289454e-01   2.337817251682e-01  -1.169247403741e-01  -1.912553906441e-01   2.337817251682e-01  -1.169247403741e-01  -1.912553906441e-01 
  0.000000000000e+00   0.000000000000e+00  -1.796309649944e-01   0.000000000000e+00   0.000000000000e+00  -1.796309649944e-01  -1.014192029834e-01   0.000000000000e+00  -1.940065622330e-01 
  1.328724324703e-01   0.000000000000e+00  -1.587805002928e-01  -1.169332675636e-02   0.000000000000e+00  -1.897873282433e-01   1.546104401350e-01   0.000000000000e+00  -1.438784301281e-01 
  1.844306886196e-01   0.000000000000e+00  -1.216241195798e-01   1.768808513880e-01   0.000000000000e+00  -1.217149123549e-01   2.762760221958e-01   0.000000000000e+00  -1.253159493208e-01 
  2.762760221958e-01   0.000000000000e+00  -1.253159493208e-01   0.000000000000e+00   0.000000000000e+00  -1.796309649944e-01   0.000000000000e+00   0.000000000000e+00  -1.796309649944e-01 
 -1.014192029834e-01   0.000000000000e+00  -1.940065622330e-01   1.328724324703e-01   0.000000000000e+00  -1.587805002928e-01  -1.169332675636e-02   0.000000000000e+00  -1.897873282433e-01 
  1.546104401350e-01   0.000000000000e+00  -1.438784301281e-01   1.844306886196e-01   0.000000000000e+00  -1.216241195798e-01   1.768808513880e-01   0.000000000000e+00  -1.217149123549e-01 
  2.762760221958e-01   0.000000000000e+00  -1.253159493208e-01   2.762760221958e-01   0.000000000000e+00  -1.253159493208e-01   0.000000000000e+00  -3.361288309097e-01  -1.017711281776e+00 
  0.000000000000e+00  -3.361288309097e-01  -1.017711281776e+00   6.973504275084e-02  -1.044390201569e-01  -1.305136203766e+00   2.663577795029e-01  -2.334069460630e-01  -5.994062423706e-01 
  2.964329719543e-01   1.691044121981e-01  -8.734677433968e-01   2.314864099026e-01  -4.629143327475e-02  -7.319185733795e-01   1.770182102919e-01  -1.038469746709e-01  -7.729139924049e-01 
  2.649833559990e-01  -4.282885417342e-02  -7.257452607155e-01   0.000000000000e+00  -9.528495371342e-02  -7.884367369115e-03   0.000000000000e+00  -9.528495371342e-02  -7.884367369115e-03 
  0.000000000000e+00  -3.361288309097e-01  -1.017711281776e+00   0.000000000000e+00  -3.361288309097e-01  -1.017711281776e+00   6.973504275084e-02  -1.044390201569e-01  -1.305136203766e+00 
  2.663577795029e-01  -2.334069460630e-01  -5.994062423706e-01   2.964329719543e-01   1.691044121981e-01  -8.734677433968e-01   2.314864099026e-01  -4.629143327475e-02  -7.319185733795e-01 
  1.770182102919e-01  -1.038469746709e-01  -7.729139924049e-01   2.649833559990e-01  -4.282885417342e-02  -7.257452607155e-01   0.000000000000e+00  -9.528495371342e-02  -7.884367369115e-03 
  0.000000000000e+00  -9.528495371342e-02  -7.884367369115e-03   0.000000000000e+00  -1.870507448912e-01  -8.559849262238e-01   0.000000000000e+00  -1.870507448912e-01  -8.559849262238e-01 
 -1.974074244499e-01  -1.935757994652e-01  -8.948183655739e-01   5.706165432930e-01  -2.631277441978e-01  -7.001545429230e-01   5.615589022636e-01   4.662356674671e-01  -5.939280986786e-01 
  4.044460654259e-01  -4.833294078708e-02  -5.808390378952e-01   1.309008598328e-01  -1.588182151318e-02  -7.593720555305e-01   1.399266421795e-01  -1.516526378691e-02  -7.596300840378e-01 
  1.014409214258e-01  -4.691065847874e-02  -5.355807766318e-02   1.014409214258e-01  -4.691065847874e-02  -5.355807766318e-02   0.000000000000e+00   3.175785392523e-02  -8.138884305954e-01 
  0.000000000000e+00   3.175785392523e-02  -8.138884305954e-01   3.724603056908e-01   2.600328922272e-01  -1.134055137634e+00   6.318157315254e-01  -1.039437204599e-01  -9.773777127266e-01 
  6.365085244179e-01   1.064891293645e-01  -8.356202840805e-01   7.397025823593e-01   1.470945328474e-01  -6.685186028481e-01   7.117842435837e-01  -7.573693059385e-03  -2.013692446053e-02 
  1.079488992691e-01  -3.469296917319e-02  -5.856219306588e-02   2.020801156759e-01  -1.907356642187e-02  -7.079596072435e-02   2.020801156759e-01  -1.907356642187e-02  -7.079596072435e-02 
  0.000000000000e+00  -1.021554600447e-02  -8.039193153381e-01   0.000000000000e+00  -1.021554600447e-02  -8.039193153381e-01   1.431221216917e-01  -1.345123201609e-01  -1.083650231361e+00 
  5.553655028343e-01   6.849891692400e-02  -1.226837873459e+00   2.261635065079e-01   7.268357276917e-02  -7.056236863136e-01   3.006455898285e-01   1.548660099506e-01  -6.204960942268e-01 
  9.121213853359e-02   1.558553613722e-02  -7.270440459251e-01   1.127162650228e-01  -5.084143206477e-02  -7.248216867447e-01   2.077224850655e-01  -6.558445096016e-02  -2.367570437491e-02 
  2.077224850655e-01  -6.558445096016e-02  -2.367570437491e-02   0.000000000000e+00   6.195453181863e-02  -6.910658478737e-01   0.000000000000e+00   6.195453181863e-02  -6.910658478737e-01 
 -2.985857725143e-01   1.501053124666e-01  -4.534227550030e-01  -2.413612753153e-01   1.657790839672e-01  -6.588148474693e-01   1.148008108139e-01   2.785742580891e-01  -6.121513843536e-01 
  2.606296539307e-01   1.211858391762e-01  -6.006900072098e-01   7.596580684185e-02  -5.189232993871e-03  -8.284030556679e-01   1.199830695987e-01   1.495346240699e-02  -7.465702891350e-01 
  2.058398425579e-01   6.317604333162e-02  -6.058309227228e-02   2.058398425579e-01   6.317604333162e-02  -6.058309227228e-02   0.000000000000e+00  -3.476965427399e-02  -6.553100347519e-01 
  0.000000000000e+00  -3.476965427399e-02  -6.553100347519e-01  -3.928056731820e-02   5.177580714226e-01  -6.653754115105e-01   4.433570802212e-01   2.598340511322e-01  -9.000959992409e-01 
  5.030531287193e-01   1.545182168484e-01  -8.865659236908e-01   5.089505314827e-01   4.955995082855e-01  -8.790876865387e-01  -8.212692290545e-02   1.442155390978e-01  -7.268128395081e-01 
  3.579525053501e-01  -5.231583863497e-02  -9.381691813469e-01   4.259101152420e-01  -2.912076003850e-02  -6.295171380043e-02   4.259101152420e-01  -2.912076003850e-02  -6.295171380043e-02 
  0.000000000000e+00   2.036042809486e-01  -6.118386983871e-01   0.000000000000e+00   2.036042809486e-01  -6.118386983871e-01   1.904326081276e-01   1.851673573256e-01  -8.414427638054e-01 
  6.664187908173e-01   1.824074089527e-01  -1.161161184311e+00   1.052239537239e+00  -2.246891893446e-02  -2.448312520981e+00  -3.611203432083e-01   4.636235535145e-01  -1.058100685477e-01 
 -2.352153807878e-01   7.880812510848e-03  -6.143729090691e-01   8.705869317055e-01   8.592276833951e-03  -5.900756120682e-01   9.207159280777e-01  -6.177788972855e-02  -4.485507607460e-01 
  9.207159280777e-01  -6.177788972855e-02  -4.485507607460e-01   0.000000000000e+00   0.000000000000e+00  -5.990399122238e-01   0.000000000000e+00   0.000000000000e+00  -5.990399122238e-01 
  4.757691919804e-01   0.000000000000e+00  -7.868079543114e-01   3.047695755959e-01   0.000000000000e+00  -1.690923929214e+00   6.953804492950e-01  -2.653194824234e-03  -2.466622829437e+00 
 -1.104971289635e+00   0.000000000000e+00   3.731744289398e-01  -9.593563675880e-01   0.000000000000e+00   4.237275719643e-01   9.684239029884e-01   0.000000000000e+00  -5.180912613869e-01 
  9.720013737679e-01  -9.504240006208e-03  -5.144901871681e-01   9.720013737679e-01  -9.504240006208e-03  -5.144901871681e-01   0.000000000000e+00   0.000000000000e+00  -5.990399122238e-01 
  0.000000000000e+00   0.000000000000e+00  -5.990399122238e-01   4.757691919804e-01   0.000000000000e+00  -7.868079543114e-01   3.047695755959e-01   0.000000000000e+00  -1.690923929214e+00 
  6.953804492950e-01  -2.653194824234e-03  -2.466622829437e+00  -1.104971289635e+00   0.000000000000e+00   3.731744289398e-01  -9.593563675880e-01   0.000000000000e+00   4.237275719643e-01 
  9.684239029884e-01   0.000000000000e+00  -5.180912613869e-01   9.720013737679e-01  -9.504240006208e-03  -5.144901871681e-01   9.720013737679e-01  -9.504240006208e-03  -5.144901871681e-01 
  0.000000000000e+00  -8.536659926176e-02  -4.844564199448e-01   0.000000000000e+00  -8.536659926176e-02  -4.844564199448e-01   1.083988547325e-01  -1.425412483513e-02  -5.512956380844e-01 
  1.864078789949e-01  -1.787690967321e-01  -5.128584504128e-01   8.989893794060e-01  -1.586129814386e-01  -6.609877347946e-01   8.554923534393e-01  -1.265381090343e-02  -7.576059699059e-01 
  1.412554830313e-01   0.000000000000e+00  -7.538593411446e-01   0.000000000000e+00  -2.706503309309e-02  -7.978419065475e-01   0.000000000000e+00  -7.624039053917e-02  -1.000000014901e-01 
  0.000000000000e+00  -7.624039053917e-02  -1.000000014901e-01   0.000000000000e+00  -8.536659926176e-02  -4.844564199448e-01   0.000000000000e+00  -8.536659926176e-02  -4.844564199448e-01 
  1.083988547325e-01  -1.425412483513e-02  -5.512956380844e-01   1.864078789949e-01  -1.787690967321e-01  -5.128584504128e-01   8.989893794060e-01  -1.586129814386e-01  -6.609877347946e-01 
  8.554923534393e-01  -1.265381090343e-02  -7.576059699059e-01   1.412554830313e-01   0.000000000000e+00  -7.538593411446e-01   0.000000000000e+00  -2.706503309309e-02  -7.978419065475e-01 
  0.000000000000e+00  -7.624039053917e-02  -1.000000014901e-01   0.000000000000e+00  -7.624039053917e-02  -1.000000014901e-01   0.000000000000e+00  -5.315746180713e-03  -4.458714425564e-01 
  0.000000000000e+00  -5.315746180713e-03  -4.458714425564e-01   6.197736039758e-02   3.467561304569e-02  -3.015679717064e-01   2.988989949226e-01  -2.054610699415e-01  -4.650256633759e-01 
  5.372570157051e-01  -1.833535879850e-01  -5.171195864677e-01   6.228736042976e-01   8.163990825415e-02  -8.451914787292e-01   6.474426984787e-01   0.000000000000e+00  -8.830273747444e-01 
  8.507877588272e-01  -1.238071918488e-02  -7.406789064407e-01   1.464642584324e-01  -4.161021113396e-02  -1.258070170879e-01   1.464642584324e-01  -4.161021113396e-02  -1.258070170879e-01 
  0.000000000000e+00   1.415796764195e-02  -4.319091737270e-01   0.000000000000e+00   1.415796764195e-02  -4.319091737270e-01   2.874174714088e-01   1.622122153640e-02   2.325638681650e-01 
  6.504856944084e-01  -2.897579781711e-02  -1.584386825562e-01   4.711344540119e-01   1.358503550291e-01  -6.873786449432e-01   8.407567143440e-01   2.208087295294e-01  -1.334302067757e+00 
  9.499428272247e-01   1.779141426086e-01  -1.330480813980e+00   9.835252761841e-01   1.479733139277e-01  -1.000000014901e-01   0.000000000000e+00  -1.149530988187e-03  -1.000000014901e-01 
  0.000000000000e+00  -1.149530988187e-03  -1.000000014901e-01   0.000000000000e+00   3.263850510120e-02  -4.954139888287e-01   0.000000000000e+00   3.263850510120e-02  -4.954139888287e-01 
  5.252585187554e-02  -9.556397795677e-02  -4.484240710735e-01   6.059665679932e-01   8.137257397175e-02   6.456740498543e-01   3.455586731434e-01   8.334851264954e-02  -3.010137081146e-01 
  4.091840386391e-01   2.051177322865e-01  -7.229931354523e-01   6.473107337952e-01   1.497221291065e-01  -9.148253798485e-01   8.429356813431e-01   1.204263493419e-01  -7.657276391983e-01 
  2.195490896702e-01  -3.255734220147e-02  -7.747077941895e-02   2.195490896702e-01  -3.255734220147e-02  -7.747077941895e-02   0.000000000000e+00   8.786926418543e-02  -3.548033237457e-01 
  0.000000000000e+00   8.786926418543e-02  -3.548033237457e-01   9.777656197548e-02   2.687580585480e-01  -4.916580915451e-01   1.517322361469e-01   4.725276678801e-02  -2.029305137694e-02 
  1.132687479258e-01   1.617390960455e-01   6.687214225531e-02   2.144968807697e-01   1.714197844267e-01  -3.051947057247e-01   1.200337633491e-01   1.533550471067e-01  -6.367908716202e-01 
  2.351342588663e-01   3.925467282534e-02  -5.693725943565e-01   3.098427355289e-01   5.910998582840e-02  -1.077488288283e-01   3.098427355289e-01   5.910998582840e-02  -1.077488288283e-01 
  0.000000000000e+00  -1.996747404337e-01  -4.156083464622e-01   0.000000000000e+00  -1.996747404337e-01  -4.156083464622e-01   1.388778835535e-01  -3.706728667021e-02  -4.856234192848e-01 
  1.864316165447e-01   1.113833785057e-01  -7.203209996223e-01   6.684412360191e-01   1.541870236397e-01  -3.123143017292e-01   3.775007724762e-01   3.536789119244e-01  -3.309916555882e-01 
  6.380487233400e-02   2.177819013596e-01  -6.754229068756e-01   5.899108052254e-01  -3.180206194520e-02  -1.000000014901e-01   6.437689661980e-01  -2.958422154188e-02  -1.959130316973e-01 
  6.437689661980e-01  -2.958422154188e-02  -1.959130316973e-01   0.000000000000e+00   1.028989627957e-01  -4.726521670818e-01   0.000000000000e+00   1.028989627957e-01  -4.726521670818e-01 
  2.763479650021e-01   1.015446260571e-01  -4.630436897278e-01   5.502318739891e-01   6.597653497010e-03  -8.678199052811e-01   7.697906494141e-01  -1.797795854509e-02  -1.570894598961e+00 
 -1.292158663273e-01   2.190367877483e-01  -8.932256102562e-01  -4.102579057217e-01   3.870082087815e-03  -5.425285696983e-01   9.817743301392e-01  -2.205494092777e-03  -7.462511658669e-01 
  9.787364006042e-01  -2.898877114058e-02  -6.269336342812e-01   9.787364006042e-01  -2.898877114058e-02  -6.269336342812e-01   0.000000000000e+00   0.000000000000e+00  -1.727800518274e-01 
  0.000000000000e+00   0.000000000000e+00  -1.727800518274e-01   2.694605290890e-01   0.000000000000e+00  -6.094466894865e-02   1.479978114367e-01   0.000000000000e+00  -1.289953351021e+00 
  4.298655092716e-01   0.000000000000e+00  -2.052466392517e+00  -5.282655954361e-01   0.000000000000e+00  -5.257219076157e-01  -1.032163739204e+00   0.000000000000e+00   4.021034538746e-01 
  1.122747063637e+00   0.000000000000e+00  -9.509016871452e-01   1.048811078072e+00  -2.839341759682e-03  -1.176016092300e+00   1.048811078072e+00  -2.839341759682e-03  -1.176016092300e+00 
  0.000000000000e+00   0.000000000000e+00  -1.727800518274e-01   0.000000000000e+00   0.000000000000e+00  -1.727800518274e-01   2.694605290890e-01   0.000000000000e+00  -6.094466894865e-02 
  1.479978114367e-01   0.000000000000e+00  -1.289953351021e+00   4.298655092716e-01   0.000000000000e+00  -2.052466392517e+00  -5.282655954361e-01   0.000000000000e+00  -5.257219076157e-01 
 -1.032163739204e+00   0.000000000000e+00   4.021034538746e-01   1.122747063637e+00   0.000000000000e+00  -9.509016871452e-01   1.048811078072e+00  -2.839341759682e-03  -1.176016092300e+00 
  1.048811078072e+00  -2.839341759682e-03  -1.176016092300e+00   0.000000000000e+00   1.161251217127e-01  -9.492091536522e-01   0.000000000000e+00   1.161251217127e-01  -9.492091536522e-01 
  9.973117709160e-02  -2.415405353531e-03  -9.576220512390e-01   2.150316685438e-01  -1.664280593395e-01  -2.544214427471e-01   9.914693832397e-01  -1.253635138273e-01  -2.418548315763e-01 
  9.120773673058e-01  -1.650595217943e-01  -2.696776688099e-01   8.520153164864e-01  -2.502758428454e-02  -7.049033641815e-01   5.943115949631e-01   3.672532271594e-03  -7.443051934242e-01 
  3.073884248734e-01  -3.050824441016e-02  -3.267615735531e-01   3.073884248734e-01  -3.050824441016e-02  -3.267615735531e-01   0.000000000000e+00   1.161251217127e-01  -9.492091536522e-01 
  0.000000000000e+00   1.161251217127e-01  -9.492091536522e-01   9.973117709160e-02  -2.415405353531e-03  -9.576220512390e-01   2.150316685438e-01  -1.664280593395e-01  -2.544214427471e-01 
  9.914693832397e-01  -1.253635138273e-01  -2.418548315763e-01   9.120773673058e-01  -1.650595217943e-01  -2.696776688099e-01   8.520153164864e-01  -2.502758428454e-02  -7.049033641815e-01 
  5.943115949631e-01   3.672532271594e-03  -7.443051934242e-01   3.073884248734e-01  -3.050824441016e-02  -3.267615735531e-01   3.073884248734e-01  -3.050824441016e-02  -3.267615735531e-01 
  0.000000000000e+00   2.610750198364e-01  -6.110371947289e-01   0.000000000000e+00   2.610750198364e-01  -6.110371947289e-01   8.825929462910e-02   7.825330644846e-02  -1.300690621138e-01 
 -4.582187160850e-02  -2.034640610218e-01  -1.621099859476e-01   9.287517666817e-01  -2.047555297613e-01  -2.547052800655e-01   6.446378231049e-01  -1.856505274773e-01  -1.141762375832e+00 
  1.004284143448e+00   1.141464561224e-01  -6.935916543007e-01   9.835252761841e-01   8.828257024288e-02  -6.400191187859e-01   5.019906759262e-01   3.280349820852e-02  -3.192893266678e-01 
  5.019906759262e-01   3.280349820852e-02  -3.192893266678e-01   0.000000000000e+00   3.864725828171e-01   1.094633862376e-01   0.000000000000e+00   3.864725828171e-01   1.094633862376e-01 
  4.863817244768e-02   2.846939861774e-02   2.356183975935e-01   3.380032479763e-01  -2.710640989244e-02   1.697193831205e-01   4.497868418694e-01  -1.113718654960e-02  -7.472786903381e-01 
  0.000000000000e+00   1.781988143921e-01  -1.326659679413e+00   1.041541099548e+00   1.680969893932e-01  -5.541593432426e-01   9.255093932152e-01   1.100810989738e-01  -5.836682915688e-01 
  0.000000000000e+00   8.183969557285e-02  -1.000000014901e-01   0.000000000000e+00   8.183969557285e-02  -1.000000014901e-01   0.000000000000e+00  -1.752152442932e-01  -2.550734877586e-01 
  0.000000000000e+00  -1.752152442932e-01  -2.550734877586e-01   5.448389798403e-02  -1.274342089891e-01  -4.476652480662e-03   3.367657363415e-01   5.359089002013e-02   5.868619084358e-01 
  4.433041512966e-01   1.130757480860e-01  -8.330710232258e-02   3.735877573490e-01   1.519476324320e-01  -7.596987485886e-01   9.633676409721e-01   5.206520855427e-02  -4.530712664127e-01 
  9.467952847481e-01   1.100810989738e-01  -4.867061376572e-01   4.968115985394e-01   7.782175391912e-02  -2.364757806063e-01   4.968115985394e-01   7.782175391912e-02  -2.364757806063e-01 
  0.000000000000e+00   3.455214202404e-01  -3.304961621761e-01   0.000000000000e+00   3.455214202404e-01  -3.304961621761e-01   6.170138344169e-02   4.902633726597e-01  -1.120342314243e-01 
  1.306543499231e-01   2.687580585480e-01   1.204476207495e-01   2.297017872334e-01   1.654539257288e-01   6.173607334495e-02   2.332350015640e-01   6.769052892923e-02  -2.020101994276e-01 
  8.142561912537e-01   0.000000000000e+00  -4.824053645134e-01   8.293024897575e-01   5.480790510774e-02  -4.156079292297e-01   4.415962398052e-01   5.398146435618e-02  -2.327380478382e-01 
  4.415962398052e-01   5.398146435618e-02  -2.327380478382e-01   0.000000000000e+00   1.174585595727e-01  -4.961413145065e-01   0.000000000000e+00   1.174585595727e-01  -4.961413145065e-01 
  7.040357589722e-02   1.108254343271e-01  -6.283482313156e-01   1.156564950943e-01   1.399043798447e-01  -9.215241670609e-01   7.031940221786e-01   1.427430957556e-01  -6.908783316612e-01 
  4.142519831657e-01   2.601247727871e-01  -5.164204835892e-01   1.498256325722e-01   1.066743731499e-01  -6.216960549355e-01   6.021761894226e-01   4.170587658882e-02  -1.000000014901e-01 
  2.055054903030e-01   1.188728027046e-02  -4.492690861225e-01   2.055054903030e-01   1.188728027046e-02  -4.492690861225e-01   0.000000000000e+00  -2.105748057365e-01  -4.317646920681e-01 
  0.000000000000e+00  -2.105748057365e-01  -4.317646920681e-01   2.435123920441e-01   3.152265027165e-02  -3.981283605099e-01   9.842591732740e-02   1.398039702326e-02  -1.441100358963e+00 
  8.990086317062e-01  -7.719219196588e-03  -1.038263678551e+00   2.498262524605e-01   8.859121054411e-02  -1.017430186272e+00  -5.538900569081e-02   2.167303115129e-03  -7.145079374313e-01 
  6.178149580956e-01   0.000000000000e+00  -1.329795837402e+00   2.022076696157e-01   0.000000000000e+00  -1.044311165810e+00   2.022076696157e-01   0.000000000000e+00  -1.044311165810e+00 
  0.000000000000e+00   0.000000000000e+00  -3.054584264755e-01   0.000000000000e+00   0.000000000000e+00  -3.054584264755e-01   2.593730390072e-02   0.000000000000e+00  -5.232076048851e-01 
 -2.015158534050e-01   0.000000000000e+00  -5.742542743683e-01   1.157444596291e+00   0.000000000000e+00  -1.369479447603e-01  -1.677723675966e-01   0.000000000000e+00  -1.142339348793e+00 
  0.000000000000e+00   0.000000000000e+00  -1.000000014901e-01   0.000000000000e+00   0.000000000000e+00  -1.394316434860e+00   0.000000000000e+00   0.000000000000e+00  -1.329795837402e+00 
  0.000000000000e+00   0.000000000000e+00  -1.329795837402e+00   0.000000000000e+00   0.000000000000e+00  -3.054584264755e-01   0.000000000000e+00   0.000000000000e+00  -3.054584264755e-01 
  2.593730390072e-02   0.000000000000e+00  -5.232076048851e-01  -2.015158534050e-01   0.000000000000e+00  -5.742542743683e-01   1.157444596291e+00   0.000000000000e+00  -1.369479447603e-01 
 -1.677723675966e-01   0.000000000000e+00  -1.142339348793e+00   0.000000000000e+00   0.000000000000e+00  -1.000000014901e-01   0.000000000000e+00   0.000000000000e+00  -1.394316434860e+00 
  0.000000000000e+00   0.000000000000e+00  -1.329795837402e+00   0.000000000000e+00   0.000000000000e+00  -1.329795837402e+00   0.000000000000e+00   8.387304842472e-02  -4.269845783710e-01 
  0.000000000000e+00   8.387304842472e-02  -4.269845783710e-01  -6.145018339157e-02   4.103851318359e-02  -5.719377398491e-01  -7.548541575670e-02  -7.716605812311e-02  -2.940101027489e-01 
  9.517733454704e-01  -1.650595217943e-01  -3.212468624115e-01   9.517733454704e-01  -1.645757406950e-01  -2.815508544445e-01   8.989548087120e-01  -4.936747625470e-02  -5.343046188354e-01 
  7.972370386124e-01  -1.368386787362e-03  -6.305340528488e-01   5.365569591522e-01  -4.909833893180e-03  -4.454519152641e-01   5.365569591522e-01  -4.909833893180e-03  -4.454519152641e-01 
  0.000000000000e+00   8.387304842472e-02  -4.269845783710e-01   0.000000000000e+00   8.387304842472e-02  -4.269845783710e-01  -6.145018339157e-02   4.103851318359e-02  -5.719377398491e-01 
 -7.548541575670e-02  -7.716605812311e-02  -2.940101027489e-01   9.517733454704e-01  -1.650595217943e-01  -3.212468624115e-01   9.517733454704e-01  -1.645757406950e-01  -2.815508544445e-01 
  8.989548087120e-01  -4.936747625470e-02  -5.343046188354e-01   7.972370386124e-01  -1.368386787362e-03  -6.305340528488e-01   5.365569591522e-01  -4.909833893180e-03  -4.454519152641e-01 
  5.365569591522e-01  -4.909833893180e-03  -4.454519152641e-01   0.000000000000e+00   1.148328036070e-01  -4.304830431938e-01   0.000000000000e+00   1.148328036070e-01  -4.304830431938e-01 
  1.993661932647e-02   3.084043599665e-02  -1.766217201948e-01   0.000000000000e+00  -6.838423758745e-02  -4.798509776592e-01   8.081620931625e-01  -1.650595217943e-01  -3.004353642464e-01 
  6.643984913826e-01  -1.735057532787e-01  -5.994008779526e-01   9.597309827805e-01   5.186033993959e-02  -5.836682915688e-01   9.342790842056e-01   5.626646429300e-02  -6.011427640915e-01 
  5.295858979225e-01   4.202290251851e-02  -3.807555139065e-01   5.295858979225e-01   4.202290251851e-02  -3.807555139065e-01   0.000000000000e+00   3.700421452522e-01  -3.834252655506e-01 
  0.000000000000e+00   3.700421452522e-01  -3.834252655506e-01   3.582616150379e-02   2.172180414200e-01  -1.864400357008e-01   1.369315087795e-01   9.726593643427e-02   2.360488520935e-03 
  6.525415927172e-02  -6.309328228235e-02  -3.687583804131e-01   3.326670229435e-01  -5.065136030316e-02  -1.000000014901e-01   7.857189774513e-01   0.000000000000e+00  -6.416841745377e-01 
  9.298478960991e-01   2.443546429276e-02  -5.836682915688e-01   0.000000000000e+00   3.319714590907e-02  -1.000000014901e-01   0.000000000000e+00   3.319714590907e-02  -1.000000014901e-01 
  0.000000000000e+00  -1.299447715282e-01  -1.129370406270e-01   0.000000000000e+00  -1.299447715282e-01  -1.129370406270e-01   3.419101238251e-02  -1.223874464631e-01  -4.753877222538e-02 
  1.435334533453e-01  -2.386648394167e-02   3.052164018154e-01   0.000000000000e+00  -8.724143356085e-02  -1.000000014901e-01   0.000000000000e+00  -1.070416420698e-01  -6.779395341873e-01 
  6.415899991989e-01  -1.205201148987e-01  -1.000000014901e-01   6.579462885857e-01  -8.034674078226e-02  -2.612227499485e-01   3.764306604862e-01  -6.059676408768e-02  -2.258305847645e-01 
  3.764306604862e-01  -6.059676408768e-02  -2.258305847645e-01   0.000000000000e+00   2.361599206924e-01  -2.031184732914e-01   0.000000000000e+00   2.361599206924e-01  -2.031184732914e-01 
  4.261862114072e-02   3.037230670452e-01   1.616987437010e-01   7.788214832544e-02   2.754541337490e-01  -3.885078430176e-02   1.281224191189e-01  -4.199680685997e-02  -2.485623210669e-02 
  1.765497177839e-01  -5.645529925823e-02  -7.670496702194e-01   4.100654721260e-01  -1.041638329625e-01  -3.628831803799e-01   3.541200459003e-01  -6.084689497948e-02  -5.032798051834e-01 
  2.188513614237e-02  -2.918713539839e-02  -3.659793138504e-01   2.188513614237e-02  -2.918713539839e-02  -3.659793138504e-01   0.000000000000e+00   1.978797018528e-01  -3.703895211220e-01 
  0.000000000000e+00   1.978797018528e-01  -3.703895211220e-01   2.765307947993e-02   1.646415591240e-01  -2.845452725887e-01   6.909310352057e-03   1.399296671152e-01  -2.974295020103e-01 
  3.442323803902e-01   1.207503154874e-01  -4.494999349117e-01   3.362911939621e-01  -2.976123616099e-02  -4.588880538940e-01   7.266516238451e-02  -5.735874548554e-02  -5.063138008118e-01 
 -2.953932434320e-02   0.000000000000e+00  -3.911583721638e-01  -1.387090235949e-01   0.000000000000e+00  -1.000000014901e-01  -1.387090235949e-01   0.000000000000e+00  -1.000000014901e-01 
  0.000000000000e+00  -3.777368366718e-02  -4.522630274296e-01   0.000000000000e+00  -3.777368366718e-02  -4.522630274296e-01   5.134001001716e-02  -2.564568258822e-02  -1.318880170584e-01 
 -3.645946085453e-02  -1.140334177762e-02  -1.429748535156e-01   4.264192581177e-01  -6.023987196386e-03  -3.379617631435e-01   2.470293939114e-01   3.025956451893e-02  -3.821588754654e-01 
  7.565838843584e-02  -7.728201453574e-04  -4.911858737469e-01   0.000000000000e+00   0.000000000000e+00  -5.074889063835e-01   0.000000000000e+00   0.000000000000e+00  -1.000000014901e-01 
  0.000000000000e+00   0.000000000000e+00  -1.000000014901e-01   0.000000000000e+00   0.000000000000e+00  -4.570834338665e-01   0.000000000000e+00   0.000000000000e+00  -4.570834338665e-01 
  8.933708816767e-02   0.000000000000e+00  -3.858345150948e-01   6.582726240158e-01   0.000000000000e+00  -1.651484966278e-01   6.301136612892e-01   0.000000000000e+00   2.039506733418e-01 
  0.000000000000e+00   0.000000000000e+00   3.031224310398e-01   0.000000000000e+00   0.000000000000e+00  -1.000000014901e-01   0.000000000000e+00   0.000000000000e+00  -1.000000014901e-01 
  0.000000000000e+00   0.000000000000e+00  -1.019521504641e-01   0.000000000000e+00   0.000000000000e+00  -1.019521504641e-01   0.000000000000e+00   0.000000000000e+00  -4.570834338665e-01 
  0.000000000000e+00   0.000000000000e+00  -4.570834338665e-01   8.933708816767e-02   0.000000000000e+00  -3.858345150948e-01   6.582726240158e-01   0.000000000000e+00  -1.651484966278e-01 
  6.301136612892e-01   0.000000000000e+00   2.039506733418e-01   0.000000000000e+00   0.000000000000e+00   3.031224310398e-01   0.000000000000e+00   0.000000000000e+00  -1.000000014901e-01 
  0.000000000000e+00   0.000000000000e+00  -1.000000014901e-01   0.000000000000e+00   0.000000000000e+00  -1.019521504641e-01   0.000000000000e+00   0.000000000000e+00  -1.019521504641e-01 
  0.000000000000e+00  -2.106002867222e-01  -3.076498508453e-01   0.000000000000e+00  -2.106002867222e-01  -3.076498508453e-01  -1.858191378415e-02   3.484831005335e-02  -7.381700873375e-01 
 -9.437550604343e-02   0.000000000000e+00  -1.933963656425e+00   0.000000000000e+00  -8.134877681732e-02  -1.000000014901e-01   0.000000000000e+00  -1.081871986389e-01  -1.000000014901e-01 
  5.901962518692e-01  -4.592567682266e-02  -2.359076440334e-01   6.945622563362e-01  -1.100336387753e-02  -5.185122489929e-01   5.906544327736e-01  -1.504270941950e-03  -5.986786484718e-01 
  5.906544327736e-01  -1.504270941950e-03  -5.986786484718e-01   0.000000000000e+00  -2.106002867222e-01  -3.076498508453e-01   0.000000000000e+00  -2.106002867222e-01  -3.076498508453e-01 
 -1.858191378415e-02   3.484831005335e-02  -7.381700873375e-01  -9.437550604343e-02   0.000000000000e+00  -1.933963656425e+00   0.000000000000e+00  -8.134877681732e-02  -1.000000014901e-01 
  0.000000000000e+00  -1.081871986389e-01  -1.000000014901e-01   5.901962518692e-01  -4.592567682266e-02  -2.359076440334e-01   6.945622563362e-01  -1.100336387753e-02  -5.185122489929e-01 
  5.906544327736e-01  -1.504270941950e-03  -5.986786484718e-01   5.906544327736e-01  -1.504270941950e-03  -5.986786484718e-01   0.000000000000e+00  -1.681165695190e-01  -4.974635839462e-01 
  0.000000000000e+00  -1.681165695190e-01  -4.974635839462e-01   9.097364731133e-03  -1.371442973614e-01  -5.776990652084e-01  -3.512516617775e-02   0.000000000000e+00  -9.093079566956e-01 
  1.843763291836e-01  -7.873553037643e-02  -5.758993029594e-01   2.419725060463e-01  -7.573222368956e-02  -9.157721996307e-01   6.658084392548e-01   5.094646010548e-03  -1.000000014901e-01 
  7.006610035896e-01   1.426312047988e-02  -6.821557879448e-01   5.340368151665e-01   1.570432819426e-02  -8.237174749374e-01   5.340368151665e-01   1.570432819426e-02  -8.237174749374e-01 
  0.000000000000e+00  -8.813108503819e-02  -3.645360171795e-01   0.000000000000e+00  -8.813108503819e-02  -3.645360171795e-01  -1.456579379737e-02  -9.286990016699e-02  -3.982934355736e-01 
 -1.192046701908e-02  -5.788398161530e-02  -3.418878316879e-01   0.000000000000e+00  -5.024176090956e-02  -6.543789505959e-01   0.000000000000e+00   0.000000000000e+00  -1.125601053238e+00 
  6.415899991989e-01   0.000000000000e+00  -1.182099461555e+00   6.579462885857e-01   1.802929094993e-03  -1.182099461555e+00   3.764066100121e-01   3.276027739048e-03  -1.177441835403e+00 
  3.764066100121e-01   3.276027739048e-03  -1.177441835403e+00   0.000000000000e+00   1.591246128082e-01  -4.393770396709e-01   0.000000000000e+00   1.591246128082e-01  -4.393770396709e-01 
  7.906633429229e-03   1.376095116138e-01  -4.045074880123e-01   2.885402552783e-02  -7.315962016582e-02   2.909982576966e-02   0.000000000000e+00  -9.353007376194e-02  -1.000000014901e-01 
  1.610709726810e-01  -1.347931176424e-01  -1.121307969093e+00   5.507852435112e-01  -1.504263728857e-01  -1.203905224800e+00   6.714962720871e-01   0.000000000000e+00  -1.182099461555e+00 
  0.000000000000e+00   0.000000000000e+00  -1.166368603706e+00   0.000000000000e+00   0.000000000000e+00  -1.166368603706e+00   0.000000000000e+00   2.796280384064e-01  -4.437258541584e-01 
  0.000000000000e+00   2.796280384064e-01  -4.437258541584e-01   5.112550687045e-03   2.812182307243e-01  -3.009183704853e-01   2.353582903743e-02   5.113154277205e-02  -2.220541834831e-01 
  0.000000000000e+00  -9.353007376194e-02  -6.037941575050e-01   1.785409152508e-01  -8.048443496227e-02  -1.110401749611e+00   1.785409152508e-01  -9.061384201050e-02  -1.181232452393e+00 
  0.000000000000e+00   0.000000000000e+00  -1.172348856926e+00   0.000000000000e+00   0.000000000000e+00  -7.258960008621e-01   0.000000000000e+00   0.000000000000e+00  -7.258960008621e-01 
  0.000000000000e+00   2.389402389526e-01  -3.588900268078e-01   0.000000000000e+00   2.389402389526e-01  -3.588900268078e-01   3.598771244287e-02   2.197579443455e-01  -3.137345314026e-01 
  5.559261888266e-02   1.801294237375e-01  -2.052925527096e-01   1.449608355761e-01  -5.061412230134e-02  -1.904033124447e-01   1.275505572557e-01   0.000000000000e+00  -1.077131748199e+00 
  0.000000000000e+00   0.000000000000e+00  -1.025705218315e+00   0.000000000000e+00   0.000000000000e+00  -3.519171774387e-01  -2.800073921680e-01   0.000000000000e+00  -6.038343310356e-01 
 -2.800073921680e-01   0.000000000000e+00  -6.038343310356e-01   0.000000000000e+00   6.808298081160e-02  -3.035385608673e-01   0.000000000000e+00   6.808298081160e-02  -3.035385608673e-01 
  7.083703577518e-02   2.869363129139e-02  -2.494595944881e-01   1.066549867392e-01   1.553315017372e-02   5.926745478064e-03   2.796269059181e-01   8.310959674418e-03   3.718192502856e-02 
  1.515326350927e-01   2.966447034851e-03  -2.670136392117e-01   1.941522117704e-03   0.000000000000e+00  -1.258374452591e-01   0.000000000000e+00   0.000000000000e+00  -1.000000014901e-01 
 -3.115465641022e-01  -3.617676347494e-02  -6.353735327721e-01  -3.115465641022e-01  -3.617676347494e-02  -6.353735327721e-01   0.000000000000e+00   0.000000000000e+00  -3.858806192875e-01 
  0.000000000000e+00   0.000000000000e+00  -3.858806192875e-01   5.277946591377e-03   0.000000000000e+00  -5.104028582573e-01   0.000000000000e+00   0.000000000000e+00   4.977782368660e-01 
  0.000000000000e+00   0.000000000000e+00   5.776560902596e-01   0.000000000000e+00   0.000000000000e+00  -1.000000014901e-01   2.354016905883e-04   0.000000000000e+00  -1.040971204638e-01 
  0.000000000000e+00   0.000000000000e+00  -1.000000014901e-01   0.000000000000e+00   0.000000000000e+00  -1.000000014901e-01   0.000000000000e+00   0.000000000000e+00  -1.000000014901e-01 
  0.000000000000e+00   0.000000000000e+00  -3.858806192875e-01   0.000000000000e+00   0.000000000000e+00  -3.858806192875e-01   5.277946591377e-03   0.000000000000e+00  -5.104028582573e-01 
  0.000000000000e+00   0.000000000000e+00   4.977782368660e-01   0.000000000000e+00   0.000000000000e+00   5.776560902596e-01   0.000000000000e+00   0.000000000000e+00  -1.000000014901e-01 
  2.354016905883e-04   0.000000000000e+00  -1.040971204638e-01   0.000000000000e+00   0.000000000000e+00  -1.000000014901e-01   0.000000000000e+00   0.000000000000e+00  -1.000000014901e-01 
  0.000000000000e+00   0.000000000000e+00  -1.000000014901e-01   0.000000000000e+00  -3.451455011964e-02  -2.517624199390e-01   0.000000000000e+00  -3.451455011964e-02  -2.517624199390e-01 
  8.174489438534e-02  -2.327163703740e-02  -1.838335841894e-01  -9.689182788134e-02  -2.112260088325e-02  -1.933963656425e+00   0.000000000000e+00  -4.891358315945e-02  -1.000000014901e-01 
  9.472521953285e-03  -7.391766458750e-02  -3.036487698555e-01   4.369379281998e-01  -3.703613206744e-02  -1.873264312744e-01   5.427237749100e-01  -1.768632233143e-02  -5.151786208153e-01 
  5.051420927048e-01  -9.557705372572e-03  -6.913416385651e-01   5.051420927048e-01  -9.557705372572e-03  -6.913416385651e-01   0.000000000000e+00  -3.451455011964e-02  -2.517624199390e-01 
  0.000000000000e+00  -3.451455011964e-02  -2.517624199390e-01   8.174489438534e-02  -2.327163703740e-02  -1.838335841894e-01  -9.689182788134e-02  -2.112260088325e-02  -1.933963656425e+00 
  0.000000000000e+00  -4.891358315945e-02  -1.000000014901e-01   9.472521953285e-03  -7.391766458750e-02  -3.036487698555e-01   4.369379281998e-01  -3.703613206744e-02  -1.873264312744e-01 
  5.427237749100e-01  -1.768632233143e-02  -5.151786208153e-01   5.051420927048e-01  -9.557705372572e-03  -6.913416385651e-01   5.051420927048e-01  -9.557705372572e-03  -6.913416385651e-01 
  0.000000000000e+00  -9.670920670033e-03  -8.746761083603e-02   0.000000000000e+00  -9.670920670033e-03  -8.746761083603e-02   1.239137165248e-02  -5.098591744900e-02  -1.925389021635e-01 
 -1.683579199016e-02  -3.181509673595e-02  -7.900022864342e-01   4.291534796357e-02  -5.020930618048e-02  -6.540195345879e-01   2.414183318615e-01  -6.747985631227e-02  -9.494223594666e-01 
  5.124074220657e-01  -4.984445869923e-03  -1.000000014901e-01   4.997180998325e-01  -8.097370155156e-03  -7.255904078484e-01   4.164029359818e-01  -7.127167657018e-03  -9.150692820549e-01 
  4.164029359818e-01  -7.127167657018e-03  -9.150692820549e-01   0.000000000000e+00  -8.716817200184e-02  -7.026776075363e-01   0.000000000000e+00  -8.716817200184e-02  -7.026776075363e-01 
  4.469118267298e-02  -8.610879629850e-02  -6.259275078773e-01   3.644529357553e-02  -7.594884932041e-02  -6.462368965149e-01   1.193996053189e-02  -7.123524695635e-02  -6.182819008827e-01 
  1.887496411800e-01  -6.713154911995e-02  -1.104134798050e+00   4.100654721260e-01   0.000000000000e+00  -1.154292225838e+00   3.541200459003e-01  -2.506170980632e-02  -1.172507405281e+00 
  2.564761340618e-01  -2.146192267537e-02  -1.172059297562e+00   2.564761340618e-01  -2.146192267537e-02  -1.172059297562e+00   0.000000000000e+00   3.450291752815e-01  -2.779271602631e-01 
  0.000000000000e+00   3.450291752815e-01  -2.779271602631e-01  -3.705086559057e-02   3.405871093273e-01  -2.787154614925e-01  -3.548678755760e-02   3.195960521698e-01  -1.011910662055e-01 
  0.000000000000e+00  -1.032631099224e-01  -1.000000014901e-01   1.785409152508e-01  -1.178475320339e-01  -1.086368083954e+00   1.785409152508e-01  -1.317560076714e-01  -1.131255984306e+00 
  0.000000000000e+00  -6.320235878229e-02  -1.182099461555e+00   0.000000000000e+00  -3.540699556470e-02  -1.166349053383e+00   0.000000000000e+00  -3.540699556470e-02  -1.166349053383e+00 
  0.000000000000e+00   2.911811172962e-01  -3.123188316822e-01   0.000000000000e+00   2.911811172962e-01  -3.123188316822e-01  -4.539933800697e-02   2.910116612911e-01  -3.106043040752e-01 
 -3.705836832523e-02   2.881449162960e-01  -2.442316114902e-01  -1.675086468458e-02  -9.786657243967e-02  -6.002106070518e-01   1.785409152508e-01  -9.739239513874e-02  -1.097236871719e+00 
  1.785409152508e-01  -1.092188805342e-01  -1.153864026070e+00   5.536590516567e-02  -5.724972113967e-02  -1.162467122078e+00  -8.112198859453e-02  -2.746163681149e-02  -7.247877120972e-01 
 -8.112198859453e-02  -2.746163681149e-02  -7.247877120972e-01   0.000000000000e+00   3.056881725788e-01  -1.954893469810e-01   0.000000000000e+00   3.056881725788e-01  -1.954893469810e-01 
 -1.944314106368e-03   3.018231391907e-01  -2.033386081457e-01   0.000000000000e+00   2.306424528360e-01   8.185167610645e-02   0.000000000000e+00  -6.134372204542e-02   2.590395808220e-01 
  4.812768101692e-02  -5.517148599029e-02  -1.088144659996e+00   1.046077534556e-01   0.000000000000e+00  -1.014767289162e+00  -5.956641957164e-02   0.000000000000e+00  -3.519171774387e-01 
 -2.774180471897e-01   0.000000000000e+00  -6.038343310356e-01  -2.774180471897e-01   0.000000000000e+00  -6.038343310356e-01   0.000000000000e+00   2.162549197674e-01  -2.030833959579e-01 
  0.000000000000e+00   2.162549197674e-01  -2.030833959579e-01   3.006766550243e-02   1.851410567760e-01  -2.140417248011e-01   9.955775141716e-01   0.000000000000e+00   4.621131122112e-01 
  9.955775141716e-01   0.000000000000e+00   5.883473753929e-01   0.000000000000e+00   1.615870743990e-03  -1.053392887115e-01   1.387841766700e-03  -1.112283323891e-03  -1.294473707676e-01 
  0.000000000000e+00  -2.318795304745e-03  -1.000000014901e-01  -2.800073921680e-01  -4.637590609491e-03  -5.722951889038e-01  -2.800073921680e-01  -4.637590609491e-03  -5.722951889038e-01 
  0.000000000000e+00   0.000000000000e+00  -2.107172310352e-01   0.000000000000e+00   0.000000000000e+00  -2.107172310352e-01  -7.966449484229e-03   0.000000000000e+00   2.318012416363e-01 
  1.042953372002e+00   0.000000000000e+00   7.751323580742e-01   9.482017159462e-01   0.000000000000e+00   7.277565598488e-01   0.000000000000e+00   0.000000000000e+00  -1.000000014901e-01 
  0.000000000000e+00  -1.355923945084e-03  -1.094847023487e-01  -5.443032085896e-02  -2.318795304745e-03  -1.000000014901e-01  -1.387090235949e-01  -4.637590609491e-03  -1.000000014901e-01 
 -1.387090235949e-01  -4.637590609491e-03  -1.000000014901e-01   0.000000000000e+00   0.000000000000e+00  -2.107172310352e-01   0.000000000000e+00   0.000000000000e+00  -2.107172310352e-01 
 -7.966449484229e-03   0.000000000000e+00   2.318012416363e-01   1.042953372002e+00   0.000000000000e+00   7.751323580742e-01   9.482017159462e-01   0.000000000000e+00   7.277565598488e-01 
  0.000000000000e+00   0.000000000000e+00  -1.000000014901e-01   0.000000000000e+00  -1.355923945084e-03  -1.094847023487e-01  -5.443032085896e-02  -2.318795304745e-03  -1.000000014901e-01 
 -1.387090235949e-01  -4.637590609491e-03  -1.000000014901e-01  -1.387090235949e-01  -4.637590609491e-03  -1.000000014901e-01   0.000000000000e+00   6.339026987553e-02  -4.829834997654e-01 
  0.000000000000e+00   6.339026987553e-02  -4.829834997654e-01   1.907336115837e-01   4.946609213948e-02   1.749098533764e-03   0.000000000000e+00   3.030670620501e-02  -1.000000014901e-01 
  0.000000000000e+00   4.227975383401e-03  -1.000000014901e-01   1.442398596555e-02  -3.221371769905e-02  -3.278276026249e-01   3.084161579609e-01  -3.448126465082e-02  -3.122262358665e-01 
  4.151643812656e-01  -2.810026332736e-02  -5.175222754478e-01   4.090833365917e-01  -2.248962596059e-02  -6.783049106598e-01   4.090833365917e-01  -2.248962596059e-02  -6.783049106598e-01 
  0.000000000000e+00   6.339026987553e-02  -4.829834997654e-01   0.000000000000e+00   6.339026987553e-02  -4.829834997654e-01   1.907336115837e-01   4.946609213948e-02   1.749098533764e-03 
  0.000000000000e+00   3.030670620501e-02  -1.000000014901e-01   0.000000000000e+00   4.227975383401e-03  -1.000000014901e-01   1.442398596555e-02  -3.221371769905e-02  -3.278276026249e-01 
  3.084161579609e-01  -3.448126465082e-02  -3.122262358665e-01   4.151643812656e-01  -2.810026332736e-02  -5.175222754478e-01   4.090833365917e-01  -2.248962596059e-02  -6.783049106598e-01 
  4.090833365917e-01  -2.248962596059e-02  -6.783049106598e-01   0.000000000000e+00   5.884491652250e-02  -5.799362063408e-01   0.000000000000e+00   5.884491652250e-02  -5.799362063408e-01 
  1.122129634023e-01   4.386376217008e-02  -4.943436086178e-01   9.559746831656e-02   2.853465080261e-02  -4.666130840778e-01   7.912653684616e-02   5.869057029486e-03  -4.735043942928e-01 
  1.679013967514e-01  -4.588428512216e-02  -7.860331535339e-01   3.776733279228e-01  -3.431900590658e-02  -4.128239452839e-01   3.665539622307e-01  -3.333707153797e-02  -6.446225643158e-01 
  3.211709260941e-01  -2.898809127510e-02  -8.029581308365e-01   3.211709260941e-01  -2.898809127510e-02  -8.029581308365e-01   0.000000000000e+00   1.759941503406e-02  -4.857444465160e-01 
  0.000000000000e+00   1.759941503406e-02  -4.857444465160e-01  -1.052999049425e-01   1.476976368576e-02  -4.862636625767e-01  -1.024015396833e-01   8.552362211049e-03  -4.871751070023e-01 
 -6.576278805733e-02  -1.232658885419e-02  -4.760772585869e-01   1.438435167074e-01  -8.780373632908e-02  -6.747508049011e-01   2.484374940395e-01  -5.978870764375e-02  -7.034600973129e-01 
  2.238273620605e-01  -5.566011741757e-02  -7.190760374069e-01   1.804614663124e-01  -4.458419606090e-02  -8.548203706741e-01   1.804614663124e-01  -4.458419606090e-02  -8.548203706741e-01 
  0.000000000000e+00   2.822691798210e-01  -9.609484672546e-02   0.000000000000e+00   2.822691798210e-01  -9.609484672546e-02  -2.821869552135e-01   2.823281884193e-01  -9.605999290943e-02 
 -2.818786203861e-01   2.825835049152e-01  -9.418367594481e-02   0.000000000000e+00  -1.054926663637e-01  -1.000000014901e-01   0.000000000000e+00  -1.122789308429e-01  -1.000000014901e-01 
  0.000000000000e+00  -1.256088763475e-01  -1.000000014901e-01   0.000000000000e+00  -8.611396700144e-02  -1.000000014901e-01   0.000000000000e+00  -5.761163309216e-02  -6.070464849472e-01 
  0.000000000000e+00  -5.761163309216e-02  -6.070464849472e-01   0.000000000000e+00   2.738621532917e-01  -8.494720607996e-02   0.000000000000e+00   2.738621532917e-01  -8.494720607996e-02 
 -4.914178699255e-02   2.738671004772e-01   2.985484711826e-02   0.000000000000e+00   2.741648852825e-01   2.773125097156e-02  -2.979561220855e-03  -1.008447855711e-01  -4.679116010666e-01 
  1.112792417407e-01  -1.028934791684e-01  -6.708024740219e-01   1.081687211990e-01  -1.152483373880e-01  -7.032149434090e-01   5.361497402191e-02  -8.164117485285e-02  -9.710923433304e-01 
 -8.014222979546e-02  -4.736955463886e-02  -4.781727194786e-01  -8.014222979546e-02  -4.736955463886e-02  -4.781727194786e-01   0.000000000000e+00   4.144551753998e-01  -3.890470042825e-02 
  0.000000000000e+00   4.144551753998e-01  -3.890470042825e-02   5.008653923869e-02   3.564707338810e-01  -6.443712860346e-02   1.732855886221e-01   3.219115138054e-01   1.746393442154e-01 
  3.468094468117e-01   2.336317449808e-01   3.621475100517e-01   2.244985550642e-01  -6.630954891443e-02  -9.210014343262e-01   1.067170202732e-01  -5.385222658515e-02  -7.873106598854e-01 
 -6.631381809711e-02   0.000000000000e+00  -2.037198394537e-01  -1.652017980814e-01   0.000000000000e+00  -1.000000014901e-01  -1.652017980814e-01   0.000000000000e+00  -1.000000014901e-01 
  0.000000000000e+00   1.740678399801e-01  -1.969744265079e-01   0.000000000000e+00   1.740678399801e-01  -1.969744265079e-01   1.668430566788e-01   1.364708244801e-01   1.057971492410e-01 
  4.889178872108e-01   5.122165009379e-02   4.999102652073e-01   8.063070178032e-01   2.022480592132e-02   6.023896932602e-01   3.517534732819e-01   9.452113881707e-03   2.186415493488e-01 
  9.403100609779e-02  -2.556002233177e-03  -1.279243230820e-01   0.000000000000e+00  -1.406456227414e-03  -1.000000014901e-01   0.000000000000e+00   0.000000000000e+00  -1.000000014901e-01 
  0.000000000000e+00   0.000000000000e+00  -1.000000014901e-01   0.000000000000e+00   0.000000000000e+00  -1.517023444176e-01   0.000000000000e+00   0.000000000000e+00  -1.517023444176e-01 
  4.786767065525e-02   3.902445733547e-02   4.352873265743e-01   9.955775141716e-01   2.789194462821e-03   6.803807020187e-01   9.955775141716e-01   1.425695954822e-03   7.277565598488e-01 
  0.000000000000e+00   8.469980675727e-04  -1.000000014901e-01   0.000000000000e+00  -1.507631852292e-03  -1.093232408166e-01  -4.952932521701e-02  -1.406456110999e-03  -1.000000014901e-01 
 -8.260089904070e-02   0.000000000000e+00  -1.000000014901e-01  -8.260089904070e-02   0.000000000000e+00  -1.000000014901e-01   0.000000000000e+00   0.000000000000e+00  -1.517023444176e-01 
  0.000000000000e+00   0.000000000000e+00  -1.517023444176e-01   4.786767065525e-02   3.902445733547e-02   4.352873265743e-01   9.955775141716e-01   2.789194462821e-03   6.803807020187e-01 
  9.955775141716e-01   1.425695954822e-03   7.277565598488e-01   0.000000000000e+00   8.469980675727e-04  -1.000000014901e-01   0.000000000000e+00  -1.507631852292e-03  -1.093232408166e-01 
 -4.952932521701e-02  -1.406456110999e-03  -1.000000014901e-01  -8.260089904070e-02   0.000000000000e+00  -1.000000014901e-01  -8.260089904070e-02   0.000000000000e+00  -1.000000014901e-01 
  0.000000000000e+00   6.339026987553e-02  -4.829834997654e-01   0.000000000000e+00   6.339026987553e-02  -4.829834997654e-01   1.907336115837e-01   4.946609213948e-02   1.749098533764e-03 
  0.000000000000e+00   3.030670620501e-02  -1.000000014901e-01   0.000000000000e+00   4.227975383401e-03  -1.000000014901e-01   1.442398596555e-02  -3.221371769905e-02  -3.278276026249e-01 
  3.084161579609e-01  -3.448126465082e-02  -3.122262358665e-01   4.151643812656e-01  -2.810026332736e-02  -5.175222754478e-01   4.090833365917e-01  -2.248962596059e-02  -6.783049106598e-01 
  4.090833365917e-01  -2.248962596059e-02  -6.783049106598e-01   0.000000000000e+00   6.339026987553e-02  -4.829834997654e-01   0.000000000000e+00   6.339026987553e-02  -4.829834997654e-01 
  1.907336115837e-01   4.946609213948e-02   1.749098533764e-03   0.000000000000e+00   3.030670620501e-02  -1.000000014901e-01   0.000000000000e+00   4.227975383401e-03  -1.000000014901e-01 
  1.442398596555e-02  -3.221371769905e-02  -3.278276026249e-01   3.084161579609e-01  -3.448126465082e-02  -3.122262358665e-01   4.151643812656e-01  -2.810026332736e-02  -5.175222754478e-01 
  4.090833365917e-01  -2.248962596059e-02  -6.783049106598e-01   4.090833365917e-01  -2.248962596059e-02  -6.783049106598e-01   0.000000000000e+00   5.884491652250e-02  -5.799362063408e-01 
  0.000000000000e+00   5.884491652250e-02  -5.799362063408e-01   1.122129634023e-01   4.386376217008e-02  -4.943436086178e-01   9.559746831656e-02   2.853465080261e-02  -4.666130840778e-01 
  7.912653684616e-02   5.869057029486e-03  -4.735043942928e-01   1.679013967514e-01  -4.588428512216e-02  -7.860331535339e-01   3.776733279228e-01  -3.431900590658e-02  -4.128239452839e-01 
  3.665539622307e-01  -3.333707153797e-02  -6.446225643158e-01   3.211709260941e-01  -2.898809127510e-02  -8.029581308365e-01   3.211709260941e-01  -2.898809127510e-02  -8.029581308365e-01 
  0.000000000000e+00   1.759941503406e-02  -4.857444465160e-01   0.000000000000e+00   1.759941503406e-02  -4.857444465160e-01  -1.052999049425e-01   1.476976368576e-02  -4.862636625767e-01 
 -1.024015396833e-01   8.552362211049e-03  -4.871751070023e-01  -6.576278805733e-02  -1.232658885419e-02  -4.760772585869e-01   1.438435167074e-01  -8.780373632908e-02  -6.747508049011e-01 
  2.484374940395e-01  -5.978870764375e-02  -7.034600973129e-01   2.238273620605e-01  -5.566011741757e-02  -7.190760374069e-01   1.804614663124e-01  -4.458419606090e-02  -8.548203706741e-01 
  1.804614663124e-01  -4.458419606090e-02  -8.548203706741e-01   0.000000000000e+00   2.822691798210e-01  -9.609484672546e-02   0.000000000000e+00   2.822691798210e-01  -9.609484672546e-02 
 -2.821869552135e-01   2.823281884193e-01  -9.605999290943e-02  -2.818786203861e-01   2.825835049152e-01  -9.418367594481e-02   0.000000000000e+00  -1.054926663637e-01  -1.000000014901e-01 
  0.000000000000e+00  -1.122789308429e-01  -1.000000014901e-01   0.000000000000e+00  -1.256088763475e-01  -1.000000014901e-01   0.000000000000e+00  -8.611396700144e-02  -1.000000014901e-01 
  0.000000000000e+00  -5.761163309216e-02  -6.070464849472e-01   0.000000000000e+00  -5.761163309216e-02  -6.070464849472e-01   0.000000000000e+00   2.738621532917e-01  -8.494720607996e-02 
  0.000000000000e+00   2.738621532917e-01  -8.494720607996e-02  -4.914178699255e-02   2.738671004772e-01   2.985484711826e-02   0.000000000000e+00   2.741648852825e-01   2.773125097156e-02 
 -2.979561220855e-03  -1.008447855711e-01  -4.679116010666e-01   1.112792417407e-01  -1.028934791684e-01  -6.708024740219e-01   1.081687211990e-01  -1.152483373880e-01  -7.032149434090e-01 
  5.361497402191e-02  -8.164117485285e-02  -9.710923433304e-01  -8.014222979546e-02  -4.736955463886e-02  -4.781727194786e-01  -8.014222979546e-02  -4.736955463886e-02  -4.781727194786e-01 
  0.000000000000e+00   4.144551753998e-01  -3.890470042825e-02   0.000000000000e+00   4.144551753998e-01  -3.890470042825e-02   5.008653923869e-02   3.564707338810e-01  -6.443712860346e-02 
  1.732855886221e-01   3.219115138054e-01   1.746393442154e-01   3.468094468117e-01   2.336317449808e-01   3.621475100517e-01   2.244985550642e-01  -6.630954891443e-02  -9.210014343262e-01 
  1.067170202732e-01  -5.385222658515e-02  -7.873106598854e-01  -6.631381809711e-02   0.000000000000e+00  -2.037198394537e-01  -1.652017980814e-01   0.000000000000e+00  -1.000000014901e-01 
 -1.652017980814e-01   0.000000000000e+00  -1.000000014901e-01   0.000000000000e+00   1.740678399801e-01  -1.969744265079e-01   0.000000000000e+00   1.740678399801e-01  -1.969744265079e-01 
  1.668430566788e-01   1.364708244801e-01   1.057971492410e-01   4.889178872108e-01   5.122165009379e-02   4.999102652073e-01   8.063070178032e-01   2.022480592132e-02   6.023896932602e-01 
  3.517534732819e-01   9.452113881707e-03   2.186415493488e-01   9.403100609779e-02  -2.556002233177e-03  -1.279243230820e-01   0.000000000000e+00  -1.406456227414e-03  -1.000000014901e-01 
  0.000000000000e+00   0.000000000000e+00  -1.000000014901e-01   0.000000000000e+00   0.000000000000e+00  -1.000000014901e-01   0.000000000000e+00   0.000000000000e+00  -1.517023444176e-01 
  0.000000000000e+00   0.000000000000e+00  -1.517023444176e-01   4.786767065525e-02   3.902445733547e-02   4.352873265743e-01   9.955775141716e-01   2.789194462821e-03   6.803807020187e-01 
  9.955775141716e-01   1.425695954822e-03   7.277565598488e-01   0.000000000000e+00   8.469980675727e-04  -1.000000014901e-01   0.000000000000e+00  -1.507631852292e-03  -1.093232408166e-01 
 -4.952932521701e-02  -1.406456110999e-03  -1.000000014901e-01  -8.260089904070e-02   0.000000000000e+00  -1.000000014901e-01  -8.260089904070e-02   0.000000000000e+00  -1.000000014901e-01 
  0.000000000000e+00   0.000000000000e+00  -1.517023444176e-01   0.000000000000e+00   0.000000000000e+00  -1.517023444176e-01   4.786767065525e-02   3.902445733547e-02   4.352873265743e-01 
  9.955775141716e-01   2.789194462821e-03   6.803807020187e-01   9.955775141716e-01   1.425695954822e-03   7.277565598488e-01   0.000000000000e+00   8.469980675727e-04  -1.000000014901e-01 
  0.000000000000e+00  -1.507631852292e-03  -1.093232408166e-01  -4.952932521701e-02  -1.406456110999e-03  -1.000000014901e-01  -8.260089904070e-02   0.000000000000e+00  -1.000000014901e-01 
 -8.260089904070e-02   0.000000000000e+00  -1.000000014901e-01 

