# vtk DataFile Version 2.0
Written using VisIt writer
ASCII
DATASET RECTILINEAR_GRID
DIMENSIONS 10 10 10
X_COORDINATES 10 float
  0.000000000000e+00   5.000000000000e-01   1.000000000000e+00   1.500000000000e+00   2.000000000000e+00   2.500000000000e+00   3.000000000000e+00   3.500000000000e+00   4.000000000000e+00 
  4.500000000000e+00 
Y_COORDINATES 10 float
  0.000000000000e+00   5.000000000000e-01   1.000000000000e+00   1.500000000000e+00   2.000000000000e+00   2.500000000000e+00   3.000000000000e+00   3.500000000000e+00   4.000000000000e+00 
  4.500000000000e+00 
Z_COORDINATES 10 float
  0.000000000000e+00   5.000000000000e-01   1.000000000000e+00   1.500000000000e+00   2.000000000000e+00   2.500000000000e+00   3.000000000000e+00   3.500000000000e+00   4.000000000000e+00 
  4.500000000000e+00 
CELL_DATA 729
POINT_DATA 1000
VECTORS velocity float
  0.000000000000e+00  -1.088601276278e-01  -2.196538150311e-01   3.251200000000e+04   0.000000000000e+00   0.000000000000e+00   0.000000000000e+00   0.000000000000e+00   0.000000000000e+00 
  2.716106921434e-02  -7.690971344709e-02  -1.493345499039e-01   0.000000000000e+00   0.000000000000e+00   0.000000000000e+00   0.000000000000e+00   1.431655808000e+09   1.070945600000e+09 
 -1.058735847473e-01  -8.874823153019e-02  -1.627953201532e-01   1.071994176000e+09   0.000000000000e+00   0.000000000000e+00   0.000000000000e+00   0.000000000000e+00   0.000000000000e+00 
 -2.544246986508e-02  -1.848104447126e-01  -1.856069415808e-01   0.000000000000e+00  -1.088601276278e-01  -2.196538150311e-01   1.070945600000e+09   0.000000000000e+00   0.000000000000e+00 
  7.111339946277e-04  -1.257130801678e-01  -1.998822093010e-01   2.716106921434e-02  -7.690971344709e-02  -1.493345499039e-01   1.431655808000e+09   1.070945600000e+09   0.000000000000e+00 
 -9.314600378275e-02  -6.058319285512e-02  -1.362699866295e-01  -1.058735847473e-01  -8.874823153019e-02  -1.627953201532e-01   0.000000000000e+00   0.000000000000e+00   1.071644672000e+09 
 -2.544246986508e-02  -1.848104447126e-01  -1.856069415808e-01  -2.544246986508e-02  -1.848104447126e-01  -1.856069415808e-01   0.000000000000e+00   1.030213199556e-02  -1.835611909628e-01 
  0.000000000000e+00   1.030213199556e-02  -1.835611909628e-01  -2.470755390823e-02  -2.469103597105e-02  -1.980946362019e-01   2.398662827909e-02  -1.773817539215e-01  -1.769816130400e-01 
 -7.605987787247e-02  -2.002978324890e-01  -1.895021200180e-01   1.556147728115e-02  -8.032283931971e-02  -1.404638886452e-01   5.373167991638e-02  -2.247091196477e-02  -1.387607604265e-01 
  1.053724321537e-03  -2.325972914696e-02  -1.390921026468e-01  -4.981024935842e-02   1.444353605621e-03  -1.499342173338e-01  -4.981024935842e-02   1.444353605621e-03  -1.499342173338e-01 
  0.000000000000e+00   1.417073886842e-02  -1.955246478319e-01   0.000000000000e+00   1.417073886842e-02  -1.955246478319e-01   1.293470431119e-02   4.729483276606e-02  -1.685509532690e-01 
  1.416952628642e-02   5.527814477682e-02  -1.468488574028e-01   2.740753628314e-02  -6.373400241137e-02  -1.510792970657e-01  -5.549577251077e-02  -1.256256103516e-01  -1.549681276083e-01 
 -1.339853107929e-01  -8.333148062229e-02  -1.843752115965e-01   2.330752834678e-02   1.661842316389e-02  -1.376179307699e-01  -3.719711303711e-02  -5.180884152651e-02  -1.451441943645e-01 
 -3.719711303711e-02  -5.180884152651e-02  -1.451441943645e-01   0.000000000000e+00  -3.775614500046e-02  -2.350625842810e-01   0.000000000000e+00  -3.775614500046e-02  -2.350625842810e-01 
 -5.036272481084e-02  -6.366588175297e-02  -2.249736338854e-01   1.325667649508e-01  -6.460259854794e-02  -1.670098304749e-01   1.265443265438e-01  -4.584516212344e-02  -1.501772999763e-01 
 -5.416030436754e-02   1.500108186156e-02  -1.388680636883e-01  -8.367190510035e-02   4.389752820134e-02  -1.513078361750e-01  -2.035249769688e-02   2.820223942399e-02  -1.561208069324e-01 
 -1.737067252398e-01  -4.564189910889e-02  -2.238152623177e-01  -1.737067252398e-01  -4.564189910889e-02  -2.238152623177e-01   0.000000000000e+00  -4.590942058712e-03  -1.884842962027e-01 
  0.000000000000e+00  -4.590942058712e-03  -1.884842962027e-01   3.302721772343e-03  -2.539112605155e-02  -1.951517015696e-01   8.882073312998e-02  -7.151590287685e-02  -2.081784009933e-01 
  1.415779814124e-02  -2.319856360555e-02  -1.930415332317e-01   1.586750522256e-02   1.115397922695e-02  -1.447082161903e-01   6.371607631445e-02  -7.298514991999e-02  -1.468988656998e-01 
 -3.763252124190e-02  -6.231098994613e-02  -1.486447602510e-01  -8.359745889902e-02  -1.771991141140e-02  -1.633869856596e-01  -8.359745889902e-02  -1.771991141140e-02  -1.633869856596e-01 
  0.000000000000e+00   6.385260820389e-02  -1.857106536627e-01   0.000000000000e+00   6.385260820389e-02  -1.857106536627e-01  -3.409858420491e-02  -4.082207381725e-02  -1.777047365904e-01 
 -2.277485281229e-02   3.734855353832e-02  -1.758366525173e-01   3.320611640811e-02   2.001635730267e-02  -1.613387018442e-01  -2.551336947363e-04   3.232887387276e-02  -1.641097068787e-01 
 -1.206145342439e-02  -2.638970129192e-02  -1.874151676893e-01   2.872805856168e-02  -3.955549094826e-03  -1.507305502892e-01   4.420791566372e-02  -1.161144003272e-01  -1.597690880299e-01 
  4.420791566372e-02  -1.161144003272e-01  -1.597690880299e-01   0.000000000000e+00   1.016942709684e-01  -2.363030165434e-01   0.000000000000e+00   1.016942709684e-01  -2.363030165434e-01 
 -3.444967418909e-02  -1.421303488314e-02  -2.379273027182e-01   7.447678595781e-02   1.368235517293e-02  -1.778025478125e-01   7.571332156658e-02  -6.612759828568e-02  -1.465518921614e-01 
 -3.940135240555e-02   8.794763125479e-03  -1.407965123653e-01   3.289946913719e-02   8.661918342113e-02  -1.466863900423e-01   6.795527786016e-02   6.113410741091e-02  -1.596276313066e-01 
  2.786725200713e-02  -7.802532613277e-02  -2.009779214859e-01   2.786725200713e-02  -7.802532613277e-02  -2.009779214859e-01   0.000000000000e+00   0.000000000000e+00  -1.829031705856e-01 
  0.000000000000e+00   0.000000000000e+00  -1.829031705856e-01   9.510315954685e-03   0.000000000000e+00  -1.885755956173e-01  -9.887411445379e-02   0.000000000000e+00  -1.827123016119e-01 
  1.177393496037e-01   0.000000000000e+00  -2.000206261873e-01   2.109029702842e-02   0.000000000000e+00  -1.381044238806e-01   1.432277560234e-01   0.000000000000e+00  -1.278122812510e-01 
  1.264850348234e-01   0.000000000000e+00  -1.299452334642e-01   9.045097231865e-02   0.000000000000e+00  -1.372280865908e-01   9.045097231865e-02   0.000000000000e+00  -1.372280865908e-01 
  0.000000000000e+00   0.000000000000e+00  -1.829031705856e-01   0.000000000000e+00   0.000000000000e+00  -1.829031705856e-01   9.510315954685e-03   0.000000000000e+00  -1.885755956173e-01 
 -9.887411445379e-02   0.000000000000e+00  -1.827123016119e-01   1.177393496037e-01   0.000000000000e+00  -2.000206261873e-01   2.109029702842e-02   0.000000000000e+00  -1.381044238806e-01 
  1.432277560234e-01   0.000000000000e+00  -1.278122812510e-01   1.264850348234e-01   0.000000000000e+00  -1.299452334642e-01   9.045097231865e-02   0.000000000000e+00  -1.372280865908e-01 
  9.045097231865e-02   0.000000000000e+00  -1.372280865908e-01   0.000000000000e+00  -1.088601276278e-01  -2.196538150311e-01   0.000000000000e+00  -1.088601276278e-01  -2.196538150311e-01 
  7.111339946277e-04  -1.257130801678e-01  -1.998822093010e-01   2.716106921434e-02  -7.690971344709e-02  -1.493345499039e-01   4.474333021790e-03  -4.785880073905e-02  -1.383597403765e-01 
 -9.314600378275e-02  -6.058319285512e-02  -1.362699866295e-01  -1.058735847473e-01  -8.874823153019e-02  -1.627953201532e-01  -9.463045746088e-02  -8.106344193220e-02  -1.689202487469e-01 
 -2.544246986508e-02  -1.848104447126e-01  -1.856069415808e-01  -2.544246986508e-02  -1.848104447126e-01  -1.856069415808e-01   0.000000000000e+00  -1.088601276278e-01  -2.196538150311e-01 
  0.000000000000e+00  -1.088601276278e-01  -2.196538150311e-01   7.111339946277e-04  -1.257130801678e-01  -1.998822093010e-01   2.716106921434e-02  -7.690971344709e-02  -1.493345499039e-01 
  4.474333021790e-03  -4.785880073905e-02  -1.383597403765e-01  -9.314600378275e-02  -6.058319285512e-02  -1.362699866295e-01  -1.058735847473e-01  -8.874823153019e-02  -1.627953201532e-01 
 -9.463045746088e-02  -8.106344193220e-02  -1.689202487469e-01  -2.544246986508e-02  -1.848104447126e-01  -1.856069415808e-01  -2.544246986508e-02  -1.848104447126e-01  -1.856069415808e-01 
  0.000000000000e+00   1.030213199556e-02  -1.835611909628e-01   0.000000000000e+00   1.030213199556e-02  -1.835611909628e-01  -2.470755390823e-02  -2.469103597105e-02  -1.980946362019e-01 
  2.398662827909e-02  -1.773817539215e-01  -1.769816130400e-01  -7.605987787247e-02  -2.002978324890e-01  -1.895021200180e-01   1.556147728115e-02  -8.032283931971e-02  -1.404638886452e-01 
  5.373167991638e-02  -2.247091196477e-02  -1.387607604265e-01   1.053724321537e-03  -2.325972914696e-02  -1.390921026468e-01  -4.981024935842e-02   1.444353605621e-03  -1.499342173338e-01 
 -4.981024935842e-02   1.444353605621e-03  -1.499342173338e-01   0.000000000000e+00   1.417073886842e-02  -1.955246478319e-01   0.000000000000e+00   1.417073886842e-02  -1.955246478319e-01 
  1.293470431119e-02   4.729483276606e-02  -1.685509532690e-01   1.416952628642e-02   5.527814477682e-02  -1.468488574028e-01   2.740753628314e-02  -6.373400241137e-02  -1.510792970657e-01 
 -5.549577251077e-02  -1.256256103516e-01  -1.549681276083e-01  -1.339853107929e-01  -8.333148062229e-02  -1.843752115965e-01   2.330752834678e-02   1.661842316389e-02  -1.376179307699e-01 
 -3.719711303711e-02  -5.180884152651e-02  -1.451441943645e-01  -3.719711303711e-02  -5.180884152651e-02  -1.451441943645e-01   0.000000000000e+00  -3.775614500046e-02  -2.350625842810e-01 
  0.000000000000e+00  -3.775614500046e-02  -2.350625842810e-01  -5.036272481084e-02  -6.366588175297e-02  -2.249736338854e-01   1.325667649508e-01  -6.460259854794e-02  -1.670098304749e-01 
  1.265443265438e-01  -4.584516212344e-02  -1.501772999763e-01  -5.416030436754e-02   1.500108186156e-02  -1.388680636883e-01  -8.367190510035e-02   4.389752820134e-02  -1.513078361750e-01 
 -2.035249769688e-02   2.820223942399e-02  -1.561208069324e-01  -1.737067252398e-01  -4.564189910889e-02  -2.238152623177e-01  -1.737067252398e-01  -4.564189910889e-02  -2.238152623177e-01 
  0.000000000000e+00  -4.590942058712e-03  -1.884842962027e-01   0.000000000000e+00  -4.590942058712e-03  -1.884842962027e-01   3.302721772343e-03  -2.539112605155e-02  -1.951517015696e-01 
  8.882073312998e-02  -7.151590287685e-02  -2.081784009933e-01   1.415779814124e-02  -2.319856360555e-02  -1.930415332317e-01   1.586750522256e-02   1.115397922695e-02  -1.447082161903e-01 
  6.371607631445e-02  -7.298514991999e-02  -1.468988656998e-01  -3.763252124190e-02  -6.231098994613e-02  -1.486447602510e-01  -8.359745889902e-02  -1.771991141140e-02  -1.633869856596e-01 
 -8.359745889902e-02  -1.771991141140e-02  -1.633869856596e-01   0.000000000000e+00   6.385260820389e-02  -1.857106536627e-01   0.000000000000e+00   6.385260820389e-02  -1.857106536627e-01 
 -3.409858420491e-02  -4.082207381725e-02  -1.777047365904e-01  -2.277485281229e-02   3.734855353832e-02  -1.758366525173e-01   3.320611640811e-02   2.001635730267e-02  -1.613387018442e-01 
 -2.551336947363e-04   3.232887387276e-02  -1.641097068787e-01  -1.206145342439e-02  -2.638970129192e-02  -1.874151676893e-01   2.872805856168e-02  -3.955549094826e-03  -1.507305502892e-01 
  4.420791566372e-02  -1.161144003272e-01  -1.597690880299e-01   4.420791566372e-02  -1.161144003272e-01  -1.597690880299e-01   0.000000000000e+00   1.016942709684e-01  -2.363030165434e-01 
  0.000000000000e+00   1.016942709684e-01  -2.363030165434e-01  -3.444967418909e-02  -1.421303488314e-02  -2.379273027182e-01   7.447678595781e-02   1.368235517293e-02  -1.778025478125e-01 
  7.571332156658e-02  -6.612759828568e-02  -1.465518921614e-01  -3.940135240555e-02   8.794763125479e-03  -1.407965123653e-01   3.289946913719e-02   8.661918342113e-02  -1.466863900423e-01 
  6.795527786016e-02   6.113410741091e-02  -1.596276313066e-01   2.786725200713e-02  -7.802532613277e-02  -2.009779214859e-01   2.786725200713e-02  -7.802532613277e-02  -2.009779214859e-01 
  0.000000000000e+00   0.000000000000e+00  -1.829031705856e-01   0.000000000000e+00   0.000000000000e+00  -1.829031705856e-01   9.510315954685e-03   0.000000000000e+00  -1.885755956173e-01 
 -9.887411445379e-02   0.000000000000e+00  -1.827123016119e-01   1.177393496037e-01   0.000000000000e+00  -2.000206261873e-01   2.109029702842e-02   0.000000000000e+00  -1.381044238806e-01 
  1.432277560234e-01   0.000000000000e+00  -1.278122812510e-01   1.264850348234e-01   0.000000000000e+00  -1.299452334642e-01   9.045097231865e-02   0.000000000000e+00  -1.372280865908e-01 
  9.045097231865e-02   0.000000000000e+00  -1.372280865908e-01   0.000000000000e+00   0.000000000000e+00  -1.829031705856e-01   0.000000000000e+00   0.000000000000e+00  -1.829031705856e-01 
  9.510315954685e-03   0.000000000000e+00  -1.885755956173e-01  -9.887411445379e-02   0.000000000000e+00  -1.827123016119e-01   1.177393496037e-01   0.000000000000e+00  -2.000206261873e-01 
  2.109029702842e-02   0.000000000000e+00  -1.381044238806e-01   1.432277560234e-01   0.000000000000e+00  -1.278122812510e-01   1.264850348234e-01   0.000000000000e+00  -1.299452334642e-01 
  9.045097231865e-02   0.000000000000e+00  -1.372280865908e-01   9.045097231865e-02   0.000000000000e+00  -1.372280865908e-01   0.000000000000e+00  -5.772449821234e-02  -4.609485864639e-01 
  0.000000000000e+00  -5.772449821234e-02  -4.609485864639e-01   3.210808634758e-01  -1.361359748989e-02  -4.397835135460e-01   5.760109424591e-01  -3.513135761023e-02  -5.471861958504e-01 
  1.440472155809e-01  -3.715653717518e-02  -6.176132559776e-01   0.000000000000e+00   1.389782726765e-01  -6.373001635075e-02  -7.690097391605e-02   3.492093980312e-01  -3.994151651859e-01 
 -4.805249720812e-02   1.483103483915e-01  -3.788660168648e-01   7.015316486359e-01   6.697322726250e-01  -1.439306326210e-02   7.015316486359e-01   6.697322726250e-01  -1.439306326210e-02 
  0.000000000000e+00  -5.772449821234e-02  -4.609485864639e-01   0.000000000000e+00  -5.772449821234e-02  -4.609485864639e-01   3.210808634758e-01  -1.361359748989e-02  -4.397835135460e-01 
  5.760109424591e-01  -3.513135761023e-02  -5.471861958504e-01   1.440472155809e-01  -3.715653717518e-02  -6.176132559776e-01   0.000000000000e+00   1.389782726765e-01  -6.373001635075e-02 
 -7.690097391605e-02   3.492093980312e-01  -3.994151651859e-01  -4.805249720812e-02   1.483103483915e-01  -3.788660168648e-01   7.015316486359e-01   6.697322726250e-01  -1.439306326210e-02 
  7.015316486359e-01   6.697322726250e-01  -1.439306326210e-02   0.000000000000e+00  -1.924999058247e-03  -5.897561907768e-01   0.000000000000e+00  -1.924999058247e-03  -5.897561907768e-01 
  2.541776299477e-01  -5.728617683053e-02  -5.921744108200e-01   4.194437563419e-01  -1.157206818461e-01  -6.948619484901e-01   1.785271912813e-01  -1.639021933079e-01  -7.563937902451e-01 
  2.406214550138e-02   9.444531798363e-02  -5.581972599030e-01   3.157967468724e-03   3.780231177807e-01  -6.123924627900e-02  -1.145285670646e-03   1.266073137522e-01  -3.549855649471e-01 
 -1.454959809780e-01   5.976797342300e-01  -3.722950220108e-01  -1.454959809780e-01   5.976797342300e-01  -3.722950220108e-01   0.000000000000e+00   8.764036744833e-02  -8.522699475288e-01 
  0.000000000000e+00   8.764036744833e-02  -8.522699475288e-01   3.350306749344e-01  -1.320599615574e-01  -7.035327553749e-01   4.866900146008e-01  -9.911756217480e-02  -6.384795308113e-01 
  4.539668560028e-01  -7.006188482046e-02  -6.819360852242e-01   6.564878672361e-02  -1.971525102854e-01  -5.137399435043e-01  -1.342422515154e-01  -7.235624790192e-01  -1.562479324639e-02 
 -2.194397300482e-01   5.414246767759e-02  -3.281365334988e-02  -5.283151268959e-01   3.151975572109e-02  -2.168576866388e-01  -5.283151268959e-01   3.151975572109e-02  -2.168576866388e-01 
  0.000000000000e+00  -4.320796288084e-04  -7.876197099686e-01   0.000000000000e+00  -4.320796288084e-04  -7.876197099686e-01   4.591639935970e-01  -2.843088656664e-02  -6.991685628891e-01 
  5.618152022362e-01   1.796451280825e-03  -5.062227845192e-01   5.355142354965e-01  -2.207663282752e-02  -6.200203299522e-01   1.082543060184e-01   1.919892057776e-02  -6.092168688774e-01 
 -1.143530011177e-01   5.476159974933e-02  -7.184327840805e-01  -4.722695946693e-01   2.282275706530e-01   5.495102405548e-01  -1.019433140755e+00   3.000288009644e-01  -2.136926501989e-01 
 -1.019433140755e+00   3.000288009644e-01  -2.136926501989e-01   0.000000000000e+00  -8.292328566313e-02  -1.114090681076e+00   0.000000000000e+00  -8.292328566313e-02  -1.114090681076e+00 
  3.310564160347e-01  -9.302649414167e-05  -7.165895700455e-01   3.937671482563e-01  -3.278771042824e-02  -9.877651929855e-01   7.351350784302e-01  -4.336370155215e-02  -3.281363844872e-01 
  7.363247871399e-01  -4.200010001659e-02  -7.103593945503e-01   1.361906826496e-01  -1.223992034793e-01  -1.833351678215e-03   9.842815399170e-01   2.033582478762e-01  -5.485344305634e-02 
 -2.936685644090e-02   4.295714795589e-01  -2.984058558941e-01  -2.936685644090e-02   4.295714795589e-01  -2.984058558941e-01   0.000000000000e+00   1.490818262100e-01  -9.358761906624e-01 
  0.000000000000e+00   1.490818262100e-01  -9.358761906624e-01   2.461433559656e-01   5.785342678428e-02  -4.240483641624e-01   3.362875580788e-01  -2.653589844704e-02  -1.017396211624e+00 
  9.090264439583e-01  -1.131768971682e-01  -6.166887879372e-01   9.000087380409e-01  -4.717783629894e-02  -2.694636881351e-01   6.093002483249e-02  -1.266845464706e-01   8.104772865772e-02 
  3.215880393982e-01  -8.272197842598e-02  -2.853267490864e-01  -1.721237003803e-01  -3.522028028965e-02  -3.256168365479e-01  -1.721237003803e-01  -3.522028028965e-02  -3.256168365479e-01 
  0.000000000000e+00   6.539569795132e-02  -1.020871996880e+00   0.000000000000e+00   6.539569795132e-02  -1.020871996880e+00   3.175516724586e-01   4.937355220318e-02  -1.317674040794e+00 
  4.263838827610e-01   1.896088123322e-01  -1.047148108482e+00   1.310488939285e+00  -1.141428723931e-01  -5.286789536476e-01   5.200169682503e-01   4.288950469345e-03  -3.563221216202e+00 
  6.452244520187e-02   1.985982246697e-02  -1.482851266861e+00   1.947716623545e-01   3.550149798393e-01  -3.165091276169e-01  -7.212822139263e-02   4.409208893776e-01  -1.497723162174e-01 
 -7.212822139263e-02   4.409208893776e-01  -1.497723162174e-01   0.000000000000e+00   0.000000000000e+00  -9.334281086922e-01   0.000000000000e+00   0.000000000000e+00  -9.334281086922e-01 
  2.268992960453e-01   0.000000000000e+00  -1.167301654816e+00   5.543278455734e-01   0.000000000000e+00  -7.817498445511e-01   1.290816187859e+00  -1.500752661377e-02  -4.654856920242e-01 
  1.293915271759e+00   1.845938240876e-04  -5.521993160248e+00   1.328435540199e-01   0.000000000000e+00  -7.446922302246e+00   1.409156620502e-01   8.388715237379e-02  -7.005476951599e-02 
  5.609394609928e-02   1.041861101985e-01  -6.277190893888e-02   5.609394609928e-02   1.041861101985e-01  -6.277190893888e-02   0.000000000000e+00   0.000000000000e+00  -9.334281086922e-01 
  0.000000000000e+00   0.000000000000e+00  -9.334281086922e-01   2.268992960453e-01   0.000000000000e+00  -1.167301654816e+00   5.543278455734e-01   0.000000000000e+00  -7.817498445511e-01 
  1.290816187859e+00  -1.500752661377e-02  -4.654856920242e-01   1.293915271759e+00   1.845938240876e-04  -5.521993160248e+00   1.328435540199e-01   0.000000000000e+00  -7.446922302246e+00 
  1.409156620502e-01   8.388715237379e-02  -7.005476951599e-02   5.609394609928e-02   1.041861101985e-01  -6.277190893888e-02   5.609394609928e-02   1.041861101985e-01  -6.277190893888e-02 
  0.000000000000e+00  -2.522687194869e-03  -6.958003044128e-01   0.000000000000e+00  -2.522687194869e-03  -6.958003044128e-01   2.525538206100e-01   5.300979688764e-02  -5.917940735817e-01 
  2.743085324764e-01   1.955759525299e-02  -5.713277459145e-01   2.225915342569e-01  -3.195822238922e-02  -5.134286284447e-01   0.000000000000e+00   2.169746607542e-01  -1.000000014901e-01 
 -6.247673556209e-02   3.717886507511e-01  -4.333620071411e-01  -6.247673556209e-02   6.417098045349e-01  -4.477862417698e-01   7.888417840004e-01   9.149227738380e-01   1.418919265270e-01 
  7.888417840004e-01   9.149227738380e-01   1.418919265270e-01   0.000000000000e+00  -2.522687194869e-03  -6.958003044128e-01   0.000000000000e+00  -2.522687194869e-03  -6.958003044128e-01 
  2.525538206100e-01   5.300979688764e-02  -5.917940735817e-01   2.743085324764e-01   1.955759525299e-02  -5.713277459145e-01   2.225915342569e-01  -3.195822238922e-02  -5.134286284447e-01 
  0.000000000000e+00   2.169746607542e-01  -1.000000014901e-01  -6.247673556209e-02   3.717886507511e-01  -4.333620071411e-01  -6.247673556209e-02   6.417098045349e-01  -4.477862417698e-01 
  7.888417840004e-01   9.149227738380e-01   1.418919265270e-01   7.888417840004e-01   9.149227738380e-01   1.418919265270e-01   0.000000000000e+00   7.259231805801e-02  -2.666170001030e-01 
  0.000000000000e+00   7.259231805801e-02  -2.666170001030e-01   1.567137092352e-01   2.216698415577e-02  -3.480504751205e-01   2.499023824930e-01  -1.291335653514e-02  -4.467616975307e-01 
  2.513847351074e-01  -9.258344769478e-02  -6.036885380745e-01   9.744364023209e-02   1.927875578403e-01  -4.523577690125e-01  -2.149492129683e-02   3.776945173740e-01  -1.000000014901e-01 
 -3.509765490890e-02   5.582716464996e-01  -1.478078365326e-01   5.644384622574e-01   7.403025031090e-01  -1.000000014901e-01   5.644384622574e-01   7.403025031090e-01  -1.000000014901e-01 
  0.000000000000e+00   1.892040371895e-01  -3.680280447006e-01   0.000000000000e+00   1.892040371895e-01  -3.680280447006e-01   1.684484928846e-01  -3.648787364364e-02  -3.247305452824e-01 
  2.922536432743e-01  -5.655431374907e-02  -4.206590354443e-01   3.964446485043e-01  -5.756584927440e-02  -5.006840229034e-01   2.367501258850e-01  -2.700966298580e-01  -3.616065382957e-01 
  1.834986656904e-01  -5.841210484505e-01   6.256667524576e-02   9.221962536685e-04   4.021117463708e-02   7.969167828560e-01  -8.316079378128e-01   0.000000000000e+00  -2.009071707726e-01 
 -8.316079378128e-01   0.000000000000e+00  -2.009071707726e-01   0.000000000000e+00  -8.713783696294e-03  -2.637808918953e-01   0.000000000000e+00  -8.713783696294e-03  -2.637808918953e-01 
  2.365745157003e-01  -6.293211132288e-02  -1.686875373125e-01   3.645717799664e-01  -2.899947389960e-02  -3.643257319927e-01   4.993922114372e-01  -2.802288718522e-02  -2.171157300472e-01 
  3.831416070461e-01  -1.766192167997e-02   1.103665977716e-01   7.457792758942e-01  -3.012212552130e-02  -3.963401541114e-02   3.909307122231e-01   4.207604229450e-01   6.956665515900e-01 
 -1.297873973846e+00   3.141317069530e-01  -1.805908828974e-01  -1.297873973846e+00   3.141317069530e-01  -1.805908828974e-01   0.000000000000e+00  -4.881862550974e-02  -3.894008994102e-01 
  0.000000000000e+00  -4.881862550974e-02  -3.894008994102e-01   2.566990852356e-01  -1.906169392169e-02  -3.374395966530e-01   3.614954948425e-01  -1.285870466381e-02  -4.449064731598e-01 
  5.414016842842e-01  -3.282108157873e-02   9.621512889862e-02   4.406104385853e-01  -9.166865050793e-02   1.424720525742e+00   1.574881911278e+00  -1.032150238752e-01   3.014190681279e-02 
  1.519173860550e+00   6.385540217161e-02  -8.061242848635e-02   5.983921885490e-01   3.374051749706e-01  -1.589258313179e-01   5.983921885490e-01   3.374051749706e-01  -1.589258313179e-01 
  0.000000000000e+00   5.583396926522e-02  -3.098859190941e-01   0.000000000000e+00   5.583396926522e-02  -3.098859190941e-01   2.570423781872e-01  -1.953397691250e-02   4.382086172700e-02 
  2.675139904022e-01  -1.001785844564e-01  -5.867735743523e-01   6.846791505814e-01   9.388513863087e-02  -4.970219135284e-01   6.911787986755e-01  -1.141960546374e-01   1.225086227059e-01 
  7.229566574097e-01  -1.627342700958e-01   1.232135146856e-01   6.944835782051e-01  -1.161753833294e-01  -4.208890795708e-01   0.000000000000e+00   4.498336836696e-02  -2.171475440264e-02 
  0.000000000000e+00   4.498336836696e-02  -2.171475440264e-02   0.000000000000e+00   6.702063977718e-02  -5.796034932137e-01   0.000000000000e+00   6.702063977718e-02  -5.796034932137e-01 
  2.961075305939e-01   1.133838742971e-01  -1.467999964952e-01   4.143000021577e-02   5.770742148161e-02  -4.693737626076e-01   6.906449198723e-01  -1.919691078365e-02  -1.041863679886e+00 
  1.091967344284e+00   5.412332341075e-02  -2.062484025955e+00  -5.343681573868e-01   8.481333404779e-02   1.871499121189e-01  -4.543122053146e-01   4.022192582488e-02  -3.612272441387e-01 
 -4.845831394196e-01   3.014332950115e-01  -1.332933902740e-01  -4.845831394196e-01   3.014332950115e-01  -1.332933902740e-01   0.000000000000e+00   0.000000000000e+00  -5.084544420242e-01 
  0.000000000000e+00   0.000000000000e+00  -5.084544420242e-01   1.181532889605e-01   0.000000000000e+00  -3.012070357800e-01   2.291783690453e-01   5.239392048679e-04  -6.995362639427e-01 
  1.024904966354e+00   0.000000000000e+00  -2.053445816040e+00   1.495302677155e+00   2.976566925645e-02  -1.868520855904e+00  -4.794640541077e-01   3.037333860993e-02  -3.295121908188e+00 
 -6.401821970940e-01   2.786644361913e-02  -1.000000014901e-01  -4.250426888466e-01   5.901066213846e-02  -8.552444726229e-02  -4.250426888466e-01   5.901066213846e-02  -8.552444726229e-02 
  0.000000000000e+00   0.000000000000e+00  -5.084544420242e-01   0.000000000000e+00   0.000000000000e+00  -5.084544420242e-01   1.181532889605e-01   0.000000000000e+00  -3.012070357800e-01 
  2.291783690453e-01   5.239392048679e-04  -6.995362639427e-01   1.024904966354e+00   0.000000000000e+00  -2.053445816040e+00   1.495302677155e+00   2.976566925645e-02  -1.868520855904e+00 
 -4.794640541077e-01   3.037333860993e-02  -3.295121908188e+00  -6.401821970940e-01   2.786644361913e-02  -1.000000014901e-01  -4.250426888466e-01   5.901066213846e-02  -8.552444726229e-02 
 -4.250426888466e-01   5.901066213846e-02  -8.552444726229e-02   0.000000000000e+00   5.261866003275e-02  -3.612848222256e-01   0.000000000000e+00   5.261866003275e-02  -3.612848222256e-01 
  1.084856539965e-01   1.247941982001e-02  -3.839045763016e-01   1.042046099901e-01  -6.686703860760e-02  -5.492100119591e-01   2.623246749863e-03  -6.748637557030e-02  -4.728791415691e-01 
  1.247928594239e-03   2.540137171745e-01  -1.000000014901e-01   0.000000000000e+00   3.656788766384e-01  -1.000000014901e-01   0.000000000000e+00   3.490176796913e-01  -1.000000014901e-01 
  0.000000000000e+00   4.761094227433e-02  -3.272835910320e-02   0.000000000000e+00   4.761094227433e-02  -3.272835910320e-02   0.000000000000e+00   5.261866003275e-02  -3.612848222256e-01 
  0.000000000000e+00   5.261866003275e-02  -3.612848222256e-01   1.084856539965e-01   1.247941982001e-02  -3.839045763016e-01   1.042046099901e-01  -6.686703860760e-02  -5.492100119591e-01 
  2.623246749863e-03  -6.748637557030e-02  -4.728791415691e-01   1.247928594239e-03   2.540137171745e-01  -1.000000014901e-01   0.000000000000e+00   3.656788766384e-01  -1.000000014901e-01 
  0.000000000000e+00   3.490176796913e-01  -1.000000014901e-01   0.000000000000e+00   4.761094227433e-02  -3.272835910320e-02   0.000000000000e+00   4.761094227433e-02  -3.272835910320e-02 
  0.000000000000e+00  -5.888949707150e-02  -4.418827593327e-01   0.000000000000e+00  -5.888949707150e-02  -4.418827593327e-01   8.956395834684e-02  -2.856467291713e-02  -2.190319895744e-01 
 -1.790062338114e-01  -1.720380038023e-01  -9.923704862595e-01   0.000000000000e+00  -1.111070960760e-01  -1.000000014901e-01   0.000000000000e+00   1.791416257620e-01  -2.932205796242e-01 
  0.000000000000e+00   3.673348724842e-01  -1.058676093817e-01   2.025656402111e-02   3.298574686050e-01  -1.889781653881e-01   2.911934852600e-01   4.761094227433e-02  -1.000000014901e-01 
  2.911934852600e-01   4.761094227433e-02  -1.000000014901e-01   0.000000000000e+00   9.367366880178e-02  -3.300750553608e-01   0.000000000000e+00   9.367366880178e-02  -3.300750553608e-01 
 -2.914221584797e-02  -1.983230262995e-01  -1.549432575703e-01   5.608410108835e-03  -2.024729996920e-01  -2.690814733505e-01   4.658295959234e-02  -1.261032074690e-01  -2.068291753531e-01 
  9.990154951811e-02  -9.836102835834e-03  -2.901642769575e-02   4.574754238129e-01  -4.963751435280e-01   1.995062083006e-01   1.684396564960e-01   7.362688332796e-02   6.735097169876e-01 
 -8.742089271545e-01   0.000000000000e+00  -1.000000014901e-01  -8.742089271545e-01   0.000000000000e+00  -1.000000014901e-01   0.000000000000e+00   7.108695805073e-02  -1.929185092449e-01 
  0.000000000000e+00   7.108695805073e-02  -1.929185092449e-01   3.558876225725e-03   4.077420104295e-03   1.406194269657e-01   2.201874107122e-01   2.562010893598e-03  -2.281475961208e-01 
  2.564297616482e-01  -1.761059276760e-02   3.515406250954e-01   2.236609458923e-01  -2.151933498681e-02   5.860086083412e-01   9.300253391266e-01   0.000000000000e+00   3.305875062943e-01 
  7.041422724724e-01   2.536049485207e-01   5.266739130020e-01  -9.582515954971e-01   2.979072034359e-01  -1.000000014901e-01  -9.582515954971e-01   2.979072034359e-01  -1.000000014901e-01 
  0.000000000000e+00   1.373114809394e-02  -4.216745495796e-01   0.000000000000e+00   1.373114809394e-02  -4.216745495796e-01   9.115392714739e-02  -1.006216742098e-02  -4.337275326252e-01 
  3.093698322773e-01  -2.022505924106e-02  -4.839584529400e-01   0.000000000000e+00  -7.637220434844e-03   1.125469207764e+00   0.000000000000e+00  -4.846311360598e-02   1.450604557991e+00 
  1.340855360031e+00   0.000000000000e+00   3.027334809303e-01   1.106145739555e+00   2.899994887412e-02  -7.878831773996e-02   4.221535027027e-01   2.554981708527e-01  -2.272334694862e-01 
  4.221535027027e-01   2.554981708527e-01  -2.272334694862e-01   0.000000000000e+00   1.129070147872e-01  -4.756485223770e-01   0.000000000000e+00   1.129070147872e-01  -4.756485223770e-01 
  1.433910876513e-01  -1.125642843544e-02  -2.678951621056e-01   3.456176817417e-01  -4.403181746602e-02  -5.182935595512e-01   5.317923426628e-01   3.204497694969e-02  -5.587541460991e-01 
  7.266741991043e-01  -4.604238271713e-02  -1.476953774691e-01  -3.404622673988e-01   0.000000000000e+00  -1.000000014901e-01  -4.722437262535e-01  -1.453365944326e-02  -1.158876657486e+00 
 -4.784294962883e-01   2.165857888758e-02  -4.823761582375e-01  -4.784294962883e-01   2.165857888758e-02  -4.823761582375e-01   0.000000000000e+00   1.533252745867e-01  -4.586139023304e-01 
  0.000000000000e+00   1.533252745867e-01  -4.586139023304e-01   1.196083799005e-01   1.316159367561e-01   8.481300622225e-02   3.403759002686e-01   2.340198494494e-03  -1.043508052826e+00 
  6.489607691765e-01  -3.294914262369e-03  -1.342910051346e+00   8.766843080521e-01   1.386485695839e-01  -6.082235574722e-01  -5.953195095062e-01   6.189630553126e-02  -9.027287364006e-01 
 -6.501734256744e-01   3.757655248046e-02  -1.529459238052e+00  -6.684070229530e-01   3.299495950341e-02  -1.520635247231e+00  -6.684070229530e-01   3.299495950341e-02  -1.520635247231e+00 
  0.000000000000e+00   0.000000000000e+00  -3.995496332645e-01   0.000000000000e+00   0.000000000000e+00  -3.995496332645e-01   2.089613825083e-01   0.000000000000e+00  -3.104558400810e-02 
  4.686108231544e-01   0.000000000000e+00  -1.326720595360e+00   7.738430500031e-01   0.000000000000e+00  -1.776942610741e+00   1.150551676750e+00   1.380037367344e-01  -1.832237839699e+00 
 -5.263676643372e-01   0.000000000000e+00  -8.339581489563e-01  -8.038446307182e-01   0.000000000000e+00  -8.460274338722e-01  -7.197372317314e-01   0.000000000000e+00  -9.008252024651e-01 
 -7.197372317314e-01   0.000000000000e+00  -9.008252024651e-01   0.000000000000e+00   0.000000000000e+00  -3.995496332645e-01   0.000000000000e+00   0.000000000000e+00  -3.995496332645e-01 
  2.089613825083e-01   0.000000000000e+00  -3.104558400810e-02   4.686108231544e-01   0.000000000000e+00  -1.326720595360e+00   7.738430500031e-01   0.000000000000e+00  -1.776942610741e+00 
  1.150551676750e+00   1.380037367344e-01  -1.832237839699e+00  -5.263676643372e-01   0.000000000000e+00  -8.339581489563e-01  -8.038446307182e-01   0.000000000000e+00  -8.460274338722e-01 
 -7.197372317314e-01   0.000000000000e+00  -9.008252024651e-01  -7.197372317314e-01   0.000000000000e+00  -9.008252024651e-01   0.000000000000e+00  -3.583637252450e-02  -8.634829521179e-02 
  0.000000000000e+00  -3.583637252450e-02  -8.634829521179e-02   9.466752409935e-02   1.014826074243e-01   7.392517477274e-02   3.823115527630e-01   0.000000000000e+00  -9.715760499239e-02 
 -1.519286483526e-01   0.000000000000e+00   1.094918623567e-01   0.000000000000e+00   5.026128608733e-03  -1.000000014901e-01   0.000000000000e+00   8.152991533279e-02  -1.000000014901e-01 
  0.000000000000e+00   2.318760752678e-01  -1.000000014901e-01   0.000000000000e+00   4.761094227433e-02  -1.000000014901e-01   0.000000000000e+00   4.761094227433e-02  -1.000000014901e-01 
  0.000000000000e+00  -3.583637252450e-02  -8.634829521179e-02   0.000000000000e+00  -3.583637252450e-02  -8.634829521179e-02   9.466752409935e-02   1.014826074243e-01   7.392517477274e-02 
  3.823115527630e-01   0.000000000000e+00  -9.715760499239e-02  -1.519286483526e-01   0.000000000000e+00   1.094918623567e-01   0.000000000000e+00   5.026128608733e-03  -1.000000014901e-01 
  0.000000000000e+00   8.152991533279e-02  -1.000000014901e-01   0.000000000000e+00   2.318760752678e-01  -1.000000014901e-01   0.000000000000e+00   4.761094227433e-02  -1.000000014901e-01 
  0.000000000000e+00   4.761094227433e-02  -1.000000014901e-01   0.000000000000e+00  -8.525421470404e-02  -8.346391320229e-01   0.000000000000e+00  -8.525421470404e-02  -8.346391320229e-01 
  2.238939106464e-01  -8.603128790855e-02  -1.649047881365e-01   2.502937018871e-01  -3.044477999210e-01  -3.653816878796e-01  -1.652183979750e-01   0.000000000000e+00   4.128228724003e-01 
  0.000000000000e+00   0.000000000000e+00  -1.000000014901e-01   0.000000000000e+00   1.301949564368e-02  -1.021142676473e-01   0.000000000000e+00   2.254894673824e-01  -1.393175125122e-01 
  1.739557981491e-01   4.761094227433e-02  -1.000000014901e-01   1.739557981491e-01   4.761094227433e-02  -1.000000014901e-01   0.000000000000e+00   2.795890532434e-02  -4.157937467098e-01 
  0.000000000000e+00   2.795890532434e-02  -4.157937467098e-01  -2.458933554590e-02  -7.932800054550e-02  -3.733497262001e-01   2.560887038708e-01  -3.310272991657e-01  -3.401509225368e-01 
  0.000000000000e+00   0.000000000000e+00  -2.787914872169e-01   3.725243499503e-03   0.000000000000e+00  -1.434934139252e-01   1.698392480612e-01   2.896153926849e-02  -1.489207614213e-02 
  2.424841523170e-01   4.384986683726e-02   4.352648258209e-01  -7.476662397385e-01   0.000000000000e+00  -1.000000014901e-01  -7.476662397385e-01   0.000000000000e+00  -1.000000014901e-01 
  0.000000000000e+00   1.074681207538e-01  -3.860698044300e-01   0.000000000000e+00   1.074681207538e-01  -3.860698044300e-01   7.385276257992e-03   7.731782644987e-02  -2.753155827522e-01 
  1.191359311342e-01   0.000000000000e+00  -2.844249904156e-01   9.629685431719e-02  -1.497574895620e-01  -4.707406088710e-02   8.980429917574e-02  -1.693901866674e-01   3.531757295132e-01 
  1.697418689728e-01  -5.641226842999e-02  -1.000000014901e-01   4.151318073273e-01   1.437905281782e-01   1.438735872507e-01  -4.679751694202e-01   2.646569013596e-01  -8.910798281431e-02 
 -4.679751694202e-01   2.646569013596e-01  -8.910798281431e-02   0.000000000000e+00  -4.699138551950e-02  -5.035096406937e-01   0.000000000000e+00  -4.699138551950e-02  -5.035096406937e-01 
  6.159456074238e-02  -3.671507909894e-02  -2.207688689232e-01   2.251472026110e-01  -3.362758830190e-02  -3.489964604378e-01   1.275539696217e-01  -1.846119910479e-01  -1.000000014901e-01 
  1.422935575247e-01  -3.543516248465e-02   5.151000618935e-01   2.609139382839e-01   0.000000000000e+00  -1.000000014901e-01   1.785130649805e-01   4.884695261717e-02  -3.844280838966e-01 
  5.409353598952e-02   1.680489778519e-01  -5.045703053474e-01   5.409353598952e-02   1.680489778519e-01  -5.045703053474e-01   0.000000000000e+00   1.550531536341e-01  -5.709461569786e-01 
  0.000000000000e+00   1.550531536341e-01  -5.709461569786e-01   6.578028202057e-02   1.048728898168e-01   6.783111393452e-02   3.724148571491e-01   5.952773243189e-02  -4.134031236172e-01 
  3.199310302734e-01   6.336059421301e-02  -7.551007270813e-01  -1.118810698390e-01   1.864709258080e-01  -1.016352474689e-01  -7.738227248192e-01   0.000000000000e+00  -1.000000014901e-01 
 -7.397340536118e-01   1.063905358315e-01  -9.038831591606e-01  -3.965951800346e-01   8.702328056097e-02  -9.195162653923e-01  -3.965951800346e-01   8.702328056097e-02  -9.195162653923e-01 
  0.000000000000e+00   1.460352689028e-01  -1.237188950181e-01   0.000000000000e+00   1.460352689028e-01  -1.237188950181e-01   6.033955141902e-02   1.311865448952e-01   3.820784091949e-01 
  2.574489116669e-01   7.458835095167e-02  -1.204205632210e+00   0.000000000000e+00   1.781317889690e-01  -1.882585883141e+00   0.000000000000e+00   5.290307402611e-01  -1.000000014901e-01 
 -8.230358362198e-01   7.895759344101e-01  -7.321498394012e-01  -7.975242137909e-01   2.702389955521e-01  -9.964134693146e-01   0.000000000000e+00   1.296633780003e-01  -1.342055797577e+00 
  0.000000000000e+00   1.296633780003e-01  -1.342055797577e+00   0.000000000000e+00   0.000000000000e+00  -4.093998074532e-01   0.000000000000e+00   0.000000000000e+00  -4.093998074532e-01 
  6.506822258234e-02   0.000000000000e+00  -2.961780317128e-02   2.732122242451e-01   2.159329131246e-02  -5.613244771957e-01   1.130564361811e-01   9.324488788843e-02  -1.415194988251e+00 
 -1.505384892225e-01   2.261786609888e-01  -6.661987900734e-01  -7.962002754211e-01   0.000000000000e+00  -7.695271372795e-01  -8.006844520569e-01   4.828137904406e-02  -8.108010888100e-01 
 -6.710756421089e-01   3.623069450259e-02  -8.716742992401e-01  -6.710756421089e-01   3.623069450259e-02  -8.716742992401e-01   0.000000000000e+00   0.000000000000e+00  -4.093998074532e-01 
  0.000000000000e+00   0.000000000000e+00  -4.093998074532e-01   6.506822258234e-02   0.000000000000e+00  -2.961780317128e-02   2.732122242451e-01   2.159329131246e-02  -5.613244771957e-01 
  1.130564361811e-01   9.324488788843e-02  -1.415194988251e+00  -1.505384892225e-01   2.261786609888e-01  -6.661987900734e-01  -7.962002754211e-01   0.000000000000e+00  -7.695271372795e-01 
 -8.006844520569e-01   4.828137904406e-02  -8.108010888100e-01  -6.710756421089e-01   3.623069450259e-02  -8.716742992401e-01  -6.710756421089e-01   3.623069450259e-02  -8.716742992401e-01 
  0.000000000000e+00  -2.088129520416e-02  -4.007522761822e-01   0.000000000000e+00  -2.088129520416e-02  -4.007522761822e-01  -3.753129765391e-02  -5.569987930357e-03   1.317758560181e-01 
  1.491689085960e-01  -8.149468898773e-02  -4.798427224159e-03  -2.411594614387e-02  -7.202488929033e-02   1.392835229635e-01  -4.983960464597e-02  -9.755787253380e-02   5.507446452975e-02 
 -2.758932896541e-05   0.000000000000e+00  -8.521106839180e-02  -2.283813773829e-05  -4.511063918471e-02  -1.000000014901e-01  -1.500863436377e-05   0.000000000000e+00  -1.000000014901e-01 
 -1.500863436377e-05   0.000000000000e+00  -1.000000014901e-01   0.000000000000e+00  -2.088129520416e-02  -4.007522761822e-01   0.000000000000e+00  -2.088129520416e-02  -4.007522761822e-01 
 -3.753129765391e-02  -5.569987930357e-03   1.317758560181e-01   1.491689085960e-01  -8.149468898773e-02  -4.798427224159e-03  -2.411594614387e-02  -7.202488929033e-02   1.392835229635e-01 
 -4.983960464597e-02  -9.755787253380e-02   5.507446452975e-02  -2.758932896541e-05   0.000000000000e+00  -8.521106839180e-02  -2.283813773829e-05  -4.511063918471e-02  -1.000000014901e-01 
 -1.500863436377e-05   0.000000000000e+00  -1.000000014901e-01  -1.500863436377e-05   0.000000000000e+00  -1.000000014901e-01   0.000000000000e+00  -1.119137089700e-02  -3.285814523697e-01 
  0.000000000000e+00  -1.119137089700e-02  -3.285814523697e-01   1.321469340473e-02  -4.861133173108e-02  -5.162138864398e-02  -3.871709480882e-02  -2.142121046782e-01  -6.416419893503e-02 
 -1.519286483526e-01  -1.191695705056e-01   4.128228724003e-01  -1.034921184182e-01  -1.456278711557e-01  -1.000000014901e-01   0.000000000000e+00   0.000000000000e+00  -1.000000014901e-01 
  0.000000000000e+00  -5.777441710234e-02  -1.000000014901e-01   0.000000000000e+00  -2.943504974246e-02  -1.000000014901e-01   0.000000000000e+00  -2.943504974246e-02  -1.000000014901e-01 
  0.000000000000e+00  -5.815866962075e-02  -4.398004710674e-01   0.000000000000e+00  -5.815866962075e-02  -4.398004710674e-01  -2.350824698806e-02  -6.525063514709e-02  -2.742396891117e-01 
  1.172767058015e-01  -2.202501595020e-01  -2.143626064062e-01   6.878876686096e-02  -1.493220180273e-01  -1.753726601601e-01   4.803011566401e-02  -1.820823401213e-01  -3.396368026733e-01 
  9.311351925135e-03   0.000000000000e+00  -4.279862046242e-01   2.837369451299e-03  -4.932383075356e-02  -3.984766602516e-01   1.011867658235e-03  -4.885309562087e-02  -1.942526698112e-01 
  1.011867658235e-03  -4.885309562087e-02  -1.942526698112e-01   0.000000000000e+00   1.036152243614e-01  -1.365181356668e-01   0.000000000000e+00   1.036152243614e-01  -1.365181356668e-01 
  7.367968559265e-03   1.654335297644e-02   5.713462457061e-02   2.390722334385e-01  -2.677771821618e-02  -4.452081322670e-01   7.651794701815e-02  -4.105630218983e-01  -1.000000014901e-01 
  7.651794701815e-02  -2.005336880684e-01  -1.000000014901e-01   0.000000000000e+00  -1.096285879612e-01  -1.000000014901e-01  -1.051756888628e-01  -7.967463135719e-02  -6.277067214251e-02 
 -1.499623656273e-01  -5.975672602654e-02  -1.384453773499e-01  -1.499623656273e-01  -5.975672602654e-02  -1.384453773499e-01   0.000000000000e+00  -9.127829968929e-02  -4.823578298092e-01 
  0.000000000000e+00  -9.127829968929e-02  -4.823578298092e-01  -2.962402440608e-02  -7.490422576666e-02  -3.456104099751e-01   3.244226574898e-01  -1.124245971441e-01  -2.632903456688e-01 
  6.668310165405e-01  -3.565569519997e-01  -7.275233864784e-01   3.009175360203e-01  -1.860151439905e-01   1.846760883927e-02  -4.455655515194e-01  -5.386054143310e-02  -1.000000014901e-01 
 -3.049799203873e-01   8.868252858520e-03  -1.776784062386e-01  -2.379688620567e-01   7.664761692286e-02  -3.033591508865e-01  -2.379688620567e-01   7.664761692286e-02  -3.033591508865e-01 
  0.000000000000e+00   1.773104667664e-01  -2.460635751486e-01   0.000000000000e+00   1.773104667664e-01  -2.460635751486e-01  -7.635734975338e-02   1.504723429680e-01  -9.642501920462e-02 
  1.084983229637e+00   8.162143826485e-02  -8.901356905699e-02   1.084983229637e+00   6.609992682934e-02  -1.138307332993e+00   3.753763809800e-02  -3.013341920450e-03   1.051141768694e-01 
 -5.545170903206e-01   0.000000000000e+00   3.104773163795e-01  -5.701938867569e-01   3.669452294707e-02  -1.352419108152e-01  -3.280533552170e-01   5.510846897960e-02  -2.899370789528e-01 
 -3.280533552170e-01   5.510846897960e-02  -2.899370789528e-01   0.000000000000e+00   8.962249010801e-02  -4.117684960365e-01   0.000000000000e+00   8.962249010801e-02  -4.117684960365e-01 
  2.894443646073e-02   4.734709486365e-02  -2.379570007324e-01   3.293404281139e-01   7.175794243813e-02  -6.602257490158e-01   3.549868166447e-01   2.694307826459e-02  -6.451892852783e-01 
  0.000000000000e+00  -6.656653713435e-03  -1.000000014901e-01  -5.413128137589e-01  -1.252575404942e-02   1.573230177164e-01  -5.615115761757e-01   4.023441672325e-02  -2.594904601574e-01 
  0.000000000000e+00   5.651652440429e-02  -1.000000014901e-01   0.000000000000e+00   5.651652440429e-02  -1.000000014901e-01   0.000000000000e+00   0.000000000000e+00   2.521699368954e-01 
  0.000000000000e+00   0.000000000000e+00   2.521699368954e-01   6.826009601355e-02   0.000000000000e+00   3.609133660793e-01   5.371277332306e-01   0.000000000000e+00  -7.551425099373e-01 
  0.000000000000e+00   0.000000000000e+00  -1.000000014901e-01  -1.640655100346e-01   0.000000000000e+00  -4.988659620285e-01   0.000000000000e+00   0.000000000000e+00  -9.470205903053e-01 
 -4.186064600945e-01   2.495807223022e-02  -6.589876413345e-01  -3.893513083458e-01   3.524230048060e-02  -6.480636596680e-01  -3.893513083458e-01   3.524230048060e-02  -6.480636596680e-01 
  0.000000000000e+00   0.000000000000e+00   2.521699368954e-01   0.000000000000e+00   0.000000000000e+00   2.521699368954e-01   6.826009601355e-02   0.000000000000e+00   3.609133660793e-01 
  5.371277332306e-01   0.000000000000e+00  -7.551425099373e-01   0.000000000000e+00   0.000000000000e+00  -1.000000014901e-01  -1.640655100346e-01   0.000000000000e+00  -4.988659620285e-01 
  0.000000000000e+00   0.000000000000e+00  -9.470205903053e-01  -4.186064600945e-01   2.495807223022e-02  -6.589876413345e-01  -3.893513083458e-01   3.524230048060e-02  -6.480636596680e-01 
 -3.893513083458e-01   3.524230048060e-02  -6.480636596680e-01   0.000000000000e+00   8.331516385078e-02  -9.225457906723e-02   0.000000000000e+00   8.331516385078e-02  -9.225457906723e-02 
 -8.450920879841e-02  -3.076798841357e-02  -5.151474475861e-02  -1.066494733095e-01  -4.511858150363e-02  -4.846918210387e-02  -7.582353800535e-02  -5.305718258023e-02   1.031538471580e-02 
 -1.958189022844e-05  -8.264713734388e-02  -1.162663623691e-01  -4.889631964033e-05   0.000000000000e+00  -1.000000014901e-01  -4.889631964033e-05  -4.132003337145e-02  -3.104199469090e-01 
 -2.013169068960e-05  -3.804486989975e-02  -2.420761287212e-01  -2.013169068960e-05  -3.804486989975e-02  -2.420761287212e-01   0.000000000000e+00   8.331516385078e-02  -9.225457906723e-02 
  0.000000000000e+00   8.331516385078e-02  -9.225457906723e-02  -8.450920879841e-02  -3.076798841357e-02  -5.151474475861e-02  -1.066494733095e-01  -4.511858150363e-02  -4.846918210387e-02 
 -7.582353800535e-02  -5.305718258023e-02   1.031538471580e-02  -1.958189022844e-05  -8.264713734388e-02  -1.162663623691e-01  -4.889631964033e-05   0.000000000000e+00  -1.000000014901e-01 
 -4.889631964033e-05  -4.132003337145e-02  -3.104199469090e-01  -2.013169068960e-05  -3.804486989975e-02  -2.420761287212e-01  -2.013169068960e-05  -3.804486989975e-02  -2.420761287212e-01 
  0.000000000000e+00  -1.075465381145e-01  -2.728948295116e-01   0.000000000000e+00  -1.075465381145e-01  -2.728948295116e-01  -4.044656828046e-02  -1.268203854561e-01  -1.329171359539e-01 
 -1.448451131582e-01  -7.699264585972e-02  -1.000000014901e-01  -5.411664396524e-02  -5.116756260395e-02  -9.861083701253e-03  -1.975308805413e-05  -2.007352858782e-01  -1.486687809229e-01 
 -9.779264655663e-05  -2.007352858782e-01  -1.000000014901e-01  -9.779264655663e-05  -1.003676429391e-01  -1.000000014901e-01   0.000000000000e+00  -6.087760254741e-02  -1.000000014901e-01 
  0.000000000000e+00  -6.087760254741e-02  -1.000000014901e-01   0.000000000000e+00  -2.564366161823e-01  -3.113376498222e-01   0.000000000000e+00  -2.564366161823e-01  -3.113376498222e-01 
  2.191573940217e-02  -2.255282998085e-01  -2.423997819424e-01   1.172654423863e-02  -3.349409252405e-02  -8.762626051903e-01   0.000000000000e+00   0.000000000000e+00  -1.000000014901e-01 
  0.000000000000e+00  -2.007352858782e-01  -1.136558294296e+00  -5.984954987071e-05  -2.007352858782e-01  -7.312405109406e-01  -9.779264655663e-05  -1.003676429391e-01  -7.116391658783e-01 
 -4.026338137919e-05  -6.087759882212e-02  -5.576301813126e-01  -4.026338137919e-05  -6.087759882212e-02  -5.576301813126e-01   0.000000000000e+00   9.800645709038e-02  -5.507551431656e-01 
  0.000000000000e+00   9.800645709038e-02  -5.507551431656e-01  -3.776841983199e-02   5.754175037146e-02  -1.058370694518e-01   0.000000000000e+00  -4.432817399502e-01  -1.430944442749e+00 
 -4.833945073187e-03  -5.096865296364e-01  -2.270091772079e+00   1.578698307276e-01   0.000000000000e+00  -2.188740015030e+00   0.000000000000e+00  -4.743215441704e-02  -1.940110325813e+00 
 -2.798951391014e-05  -5.170114710927e-02  -1.447651147842e+00  -2.694786599022e-05  -4.250431433320e-02  -1.068385958672e+00  -2.694786599022e-05  -4.250431433320e-02  -1.068385958672e+00 
  0.000000000000e+00   2.276705950499e-02  -4.345347285271e-01   0.000000000000e+00   2.276705950499e-02  -4.345347285271e-01  -6.112651154399e-02  -2.087458968163e-03  -3.800998032093e-01 
  1.084983229637e+00  -4.283346533775e-01  -1.219461321831e+00   6.319456100464e-01  -3.469827771187e-01  -2.085534095764e+00   7.651794701815e-02   0.000000000000e+00  -1.721984148026e+00 
  0.000000000000e+00   0.000000000000e+00  -5.774138867855e-02  -2.991675436497e-01  -7.480501197278e-03   5.189228337258e-03  -2.909668982029e-01   1.126108132303e-02  -9.720783680677e-02 
 -2.909668982029e-01   1.126108132303e-02  -9.720783680677e-02   0.000000000000e+00   1.869082599878e-01  -2.446601837873e-01   0.000000000000e+00   1.869082599878e-01  -2.446601837873e-01 
 -4.907752200961e-02   3.659379109740e-02  -4.442506730556e-01   1.083556652069e+00   3.920838981867e-02  -1.710309982300e+00   1.086409807205e+00   4.063497483730e-02  -1.710035085678e+00 
  0.000000000000e+00   0.000000000000e+00   1.955580264330e-01  -5.511849522591e-01  -1.036237459630e-02   3.104773163795e-01  -5.579394102097e-01   1.055572833866e-02   1.677336692810e-01 
 -3.218007683754e-01   2.841763012111e-02  -4.541740566492e-02  -3.218007683754e-01   2.841763012111e-02  -4.541740566492e-02   0.000000000000e+00   6.904203444719e-02  -1.647516041994e-01 
  0.000000000000e+00   6.904203444719e-02  -1.647516041994e-01   1.171541661024e-01  -2.662146836519e-02   2.272622287273e-01   4.796894788742e-01   4.206155985594e-02   3.136299923062e-02 
  7.480257749557e-01   4.063497483730e-02  -3.114553689957e-01  -1.707410663366e-01  -8.924843743443e-03   1.311424523592e-01  -5.513566136360e-01  -2.262516319752e-02   3.003779053688e-01 
 -5.514121651649e-01   7.686275988817e-03   3.104773163795e-01   0.000000000000e+00   2.613101340830e-02  -1.000000014901e-01   0.000000000000e+00   2.613101340830e-02  -1.000000014901e-01 
  0.000000000000e+00   0.000000000000e+00  -3.479126393795e-01   0.000000000000e+00   0.000000000000e+00  -3.479126393795e-01   2.522666156292e-01   0.000000000000e+00   1.897375881672e-01 
  6.460881233215e-01   0.000000000000e+00  -2.116539329290e-01   7.144845128059e-01   0.000000000000e+00  -1.668626815081e-01  -2.087854743004e-01  -2.600496827654e-06  -1.000000014901e-01 
 -2.087854743004e-01  -2.262516319752e-02  -1.000000014901e-01  -2.772333920002e-01   3.369502723217e-03  -1.738300174475e-01  -1.654593795538e-01   1.954350806773e-02  -3.273334205151e-01 
 -1.654593795538e-01   1.954350806773e-02  -3.273334205151e-01   0.000000000000e+00   0.000000000000e+00  -3.479126393795e-01   0.000000000000e+00   0.000000000000e+00  -3.479126393795e-01 
  2.522666156292e-01   0.000000000000e+00   1.897375881672e-01   6.460881233215e-01   0.000000000000e+00  -2.116539329290e-01   7.144845128059e-01   0.000000000000e+00  -1.668626815081e-01 
 -2.087854743004e-01  -2.600496827654e-06  -1.000000014901e-01  -2.087854743004e-01  -2.262516319752e-02  -1.000000014901e-01  -2.772333920002e-01   3.369502723217e-03  -1.738300174475e-01 
 -1.654593795538e-01   1.954350806773e-02  -3.273334205151e-01  -1.654593795538e-01   1.954350806773e-02  -3.273334205151e-01   0.000000000000e+00   6.470791250467e-02  -8.400430530310e-02 
  0.000000000000e+00   6.470791250467e-02  -8.400430530310e-02  -5.965969339013e-02  -2.791966311634e-02   3.814320266247e-01  -1.448451131582e-01   0.000000000000e+00   7.959942817688e-01 
  0.000000000000e+00   0.000000000000e+00  -9.716785699129e-02   0.000000000000e+00   0.000000000000e+00  -9.907526522875e-02   0.000000000000e+00   0.000000000000e+00  -1.000000014901e-01 
  0.000000000000e+00   0.000000000000e+00  -6.110728979111e-01   0.000000000000e+00   0.000000000000e+00  -3.925677835941e-01   0.000000000000e+00   0.000000000000e+00  -3.925677835941e-01 
  0.000000000000e+00   6.470791250467e-02  -8.400430530310e-02   0.000000000000e+00   6.470791250467e-02  -8.400430530310e-02  -5.965969339013e-02  -2.791966311634e-02   3.814320266247e-01 
 -1.448451131582e-01   0.000000000000e+00   7.959942817688e-01   0.000000000000e+00   0.000000000000e+00  -9.716785699129e-02   0.000000000000e+00   0.000000000000e+00  -9.907526522875e-02 
  0.000000000000e+00   0.000000000000e+00  -1.000000014901e-01   0.000000000000e+00   0.000000000000e+00  -6.110728979111e-01   0.000000000000e+00   0.000000000000e+00  -3.925677835941e-01 
  0.000000000000e+00   0.000000000000e+00  -3.925677835941e-01   0.000000000000e+00  -8.274476975203e-03   1.011549457908e-01   0.000000000000e+00  -8.274476975203e-03   1.011549457908e-01 
 -8.536543697119e-02  -1.111956760287e-01   1.195248961449e+00  -1.849087923765e-01   0.000000000000e+00   1.660730600357e+00   0.000000000000e+00   0.000000000000e+00  -9.562937915325e-02 
  0.000000000000e+00  -2.007352858782e-01  -1.000000014901e-01  -4.165882244706e-02  -2.422963231802e-01  -1.187558889389e+00   4.146323725581e-02   0.000000000000e+00  -1.145997881889e+00 
  0.000000000000e+00   0.000000000000e+00  -1.000000014901e-01   0.000000000000e+00   0.000000000000e+00  -1.000000014901e-01   0.000000000000e+00  -3.575870096684e-01  -1.831797659397e-01 
  0.000000000000e+00  -3.575870096684e-01  -1.831797659397e-01  -4.439379274845e-02  -2.229912877083e-01   3.178886175156e-01   0.000000000000e+00   0.000000000000e+00  -9.631735086441e-01 
  0.000000000000e+00  -8.551084250212e-02  -1.000000014901e-01   0.000000000000e+00  -2.007352858782e-01  -1.667368888855e+00  -9.779264655663e-05  -1.591742634773e-01  -1.145997881889e+00 
 -9.779264655663e-05   0.000000000000e+00  -1.135400414467e+00   0.000000000000e+00   0.000000000000e+00  -7.152689099312e-01   0.000000000000e+00   0.000000000000e+00  -7.152689099312e-01 
  0.000000000000e+00   7.252121716738e-02  -2.384401261806e-01   0.000000000000e+00   7.252121716738e-02  -2.384401261806e-01  -1.107240691781e-01   6.851816084236e-03  -2.089723348618e-01 
 -6.285748630762e-02  -1.856140345335e-01  -1.785531520844e+00   0.000000000000e+00   0.000000000000e+00  -2.107388019562e+00   0.000000000000e+00   0.000000000000e+00  -2.188740015030e+00 
 -4.311941665947e-05   0.000000000000e+00  -1.667368888855e+00   0.000000000000e+00   0.000000000000e+00  -1.402832984924e+00   0.000000000000e+00   0.000000000000e+00  -1.076997160912e+00 
  0.000000000000e+00   0.000000000000e+00  -1.076997160912e+00   0.000000000000e+00   5.711514875293e-02   3.841548562050e-01   0.000000000000e+00   5.711514875293e-02   3.841548562050e-01 
 -9.944302588701e-02   4.742486774921e-02   2.999362349510e-01   2.358669936657e-01  -2.639702260494e-01  -1.161250710487e+00   4.125066399574e-01   0.000000000000e+00  -2.060447931290e+00 
  1.994220018387e-01   0.000000000000e+00  -1.915008425713e+00   1.117321662605e-02   0.000000000000e+00  -6.610094904900e-01  -1.863728612661e-01  -2.717729075812e-04  -2.198247313499e-01 
 -2.364585250616e-01   6.875826784380e-06  -1.202682703733e-01  -2.364585250616e-01   6.875826784380e-06  -1.202682703733e-01   0.000000000000e+00   7.295693457127e-02  -1.216329559684e-01 
  0.000000000000e+00   7.295693457127e-02  -1.216329559684e-01  -6.046980619431e-02   8.152563869953e-02  -5.352547764778e-01   0.000000000000e+00   5.162144452333e-02  -1.707456827164e+00 
  0.000000000000e+00   4.453047364950e-02  -1.709168195724e+00  -9.048744291067e-02   1.781678944826e-02  -2.281562089920e+00  -2.059030383825e-01  -9.586805244908e-04   1.831440031528e-01 
 -3.332075774670e-01   3.150425152853e-03   8.463434875011e-02  -2.674453556538e-01   1.278465334326e-02  -8.167013525963e-03  -2.674453556538e-01   1.278465334326e-02  -8.167013525963e-03 
  0.000000000000e+00   1.535328924656e-01  -5.351538211107e-02   0.000000000000e+00   1.535328924656e-01  -5.351538211107e-02   8.594535291195e-03   7.606904208660e-02   2.292078882456e-01 
  2.750920951366e-01   5.213934183121e-02   6.236092746258e-02   6.238904595375e-01   2.656432427466e-02  -1.062004327774e+00  -2.087854743004e-01   0.000000000000e+00  -3.059402465820e+00 
 -1.205539628863e-01  -7.496960926801e-03   2.998414635658e-01  -2.359779924154e-01   1.368426601402e-04  -1.000000014901e-01  -1.164723336697e-01   1.030150055885e-02  -1.000000014901e-01 
 -1.164723336697e-01   1.030150055885e-02  -1.000000014901e-01   0.000000000000e+00   0.000000000000e+00   2.446769550443e-02   0.000000000000e+00   0.000000000000e+00   2.446769550443e-02 
  9.483969956636e-02   1.032830961049e-02   1.292458921671e-01   7.259679436684e-01   3.175091929734e-03  -1.115117743611e-01   7.480257749557e-01   0.000000000000e+00  -1.668626815081e-01 
 -3.616069257259e-01   0.000000000000e+00  -3.160244703293e+00  -5.596401542425e-02  -2.600496827654e-06  -3.007423400879e+00   0.000000000000e+00   7.402455667034e-04  -2.702021121979e+00 
  0.000000000000e+00   6.182567216456e-03  -2.113568305969e+00   0.000000000000e+00   6.182567216456e-03  -2.113568305969e+00   0.000000000000e+00   0.000000000000e+00   2.446769550443e-02 
  0.000000000000e+00   0.000000000000e+00   2.446769550443e-02   9.483969956636e-02   1.032830961049e-02   1.292458921671e-01   7.259679436684e-01   3.175091929734e-03  -1.115117743611e-01 
  7.480257749557e-01   0.000000000000e+00  -1.668626815081e-01  -3.616069257259e-01   0.000000000000e+00  -3.160244703293e+00  -5.596401542425e-02  -2.600496827654e-06  -3.007423400879e+00 
  0.000000000000e+00   7.402455667034e-04  -2.702021121979e+00   0.000000000000e+00   6.182567216456e-03  -2.113568305969e+00   0.000000000000e+00   6.182567216456e-03  -2.113568305969e+00 
  0.000000000000e+00   6.470791250467e-02  -8.400430530310e-02   0.000000000000e+00   6.470791250467e-02  -8.400430530310e-02  -5.965969339013e-02  -2.791966311634e-02   3.814320266247e-01 
 -1.448451131582e-01   0.000000000000e+00   7.959942817688e-01   0.000000000000e+00   0.000000000000e+00  -9.716785699129e-02   0.000000000000e+00   0.000000000000e+00  -9.907526522875e-02 
  0.000000000000e+00   0.000000000000e+00  -1.000000014901e-01   0.000000000000e+00   0.000000000000e+00  -6.110728979111e-01   0.000000000000e+00   0.000000000000e+00  -3.925677835941e-01 
  0.000000000000e+00   0.000000000000e+00  -3.925677835941e-01   0.000000000000e+00   6.470791250467e-02  -8.400430530310e-02   0.000000000000e+00   6.470791250467e-02  -8.400430530310e-02 
 -5.965969339013e-02  -2.791966311634e-02   3.814320266247e-01  -1.448451131582e-01   0.000000000000e+00   7.959942817688e-01   0.000000000000e+00   0.000000000000e+00  -9.716785699129e-02 
  0.000000000000e+00   0.000000000000e+00  -9.907526522875e-02   0.000000000000e+00   0.000000000000e+00  -1.000000014901e-01   0.000000000000e+00   0.000000000000e+00  -6.110728979111e-01 
  0.000000000000e+00   0.000000000000e+00  -3.925677835941e-01   0.000000000000e+00   0.000000000000e+00  -3.925677835941e-01   0.000000000000e+00  -8.274476975203e-03   1.011549457908e-01 
  0.000000000000e+00  -8.274476975203e-03   1.011549457908e-01  -8.536543697119e-02  -1.111956760287e-01   1.195248961449e+00  -1.849087923765e-01   0.000000000000e+00   1.660730600357e+00 
  0.000000000000e+00   0.000000000000e+00  -9.562937915325e-02   0.000000000000e+00  -2.007352858782e-01  -1.000000014901e-01  -4.165882244706e-02  -2.422963231802e-01  -1.187558889389e+00 
  4.146323725581e-02   0.000000000000e+00  -1.145997881889e+00   0.000000000000e+00   0.000000000000e+00  -1.000000014901e-01   0.000000000000e+00   0.000000000000e+00  -1.000000014901e-01 
  0.000000000000e+00  -3.575870096684e-01  -1.831797659397e-01   0.000000000000e+00  -3.575870096684e-01  -1.831797659397e-01  -4.439379274845e-02  -2.229912877083e-01   3.178886175156e-01 
  0.000000000000e+00   0.000000000000e+00  -9.631735086441e-01   0.000000000000e+00  -8.551084250212e-02  -1.000000014901e-01   0.000000000000e+00  -2.007352858782e-01  -1.667368888855e+00 
 -9.779264655663e-05  -1.591742634773e-01  -1.145997881889e+00  -9.779264655663e-05   0.000000000000e+00  -1.135400414467e+00   0.000000000000e+00   0.000000000000e+00  -7.152689099312e-01 
  0.000000000000e+00   0.000000000000e+00  -7.152689099312e-01   0.000000000000e+00   7.252121716738e-02  -2.384401261806e-01   0.000000000000e+00   7.252121716738e-02  -2.384401261806e-01 
 -1.107240691781e-01   6.851816084236e-03  -2.089723348618e-01  -6.285748630762e-02  -1.856140345335e-01  -1.785531520844e+00   0.000000000000e+00   0.000000000000e+00  -2.107388019562e+00 
  0.000000000000e+00   0.000000000000e+00  -2.188740015030e+00  -4.311941665947e-05   0.000000000000e+00  -1.667368888855e+00   0.000000000000e+00   0.000000000000e+00  -1.402832984924e+00 
  0.000000000000e+00   0.000000000000e+00  -1.076997160912e+00   0.000000000000e+00   0.000000000000e+00  -1.076997160912e+00   0.000000000000e+00   5.711514875293e-02   3.841548562050e-01 
  0.000000000000e+00   5.711514875293e-02   3.841548562050e-01  -9.944302588701e-02   4.742486774921e-02   2.999362349510e-01   2.358669936657e-01  -2.639702260494e-01  -1.161250710487e+00 
  4.125066399574e-01   0.000000000000e+00  -2.060447931290e+00   1.994220018387e-01   0.000000000000e+00  -1.915008425713e+00   1.117321662605e-02   0.000000000000e+00  -6.610094904900e-01 
 -1.863728612661e-01  -2.717729075812e-04  -2.198247313499e-01  -2.364585250616e-01   6.875826784380e-06  -1.202682703733e-01  -2.364585250616e-01   6.875826784380e-06  -1.202682703733e-01 
  0.000000000000e+00   7.295693457127e-02  -1.216329559684e-01   0.000000000000e+00   7.295693457127e-02  -1.216329559684e-01  -6.046980619431e-02   8.152563869953e-02  -5.352547764778e-01 
  0.000000000000e+00   5.162144452333e-02  -1.707456827164e+00   0.000000000000e+00   4.453047364950e-02  -1.709168195724e+00  -9.048744291067e-02   1.781678944826e-02  -2.281562089920e+00 
 -2.059030383825e-01  -9.586805244908e-04   1.831440031528e-01  -3.332075774670e-01   3.150425152853e-03   8.463434875011e-02  -2.674453556538e-01   1.278465334326e-02  -8.167013525963e-03 
 -2.674453556538e-01   1.278465334326e-02  -8.167013525963e-03   0.000000000000e+00   1.535328924656e-01  -5.351538211107e-02   0.000000000000e+00   1.535328924656e-01  -5.351538211107e-02 
  8.594535291195e-03   7.606904208660e-02   2.292078882456e-01   2.750920951366e-01   5.213934183121e-02   6.236092746258e-02   6.238904595375e-01   2.656432427466e-02  -1.062004327774e+00 
 -2.087854743004e-01   0.000000000000e+00  -3.059402465820e+00  -1.205539628863e-01  -7.496960926801e-03   2.998414635658e-01  -2.359779924154e-01   1.368426601402e-04  -1.000000014901e-01 
 -1.164723336697e-01   1.030150055885e-02  -1.000000014901e-01  -1.164723336697e-01   1.030150055885e-02  -1.000000014901e-01   0.000000000000e+00   0.000000000000e+00   2.446769550443e-02 
  0.000000000000e+00   0.000000000000e+00   2.446769550443e-02   9.483969956636e-02   1.032830961049e-02   1.292458921671e-01   7.259679436684e-01   3.175091929734e-03  -1.115117743611e-01 
  7.480257749557e-01   0.000000000000e+00  -1.668626815081e-01  -3.616069257259e-01   0.000000000000e+00  -3.160244703293e+00  -5.596401542425e-02  -2.600496827654e-06  -3.007423400879e+00 
  0.000000000000e+00   7.402455667034e-04  -2.702021121979e+00   0.000000000000e+00   6.182567216456e-03  -2.113568305969e+00   0.000000000000e+00   6.182567216456e-03  -2.113568305969e+00 
  0.000000000000e+00   0.000000000000e+00   2.446769550443e-02   0.000000000000e+00   0.000000000000e+00   2.446769550443e-02   9.483969956636e-02   1.032830961049e-02   1.292458921671e-01 
  7.259679436684e-01   3.175091929734e-03  -1.115117743611e-01   7.480257749557e-01   0.000000000000e+00  -1.668626815081e-01  -3.616069257259e-01   0.000000000000e+00  -3.160244703293e+00 
 -5.596401542425e-02  -2.600496827654e-06  -3.007423400879e+00   0.000000000000e+00   7.402455667034e-04  -2.702021121979e+00   0.000000000000e+00   6.182567216456e-03  -2.113568305969e+00 
  0.000000000000e+00   6.182567216456e-03  -2.113568305969e+00 

