# vtk DataFile Version 2.0
Written using VisIt writer
ASCII
DATASET RECTILINEAR_GRID
DIMENSIONS 10 10 10
X_COORDINATES 10 float
  0.000000000000e+00   5.000000000000e-01   1.000000000000e+00   1.500000000000e+00   2.000000000000e+00   2.500000000000e+00   3.000000000000e+00   3.500000000000e+00   4.000000000000e+00 
  4.500000000000e+00 
Y_COORDINATES 10 float
  0.000000000000e+00   5.000000000000e-01   1.000000000000e+00   1.500000000000e+00   2.000000000000e+00   2.500000000000e+00   3.000000000000e+00   3.500000000000e+00   4.000000000000e+00 
  4.500000000000e+00 
Z_COORDINATES 10 float
  0.000000000000e+00   5.000000000000e-01   1.000000000000e+00   1.500000000000e+00   2.000000000000e+00   2.500000000000e+00   3.000000000000e+00   3.500000000000e+00   4.000000000000e+00 
  4.500000000000e+00 
CELL_DATA 729
POINT_DATA 1000
VECTORS velocity float
  0.000000000000e+00  -1.009585559368e-01  -2.286032289267e-01   3.251200000000e+04   0.000000000000e+00   0.000000000000e+00   0.000000000000e+00   0.000000000000e+00   0.000000000000e+00 
  1.306000351906e-02  -7.578451931477e-02  -1.550572365522e-01   0.000000000000e+00   0.000000000000e+00   0.000000000000e+00   0.000000000000e+00   1.431655808000e+09   1.070945600000e+09 
 -1.077672466636e-01  -8.946438133717e-02  -1.613144129515e-01   1.071994176000e+09   0.000000000000e+00   0.000000000000e+00   0.000000000000e+00   0.000000000000e+00   0.000000000000e+00 
 -1.024828180671e-01  -9.034439921379e-02  -1.896914988756e-01   0.000000000000e+00  -1.009585559368e-01  -2.286032289267e-01   1.070945600000e+09   0.000000000000e+00   0.000000000000e+00 
 -2.515518339351e-03  -1.216220706701e-01  -2.000074684620e-01   1.306000351906e-02  -7.578451931477e-02  -1.550572365522e-01   1.431655808000e+09   1.070945600000e+09   0.000000000000e+00 
 -9.414926171303e-02  -5.637271329761e-02  -1.349552869797e-01  -1.077672466636e-01  -8.946438133717e-02  -1.613144129515e-01   0.000000000000e+00   0.000000000000e+00   1.071644672000e+09 
 -1.024828180671e-01  -9.034439921379e-02  -1.896914988756e-01  -1.024828180671e-01  -9.034439921379e-02  -1.896914988756e-01   0.000000000000e+00   5.299334973097e-02  -2.003053724766e-01 
  0.000000000000e+00   5.299334973097e-02  -2.003053724766e-01  -5.663550645113e-02  -7.125556468964e-03  -1.885785162449e-01  -1.534076780081e-02  -1.568828970194e-01  -1.743354201317e-01 
 -1.341903656721e-01  -2.460784316063e-01  -1.858983039856e-01   3.724727779627e-02  -8.321530371904e-02  -1.365843564272e-01   5.123562738299e-02  -4.012862965465e-02  -1.380096077919e-01 
  1.924759708345e-02  -1.299863681197e-02  -1.382220387459e-01  -3.815053403378e-02   3.077439032495e-02  -1.561549305916e-01  -3.815053403378e-02   3.077439032495e-02  -1.561549305916e-01 
  0.000000000000e+00  -8.299224078655e-03  -1.777415126562e-01   0.000000000000e+00  -8.299224078655e-03  -1.777415126562e-01  -5.286841187626e-03   7.400007545948e-02  -1.702635586262e-01 
  1.191607303917e-02   8.424159139395e-02  -1.416547447443e-01  -1.674941740930e-02  -5.172049254179e-02  -1.470369994640e-01  -7.557862997055e-02  -1.465750038624e-01  -1.519773304462e-01 
 -1.822526901960e-01  -7.317983359098e-02  -1.781187802553e-01   4.832407832146e-02   3.439097851515e-02  -1.362504512072e-01   5.593114998192e-03  -1.652524061501e-02  -1.657939702272e-01 
  5.593114998192e-03  -1.652524061501e-02  -1.657939702272e-01   0.000000000000e+00  -6.357705593109e-02  -2.472217828035e-01   0.000000000000e+00  -6.357705593109e-02  -2.472217828035e-01 
 -5.658522993326e-02  -4.643699154258e-02  -2.501274645329e-01   1.625239998102e-01  -3.190879151225e-02  -1.678472757339e-01   9.188208729029e-02  -2.689144946635e-02  -1.411037594080e-01 
 -6.476621329784e-02   3.138399124146e-02  -1.340477764606e-01  -1.491836011410e-01   1.644994877279e-02  -1.490118503571e-01  -3.626034781337e-02  -2.003666199744e-02  -1.533854007721e-01 
 -1.026622354984e-01  -4.580743238330e-02  -2.135335654020e-01  -1.026622354984e-01  -4.580743238330e-02  -2.135335654020e-01   0.000000000000e+00   1.313701365143e-02  -1.979563236237e-01 
  0.000000000000e+00   1.313701365143e-02  -1.979563236237e-01  -2.293004363310e-04  -3.144209831953e-02  -1.981320530176e-01   8.129943162203e-02  -3.571762889624e-02  -2.081635296345e-01 
 -3.372321277857e-02   9.369283798151e-04  -2.044937014580e-01   2.663127891719e-02   3.603411093354e-02  -1.411603987217e-01   2.201941236854e-02  -1.383469626307e-02  -1.324940472841e-01 
 -1.138553023338e-02  -4.161800071597e-02  -1.283399313688e-01  -2.585362456739e-02  -6.146772764623e-03  -1.571187674999e-01  -2.585362456739e-02  -6.146772764623e-03  -1.571187674999e-01 
  0.000000000000e+00   6.835241615772e-02  -1.870700418949e-01   0.000000000000e+00   6.835241615772e-02  -1.870700418949e-01  -1.784966699779e-02  -3.495999798179e-02  -1.691757887602e-01 
 -1.226996630430e-02   3.528378903866e-02  -1.607114523649e-01  -3.919827193022e-02   5.597981810570e-02  -1.623695641756e-01  -7.026281952858e-02   2.920513600111e-02  -1.652509570122e-01 
 -4.094735905528e-02  -2.401308529079e-02  -1.777976453304e-01   4.686814919114e-02  -2.297653583810e-03  -1.370492577553e-01   9.584769606590e-02  -1.189702078700e-01  -1.570068001747e-01 
  9.584769606590e-02  -1.189702078700e-01  -1.570068001747e-01   0.000000000000e+00   1.218753233552e-01  -2.421007752419e-01   0.000000000000e+00   1.218753233552e-01  -2.421007752419e-01 
 -5.223240703344e-02  -2.347500249743e-02  -2.189513444901e-01   7.154745608568e-02  -1.666773855686e-02  -1.499301791191e-01   2.524485997856e-02  -4.120360314846e-02  -1.446552425623e-01 
 -5.260938033462e-02   2.796840853989e-02  -1.427681297064e-01  -1.151814591140e-02   9.097932279110e-02  -1.515433937311e-01   8.523045480251e-02   5.794230103493e-02  -1.566616594791e-01 
  1.767982542515e-02  -7.761561870575e-02  -2.070440798998e-01   1.767982542515e-02  -7.761561870575e-02  -2.070440798998e-01   0.000000000000e+00   0.000000000000e+00  -2.006667405367e-01 
  0.000000000000e+00   0.000000000000e+00  -2.006667405367e-01  -1.825265027583e-02   0.000000000000e+00  -1.917271316051e-01   5.374919157475e-03   0.000000000000e+00  -1.681275814772e-01 
 -1.576894707978e-02   0.000000000000e+00  -1.884188205004e-01   4.302854090929e-02   0.000000000000e+00  -1.557260751724e-01   3.621974214911e-02   0.000000000000e+00  -1.556190252304e-01 
  1.341339349747e-01   0.000000000000e+00  -1.334183812141e-01   7.726640254259e-02   0.000000000000e+00  -1.378665119410e-01   7.726640254259e-02   0.000000000000e+00  -1.378665119410e-01 
  0.000000000000e+00   0.000000000000e+00  -2.006667405367e-01   0.000000000000e+00   0.000000000000e+00  -2.006667405367e-01  -1.825265027583e-02   0.000000000000e+00  -1.917271316051e-01 
  5.374919157475e-03   0.000000000000e+00  -1.681275814772e-01  -1.576894707978e-02   0.000000000000e+00  -1.884188205004e-01   4.302854090929e-02   0.000000000000e+00  -1.557260751724e-01 
  3.621974214911e-02   0.000000000000e+00  -1.556190252304e-01   1.341339349747e-01   0.000000000000e+00  -1.334183812141e-01   7.726640254259e-02   0.000000000000e+00  -1.378665119410e-01 
  7.726640254259e-02   0.000000000000e+00  -1.378665119410e-01   0.000000000000e+00  -1.009585559368e-01  -2.286032289267e-01   0.000000000000e+00  -1.009585559368e-01  -2.286032289267e-01 
 -2.515518339351e-03  -1.216220706701e-01  -2.000074684620e-01   1.306000351906e-02  -7.578451931477e-02  -1.550572365522e-01  -4.206248559058e-03  -4.905291274190e-02  -1.391004025936e-01 
 -9.414926171303e-02  -5.637271329761e-02  -1.349552869797e-01  -1.077672466636e-01  -8.946438133717e-02  -1.613144129515e-01  -1.071123257279e-01  -8.816223591566e-02  -1.693272143602e-01 
 -1.024828180671e-01  -9.034439921379e-02  -1.896914988756e-01  -1.024828180671e-01  -9.034439921379e-02  -1.896914988756e-01   0.000000000000e+00  -1.009585559368e-01  -2.286032289267e-01 
  0.000000000000e+00  -1.009585559368e-01  -2.286032289267e-01  -2.515518339351e-03  -1.216220706701e-01  -2.000074684620e-01   1.306000351906e-02  -7.578451931477e-02  -1.550572365522e-01 
 -4.206248559058e-03  -4.905291274190e-02  -1.391004025936e-01  -9.414926171303e-02  -5.637271329761e-02  -1.349552869797e-01  -1.077672466636e-01  -8.946438133717e-02  -1.613144129515e-01 
 -1.071123257279e-01  -8.816223591566e-02  -1.693272143602e-01  -1.024828180671e-01  -9.034439921379e-02  -1.896914988756e-01  -1.024828180671e-01  -9.034439921379e-02  -1.896914988756e-01 
  0.000000000000e+00   5.299334973097e-02  -2.003053724766e-01   0.000000000000e+00   5.299334973097e-02  -2.003053724766e-01  -5.663550645113e-02  -7.125556468964e-03  -1.885785162449e-01 
 -1.534076780081e-02  -1.568828970194e-01  -1.743354201317e-01  -1.341903656721e-01  -2.460784316063e-01  -1.858983039856e-01   3.724727779627e-02  -8.321530371904e-02  -1.365843564272e-01 
  5.123562738299e-02  -4.012862965465e-02  -1.380096077919e-01   1.924759708345e-02  -1.299863681197e-02  -1.382220387459e-01  -3.815053403378e-02   3.077439032495e-02  -1.561549305916e-01 
 -3.815053403378e-02   3.077439032495e-02  -1.561549305916e-01   0.000000000000e+00  -8.299224078655e-03  -1.777415126562e-01   0.000000000000e+00  -8.299224078655e-03  -1.777415126562e-01 
 -5.286841187626e-03   7.400007545948e-02  -1.702635586262e-01   1.191607303917e-02   8.424159139395e-02  -1.416547447443e-01  -1.674941740930e-02  -5.172049254179e-02  -1.470369994640e-01 
 -7.557862997055e-02  -1.465750038624e-01  -1.519773304462e-01  -1.822526901960e-01  -7.317983359098e-02  -1.781187802553e-01   4.832407832146e-02   3.439097851515e-02  -1.362504512072e-01 
  5.593114998192e-03  -1.652524061501e-02  -1.657939702272e-01   5.593114998192e-03  -1.652524061501e-02  -1.657939702272e-01   0.000000000000e+00  -6.357705593109e-02  -2.472217828035e-01 
  0.000000000000e+00  -6.357705593109e-02  -2.472217828035e-01  -5.658522993326e-02  -4.643699154258e-02  -2.501274645329e-01   1.625239998102e-01  -3.190879151225e-02  -1.678472757339e-01 
  9.188208729029e-02  -2.689144946635e-02  -1.411037594080e-01  -6.476621329784e-02   3.138399124146e-02  -1.340477764606e-01  -1.491836011410e-01   1.644994877279e-02  -1.490118503571e-01 
 -3.626034781337e-02  -2.003666199744e-02  -1.533854007721e-01  -1.026622354984e-01  -4.580743238330e-02  -2.135335654020e-01  -1.026622354984e-01  -4.580743238330e-02  -2.135335654020e-01 
  0.000000000000e+00   1.313701365143e-02  -1.979563236237e-01   0.000000000000e+00   1.313701365143e-02  -1.979563236237e-01  -2.293004363310e-04  -3.144209831953e-02  -1.981320530176e-01 
  8.129943162203e-02  -3.571762889624e-02  -2.081635296345e-01  -3.372321277857e-02   9.369283798151e-04  -2.044937014580e-01   2.663127891719e-02   3.603411093354e-02  -1.411603987217e-01 
  2.201941236854e-02  -1.383469626307e-02  -1.324940472841e-01  -1.138553023338e-02  -4.161800071597e-02  -1.283399313688e-01  -2.585362456739e-02  -6.146772764623e-03  -1.571187674999e-01 
 -2.585362456739e-02  -6.146772764623e-03  -1.571187674999e-01   0.000000000000e+00   6.835241615772e-02  -1.870700418949e-01   0.000000000000e+00   6.835241615772e-02  -1.870700418949e-01 
 -1.784966699779e-02  -3.495999798179e-02  -1.691757887602e-01  -1.226996630430e-02   3.528378903866e-02  -1.607114523649e-01  -3.919827193022e-02   5.597981810570e-02  -1.623695641756e-01 
 -7.026281952858e-02   2.920513600111e-02  -1.652509570122e-01  -4.094735905528e-02  -2.401308529079e-02  -1.777976453304e-01   4.686814919114e-02  -2.297653583810e-03  -1.370492577553e-01 
  9.584769606590e-02  -1.189702078700e-01  -1.570068001747e-01   9.584769606590e-02  -1.189702078700e-01  -1.570068001747e-01   0.000000000000e+00   1.218753233552e-01  -2.421007752419e-01 
  0.000000000000e+00   1.218753233552e-01  -2.421007752419e-01  -5.223240703344e-02  -2.347500249743e-02  -2.189513444901e-01   7.154745608568e-02  -1.666773855686e-02  -1.499301791191e-01 
  2.524485997856e-02  -4.120360314846e-02  -1.446552425623e-01  -5.260938033462e-02   2.796840853989e-02  -1.427681297064e-01  -1.151814591140e-02   9.097932279110e-02  -1.515433937311e-01 
  8.523045480251e-02   5.794230103493e-02  -1.566616594791e-01   1.767982542515e-02  -7.761561870575e-02  -2.070440798998e-01   1.767982542515e-02  -7.761561870575e-02  -2.070440798998e-01 
  0.000000000000e+00   0.000000000000e+00  -2.006667405367e-01   0.000000000000e+00   0.000000000000e+00  -2.006667405367e-01  -1.825265027583e-02   0.000000000000e+00  -1.917271316051e-01 
  5.374919157475e-03   0.000000000000e+00  -1.681275814772e-01  -1.576894707978e-02   0.000000000000e+00  -1.884188205004e-01   4.302854090929e-02   0.000000000000e+00  -1.557260751724e-01 
  3.621974214911e-02   0.000000000000e+00  -1.556190252304e-01   1.341339349747e-01   0.000000000000e+00  -1.334183812141e-01   7.726640254259e-02   0.000000000000e+00  -1.378665119410e-01 
  7.726640254259e-02   0.000000000000e+00  -1.378665119410e-01   0.000000000000e+00   0.000000000000e+00  -2.006667405367e-01   0.000000000000e+00   0.000000000000e+00  -2.006667405367e-01 
 -1.825265027583e-02   0.000000000000e+00  -1.917271316051e-01   5.374919157475e-03   0.000000000000e+00  -1.681275814772e-01  -1.576894707978e-02   0.000000000000e+00  -1.884188205004e-01 
  4.302854090929e-02   0.000000000000e+00  -1.557260751724e-01   3.621974214911e-02   0.000000000000e+00  -1.556190252304e-01   1.341339349747e-01   0.000000000000e+00  -1.334183812141e-01 
  7.726640254259e-02   0.000000000000e+00  -1.378665119410e-01   7.726640254259e-02   0.000000000000e+00  -1.378665119410e-01   0.000000000000e+00  -4.938410967588e-02  -4.504753053188e-01 
  0.000000000000e+00  -4.938410967588e-02  -4.504753053188e-01   3.472641706467e-01  -9.182709269226e-03  -4.760911762714e-01   5.642423629761e-01  -9.944404475391e-03  -6.086556315422e-01 
  1.297664791346e-01  -6.862267851830e-02  -6.166084408760e-01   0.000000000000e+00   4.809912294149e-02  -6.504471600056e-02  -7.114359736443e-02   1.543542593718e-01  -4.762151464820e-02 
 -5.455093085766e-02   5.713446810842e-02  -1.779199093580e-01   7.738158106804e-02   6.269142031670e-02  -4.329442083836e-01   7.738158106804e-02   6.269142031670e-02  -4.329442083836e-01 
  0.000000000000e+00  -4.938410967588e-02  -4.504753053188e-01   0.000000000000e+00  -4.938410967588e-02  -4.504753053188e-01   3.472641706467e-01  -9.182709269226e-03  -4.760911762714e-01 
  5.642423629761e-01  -9.944404475391e-03  -6.086556315422e-01   1.297664791346e-01  -6.862267851830e-02  -6.166084408760e-01   0.000000000000e+00   4.809912294149e-02  -6.504471600056e-02 
 -7.114359736443e-02   1.543542593718e-01  -4.762151464820e-02  -5.455093085766e-02   5.713446810842e-02  -1.779199093580e-01   7.738158106804e-02   6.269142031670e-02  -4.329442083836e-01 
  7.738158106804e-02   6.269142031670e-02  -4.329442083836e-01   0.000000000000e+00   5.973287671804e-02  -4.701944589615e-01   0.000000000000e+00   5.973287671804e-02  -4.701944589615e-01 
  1.974661201239e-01   6.740453094244e-02  -5.372420549393e-01   5.198455452919e-01  -4.460931941867e-02  -7.032071948051e-01   4.020106792450e-02  -2.126308083534e-01  -6.349905729294e-01 
  9.863067418337e-02   1.519060786813e-02  -3.326157331467e-01   8.642714619637e-01   1.709469258785e-01  -5.266610980034e-01   5.806480646133e-01   5.391127616167e-02  -3.617318272591e-01 
 -1.149025931954e-01  -8.349299430847e-02  -5.940141156316e-03  -1.149025931954e-01  -8.349299430847e-02  -5.940141156316e-03   0.000000000000e+00   2.394035831094e-02  -6.893022060394e-01 
  0.000000000000e+00   2.394035831094e-02  -6.893022060394e-01   2.953608632088e-01  -1.289730817080e-01  -7.149660587311e-01   6.065158843994e-01  -1.117151044309e-02  -9.835691452026e-01 
  2.458407878876e-01  -5.282512307167e-02  -5.706402063370e-01   3.821169435978e-01  -6.602462381124e-02  -3.597006499767e-01   2.428878784180e+00   3.973242640495e-02  -4.414663612843e-01 
  1.675046205521e+00  -6.994446367025e-02  -1.820813268423e-01  -2.340919971466e-01  -2.970598340034e-01  -1.419536918402e-01  -2.340919971466e-01  -2.970598340034e-01  -1.419536918402e-01 
  0.000000000000e+00   1.096551399678e-02  -6.373925805092e-01   0.000000000000e+00   1.096551399678e-02  -6.373925805092e-01   4.000180661678e-01   9.436126798391e-02  -3.049253225327e-01 
  5.590255260468e-01   1.040339916945e-01  -6.645744442940e-01   4.224615991116e-01  -4.787185043097e-02  -2.686075568199e-01   2.810788452625e-01   4.385605454445e-03  -3.920156955719e-01 
  3.088886141777e-01  -3.945085033774e-02  -3.032403290272e-01   3.952990174294e-01  -3.626916930079e-02   2.113634198904e-01  -1.344689726830e-01   1.045436486602e-01  -1.951681226492e-01 
 -1.344689726830e-01   1.045436486602e-01  -1.951681226492e-01   0.000000000000e+00  -9.341670572758e-02  -9.591183662415e-01   0.000000000000e+00  -9.341670572758e-02  -9.591183662415e-01 
  2.376623600721e-01   6.819894909859e-02  -7.997861504555e-01   3.547206819057e-01   7.580631226301e-02  -1.067716121674e+00   4.183220267296e-01  -1.017795950174e-01  -6.075259670615e-02 
  5.994482636452e-01  -1.408192813396e-01   8.827891200781e-02   7.501682639122e-01  -1.574163287878e-01   1.376734077930e-01   3.253487348557e+00   7.981442660093e-02  -4.332850277424e-01 
  3.086151123047e+00   2.694648802280e-01  -9.626753926277e-01   3.086151123047e+00   2.694648802280e-01  -9.626753926277e-01   0.000000000000e+00   5.355899780989e-02  -6.130363345146e-01 
  0.000000000000e+00   5.355899780989e-02  -6.130363345146e-01   2.398791909218e-01   7.577893137932e-02  -3.184766173363e-01   4.259693920612e-01  -1.974845305085e-02  -1.102890849113e+00 
  6.631695628166e-01  -6.553043425083e-02  -9.711484909058e-01   2.645927071571e-01  -1.256819069386e-01  -7.145311236382e-01   2.847028672695e-01  -1.214949265122e-01   1.831766068935e-01 
  2.986297011375e-01  -1.869941651821e-01  -1.482816189528e-01  -9.765997529030e-02  -2.752656340599e-01  -3.482812643051e-01  -9.765997529030e-02  -2.752656340599e-01  -3.482812643051e-01 
  0.000000000000e+00   6.318464875221e-02  -7.463089823723e-01   0.000000000000e+00   6.318464875221e-02  -7.463089823723e-01   2.916361987591e-01   5.010922998190e-02  -5.503831505775e-01 
  5.598963499069e-01   6.396458297968e-02  -4.984159171581e-01   3.844408988953e-01  -4.480451345444e-02  -4.447324275970e-01   7.931155711412e-02  -2.923866268247e-03  -8.611133694649e-01 
 -3.057252168655e-01  -1.647281274199e-02  -3.585959076881e-01  -1.022210344672e-01  -2.158448398113e-01  -3.792967796326e-01  -3.999007493258e-02  -2.106783986092e-01  -3.469774723053e-01 
 -3.999007493258e-02  -2.106783986092e-01  -3.469774723053e-01   0.000000000000e+00   0.000000000000e+00  -9.311330914497e-01   0.000000000000e+00   0.000000000000e+00  -9.311330914497e-01 
  3.170539438725e-01   0.000000000000e+00  -5.909271836281e-01   1.013046622276e+00   0.000000000000e+00  -4.947810471058e-01   9.305323362350e-01   0.000000000000e+00  -4.326526522636e-01 
  4.766035079956e-01   0.000000000000e+00  -8.624343276024e-01  -5.999322533607e-01   0.000000000000e+00  -1.014949440956e+00  -4.771240055561e-01   0.000000000000e+00  -9.249420166016e-01 
 -4.533733054996e-02  -4.213568195701e-02  -6.213348731399e-02  -4.533733054996e-02  -4.213568195701e-02  -6.213348731399e-02   0.000000000000e+00   0.000000000000e+00  -9.311330914497e-01 
  0.000000000000e+00   0.000000000000e+00  -9.311330914497e-01   3.170539438725e-01   0.000000000000e+00  -5.909271836281e-01   1.013046622276e+00   0.000000000000e+00  -4.947810471058e-01 
  9.305323362350e-01   0.000000000000e+00  -4.326526522636e-01   4.766035079956e-01   0.000000000000e+00  -8.624343276024e-01  -5.999322533607e-01   0.000000000000e+00  -1.014949440956e+00 
 -4.771240055561e-01   0.000000000000e+00  -9.249420166016e-01  -4.533733054996e-02  -4.213568195701e-02  -6.213348731399e-02  -4.533733054996e-02  -4.213568195701e-02  -6.213348731399e-02 
  0.000000000000e+00   5.966118350625e-02  -5.725944042206e-01   0.000000000000e+00   5.966118350625e-02  -5.725944042206e-01   1.845410615206e-01   4.223829507828e-02  -3.808425366879e-01 
  3.271719813347e-01   1.351360464469e-03  -4.340424537659e-01   2.470085024834e-01  -6.876783818007e-02  -5.055367946625e-01   0.000000000000e+00   8.368580043316e-02  -1.000000014901e-01 
 -6.284726411104e-02   1.605749726295e-01  -9.234326332808e-02  -6.284726411104e-02   1.037398949265e-01  -1.006395965815e-01   1.755940020084e-01   1.899197101593e-01   5.640491247177e-01 
  1.755940020084e-01   1.899197101593e-01   5.640491247177e-01   0.000000000000e+00   5.966118350625e-02  -5.725944042206e-01   0.000000000000e+00   5.966118350625e-02  -5.725944042206e-01 
  1.845410615206e-01   4.223829507828e-02  -3.808425366879e-01   3.271719813347e-01   1.351360464469e-03  -4.340424537659e-01   2.470085024834e-01  -6.876783818007e-02  -5.055367946625e-01 
  0.000000000000e+00   8.368580043316e-02  -1.000000014901e-01  -6.284726411104e-02   1.605749726295e-01  -9.234326332808e-02  -6.284726411104e-02   1.037398949265e-01  -1.006395965815e-01 
  1.755940020084e-01   1.899197101593e-01   5.640491247177e-01   1.755940020084e-01   1.899197101593e-01   5.640491247177e-01   0.000000000000e+00   6.137729808688e-02  -1.577428579330e-01 
  0.000000000000e+00   6.137729808688e-02  -1.577428579330e-01   1.664463579655e-01  -3.525396063924e-02  -1.277643293142e-01   3.585308790207e-01  -3.563230112195e-02  -2.723903954029e-01 
  3.477912545204e-01  -1.197932213545e-01  -4.820111989975e-01   1.294719874859e-01   6.801231950521e-02  -3.982562422752e-01   1.291978359222e+00   1.654189974070e-01  -5.646707415581e-01 
  9.778844714165e-01   7.178790867329e-02  -3.059161305428e-01  -1.014441102743e-01   5.849118158221e-02  -1.000000014901e-01  -1.014441102743e-01   5.849118158221e-02  -1.000000014901e-01 
  0.000000000000e+00   1.012890264392e-01  -4.759786427021e-01   0.000000000000e+00   1.012890264392e-01  -4.759786427021e-01   1.830514967442e-01  -1.162692904472e-01  -2.274725139141e-01 
  3.506948649883e-01  -8.518989384174e-02  -3.535163700581e-01   3.230501115322e-01  -5.779876187444e-02  -4.392959773540e-01   4.107646942139e-01  -3.624800965190e-02  -4.525580704212e-01 
  2.394962549210e+00   5.816322285682e-03  -5.985867977142e-01   1.894902110100e+00  -3.818675503135e-02  -5.006394386292e-01  -8.983940631151e-02   0.000000000000e+00  -4.691385477781e-02 
 -8.983940631151e-02   0.000000000000e+00  -4.691385477781e-02   0.000000000000e+00  -1.605906896293e-02  -3.190982341766e-01   0.000000000000e+00  -1.605906896293e-02  -3.190982341766e-01 
  2.056191116571e-01  -4.575392231345e-02  -1.957015506923e-02   2.743540704250e-01   2.341159991920e-02  -1.145624890924e-01   3.806231021881e-01   1.042000134476e-03  -1.790074855089e-01 
  4.232020974159e-01  -9.379680268466e-03   4.500129446387e-02   6.525509953499e-01  -2.562666870654e-02  -4.876763522625e-01   9.326009750366e-01  -3.248475724831e-03  -1.490984082222e+00 
  5.645970106125e-01   1.581885218620e-01  -1.846020072699e-01   5.645970106125e-01   1.581885218620e-01  -1.846020072699e-01   0.000000000000e+00  -4.669046029449e-02  -3.918310403824e-01 
  0.000000000000e+00  -4.669046029449e-02  -3.918310403824e-01   1.721010208130e-01  -3.896344453096e-02  -2.513654828072e-01   4.021185934544e-01   7.028100639582e-02  -5.924627780914e-01 
  4.568958282471e-01  -3.033337183297e-02  -1.474217623472e-01   6.455657482147e-01  -1.318079978228e-01   7.030714750290e-01   1.192938089371e+00  -1.088285669684e-01   2.046975642443e-01 
  4.108335494995e+00  -8.974804542959e-03  -1.352157115936e+00   2.948126077652e+00   2.030885517597e-01  -7.803383469582e-01   2.948126077652e+00   2.030885517597e-01  -7.803383469582e-01 
  0.000000000000e+00   1.777943223715e-02  -3.099407851696e-01   0.000000000000e+00   1.777943223715e-02  -3.099407851696e-01   3.027564883232e-01  -9.750502556562e-02  -2.390569448471e-01 
  3.939217329025e-01  -1.035351976752e-01  -8.707596063614e-01   5.511868000031e-01  -6.994815170765e-02  -6.857854723930e-01   3.411926925182e-01  -1.181477680802e-01  -9.853452444077e-02 
  4.167189300060e-01  -4.829189181328e-02   1.071398258209e-01   2.996993660927e-01  -1.869551837444e-01  -2.696799673140e-02   0.000000000000e+00  -2.496954947710e-01   9.849090129137e-02 
  0.000000000000e+00  -2.496954947710e-01   9.849090129137e-02   0.000000000000e+00   8.417139947414e-02  -3.901801109314e-01   0.000000000000e+00   8.417139947414e-02  -3.901801109314e-01 
  1.893289834261e-01   5.390641465783e-02   6.418488919735e-03   3.246055841446e-01   3.951751813293e-02  -2.923001050949e-01   7.706688046455e-01   1.976819038391e+00  -4.053826630116e-01 
  2.872766181827e-02  -2.574293501675e-02  -7.433761954308e-01  -4.013235569000e-01  -3.829523548484e-02  -3.567692041397e-01  -5.221358537674e-01  -1.548139750957e-02  -3.792967796326e-01 
 -5.630799531937e-01  -2.229222804308e-01  -1.576214134693e-01  -5.630799531937e-01  -2.229222804308e-01  -1.576214134693e-01   0.000000000000e+00   0.000000000000e+00  -5.206605792046e-01 
  0.000000000000e+00   0.000000000000e+00  -5.206605792046e-01   1.115545704961e-01   0.000000000000e+00   3.399595618248e-02   1.878578066826e+00   0.000000000000e+00  -5.509631633759e-01 
  1.927777767181e+00   2.494062300684e-06  -7.283554673195e-01   0.000000000000e+00   0.000000000000e+00  -7.429228425026e-01   0.000000000000e+00   0.000000000000e+00  -8.512392640114e-01 
 -7.861763238907e-01   0.000000000000e+00  -9.583603739738e-01  -7.812663316727e-01  -3.369341418147e-02  -3.673506379128e-01  -7.812663316727e-01  -3.369341418147e-02  -3.673506379128e-01 
  0.000000000000e+00   0.000000000000e+00  -5.206605792046e-01   0.000000000000e+00   0.000000000000e+00  -5.206605792046e-01   1.115545704961e-01   0.000000000000e+00   3.399595618248e-02 
  1.878578066826e+00   0.000000000000e+00  -5.509631633759e-01   1.927777767181e+00   2.494062300684e-06  -7.283554673195e-01   0.000000000000e+00   0.000000000000e+00  -7.429228425026e-01 
  0.000000000000e+00   0.000000000000e+00  -8.512392640114e-01  -7.861763238907e-01   0.000000000000e+00  -9.583603739738e-01  -7.812663316727e-01  -3.369341418147e-02  -3.673506379128e-01 
 -7.812663316727e-01  -3.369341418147e-02  -3.673506379128e-01   0.000000000000e+00   7.688441872597e-02  -1.902305483818e-01   0.000000000000e+00   7.688441872597e-02  -1.902305483818e-01 
  5.211084336042e-02   1.839408092201e-02  -2.417315244675e-01   3.277086019516e-01  -2.204935811460e-02  -2.543746531010e-01   1.735268980265e-01  -2.321749739349e-02  -2.930299043655e-01 
  9.430477023125e-02  -8.037749677896e-02  -1.000000014901e-01   0.000000000000e+00  -1.466415971518e-01  -1.000000014901e-01   0.000000000000e+00  -3.188672065735e-01  -1.000000014901e-01 
  0.000000000000e+00   0.000000000000e+00   4.326206147671e-01   0.000000000000e+00   0.000000000000e+00   4.326206147671e-01   0.000000000000e+00   7.688441872597e-02  -1.902305483818e-01 
  0.000000000000e+00   7.688441872597e-02  -1.902305483818e-01   5.211084336042e-02   1.839408092201e-02  -2.417315244675e-01   3.277086019516e-01  -2.204935811460e-02  -2.543746531010e-01 
  1.735268980265e-01  -2.321749739349e-02  -2.930299043655e-01   9.430477023125e-02  -8.037749677896e-02  -1.000000014901e-01   0.000000000000e+00  -1.466415971518e-01  -1.000000014901e-01 
  0.000000000000e+00  -3.188672065735e-01  -1.000000014901e-01   0.000000000000e+00   0.000000000000e+00   4.326206147671e-01   0.000000000000e+00   0.000000000000e+00   4.326206147671e-01 
  0.000000000000e+00  -5.277775973082e-02  -3.662972748280e-01   0.000000000000e+00  -5.277775973082e-02  -3.662972748280e-01   8.923379331827e-02  -2.753100916743e-02  -3.932365477085e-01 
  1.742058247328e-01  -5.021232739091e-02  -9.654814600945e-01  -1.644348949194e-01  -3.380397707224e-02  -1.000000014901e-01   0.000000000000e+00  -8.605434000492e-02  -3.690694272518e-01 
  0.000000000000e+00  -1.669492125511e-01  -3.408118784428e-01   0.000000000000e+00  -3.510711491108e-01  -1.189507469535e-01   0.000000000000e+00   0.000000000000e+00  -1.000000014901e-01 
  0.000000000000e+00   0.000000000000e+00  -1.000000014901e-01   0.000000000000e+00   1.083506643772e-01  -2.179495841265e-01   0.000000000000e+00   1.083506643772e-01  -2.179495841265e-01 
  8.491976186633e-03  -3.984104096889e-02  -2.425328046083e-01   1.772590279579e-01  -8.947392553091e-02  -2.871328592300e-01   1.287574023008e-01  -5.048858001828e-02  -3.487460017204e-01 
  1.560985594988e-01  -4.692932590842e-02  -3.062515556812e-01   0.000000000000e+00  -8.000729233027e-02  -1.000000014901e-01   1.519931435585e+00  -1.616347283125e-01  -3.222859203815e-01 
 -1.081203669310e-02   0.000000000000e+00  -1.000000014901e-01  -1.081203669310e-02   0.000000000000e+00  -1.000000014901e-01   0.000000000000e+00   1.046066656709e-01  -2.900031507015e-01 
  0.000000000000e+00   1.046066656709e-01  -2.900031507015e-01   2.351946011186e-02   3.185858577490e-02  -2.640562653542e-01   2.095010429621e-01  -9.231653809547e-02  -3.050715923309e-01 
  3.230682909489e-01   3.312112018466e-02  -3.823276758194e-01   3.978353738785e-01  -2.610214985907e-02  -2.642384916544e-02   7.003627419472e-01  -3.571236506104e-02  -2.979904413223e-01 
  1.099783897400e+00  -2.302991459146e-03  -1.000000014901e-01   6.336721777916e-01   0.000000000000e+00  -1.817210316658e-01   6.336721777916e-01   0.000000000000e+00  -1.817210316658e-01 
  0.000000000000e+00   1.853951136582e-03  -2.104478478432e-01   0.000000000000e+00   1.853951136582e-03  -2.104478478432e-01   1.692487597466e-01  -1.284202486277e-01  -2.833975553513e-01 
  3.523743450642e-01  -4.629596695304e-02  -5.719618201256e-01   3.981073796749e-01   3.777934014797e-01  -7.539833784103e-01   4.330620467663e-01  -9.897251427174e-02  -1.000000014901e-01 
  7.364158034325e-01  -5.917513370514e-02  -1.000000014901e-01   1.793349981308e+00   0.000000000000e+00  -9.583841562271e-01   1.428488373756e+00   1.441633701324e-01  -6.034423708916e-01 
  1.428488373756e+00   1.441633701324e-01  -6.034423708916e-01   0.000000000000e+00   7.993293553591e-02  -4.865191578865e-01   0.000000000000e+00   7.993293553591e-02  -4.865191578865e-01 
  2.851662337780e-01  -9.733536094427e-02  -1.484875530005e-01   4.338936209679e-01  -9.308794885874e-02  -5.162674784660e-01   2.878983318806e-01   1.543650388718e+00  -9.478021860123e-01 
 -1.186967939138e-01  -4.554012417793e-02  -2.279733717442e-01  -4.059163928032e-01   0.000000000000e+00  -1.000000014901e-01  -5.221357941628e-01  -7.262971997261e-02  -1.718606054783e-01 
 -5.478422641754e-01  -1.227585375309e-01  -2.698637731373e-02  -5.478422641754e-01  -1.227585375309e-01  -2.698637731373e-02   0.000000000000e+00   1.221065148711e-01  -3.356678783894e-01 
  0.000000000000e+00   1.221065148711e-01  -3.356678783894e-01   1.522983908653e-01   5.118689313531e-02   9.999392181635e-02   4.636907875538e-01   1.005213499069e+00  -2.161409378052e+00 
  2.419812977314e-01   4.222204685211e+00  -9.877565503120e-01  -4.730269610882e-01   1.027406007051e-01  -5.693837404251e-01  -4.512577354908e-01   2.434322051704e-02  -7.317992299795e-02 
 -5.221358537674e-01  -1.548139378428e-02  -1.718606054783e-01  -7.671849131584e-01  -1.753711886704e-02  -5.624253153801e-01  -7.671849131584e-01  -1.753711886704e-02  -5.624253153801e-01 
  0.000000000000e+00   0.000000000000e+00  -3.350255489349e-01   0.000000000000e+00   0.000000000000e+00  -3.350255489349e-01   1.577019542456e-01   0.000000000000e+00  -1.249382734299e+00 
  9.389647841454e-01   0.000000000000e+00  -2.598759412766e+00   1.309700012207e+00   0.000000000000e+00  -2.076567888260e+00   4.941608607769e-01   3.532871603966e-02  -4.972889721394e-01 
 -5.088433623314e-01   0.000000000000e+00  -1.949338316917e-01  -6.108132600784e-01   0.000000000000e+00  -3.711708188057e-01  -8.036573529243e-01   0.000000000000e+00  -3.261391520500e-01 
 -8.036573529243e-01   0.000000000000e+00  -3.261391520500e-01   0.000000000000e+00   0.000000000000e+00  -3.350255489349e-01   0.000000000000e+00   0.000000000000e+00  -3.350255489349e-01 
  1.577019542456e-01   0.000000000000e+00  -1.249382734299e+00   9.389647841454e-01   0.000000000000e+00  -2.598759412766e+00   1.309700012207e+00   0.000000000000e+00  -2.076567888260e+00 
  4.941608607769e-01   3.532871603966e-02  -4.972889721394e-01  -5.088433623314e-01   0.000000000000e+00  -1.949338316917e-01  -6.108132600784e-01   0.000000000000e+00  -3.711708188057e-01 
 -8.036573529243e-01   0.000000000000e+00  -3.261391520500e-01  -8.036573529243e-01   0.000000000000e+00  -3.261391520500e-01   0.000000000000e+00  -5.097638443112e-02  -5.614209771156e-01 
  0.000000000000e+00  -5.097638443112e-02  -5.614209771156e-01   1.293243020773e-01   3.516711993143e-03  -2.876977920532e-01   2.703016400337e-01   0.000000000000e+00  -1.641141623259e-01 
 -1.644348949194e-01   0.000000000000e+00   2.466900497675e-01   0.000000000000e+00   0.000000000000e+00  -1.000000014901e-01   0.000000000000e+00   0.000000000000e+00  -1.000000014901e-01 
  2.399284124374e+00  -2.970331609249e-01  -1.022903800011e+00   2.315045118332e+00  -3.381000459194e-01  -1.065023303032e+00   2.315045118332e+00  -3.381000459194e-01  -1.065023303032e+00 
  0.000000000000e+00  -5.097638443112e-02  -5.614209771156e-01   0.000000000000e+00  -5.097638443112e-02  -5.614209771156e-01   1.293243020773e-01   3.516711993143e-03  -2.876977920532e-01 
  2.703016400337e-01   0.000000000000e+00  -1.641141623259e-01  -1.644348949194e-01   0.000000000000e+00   2.466900497675e-01   0.000000000000e+00   0.000000000000e+00  -1.000000014901e-01 
  0.000000000000e+00   0.000000000000e+00  -1.000000014901e-01   2.399284124374e+00  -2.970331609249e-01  -1.022903800011e+00   2.315045118332e+00  -3.381000459194e-01  -1.065023303032e+00 
  2.315045118332e+00  -3.381000459194e-01  -1.065023303032e+00   0.000000000000e+00  -4.395888745785e-02  -4.492205679417e-01   0.000000000000e+00  -4.395888745785e-02  -4.492205679417e-01 
  1.937436014414e-01   1.991498842835e-02  -8.552442491055e-02   1.588753014803e-01  -7.329712808132e-02  -1.274365931749e-02  -1.949144601822e-01   0.000000000000e+00   1.081770300865e+00 
  0.000000000000e+00   0.000000000000e+00  -1.000000014901e-01   0.000000000000e+00   0.000000000000e+00  -1.000000014901e-01   0.000000000000e+00  -3.812722563744e-01  -1.000000014901e-01 
  0.000000000000e+00  -3.597371876240e-01  -7.355511188507e-01   0.000000000000e+00  -3.597371876240e-01  -7.355511188507e-01   0.000000000000e+00   7.420775294304e-02  -3.235650658607e-01 
  0.000000000000e+00   7.420775294304e-02  -3.235650658607e-01   4.662337526679e-02  -1.904250234365e-01  -3.486233055592e-01   3.331101238728e-01  -1.417200863361e-01  -1.524206995964e-01 
  0.000000000000e+00   0.000000000000e+00   3.284514844418e-01   0.000000000000e+00   0.000000000000e+00  -1.048940792680e-01   0.000000000000e+00   0.000000000000e+00  -1.000000014901e-01 
  6.339015439153e-03   0.000000000000e+00  -1.000000014901e-01   1.217495999299e-03  -1.698185354471e-01  -3.948960602283e-01   1.217495999299e-03  -1.698185354471e-01  -3.948960602283e-01 
  0.000000000000e+00   9.000854939222e-02  -2.746066749096e-01   0.000000000000e+00   9.000854939222e-02  -2.746066749096e-01   1.955227227882e-03  -4.397355020046e-02  -3.376480937004e-01 
  8.114386349916e-02  -4.183980822563e-01  -3.853426277637e-01   1.079674363136e-01   0.000000000000e+00  -5.137284398079e-01   1.678967624903e-01  -4.982051905245e-03  -3.715101480484e-01 
  8.094999194145e-02   0.000000000000e+00  -1.857377141714e-01   1.058893054724e-01   0.000000000000e+00  -1.000000014901e-01   3.769508898258e-01  -5.031001940370e-02  -1.851892173290e-01 
  3.769508898258e-01  -5.031001940370e-02  -1.851892173290e-01   0.000000000000e+00  -2.019530907273e-02  -4.472010433674e-01   0.000000000000e+00  -2.019530907273e-02  -4.472010433674e-01 
  4.268413037062e-02  -3.852010145783e-02  -4.637309014797e-01   2.415138334036e-01  -4.049332439899e-02  -5.335878133774e-01   4.370154440403e-01   1.327029168606e-01  -8.982993364334e-01 
  3.904611170292e-01   1.742203719914e-03  -1.466877907515e-01   9.688470512629e-02  -6.774795241654e-03  -8.919067680836e-02   6.626010686159e-02   0.000000000000e+00  -1.000000014901e-01 
 -7.795104384422e-02   5.227779969573e-02  -2.827315926552e-01  -7.795104384422e-02   5.227779969573e-02  -2.827315926552e-01   0.000000000000e+00   1.662766784430e-01  -5.152121782303e-01 
  0.000000000000e+00   1.662766784430e-01  -5.152121782303e-01   1.379617005587e-01   1.333352364600e-02  -2.964105606079e-01   3.677009046078e-01  -6.903415173292e-02  -6.929531097412e-01 
  7.181142568588e-01   7.937768101692e-01  -1.600912451744e+00   2.763001620770e-01   5.097573157400e-03  -2.944411635399e-01  -5.367183685303e-01  -9.924473240972e-03  -7.925400137901e-02 
 -6.777511835098e-01   0.000000000000e+00  -1.000000014901e-01  -6.935887932777e-01  -4.306333884597e-02  -2.392968088388e-01  -6.935887932777e-01  -4.306333884597e-02  -2.392968088388e-01 
  0.000000000000e+00   1.656276136637e-01  -5.796468257904e-01   0.000000000000e+00   1.656276136637e-01  -5.796468257904e-01   1.611113399267e-01   9.624014049768e-02  -4.557734429836e-01 
  5.519765615463e-01  -1.673518270254e-01  -1.394645214081e+00   1.113192439079e+00   1.225086569786e+00  -2.309496879578e+00   0.000000000000e+00   8.733595162630e-02  -5.693837404251e-01 
 -4.888522326946e-01  -2.097611688077e-02  -6.284374743700e-02  -7.104304432869e-01  -8.498249948025e-02  -1.364308297634e-01  -7.172958254814e-01  -5.213220790029e-02  -4.198529720306e-01 
 -7.172958254814e-01  -5.213220790029e-02  -4.198529720306e-01   0.000000000000e+00   0.000000000000e+00  -3.520792424679e-01   0.000000000000e+00   0.000000000000e+00  -3.520792424679e-01 
  2.981301844120e-01   0.000000000000e+00  -4.336791634560e-01   6.990985274315e-01   0.000000000000e+00  -1.421796560287e+00   8.794563412666e-01   2.419458776712e-01  -1.878614783287e+00 
  7.370622754097e-01   6.146416533738e-03  -3.190123140812e-01  -4.838477373123e-01  -6.512315478176e-03  -1.291669160128e-01  -6.820421814919e-01   0.000000000000e+00  -1.363616585732e-01 
 -7.296969890594e-01  -1.536073815078e-02  -2.339776158333e-01  -7.296969890594e-01  -1.536073815078e-02  -2.339776158333e-01   0.000000000000e+00   0.000000000000e+00  -3.520792424679e-01 
  0.000000000000e+00   0.000000000000e+00  -3.520792424679e-01   2.981301844120e-01   0.000000000000e+00  -4.336791634560e-01   6.990985274315e-01   0.000000000000e+00  -1.421796560287e+00 
  8.794563412666e-01   2.419458776712e-01  -1.878614783287e+00   7.370622754097e-01   6.146416533738e-03  -3.190123140812e-01  -4.838477373123e-01  -6.512315478176e-03  -1.291669160128e-01 
 -6.820421814919e-01   0.000000000000e+00  -1.363616585732e-01  -7.296969890594e-01  -1.536073815078e-02  -2.339776158333e-01  -7.296969890594e-01  -1.536073815078e-02  -2.339776158333e-01 
  0.000000000000e+00   2.308204025030e-02  -3.014716506004e-01   0.000000000000e+00   2.308204025030e-02  -3.014716506004e-01  -9.510727599263e-03   2.204006537795e-02  -3.253136202693e-02 
  1.081652268767e-01  -1.319662551396e-03   1.955935545266e-02   5.998486280441e-02  -7.283580023795e-03   3.811018168926e-01   1.998038962483e-02  -9.660306572914e-02  -1.000000014901e-01 
  0.000000000000e+00  -1.695618480444e-01  -1.000000014901e-01   2.357164621353e+00  -3.391526937485e-01  -1.107142806053e+00   2.357164621353e+00  -3.384767770767e-01  -1.065023303032e+00 
  2.357164621353e+00  -3.384767770767e-01  -1.065023303032e+00   0.000000000000e+00   2.308204025030e-02  -3.014716506004e-01   0.000000000000e+00   2.308204025030e-02  -3.014716506004e-01 
 -9.510727599263e-03   2.204006537795e-02  -3.253136202693e-02   1.081652268767e-01  -1.319662551396e-03   1.955935545266e-02   5.998486280441e-02  -7.283580023795e-03   3.811018168926e-01 
  1.998038962483e-02  -9.660306572914e-02  -1.000000014901e-01   0.000000000000e+00  -1.695618480444e-01  -1.000000014901e-01   2.357164621353e+00  -3.391526937485e-01  -1.107142806053e+00 
  2.357164621353e+00  -3.384767770767e-01  -1.065023303032e+00   2.357164621353e+00  -3.384767770767e-01  -1.065023303032e+00   0.000000000000e+00  -4.137279093266e-02  -3.996517062187e-01 
  0.000000000000e+00  -4.137279093266e-02  -3.996517062187e-01   1.303924918175e-01   7.194629311562e-02  -8.826954662800e-02   4.369229078293e-01  -1.044712588191e-02   2.346325069666e-01 
  0.000000000000e+00  -1.059503480792e-02   1.081770300865e+00   0.000000000000e+00  -7.978340238333e-02  -1.000000014901e-01   4.899137616158e-01  -1.695718616247e-01  -1.000000014901e-01 
  1.905985593796e+00  -3.391526937485e-01  -1.000000014901e-01   1.404106497765e+00  -3.460441529751e-01  -6.299769878387e-01   1.404106497765e+00  -3.460441529751e-01  -6.299769878387e-01 
  0.000000000000e+00  -5.798289179802e-02  -4.611796140671e-01   0.000000000000e+00  -5.798289179802e-02  -4.611796140671e-01  -1.359182503074e-02   2.027216739953e-02  -2.747709155083e-01 
  1.581736803055e-01  -4.330485314131e-02  -6.739789992571e-02   8.655145019293e-02  -2.248166501522e-02   3.627086281776e-01   4.258825257421e-02  -2.746433764696e-02  -1.007722467184e-01 
  0.000000000000e+00   0.000000000000e+00  -1.000000014901e-01   1.689164191484e-01   0.000000000000e+00  -1.000000014901e-01   5.797836780548e-01  -1.798828989267e-01  -4.026627242565e-01 
  5.797836780548e-01  -1.798828989267e-01  -4.026627242565e-01   0.000000000000e+00   5.023748800159e-02  -4.468111693859e-01   0.000000000000e+00   5.023748800159e-02  -4.468111693859e-01 
  2.837440930307e-02  -6.247410550714e-02   1.250159591436e-01   1.987400650978e-01  -8.304889500141e-02  -1.846417784691e-01   0.000000000000e+00  -6.741415709257e-02  -3.062729239464e-01 
  1.064751110971e-02  -2.378646843135e-02  -1.771912127733e-01  -1.064271479845e-01   0.000000000000e+00  -1.000000014901e-01  -2.271712273359e-01   0.000000000000e+00  -1.000000014901e-01 
 -4.323046505451e-01  -5.424929782748e-02  -3.636359702796e-03  -4.323046505451e-01  -5.424929782748e-02  -3.636359702796e-03   0.000000000000e+00  -2.204170450568e-02  -5.536378026009e-01 
  0.000000000000e+00  -2.204170450568e-02  -5.536378026009e-01  -2.475926838815e-02  -8.522237837315e-02  -3.948875665665e-01   4.138223454356e-02   0.000000000000e+00  -4.421271085739e-01 
  1.426242887974e-01   1.180101186037e-03  -7.163268923759e-01   1.120128780603e-01  -1.169902365655e-02  -1.903893351555e-01  -3.692367970943e-01  -1.962655922398e-03   5.057966709137e-02 
 -7.347573637962e-01   0.000000000000e+00  -1.000000014901e-01  -7.833083271980e-01  -1.115371380001e-02   1.876319795847e-01  -7.833083271980e-01  -1.115371380001e-02   1.876319795847e-01 
  0.000000000000e+00   1.312835216522e-01  -3.835291862488e-01   0.000000000000e+00   1.312835216522e-01  -3.835291862488e-01  -1.354036107659e-02   8.666881173849e-02  -9.931080974638e-03 
  1.593840271235e-01   7.243894040585e-02  -4.697125852108e-01   6.844821572304e-01   2.880251966417e-02  -1.142765402794e+00   6.723573207855e-01  -2.533002197742e-02  -3.029212355614e-01 
 -7.554140686989e-01  -3.094974160194e-02   1.672473847866e-01  -8.324373960495e-01   0.000000000000e+00   6.028400063515e-01  -8.489285707474e-01  -3.908965364099e-02   4.125476479530e-01 
 -8.489285707474e-01  -3.908965364099e-02   4.125476479530e-01   0.000000000000e+00   1.837716251612e-01  -1.883087307215e-01   0.000000000000e+00   1.837716251612e-01  -1.883087307215e-01 
  7.217164337635e-02   1.327497214079e-01   1.629135310650e-01   3.140531778336e-01   5.617691949010e-02  -7.685860395432e-01   9.476215839386e-01   2.929201722145e-01  -1.381979703903e+00 
  7.481577992439e-01  -1.487304642797e-02  -8.119692206383e-01  -7.548121213913e-01  -5.879592522979e-02  -1.000000014901e-01  -8.385304212570e-01  -1.004808619618e-01   4.819385111332e-01 
 -8.630693554878e-01  -6.816282123327e-02   2.273184061050e-01  -8.630693554878e-01  -6.816282123327e-02   2.273184061050e-01   0.000000000000e+00   0.000000000000e+00  -7.406039834023e-01 
  0.000000000000e+00   0.000000000000e+00  -7.406039834023e-01   6.471385061741e-02   3.716769080009e-12  -1.160158216953e-02   4.137292206287e-01   0.000000000000e+00  -1.160284399986e+00 
  8.013207912445e-01   0.000000000000e+00  -1.339729547501e+00   7.544275522232e-01   0.000000000000e+00  -2.876711606979e+00   0.000000000000e+00  -2.306923270226e-02   2.106960862875e-02 
 -8.059656023979e-01   0.000000000000e+00   2.257015407085e-01  -8.223716616631e-01  -2.921316400170e-02   1.621416360140e-01  -8.223716616631e-01  -2.921316400170e-02   1.621416360140e-01 
  0.000000000000e+00   0.000000000000e+00  -7.406039834023e-01   0.000000000000e+00   0.000000000000e+00  -7.406039834023e-01   6.471385061741e-02   3.716769080009e-12  -1.160158216953e-02 
  4.137292206287e-01   0.000000000000e+00  -1.160284399986e+00   8.013207912445e-01   0.000000000000e+00  -1.339729547501e+00   7.544275522232e-01   0.000000000000e+00  -2.876711606979e+00 
  0.000000000000e+00  -2.306923270226e-02   2.106960862875e-02  -8.059656023979e-01   0.000000000000e+00   2.257015407085e-01  -8.223716616631e-01  -2.921316400170e-02   1.621416360140e-01 
 -8.223716616631e-01  -2.921316400170e-02   1.621416360140e-01   0.000000000000e+00   1.075331121683e-01  -1.375459283590e-01   0.000000000000e+00   1.075331121683e-01  -1.375459283590e-01 
 -4.769508168101e-02  -1.119655463845e-02   4.387453198433e-01  -1.480015218258e-01   0.000000000000e+00   5.566327571869e-01   0.000000000000e+00   0.000000000000e+00   4.506289362907e-01 
  6.052687764168e-03  -6.723146419972e-03  -1.568460315466e-01   4.674550592899e-01   0.000000000000e+00  -1.099284887314e-01   1.415174126625e+00   0.000000000000e+00  -1.000000014901e-01 
  0.000000000000e+00  -2.237427383661e-01  -1.000000014901e-01   0.000000000000e+00  -2.237427383661e-01  -1.000000014901e-01   0.000000000000e+00   1.075331121683e-01  -1.375459283590e-01 
  0.000000000000e+00   1.075331121683e-01  -1.375459283590e-01  -4.769508168101e-02  -1.119655463845e-02   4.387453198433e-01  -1.480015218258e-01   0.000000000000e+00   5.566327571869e-01 
  0.000000000000e+00   0.000000000000e+00   4.506289362907e-01   6.052687764168e-03  -6.723146419972e-03  -1.568460315466e-01   4.674550592899e-01   0.000000000000e+00  -1.099284887314e-01 
  1.415174126625e+00   0.000000000000e+00  -1.000000014901e-01   0.000000000000e+00  -2.237427383661e-01  -1.000000014901e-01   0.000000000000e+00  -2.237427383661e-01  -1.000000014901e-01 
  0.000000000000e+00  -4.076894372702e-02  -5.287890434265e-01   0.000000000000e+00  -4.076894372702e-02  -5.287890434265e-01   9.909509867430e-02   1.927393488586e-02   6.175833344460e-01 
  1.498562097549e-01   1.087063830346e-02   1.828786015511e+00   7.511400431395e-02   5.179142113775e-03  -1.000000014901e-01   2.330378256738e-02  -1.309027802199e-02  -3.032541573048e-01 
  5.329951178282e-03   0.000000000000e+00  -4.031856060028e-01   5.329951178282e-03   0.000000000000e+00  -1.000000014901e-01   2.143893390894e-03  -2.773646116257e-01  -2.972877919674e-01 
  2.143893390894e-03  -2.773646116257e-01  -2.972877919674e-01   0.000000000000e+00  -1.953633576632e-01  -1.577783674002e-01   0.000000000000e+00  -1.953633576632e-01  -1.577783674002e-01 
  1.551440637559e-02  -8.573956042528e-02  -1.940686404705e-01   8.072330057621e-02  -5.028090998530e-02  -2.826321423054e-01   5.368023365736e-02  -1.283199712634e-02  -1.993580609560e-01 
 -2.211651371908e-05  -3.633075207472e-02  -1.000000014901e-01   0.000000000000e+00   0.000000000000e+00  -1.000000014901e-01   0.000000000000e+00   0.000000000000e+00  -4.003801941872e-01 
  0.000000000000e+00  -1.299517462030e-03  -2.931444048882e-01   0.000000000000e+00  -1.299517462030e-03  -2.931444048882e-01   0.000000000000e+00   1.031867787242e-01  -3.349827229977e-01 
  0.000000000000e+00   1.031867787242e-01  -3.349827229977e-01  -3.920863382518e-03   3.412862867117e-02  -1.970485299826e-01   2.115480601788e-01  -8.554738014936e-03  -1.116457700729e+00 
  3.759114071727e-02  -1.995204482228e-03  -7.061427831650e-01  -1.097001042217e-02  -3.633075207472e-02  -2.112113833427e-01   0.000000000000e+00   0.000000000000e+00  -1.000000014901e-01 
  0.000000000000e+00   0.000000000000e+00  -2.166805118322e-01   0.000000000000e+00  -5.337505601346e-03  -8.116854727268e-02   0.000000000000e+00  -5.337505601346e-03  -8.116854727268e-02 
  0.000000000000e+00   4.467387124896e-02  -1.316238790751e-01   0.000000000000e+00   4.467387124896e-02  -1.316238790751e-01  -4.786140844226e-02   2.920925850049e-03  -1.823372840881e-01 
  4.594592452049e-01  -9.061253070831e-02  -7.128466963768e-01   6.144917756319e-02   0.000000000000e+00  -1.000000014901e-01   0.000000000000e+00  -7.549704518169e-03  -1.000000014901e-01 
  0.000000000000e+00  -9.012836017064e-06  -8.423521183431e-03  -1.751351952553e-01  -3.712474381246e-06  -1.000000014901e-01  -5.060334801674e-01  -2.000318927458e-04   2.610442042351e-01 
 -5.060334801674e-01  -2.000318927458e-04   2.610442042351e-01   0.000000000000e+00   7.811267673969e-02  -2.613022625446e-01   0.000000000000e+00   7.811267673969e-02  -2.613022625446e-01 
 -1.433235127479e-02   6.954728811979e-02  -1.004064902663e-01   5.496917366982e-01   4.102370142937e-02  -5.627536773682e-01   8.509739637375e-01  -5.750672146678e-02  -1.159403204918e+00 
  4.434188604355e-01  -2.444995008409e-02  -7.873314023018e-01  -1.059866845608e-01  -1.002505421638e-03   2.196011096239e-01  -4.200929701328e-01   0.000000000000e+00   6.028400063515e-01 
 -4.231175482273e-01  -2.349594049156e-02   5.438290238380e-01  -4.231175482273e-01  -2.349594049156e-02   5.438290238380e-01   0.000000000000e+00   1.355231851339e-01  -1.040818914771e-01 
  0.000000000000e+00   1.355231851339e-01  -1.040818914771e-01   5.865425243974e-02   3.070652857423e-02   2.213847786188e-01   4.100749194622e-01   2.293023280799e-02   2.249229103327e-01 
  5.177944302559e-01   1.381556317210e-02  -1.576444387436e+00   6.608645915985e-01  -8.566627278924e-03  -1.362508893013e+00  -4.331533610821e-01  -2.577573060989e-02  -1.000000014901e-01 
  0.000000000000e+00   0.000000000000e+00   5.905705690384e-01   0.000000000000e+00  -2.948077954352e-02   6.028400063515e-01   0.000000000000e+00  -2.948077954352e-02   6.028400063515e-01 
  0.000000000000e+00   0.000000000000e+00   7.804957684129e-03   0.000000000000e+00   0.000000000000e+00   7.804957684129e-03   1.669400036335e-01   0.000000000000e+00   3.982811570168e-01 
  5.636202096939e-01   0.000000000000e+00   2.435913681984e-01   5.715639591217e-01   0.000000000000e+00  -2.421328067780e+00   7.778741717339e-01   0.000000000000e+00  -2.876711606979e+00 
  0.000000000000e+00  -1.601379178464e-02  -6.050528585911e-02  -4.190850555897e-01   0.000000000000e+00  -1.000000014901e-01  -4.210706353188e-01  -1.924516446888e-02   2.179661244154e-01 
 -4.210706353188e-01  -1.924516446888e-02   2.179661244154e-01   0.000000000000e+00   0.000000000000e+00   7.804957684129e-03   0.000000000000e+00   0.000000000000e+00   7.804957684129e-03 
  1.669400036335e-01   0.000000000000e+00   3.982811570168e-01   5.636202096939e-01   0.000000000000e+00   2.435913681984e-01   5.715639591217e-01   0.000000000000e+00  -2.421328067780e+00 
  7.778741717339e-01   0.000000000000e+00  -2.876711606979e+00   0.000000000000e+00  -1.601379178464e-02  -6.050528585911e-02  -4.190850555897e-01   0.000000000000e+00  -1.000000014901e-01 
 -4.210706353188e-01  -1.924516446888e-02   2.179661244154e-01  -4.210706353188e-01  -1.924516446888e-02   2.179661244154e-01   0.000000000000e+00   8.655580133200e-02  -4.120276775211e-03 
  0.000000000000e+00   8.655580133200e-02  -4.120276775211e-03  -9.710408002138e-02   2.763954177499e-02   3.679590225220e-01   0.000000000000e+00   2.023833990097e-02   3.805878460407e-01 
  0.000000000000e+00   1.575943827629e-02  -1.000000014901e-01   8.428194560111e-04   0.000000000000e+00  -2.594026923180e-01   0.000000000000e+00   0.000000000000e+00  -1.000000014901e-01 
  5.644416809082e-02   0.000000000000e+00  -2.714588046074e-01   1.990746334195e-02  -8.266333490610e-02  -2.033089399338e-01   1.990746334195e-02  -8.266333490610e-02  -2.033089399338e-01 
  0.000000000000e+00   8.655580133200e-02  -4.120276775211e-03   0.000000000000e+00   8.655580133200e-02  -4.120276775211e-03  -9.710408002138e-02   2.763954177499e-02   3.679590225220e-01 
  0.000000000000e+00   2.023833990097e-02   3.805878460407e-01   0.000000000000e+00   1.575943827629e-02  -1.000000014901e-01   8.428194560111e-04   0.000000000000e+00  -2.594026923180e-01 
  0.000000000000e+00   0.000000000000e+00  -1.000000014901e-01   5.644416809082e-02   0.000000000000e+00  -2.714588046074e-01   1.990746334195e-02  -8.266333490610e-02  -2.033089399338e-01 
  1.990746334195e-02  -8.266333490610e-02  -2.033089399338e-01   0.000000000000e+00  -8.725987747312e-03  -9.881168603897e-01   0.000000000000e+00  -8.725987747312e-03  -9.881168603897e-01 
  1.686724834144e-02   5.695046391338e-03  -2.592352032661e-01   5.047921091318e-02   9.447790682316e-03   4.859888553619e-01   4.648949950933e-02   2.638700185344e-03  -2.815657556057e-01 
  0.000000000000e+00   0.000000000000e+00  -3.782381415367e-01   1.065990235656e-02   0.000000000000e+00  -6.635369658470e-01   1.065990235656e-02   0.000000000000e+00  -6.574010252953e-01 
  0.000000000000e+00  -1.612575724721e-02  -4.351526200771e-01   0.000000000000e+00  -1.612575724721e-02  -4.351526200771e-01   0.000000000000e+00  -3.477277159691e-01  -1.131582260132e+00 
  0.000000000000e+00  -3.477277159691e-01  -1.131582260132e+00   7.220818847418e-02  -2.804711163044e-01  -8.848043680191e-01   1.273847967386e-01  -1.960570067167e-01  -8.479657173157e-01 
  0.000000000000e+00   0.000000000000e+00  -3.945116102695e-01   0.000000000000e+00  -7.266150414944e-02  -1.000000014901e-01  -1.019138377160e-02  -9.351278841496e-02  -6.843882799149e-01 
  3.151118755341e-02   0.000000000000e+00  -6.635369658470e-01   0.000000000000e+00   0.000000000000e+00  -1.000000014901e-01   0.000000000000e+00   0.000000000000e+00  -1.000000014901e-01 
  0.000000000000e+00   1.664167828858e-02  -1.920557916164e-01   0.000000000000e+00   1.664167828858e-02  -1.920557916164e-01  -1.934338361025e-02   1.754787005484e-02   6.611272692680e-01 
  4.170841574669e-01  -7.418923825026e-02  -1.219224214554e+00  -6.643524765968e-02   0.000000000000e+00  -7.002049684525e-01  -6.643524765968e-02  -7.266150414944e-02  -3.964309692383e-01 
  0.000000000000e+00  -5.181021988392e-02  -1.000000014901e-01   0.000000000000e+00   0.000000000000e+00  -3.736144304276e-01   0.000000000000e+00   0.000000000000e+00  -2.507424950600e-01 
  0.000000000000e+00   0.000000000000e+00  -2.507424950600e-01   0.000000000000e+00  -7.375229150057e-02  -1.829020828009e-01   0.000000000000e+00  -7.375229150057e-02  -1.829020828009e-01 
 -6.844429671764e-02  -6.103496626019e-02  -1.881218254566e-01   1.103785276413e+00  -1.644703149796e-01  -1.428421735764e+00   7.329610735178e-02  -2.377589941025e-01  -1.250278234482e+00 
  6.853430066258e-03   0.000000000000e+00  -7.002049684525e-01   0.000000000000e+00   0.000000000000e+00  -3.964025974274e-01   0.000000000000e+00   0.000000000000e+00  -2.694284021854e-01 
 -2.168643102050e-02   0.000000000000e+00  -4.100282862782e-02  -2.168643102050e-02   0.000000000000e+00  -4.100282862782e-02   0.000000000000e+00   1.532724946737e-01  -3.730655908585e-01 
  0.000000000000e+00   1.532724946737e-01  -3.730655908585e-01  -6.209336593747e-02   4.353966191411e-02  -5.955694913864e-01   1.111863493919e+00   3.921618312597e-02  -1.680677175522e+00 
  1.095707058907e+00  -9.118163585663e-02  -1.431134104729e+00   0.000000000000e+00   0.000000000000e+00  -1.100561618805e+00   0.000000000000e+00   0.000000000000e+00  -5.553806573153e-02 
 -2.282441705465e-01   0.000000000000e+00  -1.000000014901e-01  -2.492967844009e-01  -1.065396517515e-02   1.636951714754e-01  -2.492967844009e-01  -1.065396517515e-02   1.636951714754e-01 
  0.000000000000e+00   1.514956653118e-01  -2.170281559229e-01   0.000000000000e+00   1.514956653118e-01  -2.170281559229e-01  -2.443087659776e-02   2.293023280799e-02  -2.932026050985e-02 
  1.147846341133e+00   2.784866094589e-02   1.946622133255e-01   2.065563917160e+00   0.000000000000e+00   2.708786427975e-01   1.211155891418e+00   0.000000000000e+00  -3.784514069557e-01 
  1.704878211021e-01  -1.447808369994e-02  -1.000000014901e-01   0.000000000000e+00   0.000000000000e+00  -1.000000014901e-01   0.000000000000e+00  -1.652281731367e-02  -1.000000014901e-01 
  0.000000000000e+00  -1.652281731367e-02  -1.000000014901e-01   0.000000000000e+00   0.000000000000e+00  -3.292666673660e-01   0.000000000000e+00   0.000000000000e+00  -3.292666673660e-01 
  3.973330557346e-02   0.000000000000e+00  -1.937297880650e-01   2.471756458282e+00   0.000000000000e+00   3.140066564083e-01   3.174901485443e+00   0.000000000000e+00   8.289860486984e-01 
  0.000000000000e+00   0.000000000000e+00  -1.000000014901e-01   0.000000000000e+00  -1.116729807109e-02  -8.304203301668e-02  -2.709175944328e-01   0.000000000000e+00  -1.000000014901e-01 
 -2.617094814777e-01  -1.303599122912e-02   3.258977830410e-02  -2.617094814777e-01  -1.303599122912e-02   3.258977830410e-02   0.000000000000e+00   0.000000000000e+00  -3.292666673660e-01 
  0.000000000000e+00   0.000000000000e+00  -3.292666673660e-01   3.973330557346e-02   0.000000000000e+00  -1.937297880650e-01   2.471756458282e+00   0.000000000000e+00   3.140066564083e-01 
  3.174901485443e+00   0.000000000000e+00   8.289860486984e-01   0.000000000000e+00   0.000000000000e+00  -1.000000014901e-01   0.000000000000e+00  -1.116729807109e-02  -8.304203301668e-02 
 -2.709175944328e-01   0.000000000000e+00  -1.000000014901e-01  -2.617094814777e-01  -1.303599122912e-02   3.258977830410e-02  -2.617094814777e-01  -1.303599122912e-02   3.258977830410e-02 
  0.000000000000e+00   8.655580133200e-02  -4.120276775211e-03   0.000000000000e+00   8.655580133200e-02  -4.120276775211e-03  -9.710408002138e-02   2.763954177499e-02   3.679590225220e-01 
  0.000000000000e+00   2.023833990097e-02   3.805878460407e-01   0.000000000000e+00   1.575943827629e-02  -1.000000014901e-01   8.428194560111e-04   0.000000000000e+00  -2.594026923180e-01 
  0.000000000000e+00   0.000000000000e+00  -1.000000014901e-01   5.644416809082e-02   0.000000000000e+00  -2.714588046074e-01   1.990746334195e-02  -8.266333490610e-02  -2.033089399338e-01 
  1.990746334195e-02  -8.266333490610e-02  -2.033089399338e-01   0.000000000000e+00   8.655580133200e-02  -4.120276775211e-03   0.000000000000e+00   8.655580133200e-02  -4.120276775211e-03 
 -9.710408002138e-02   2.763954177499e-02   3.679590225220e-01   0.000000000000e+00   2.023833990097e-02   3.805878460407e-01   0.000000000000e+00   1.575943827629e-02  -1.000000014901e-01 
  8.428194560111e-04   0.000000000000e+00  -2.594026923180e-01   0.000000000000e+00   0.000000000000e+00  -1.000000014901e-01   5.644416809082e-02   0.000000000000e+00  -2.714588046074e-01 
  1.990746334195e-02  -8.266333490610e-02  -2.033089399338e-01   1.990746334195e-02  -8.266333490610e-02  -2.033089399338e-01   0.000000000000e+00  -8.725987747312e-03  -9.881168603897e-01 
  0.000000000000e+00  -8.725987747312e-03  -9.881168603897e-01   1.686724834144e-02   5.695046391338e-03  -2.592352032661e-01   5.047921091318e-02   9.447790682316e-03   4.859888553619e-01 
  4.648949950933e-02   2.638700185344e-03  -2.815657556057e-01   0.000000000000e+00   0.000000000000e+00  -3.782381415367e-01   1.065990235656e-02   0.000000000000e+00  -6.635369658470e-01 
  1.065990235656e-02   0.000000000000e+00  -6.574010252953e-01   0.000000000000e+00  -1.612575724721e-02  -4.351526200771e-01   0.000000000000e+00  -1.612575724721e-02  -4.351526200771e-01 
  0.000000000000e+00  -3.477277159691e-01  -1.131582260132e+00   0.000000000000e+00  -3.477277159691e-01  -1.131582260132e+00   7.220818847418e-02  -2.804711163044e-01  -8.848043680191e-01 
  1.273847967386e-01  -1.960570067167e-01  -8.479657173157e-01   0.000000000000e+00   0.000000000000e+00  -3.945116102695e-01   0.000000000000e+00  -7.266150414944e-02  -1.000000014901e-01 
 -1.019138377160e-02  -9.351278841496e-02  -6.843882799149e-01   3.151118755341e-02   0.000000000000e+00  -6.635369658470e-01   0.000000000000e+00   0.000000000000e+00  -1.000000014901e-01 
  0.000000000000e+00   0.000000000000e+00  -1.000000014901e-01   0.000000000000e+00   1.664167828858e-02  -1.920557916164e-01   0.000000000000e+00   1.664167828858e-02  -1.920557916164e-01 
 -1.934338361025e-02   1.754787005484e-02   6.611272692680e-01   4.170841574669e-01  -7.418923825026e-02  -1.219224214554e+00  -6.643524765968e-02   0.000000000000e+00  -7.002049684525e-01 
 -6.643524765968e-02  -7.266150414944e-02  -3.964309692383e-01   0.000000000000e+00  -5.181021988392e-02  -1.000000014901e-01   0.000000000000e+00   0.000000000000e+00  -3.736144304276e-01 
  0.000000000000e+00   0.000000000000e+00  -2.507424950600e-01   0.000000000000e+00   0.000000000000e+00  -2.507424950600e-01   0.000000000000e+00  -7.375229150057e-02  -1.829020828009e-01 
  0.000000000000e+00  -7.375229150057e-02  -1.829020828009e-01  -6.844429671764e-02  -6.103496626019e-02  -1.881218254566e-01   1.103785276413e+00  -1.644703149796e-01  -1.428421735764e+00 
  7.329610735178e-02  -2.377589941025e-01  -1.250278234482e+00   6.853430066258e-03   0.000000000000e+00  -7.002049684525e-01   0.000000000000e+00   0.000000000000e+00  -3.964025974274e-01 
  0.000000000000e+00   0.000000000000e+00  -2.694284021854e-01  -2.168643102050e-02   0.000000000000e+00  -4.100282862782e-02  -2.168643102050e-02   0.000000000000e+00  -4.100282862782e-02 
  0.000000000000e+00   1.532724946737e-01  -3.730655908585e-01   0.000000000000e+00   1.532724946737e-01  -3.730655908585e-01  -6.209336593747e-02   4.353966191411e-02  -5.955694913864e-01 
  1.111863493919e+00   3.921618312597e-02  -1.680677175522e+00   1.095707058907e+00  -9.118163585663e-02  -1.431134104729e+00   0.000000000000e+00   0.000000000000e+00  -1.100561618805e+00 
  0.000000000000e+00   0.000000000000e+00  -5.553806573153e-02  -2.282441705465e-01   0.000000000000e+00  -1.000000014901e-01  -2.492967844009e-01  -1.065396517515e-02   1.636951714754e-01 
 -2.492967844009e-01  -1.065396517515e-02   1.636951714754e-01   0.000000000000e+00   1.514956653118e-01  -2.170281559229e-01   0.000000000000e+00   1.514956653118e-01  -2.170281559229e-01 
 -2.443087659776e-02   2.293023280799e-02  -2.932026050985e-02   1.147846341133e+00   2.784866094589e-02   1.946622133255e-01   2.065563917160e+00   0.000000000000e+00   2.708786427975e-01 
  1.211155891418e+00   0.000000000000e+00  -3.784514069557e-01   1.704878211021e-01  -1.447808369994e-02  -1.000000014901e-01   0.000000000000e+00   0.000000000000e+00  -1.000000014901e-01 
  0.000000000000e+00  -1.652281731367e-02  -1.000000014901e-01   0.000000000000e+00  -1.652281731367e-02  -1.000000014901e-01   0.000000000000e+00   0.000000000000e+00  -3.292666673660e-01 
  0.000000000000e+00   0.000000000000e+00  -3.292666673660e-01   3.973330557346e-02   0.000000000000e+00  -1.937297880650e-01   2.471756458282e+00   0.000000000000e+00   3.140066564083e-01 
  3.174901485443e+00   0.000000000000e+00   8.289860486984e-01   0.000000000000e+00   0.000000000000e+00  -1.000000014901e-01   0.000000000000e+00  -1.116729807109e-02  -8.304203301668e-02 
 -2.709175944328e-01   0.000000000000e+00  -1.000000014901e-01  -2.617094814777e-01  -1.303599122912e-02   3.258977830410e-02  -2.617094814777e-01  -1.303599122912e-02   3.258977830410e-02 
  0.000000000000e+00   0.000000000000e+00  -3.292666673660e-01   0.000000000000e+00   0.000000000000e+00  -3.292666673660e-01   3.973330557346e-02   0.000000000000e+00  -1.937297880650e-01 
  2.471756458282e+00   0.000000000000e+00   3.140066564083e-01   3.174901485443e+00   0.000000000000e+00   8.289860486984e-01   0.000000000000e+00   0.000000000000e+00  -1.000000014901e-01 
  0.000000000000e+00  -1.116729807109e-02  -8.304203301668e-02  -2.709175944328e-01   0.000000000000e+00  -1.000000014901e-01  -2.617094814777e-01  -1.303599122912e-02   3.258977830410e-02 
 -2.617094814777e-01  -1.303599122912e-02   3.258977830410e-02 

