# vtk DataFile Version 2.0
Written using VisIt writer
ASCII
DATASET RECTILINEAR_GRID
DIMENSIONS 10 10 10
X_COORDINATES 10 float
  0.000000000000e+00   5.000000000000e-01   1.000000000000e+00   1.500000000000e+00   2.000000000000e+00   2.500000000000e+00   3.000000000000e+00   3.500000000000e+00   4.000000000000e+00 
  4.500000000000e+00 
Y_COORDINATES 10 float
  0.000000000000e+00   5.000000000000e-01   1.000000000000e+00   1.500000000000e+00   2.000000000000e+00   2.500000000000e+00   3.000000000000e+00   3.500000000000e+00   4.000000000000e+00 
  4.500000000000e+00 
Z_COORDINATES 10 float
  0.000000000000e+00   5.000000000000e-01   1.000000000000e+00   1.500000000000e+00   2.000000000000e+00   2.500000000000e+00   3.000000000000e+00   3.500000000000e+00   4.000000000000e+00 
  4.500000000000e+00 
CELL_DATA 729
POINT_DATA 1000
VECTORS velocity float
  0.000000000000e+00  -1.271698772907e-01  -2.291844189167e-01   3.251200000000e+04   0.000000000000e+00   0.000000000000e+00   0.000000000000e+00   0.000000000000e+00   0.000000000000e+00 
  3.895197063684e-02  -8.589085191488e-02  -1.775509119034e-01   0.000000000000e+00   0.000000000000e+00   0.000000000000e+00   0.000000000000e+00   1.431655808000e+09   1.070945600000e+09 
 -9.979447722435e-02  -9.075592458248e-02  -1.627954840660e-01   1.071994176000e+09   0.000000000000e+00   0.000000000000e+00   0.000000000000e+00   0.000000000000e+00   0.000000000000e+00 
  6.724547594786e-02  -2.096063345671e-01  -1.871923655272e-01   0.000000000000e+00  -1.271698772907e-01  -2.291844189167e-01   1.070945600000e+09   0.000000000000e+00   0.000000000000e+00 
  4.715345799923e-02  -1.189177706838e-01  -2.096221297979e-01   3.895197063684e-02  -8.589085191488e-02  -1.775509119034e-01   1.431655808000e+09   1.070945600000e+09   0.000000000000e+00 
 -4.335379227996e-02  -6.425151973963e-02  -1.405179500580e-01  -9.979447722435e-02  -9.075592458248e-02  -1.627954840660e-01   0.000000000000e+00   0.000000000000e+00   1.071644672000e+09 
  6.724547594786e-02  -2.096063345671e-01  -1.871923655272e-01   6.724547594786e-02  -2.096063345671e-01  -1.871923655272e-01   0.000000000000e+00  -8.430406160187e-05  -1.960827112198e-01 
  0.000000000000e+00  -8.430406160187e-05  -1.960827112198e-01  -1.838014274836e-02  -1.366557180882e-01  -2.069586366415e-01   1.966593861580e-01  -2.659078836441e-01  -2.131068259478e-01 
  7.342792302370e-02  -1.349905729294e-01  -2.003758996725e-01   4.510492458940e-02  -3.431316092610e-02  -1.435880362988e-01   5.497094243765e-03  -2.457822859287e-02  -1.432150602341e-01 
  1.190998591483e-03  -5.454799160361e-02  -1.393054276705e-01   8.180194348097e-02   2.021110244095e-02  -1.551062464714e-01   8.180194348097e-02   2.021110244095e-02  -1.551062464714e-01 
  0.000000000000e+00   4.596222192049e-02  -1.926893740892e-01   0.000000000000e+00   4.596222192049e-02  -1.926893740892e-01   4.215686768293e-02   2.694836817682e-02  -1.747078299522e-01 
  7.752804458141e-02  -2.907961793244e-02  -1.632338613272e-01   4.482449963689e-02  -1.255140304565e-01  -1.602449417114e-01   4.258591309190e-02  -1.618896871805e-01  -1.584341078997e-01 
  6.275527179241e-02  -6.805910915136e-02  -1.853972077370e-01   5.378460139036e-02  -5.207318067551e-02  -1.420453041792e-01   1.119583621621e-01   1.663681678474e-02  -1.372748911381e-01 
  1.119583621621e-01   1.663681678474e-02  -1.372748911381e-01   0.000000000000e+00  -2.118523791432e-02  -2.233386486769e-01   0.000000000000e+00  -2.118523791432e-02  -2.233386486769e-01 
 -5.197149515152e-02  -3.972183540463e-02  -2.193759083748e-01   1.090998053551e-01  -3.856153041124e-02  -1.773172616959e-01   2.711802534759e-02  -7.705731689930e-02  -1.496721506119e-01 
 -4.749545454979e-02  -9.952689707279e-02  -1.511001586914e-01   3.290927782655e-02  -4.051798954606e-02  -1.631731390953e-01   1.444671954960e-02  -4.378362372518e-02  -1.619032621384e-01 
  3.702416317537e-03  -1.362949609756e-01  -1.896660625935e-01   3.702416317537e-03  -1.362949609756e-01  -1.896660625935e-01   0.000000000000e+00   3.008310869336e-02  -1.886377036572e-01 
  0.000000000000e+00   3.008310869336e-02  -1.886377036572e-01  -8.068646304309e-03  -5.263167619705e-02  -1.986433863640e-01   1.182488501072e-01  -2.413942106068e-02  -1.819075345993e-01 
  2.635235525668e-02  -2.609094046056e-02  -1.918730437756e-01   1.060525327921e-01   5.986909940839e-02  -1.436557322741e-01   8.602714538574e-02  -3.705772757530e-02  -1.527703702450e-01 
 -6.129821017385e-02  -2.147778868675e-03  -1.431867182255e-01  -8.464763313532e-02   6.645371671766e-03  -1.506450772285e-01  -8.464763313532e-02   6.645371671766e-03  -1.506450772285e-01 
  0.000000000000e+00  -1.577893830836e-02  -1.994385421276e-01   0.000000000000e+00  -1.577893830836e-02  -1.994385421276e-01  -1.390253455611e-04  -6.443811208010e-02  -1.913838833570e-01 
  5.122221261263e-02   2.318489737809e-02  -1.662601679564e-01   8.368956297636e-02   2.375396341085e-02  -1.568618714809e-01   1.133576706052e-01   3.784728934988e-03  -1.730535179377e-01 
  9.722216427326e-02  -1.551620382816e-02  -1.872543543577e-01   5.016006901860e-02   1.351661607623e-02  -1.458054482937e-01   6.132071092725e-02  -3.160822018981e-02  -1.405753344297e-01 
  6.132071092725e-02  -3.160822018981e-02  -1.405753344297e-01   0.000000000000e+00   1.132325734943e-02  -2.186509966850e-01   0.000000000000e+00   1.132325734943e-02  -2.186509966850e-01 
 -1.665138266981e-02  -5.654284730554e-02  -2.344483733177e-01   1.356424540281e-01   4.875788837671e-02  -1.574749499559e-01   9.724599123001e-02   1.585338637233e-02  -1.392036974430e-01 
  1.199417933822e-01   5.104909092188e-02  -1.359306275845e-01   3.531548753381e-02   2.860622666776e-02  -1.567153036594e-01   3.177111968398e-02  -3.207507357001e-02  -1.631866246462e-01 
  1.888103634119e-01  -9.570215642452e-02  -1.958010494709e-01   1.888103634119e-01  -9.570215642452e-02  -1.958010494709e-01   0.000000000000e+00   0.000000000000e+00  -1.803015023470e-01 
  0.000000000000e+00   0.000000000000e+00  -1.803015023470e-01  -1.210519205779e-02   0.000000000000e+00  -1.746089458466e-01   1.561354286969e-02   0.000000000000e+00  -1.586492657661e-01 
 -1.296645030379e-02   0.000000000000e+00  -1.812125891447e-01   2.543812394142e-01   0.000000000000e+00  -1.255908012390e-01   1.579124331474e-01   0.000000000000e+00  -1.280622035265e-01 
  1.332388669252e-01   0.000000000000e+00  -1.269541829824e-01   2.983831465244e-01   0.000000000000e+00  -1.338701844215e-01   2.983831465244e-01   0.000000000000e+00  -1.338701844215e-01 
  0.000000000000e+00   0.000000000000e+00  -1.803015023470e-01   0.000000000000e+00   0.000000000000e+00  -1.803015023470e-01  -1.210519205779e-02   0.000000000000e+00  -1.746089458466e-01 
  1.561354286969e-02   0.000000000000e+00  -1.586492657661e-01  -1.296645030379e-02   0.000000000000e+00  -1.812125891447e-01   2.543812394142e-01   0.000000000000e+00  -1.255908012390e-01 
  1.579124331474e-01   0.000000000000e+00  -1.280622035265e-01   1.332388669252e-01   0.000000000000e+00  -1.269541829824e-01   2.983831465244e-01   0.000000000000e+00  -1.338701844215e-01 
  2.983831465244e-01   0.000000000000e+00  -1.338701844215e-01   0.000000000000e+00  -1.271698772907e-01  -2.291844189167e-01   0.000000000000e+00  -1.271698772907e-01  -2.291844189167e-01 
  4.715345799923e-02  -1.189177706838e-01  -2.096221297979e-01   3.895197063684e-02  -8.589085191488e-02  -1.775509119034e-01   7.680214196444e-02  -4.942218214273e-02  -1.527176946402e-01 
 -4.335379227996e-02  -6.425151973963e-02  -1.405179500580e-01  -9.979447722435e-02  -9.075592458248e-02  -1.627954840660e-01  -1.078555174172e-02  -1.180150508881e-01  -1.677273362875e-01 
  6.724547594786e-02  -2.096063345671e-01  -1.871923655272e-01   6.724547594786e-02  -2.096063345671e-01  -1.871923655272e-01   0.000000000000e+00  -1.271698772907e-01  -2.291844189167e-01 
  0.000000000000e+00  -1.271698772907e-01  -2.291844189167e-01   4.715345799923e-02  -1.189177706838e-01  -2.096221297979e-01   3.895197063684e-02  -8.589085191488e-02  -1.775509119034e-01 
  7.680214196444e-02  -4.942218214273e-02  -1.527176946402e-01  -4.335379227996e-02  -6.425151973963e-02  -1.405179500580e-01  -9.979447722435e-02  -9.075592458248e-02  -1.627954840660e-01 
 -1.078555174172e-02  -1.180150508881e-01  -1.677273362875e-01   6.724547594786e-02  -2.096063345671e-01  -1.871923655272e-01   6.724547594786e-02  -2.096063345671e-01  -1.871923655272e-01 
  0.000000000000e+00  -8.430406160187e-05  -1.960827112198e-01   0.000000000000e+00  -8.430406160187e-05  -1.960827112198e-01  -1.838014274836e-02  -1.366557180882e-01  -2.069586366415e-01 
  1.966593861580e-01  -2.659078836441e-01  -2.131068259478e-01   7.342792302370e-02  -1.349905729294e-01  -2.003758996725e-01   4.510492458940e-02  -3.431316092610e-02  -1.435880362988e-01 
  5.497094243765e-03  -2.457822859287e-02  -1.432150602341e-01   1.190998591483e-03  -5.454799160361e-02  -1.393054276705e-01   8.180194348097e-02   2.021110244095e-02  -1.551062464714e-01 
  8.180194348097e-02   2.021110244095e-02  -1.551062464714e-01   0.000000000000e+00   4.596222192049e-02  -1.926893740892e-01   0.000000000000e+00   4.596222192049e-02  -1.926893740892e-01 
  4.215686768293e-02   2.694836817682e-02  -1.747078299522e-01   7.752804458141e-02  -2.907961793244e-02  -1.632338613272e-01   4.482449963689e-02  -1.255140304565e-01  -1.602449417114e-01 
  4.258591309190e-02  -1.618896871805e-01  -1.584341078997e-01   6.275527179241e-02  -6.805910915136e-02  -1.853972077370e-01   5.378460139036e-02  -5.207318067551e-02  -1.420453041792e-01 
  1.119583621621e-01   1.663681678474e-02  -1.372748911381e-01   1.119583621621e-01   1.663681678474e-02  -1.372748911381e-01   0.000000000000e+00  -2.118523791432e-02  -2.233386486769e-01 
  0.000000000000e+00  -2.118523791432e-02  -2.233386486769e-01  -5.197149515152e-02  -3.972183540463e-02  -2.193759083748e-01   1.090998053551e-01  -3.856153041124e-02  -1.773172616959e-01 
  2.711802534759e-02  -7.705731689930e-02  -1.496721506119e-01  -4.749545454979e-02  -9.952689707279e-02  -1.511001586914e-01   3.290927782655e-02  -4.051798954606e-02  -1.631731390953e-01 
  1.444671954960e-02  -4.378362372518e-02  -1.619032621384e-01   3.702416317537e-03  -1.362949609756e-01  -1.896660625935e-01   3.702416317537e-03  -1.362949609756e-01  -1.896660625935e-01 
  0.000000000000e+00   3.008310869336e-02  -1.886377036572e-01   0.000000000000e+00   3.008310869336e-02  -1.886377036572e-01  -8.068646304309e-03  -5.263167619705e-02  -1.986433863640e-01 
  1.182488501072e-01  -2.413942106068e-02  -1.819075345993e-01   2.635235525668e-02  -2.609094046056e-02  -1.918730437756e-01   1.060525327921e-01   5.986909940839e-02  -1.436557322741e-01 
  8.602714538574e-02  -3.705772757530e-02  -1.527703702450e-01  -6.129821017385e-02  -2.147778868675e-03  -1.431867182255e-01  -8.464763313532e-02   6.645371671766e-03  -1.506450772285e-01 
 -8.464763313532e-02   6.645371671766e-03  -1.506450772285e-01   0.000000000000e+00  -1.577893830836e-02  -1.994385421276e-01   0.000000000000e+00  -1.577893830836e-02  -1.994385421276e-01 
 -1.390253455611e-04  -6.443811208010e-02  -1.913838833570e-01   5.122221261263e-02   2.318489737809e-02  -1.662601679564e-01   8.368956297636e-02   2.375396341085e-02  -1.568618714809e-01 
  1.133576706052e-01   3.784728934988e-03  -1.730535179377e-01   9.722216427326e-02  -1.551620382816e-02  -1.872543543577e-01   5.016006901860e-02   1.351661607623e-02  -1.458054482937e-01 
  6.132071092725e-02  -3.160822018981e-02  -1.405753344297e-01   6.132071092725e-02  -3.160822018981e-02  -1.405753344297e-01   0.000000000000e+00   1.132325734943e-02  -2.186509966850e-01 
  0.000000000000e+00   1.132325734943e-02  -2.186509966850e-01  -1.665138266981e-02  -5.654284730554e-02  -2.344483733177e-01   1.356424540281e-01   4.875788837671e-02  -1.574749499559e-01 
  9.724599123001e-02   1.585338637233e-02  -1.392036974430e-01   1.199417933822e-01   5.104909092188e-02  -1.359306275845e-01   3.531548753381e-02   2.860622666776e-02  -1.567153036594e-01 
  3.177111968398e-02  -3.207507357001e-02  -1.631866246462e-01   1.888103634119e-01  -9.570215642452e-02  -1.958010494709e-01   1.888103634119e-01  -9.570215642452e-02  -1.958010494709e-01 
  0.000000000000e+00   0.000000000000e+00  -1.803015023470e-01   0.000000000000e+00   0.000000000000e+00  -1.803015023470e-01  -1.210519205779e-02   0.000000000000e+00  -1.746089458466e-01 
  1.561354286969e-02   0.000000000000e+00  -1.586492657661e-01  -1.296645030379e-02   0.000000000000e+00  -1.812125891447e-01   2.543812394142e-01   0.000000000000e+00  -1.255908012390e-01 
  1.579124331474e-01   0.000000000000e+00  -1.280622035265e-01   1.332388669252e-01   0.000000000000e+00  -1.269541829824e-01   2.983831465244e-01   0.000000000000e+00  -1.338701844215e-01 
  2.983831465244e-01   0.000000000000e+00  -1.338701844215e-01   0.000000000000e+00   0.000000000000e+00  -1.803015023470e-01   0.000000000000e+00   0.000000000000e+00  -1.803015023470e-01 
 -1.210519205779e-02   0.000000000000e+00  -1.746089458466e-01   1.561354286969e-02   0.000000000000e+00  -1.586492657661e-01  -1.296645030379e-02   0.000000000000e+00  -1.812125891447e-01 
  2.543812394142e-01   0.000000000000e+00  -1.255908012390e-01   1.579124331474e-01   0.000000000000e+00  -1.280622035265e-01   1.332388669252e-01   0.000000000000e+00  -1.269541829824e-01 
  2.983831465244e-01   0.000000000000e+00  -1.338701844215e-01   2.983831465244e-01   0.000000000000e+00  -1.338701844215e-01   0.000000000000e+00  -1.848500818014e-01  -8.194788694382e-01 
  0.000000000000e+00  -1.848500818014e-01  -8.194788694382e-01   4.152962267399e-01  -6.990896165371e-02  -4.152177572250e-01   5.233335494995e-01   1.030950879795e-04  -5.161439180374e-01 
  7.711009383202e-01   3.690652782097e-03  -3.387247323990e-01   1.483728140593e-01  -2.355200424790e-02  -6.682489514351e-01  -9.208915382624e-02  -5.696213990450e-02  -7.437925338745e-01 
 -3.681135922670e-02  -1.749608963728e-01  -7.387756705284e-01  -2.112936526537e-01   0.000000000000e+00  -6.993762403727e-02  -2.112936526537e-01   0.000000000000e+00  -6.993762403727e-02 
  0.000000000000e+00  -1.848500818014e-01  -8.194788694382e-01   0.000000000000e+00  -1.848500818014e-01  -8.194788694382e-01   4.152962267399e-01  -6.990896165371e-02  -4.152177572250e-01 
  5.233335494995e-01   1.030950879795e-04  -5.161439180374e-01   7.711009383202e-01   3.690652782097e-03  -3.387247323990e-01   1.483728140593e-01  -2.355200424790e-02  -6.682489514351e-01 
 -9.208915382624e-02  -5.696213990450e-02  -7.437925338745e-01  -3.681135922670e-02  -1.749608963728e-01  -7.387756705284e-01  -2.112936526537e-01   0.000000000000e+00  -6.993762403727e-02 
 -2.112936526537e-01   0.000000000000e+00  -6.993762403727e-02   0.000000000000e+00   4.964183643460e-02  -1.073002338409e+00   0.000000000000e+00   4.964183643460e-02  -1.073002338409e+00 
  2.224444895983e-01  -2.572051621974e-02  -1.068466305733e+00   2.716568410397e-01   1.450178399682e-02  -8.727930188179e-01   3.889572918415e-01  -6.024439260364e-02  -5.302755832672e-01 
  8.910989761353e-02  -4.138668254018e-02  -5.641195550561e-02  -9.143047034740e-02  -6.954063475132e-02  -7.642121911049e-01  -1.456493437290e-01  -3.586601316929e-01  -7.673331499100e-01 
 -6.990628242493e-01  -9.317401051521e-01  -1.696003377438e-01  -6.990628242493e-01  -9.317401051521e-01  -1.696003377438e-01   0.000000000000e+00   1.572805345058e-01  -1.309026122093e+00 
  0.000000000000e+00   1.572805345058e-01  -1.309026122093e+00   2.953703105450e-01   1.038620918989e-01  -9.449741244316e-01   3.715098202229e-01  -8.229328691959e-02  -8.427641391754e-01 
  8.265070319176e-01  -1.039036586881e-01  -7.496833205223e-01  -2.025500386953e-01  -1.357984840870e-01  -5.787113308907e-01  -4.791407287121e-01  -1.008039489388e-01  -3.111415803432e-01 
 -6.670477986336e-02  -2.768927216530e-01  -3.015294075012e-01   2.906213281676e-03  -7.265318036079e-01  -3.423070907593e-01   2.906213281676e-03  -7.265318036079e-01  -3.423070907593e-01 
  0.000000000000e+00   1.164909750223e-01  -9.843231439590e-01   0.000000000000e+00   1.164909750223e-01  -9.843231439590e-01   3.564768433571e-01   1.692565828562e-01  -7.871788740158e-01 
  3.689475655556e-01  -8.398694545031e-02  -8.237848281860e-01   5.117811560631e-01  -1.939841359854e-02  -7.882006764412e-01  -6.928219795227e-01  -4.447929933667e-02  -6.787117719650e-01 
 -1.021036744118e+00  -1.273665130138e-01  -2.528841793537e-01  -1.871941536665e-01  -1.296101659536e-01  -6.395328640938e-01  -2.151980847120e-01  -1.340667009354e-01  -3.153957724571e-01 
 -2.151980847120e-01  -1.340667009354e-01  -3.153957724571e-01   0.000000000000e+00   1.233030334115e-01  -9.270209670067e-01   0.000000000000e+00   1.233030334115e-01  -9.270209670067e-01 
  1.644250303507e-01  -1.852653920650e-01  -1.166870832443e+00   2.187062948942e-01  -3.139644488692e-02  -9.157151579857e-01   5.036586523056e-01   5.232855677605e-02  -5.152339339256e-01 
  1.478355005383e-02   7.931896299124e-02  -6.528489589691e-01  -3.981750607491e-01  -1.108131092042e-02  -7.782111167908e-01  -2.286360561848e-01   6.713349372149e-02  -4.111804664135e-01 
 -1.523876190186e-01   8.027265779674e-03  -6.814621090889e-01  -1.523876190186e-01   8.027265779674e-03  -6.814621090889e-01   0.000000000000e+00   1.260775029659e-01  -1.199619293213e+00 
  0.000000000000e+00   1.260775029659e-01  -1.199619293213e+00   1.713081300259e-01   2.965534105897e-02  -1.232941269875e+00   2.230677008629e-01   3.634179756045e-02  -1.002556324005e+00 
  4.809501469135e-01   1.373662520200e-02  -7.299312949181e-01  -4.636501967907e-01  -1.407990232110e-02  -1.032694697380e+00   1.521036326885e-01   5.868473649025e-01  -6.214051842690e-01 
  3.055907972157e-02   2.795426845551e-01  -4.445109069347e-01   3.898926451802e-02   4.251172393560e-02  -6.591195464134e-01   3.898926451802e-02   4.251172393560e-02  -6.591195464134e-01 
  0.000000000000e+00  -5.216490477324e-03  -1.061352372169e+00   0.000000000000e+00  -5.216490477324e-03  -1.061352372169e+00   6.986865401268e-02  -1.078901365399e-01  -1.210658788681e+00 
  1.775416433811e-01   1.247557550669e-01  -1.305601000786e+00  -3.824064433575e-01   2.968132495880e-02  -1.447546005249e+00   1.127855181694e-01   2.638814412057e-02  -1.424404025078e+00 
  9.370831400156e-02   7.402207702398e-02  -6.861576437950e-01   4.088258743286e-02   4.931510612369e-02  -4.206849634647e-01   1.640257686377e-01  -7.204639166594e-02  -8.068020343781e-01 
  1.640257686377e-01  -7.204639166594e-02  -8.068020343781e-01   0.000000000000e+00   0.000000000000e+00  -9.830211400986e-01   0.000000000000e+00   0.000000000000e+00  -9.830211400986e-01 
  1.507511287928e-01   0.000000000000e+00  -2.504163682461e-01   8.164823055267e-02   2.560952305794e-02  -1.016541242599e+00   7.697040438652e-01   0.000000000000e+00  -5.106447935104e-01 
  8.323876261711e-01   2.626073580814e-07  -5.284406542778e-01  -1.684335917234e-01   2.508390322328e-02  -1.884918808937e+00  -6.722401976585e-01   4.154916852713e-03  -7.304581254721e-02 
  2.941576242447e-01  -3.073076004512e-05  -9.594633579254e-01   2.941576242447e-01  -3.073076004512e-05  -9.594633579254e-01   0.000000000000e+00   0.000000000000e+00  -9.830211400986e-01 
  0.000000000000e+00   0.000000000000e+00  -9.830211400986e-01   1.507511287928e-01   0.000000000000e+00  -2.504163682461e-01   8.164823055267e-02   2.560952305794e-02  -1.016541242599e+00 
  7.697040438652e-01   0.000000000000e+00  -5.106447935104e-01   8.323876261711e-01   2.626073580814e-07  -5.284406542778e-01  -1.684335917234e-01   2.508390322328e-02  -1.884918808937e+00 
 -6.722401976585e-01   4.154916852713e-03  -7.304581254721e-02   2.941576242447e-01  -3.073076004512e-05  -9.594633579254e-01   2.941576242447e-01  -3.073076004512e-05  -9.594633579254e-01 
  0.000000000000e+00   4.788570106030e-02  -6.218987107277e-01   0.000000000000e+00   4.788570106030e-02  -6.218987107277e-01   3.330686986446e-01   3.872833400965e-02  -3.353123366833e-01 
  4.482517838478e-01   1.109544932842e-01  -5.923983454704e-01   6.752130985260e-01   6.470774859190e-02  -1.437208414078e+00   0.000000000000e+00   1.266405358911e-02  -1.000000014901e-01 
 -9.236167371273e-02  -1.104108244181e-01  -6.309641003609e-01  -1.068997532129e-01  -1.860734522343e-01  -5.058202147484e-01  -6.889216601849e-02   0.000000000000e+00  -1.571300029755e-01 
 -6.889216601849e-02   0.000000000000e+00  -1.571300029755e-01   0.000000000000e+00   4.788570106030e-02  -6.218987107277e-01   0.000000000000e+00   4.788570106030e-02  -6.218987107277e-01 
  3.330686986446e-01   3.872833400965e-02  -3.353123366833e-01   4.482517838478e-01   1.109544932842e-01  -5.923983454704e-01   6.752130985260e-01   6.470774859190e-02  -1.437208414078e+00 
  0.000000000000e+00   1.266405358911e-02  -1.000000014901e-01  -9.236167371273e-02  -1.104108244181e-01  -6.309641003609e-01  -1.068997532129e-01  -1.860734522343e-01  -5.058202147484e-01 
 -6.889216601849e-02   0.000000000000e+00  -1.571300029755e-01  -6.889216601849e-02   0.000000000000e+00  -1.571300029755e-01   0.000000000000e+00   1.270047724247e-01  -5.132249593735e-01 
  0.000000000000e+00   1.270047724247e-01  -5.132249593735e-01   2.703470289707e-01  -2.063449285924e-02  -2.367519140244e-01   2.098047882318e-01   4.116651415825e-02  -3.548873364925e-01 
  2.882277071476e-01   1.914209127426e-02  -4.249045252800e-01   1.541304290295e-01  -1.372664514929e-02  -1.086764484644e-01  -3.322730064392e-01  -1.267435401678e-01  -1.032673120499e-01 
 -3.119629621506e-01  -5.709360241890e-01  -4.437676668167e-01  -6.314862370491e-01  -8.641635179520e-01  -8.955340087414e-02  -6.314862370491e-01  -8.641635179520e-01  -8.955340087414e-02 
  0.000000000000e+00   1.324788630009e-01  -5.251461267471e-01   0.000000000000e+00   1.324788630009e-01  -5.251461267471e-01   2.195508629084e-01   2.096586115658e-02  -4.764838814735e-01 
  2.345396578312e-01  -2.430227398872e-02  -3.581108152866e-01   2.686477899551e-01  -3.847000002861e-02  -3.556596040726e-01   1.154757887125e-01  -8.124527335167e-02  -2.427760809660e-01 
 -6.725192070007e-01   0.000000000000e+00   1.046689271927e+00  -5.175463557243e-01  -3.393272757530e-01   9.783826023340e-02  -6.852766126394e-02  -8.641635179520e-01  -3.824939131737e-01 
 -6.852766126394e-02  -8.641635179520e-01  -3.824939131737e-01   0.000000000000e+00   3.547848388553e-02  -6.525552272797e-01   0.000000000000e+00   3.547848388553e-02  -6.525552272797e-01 
  2.672502100468e-01  -5.095141381025e-02  -4.077055156231e-01   3.033306598663e-01  -5.836600810289e-02  -2.100306749344e-01  -2.717024683952e-01   1.814951188862e-02  -1.567605584860e-01 
  2.126049548388e-01  -3.007943741977e-02  -2.905202209949e-01  -8.552981019020e-01  -6.420979648829e-02   5.159948468208e-01  -6.960617303848e-01  -6.854601204395e-02   2.067863196135e-01 
  0.000000000000e+00  -1.018668860197e-01  -1.644286990166e+00   0.000000000000e+00  -1.018668860197e-01  -1.644286990166e+00   0.000000000000e+00   3.093505464494e-02  -4.430561363697e-01 
  0.000000000000e+00   3.093505464494e-02  -4.430561363697e-01   1.899196356535e-01   2.370210923254e-02  -4.681745171547e-01   1.549227684736e-01   2.480247523636e-03  -4.584476351738e-01 
  5.874693393707e-01   3.635694086552e-02  -2.648440599442e-01   1.057866573334e+00   1.394248940051e-02  -5.016596317291e-01  -5.904211997986e-01  -4.054295271635e-02   9.275025874376e-02 
 -4.911555051804e-01  -8.491293527186e-03  -5.973238870502e-02  -2.141550183296e-01  -1.856041699648e-02  -6.776698827744e-01  -2.141550183296e-01  -1.856041699648e-02  -6.776698827744e-01 
  0.000000000000e+00   7.670744508505e-02  -5.059462189674e-01   0.000000000000e+00   7.670744508505e-02  -5.059462189674e-01   1.861185878515e-01   3.870620951056e-02  -3.567483127117e-01 
  2.930201888084e-01   4.316719993949e-02  -2.974633276463e-01  -3.507043719292e-01   6.302129477262e-02  -7.647628784180e-01  -6.904636025429e-01   5.404063686728e-02  -1.233872532845e+00 
  1.366149038076e-01   4.603531360626e-01  -8.950703740120e-01  -1.679277792573e-02   2.927890121937e-01  -5.709295272827e-01  -1.194481924176e-02   1.112127378583e-01  -6.393633484840e-01 
 -1.194481924176e-02   1.112127378583e-01  -6.393633484840e-01   0.000000000000e+00  -8.612344413996e-02  -6.258419156075e-01   0.000000000000e+00  -8.612344413996e-02  -6.258419156075e-01 
 -2.118262648582e-02  -6.270926096477e-04  -3.855045735836e-01   3.728248178959e-01   7.483349740505e-02  -7.640799283981e-01  -1.011305332184e+00   3.532646596432e-02  -4.584223330021e-01 
 -1.015189766884e+00   2.464664727449e-02  -9.317225813866e-01  -5.848776102066e-01   0.000000000000e+00  -8.574098348618e-01  -5.887131690979e-01   3.630417957902e-02  -6.714637279510e-01 
 -5.954939499497e-02  -3.741531446576e-02  -7.259244918823e-01  -5.954939499497e-02  -3.741531446576e-02  -7.259244918823e-01   0.000000000000e+00   0.000000000000e+00  -5.090276598930e-01 
  0.000000000000e+00   0.000000000000e+00  -5.090276598930e-01  -3.751423209906e-02   0.000000000000e+00  -4.472661018372e-01   2.021649479866e-01   0.000000000000e+00  -6.794160604477e-01 
 -3.273789584637e-01   0.000000000000e+00  -4.363611936569e-01  -3.801961615682e-02   1.659355177708e-07  -7.919863462448e-01  -9.485354423523e-01   0.000000000000e+00  -9.788051843643e-01 
 -9.510201811790e-01   1.139213098213e-03  -9.800475239754e-01   0.000000000000e+00   4.324999172240e-04  -1.000000014901e-01   0.000000000000e+00   4.324999172240e-04  -1.000000014901e-01 
  0.000000000000e+00   0.000000000000e+00  -5.090276598930e-01   0.000000000000e+00   0.000000000000e+00  -5.090276598930e-01  -3.751423209906e-02   0.000000000000e+00  -4.472661018372e-01 
  2.021649479866e-01   0.000000000000e+00  -6.794160604477e-01  -3.273789584637e-01   0.000000000000e+00  -4.363611936569e-01  -3.801961615682e-02   1.659355177708e-07  -7.919863462448e-01 
 -9.485354423523e-01   0.000000000000e+00  -9.788051843643e-01  -9.510201811790e-01   1.139213098213e-03  -9.800475239754e-01   0.000000000000e+00   4.324999172240e-04  -1.000000014901e-01 
  0.000000000000e+00   4.324999172240e-04  -1.000000014901e-01   0.000000000000e+00   4.171115159988e-02  -7.135447263718e-01   0.000000000000e+00   4.171115159988e-02  -7.135447263718e-01 
  1.186289917678e-02  -5.019373819232e-02  -4.393305480480e-01   2.382275164127e-01   3.362517431378e-02  -9.637945890427e-01   4.664199948311e-01   2.991931699216e-02  -1.774798512459e+00 
  2.302532196045e-01  -9.978270158172e-03  -1.096263900399e-01   0.000000000000e+00  -1.756685972214e-02  -1.522704660892e-01   0.000000000000e+00   0.000000000000e+00  -1.000000014901e-01 
 -2.523446455598e-02   3.870908915997e-02  -4.214413166046e-01  -2.523446455598e-02   3.870908915997e-02  -4.214413166046e-01   0.000000000000e+00   4.171115159988e-02  -7.135447263718e-01 
  0.000000000000e+00   4.171115159988e-02  -7.135447263718e-01   1.186289917678e-02  -5.019373819232e-02  -4.393305480480e-01   2.382275164127e-01   3.362517431378e-02  -9.637945890427e-01 
  4.664199948311e-01   2.991931699216e-02  -1.774798512459e+00   2.302532196045e-01  -9.978270158172e-03  -1.096263900399e-01   0.000000000000e+00  -1.756685972214e-02  -1.522704660892e-01 
  0.000000000000e+00   0.000000000000e+00  -1.000000014901e-01  -2.523446455598e-02   3.870908915997e-02  -4.214413166046e-01  -2.523446455598e-02   3.870908915997e-02  -4.214413166046e-01 
  0.000000000000e+00   1.528162807226e-01  -3.014113008976e-01   0.000000000000e+00   1.528162807226e-01  -3.014113008976e-01   1.239738091826e-01  -7.245267182589e-02  -4.409501701593e-02 
 -3.182109817863e-02  -1.564308069646e-02  -3.127049505711e-01   8.092170208693e-02  -5.554701201618e-03  -4.576864838600e-01   1.102678254247e-01  -4.169334471226e-02  -3.138954341412e-01 
 -3.017354309559e-01  -3.434147685766e-02   1.976082623005e-01  -1.807805895805e-01   0.000000000000e+00  -1.530732065439e-01  -7.587286829948e-02   6.052097678185e-02  -1.000000014901e-01 
 -7.587286829948e-02   6.052097678185e-02  -1.000000014901e-01   0.000000000000e+00   3.314569592476e-02  -3.511587679386e-01   0.000000000000e+00   3.314569592476e-02  -3.511587679386e-01 
  1.164917573333e-01   2.036382071674e-02  -3.438850939274e-01   1.063664257526e-01   8.787535130978e-03  -3.450184762478e-01   1.048146858811e-01  -2.273959666491e-01  -6.872652769089e-01 
  1.099566221237e-01  -2.006152868271e-01  -5.676347017288e-01  -2.761626243591e-01  -3.777845948935e-02   6.754208803177e-01  -2.791134417057e-01  -1.192776635289e-01   2.390286773443e-01 
 -5.377838015556e-02   0.000000000000e+00  -1.388178914785e-01  -5.377838015556e-02   0.000000000000e+00  -1.388178914785e-01   0.000000000000e+00   6.685763597488e-02  -5.679602622986e-01 
  0.000000000000e+00   6.685763597488e-02  -5.679602622986e-01   4.851765930653e-02  -2.695761322975e-01  -3.182346224785e-01   1.608345210552e-01  -2.906892001629e-01  -6.284494400024e-01 
  5.230855941772e-02  -4.214722216129e-01  -7.547050118446e-01   1.127886846662e-01  -2.576702535152e-01  -1.043618321419e+00   0.000000000000e+00  -7.047989219427e-02   2.570403814316e-01 
  0.000000000000e+00  -6.031465157866e-02   1.226286739111e-01   0.000000000000e+00  -6.908939778805e-02  -7.869448661804e-01   0.000000000000e+00  -6.908939778805e-02  -7.869448661804e-01 
  0.000000000000e+00   1.424425393343e-01  -5.903881192207e-01   0.000000000000e+00   1.424425393343e-01  -5.903881192207e-01   1.464674472809e-01   2.380718141794e-01  -3.801811635494e-01 
  1.077186688781e-01  -1.546446979046e-01  -8.561940789223e-01  -5.763489007950e-02  -2.008232325315e-01  -1.015041470528e+00   2.573005296290e-02  -1.675193309784e-01  -9.750977158546e-01 
 -2.075237631798e-01  -6.918721646070e-02   6.519509106874e-02  -2.771417498589e-01  -3.966381400824e-02   2.808885835111e-02  -1.844316273928e-01  -3.608876839280e-02  -4.772346615791e-01 
 -1.844316273928e-01  -3.608876839280e-02  -4.772346615791e-01   0.000000000000e+00   8.965443074703e-02  -5.133497118950e-01   0.000000000000e+00   8.965443074703e-02  -5.133497118950e-01 
  4.223324730992e-02   9.527705609798e-02  -3.139916658401e-01   1.610032171011e-01   7.374510914087e-02  -5.469752550125e-01   3.412079811096e-01   1.476536393166e-01  -5.248308181763e-01 
  1.433060616255e-01  -8.697693049908e-02  -9.532542228699e-01   2.275421172380e-01  -1.992827057838e-01  -9.292272329330e-01   7.500794529915e-02  -1.368064731359e-01  -7.716173529625e-01 
  2.780731953681e-02   1.508452147245e-01  -6.912965774536e-01   2.780731953681e-02   1.508452147245e-01  -6.912965774536e-01   0.000000000000e+00   6.546011567116e-02  -5.617777705193e-01 
  0.000000000000e+00   6.546011567116e-02  -5.617777705193e-01  -6.275840848684e-02   2.759324014187e-02  -6.699507236481e-01   5.636860728264e-01  -1.788074709475e-02  -6.864109039307e-01 
  4.586979746819e-01   4.143658559769e-03  -5.186817646027e-01   4.284971952438e-01  -1.708004027605e-01  -9.483146667480e-01   2.588591575623e-01  -1.759256273508e-01  -9.800475239754e-01 
 -4.063259810209e-02  -6.898876279593e-02  -9.339534640312e-01  -2.237018756568e-02  -3.794740140438e-02  -7.481667399406e-01  -2.237018756568e-02  -3.794740140438e-02  -7.481667399406e-01 
  0.000000000000e+00   0.000000000000e+00  -5.952144265175e-01   0.000000000000e+00   0.000000000000e+00  -5.952144265175e-01  -6.848716642708e-03   0.000000000000e+00  -2.409568578005e-01 
  9.111333638430e-02   0.000000000000e+00  -4.527570009232e-01   2.897954881191e-01   1.198988175020e-03  -4.759080410004e-01   2.299535274506e-01  -6.877609342337e-02  -8.989667296410e-01 
  9.663261473179e-03   0.000000000000e+00  -9.812898635864e-01   0.000000000000e+00   0.000000000000e+00  -9.800475239754e-01   0.000000000000e+00   0.000000000000e+00  -1.000000014901e-01 
  0.000000000000e+00   0.000000000000e+00  -1.000000014901e-01   0.000000000000e+00   0.000000000000e+00  -5.952144265175e-01   0.000000000000e+00   0.000000000000e+00  -5.952144265175e-01 
 -6.848716642708e-03   0.000000000000e+00  -2.409568578005e-01   9.111333638430e-02   0.000000000000e+00  -4.527570009232e-01   2.897954881191e-01   1.198988175020e-03  -4.759080410004e-01 
  2.299535274506e-01  -6.877609342337e-02  -8.989667296410e-01   9.663261473179e-03   0.000000000000e+00  -9.812898635864e-01   0.000000000000e+00   0.000000000000e+00  -9.800475239754e-01 
  0.000000000000e+00   0.000000000000e+00  -1.000000014901e-01   0.000000000000e+00   0.000000000000e+00  -1.000000014901e-01   0.000000000000e+00   1.100441068411e-02  -6.454932093620e-01 
  0.000000000000e+00   1.100441068411e-02  -6.454932093620e-01   4.977162182331e-02  -6.010030955076e-02  -3.727063536644e-01   1.124877780676e-01  -8.132127672434e-02  -6.191730499268e-01 
  6.393402069807e-02  -6.671138107777e-02  -1.041821599007e+00   4.798689857125e-02   2.497793734074e-02  -1.677681207657e-01  -2.141796285287e-03   5.485058296472e-03  -1.000000014901e-01 
  0.000000000000e+00   2.478365786374e-02  -1.000000014901e-01  -1.432852074504e-02   4.961503297091e-02  -3.996294140816e-01  -1.432852074504e-02   4.961503297091e-02  -3.996294140816e-01 
  0.000000000000e+00   1.100441068411e-02  -6.454932093620e-01   0.000000000000e+00   1.100441068411e-02  -6.454932093620e-01   4.977162182331e-02  -6.010030955076e-02  -3.727063536644e-01 
  1.124877780676e-01  -8.132127672434e-02  -6.191730499268e-01   6.393402069807e-02  -6.671138107777e-02  -1.041821599007e+00   4.798689857125e-02   2.497793734074e-02  -1.677681207657e-01 
 -2.141796285287e-03   5.485058296472e-03  -1.000000014901e-01   0.000000000000e+00   2.478365786374e-02  -1.000000014901e-01  -1.432852074504e-02   4.961503297091e-02  -3.996294140816e-01 
 -1.432852074504e-02   4.961503297091e-02  -3.996294140816e-01   0.000000000000e+00   7.652560621500e-02  -6.213672757149e-01   0.000000000000e+00   7.652560621500e-02  -6.213672757149e-01 
  1.789380460978e-01  -1.374708712101e-01  -9.991946071386e-02   2.278136909008e-01  -8.625826984644e-02  -5.594794750214e-01   0.000000000000e+00  -6.513878703117e-02  -5.822347998619e-01 
  3.205341100693e-02   3.485840559006e-02  -4.852029383183e-01  -5.300098098814e-03   1.376813370734e-02  -4.078661650419e-02  -2.669710852206e-02   2.473664097488e-02  -1.166958734393e-01 
 -4.372111335397e-02   4.961503297091e-02  -1.000000014901e-01  -4.372111335397e-02   4.961503297091e-02  -1.000000014901e-01   0.000000000000e+00   5.693854019046e-02  -2.306075990200e-01 
  0.000000000000e+00   5.693854019046e-02  -2.306075990200e-01  -5.501596629620e-02   1.223526429385e-02  -3.846820816398e-02   6.616672873497e-02  -1.339871715754e-02  -1.963675171137e-01 
  8.849881589413e-02  -8.858843147755e-02  -7.064133882523e-01   1.016529351473e-01   1.277707051486e-02  -6.891538500786e-01   1.060177385807e-02   0.000000000000e+00  -1.000000014901e-01 
 -3.784846141934e-02   5.062336474657e-02   6.993118673563e-02  -2.499589696527e-02   0.000000000000e+00  -1.000000014901e-01  -2.499589696527e-02   0.000000000000e+00  -1.000000014901e-01 
  0.000000000000e+00   1.042024567723e-01  -2.590325176716e-01   0.000000000000e+00   1.042024567723e-01  -2.590325176716e-01  -4.477019235492e-02  -2.665757760406e-02  -2.062559276819e-01 
  7.965580374002e-02  -1.722962409258e-01  -7.112223505974e-01   7.680091261864e-02   0.000000000000e+00  -8.190082311630e-01   1.044988408685e-01  -1.631796807051e-01  -8.697584271431e-01 
  8.440440893173e-02   1.198118552566e-01  -1.000000014901e-01   6.403717398643e-02   8.587937802076e-02  -1.000000014901e-01   1.296510081738e-02  -1.826581917703e-02  -4.142529964447e-01 
  1.296510081738e-02  -1.826581917703e-02  -4.142529964447e-01   0.000000000000e+00   1.320475339890e-01  -2.972135245800e-01   0.000000000000e+00   1.320475339890e-01  -2.972135245800e-01 
 -4.873730987310e-02   1.589274108410e-01  -4.006213694811e-02   2.579186260700e-01  -7.953553646803e-02  -4.794066250324e-01   1.023845076561e-01  -4.856699332595e-02  -3.931379616261e-01 
  1.364103257656e-01  -2.177831828594e-01  -6.253418326378e-01   2.084649056196e-01  -1.977036446333e-01  -6.246407628059e-01   6.014079973102e-02  -1.068076118827e-01  -4.113867878914e-01 
 -1.248277071863e-02  -7.032530754805e-02  -4.159882366657e-01  -1.248277071863e-02  -7.032530754805e-02  -4.159882366657e-01   0.000000000000e+00   7.699128240347e-02  -2.811682224274e-01 
  0.000000000000e+00   7.699128240347e-02  -2.811682224274e-01   2.304592169821e-03   1.096585765481e-01   8.556387573481e-02   8.754303455353e-01   2.116795815527e-02  -1.790409982204e-01 
  5.541123151779e-01  -8.679796010256e-02  -6.336398124695e-01   2.474280446768e-01  -3.291954398155e-01  -8.548709154129e-01   2.702902853489e-01  -3.543025553226e-01  -7.578840851784e-01 
  0.000000000000e+00   0.000000000000e+00  -3.450672328472e-01   0.000000000000e+00   1.093783881515e-02  -2.680872678757e-01   0.000000000000e+00   1.093783881515e-02  -2.680872678757e-01 
  0.000000000000e+00   2.446629293263e-02  -4.332836568356e-01   0.000000000000e+00   2.446629293263e-02  -4.332836568356e-01   2.089513838291e-02   4.534200206399e-02  -1.425690054893e-01 
  6.319948434830e-01   1.813125796616e-02  -4.421038329601e-01   5.113746523857e-01  -1.751549243927e-01  -4.748301506042e-01   2.588591575623e-01  -2.808168530464e-01  -6.988337635994e-01 
 -1.449696570635e-01  -2.689613103867e-01  -7.658085823059e-01  -2.887397408485e-01   0.000000000000e+00   2.666131556034e-01   0.000000000000e+00   0.000000000000e+00  -1.000000014901e-01 
  0.000000000000e+00   0.000000000000e+00  -1.000000014901e-01   0.000000000000e+00   0.000000000000e+00  -1.704293936491e-01   0.000000000000e+00   0.000000000000e+00  -1.704293936491e-01 
 -8.413842879236e-03   0.000000000000e+00  -1.247769221663e-01   1.526504755020e-01   0.000000000000e+00  -2.089507579803e-01   3.821821808815e-01  -4.761394858360e-02  -5.284194946289e-01 
  0.000000000000e+00  -7.657299190760e-02  -6.239458322525e-01  -7.746301591396e-02   0.000000000000e+00   2.666131556034e-01  -2.918988168240e-01   0.000000000000e+00   2.665144503117e-01 
 -1.600808054209e-01   0.000000000000e+00   1.520134508610e-01  -1.600808054209e-01   0.000000000000e+00   1.520134508610e-01   0.000000000000e+00   0.000000000000e+00  -1.704293936491e-01 
  0.000000000000e+00   0.000000000000e+00  -1.704293936491e-01  -8.413842879236e-03   0.000000000000e+00  -1.247769221663e-01   1.526504755020e-01   0.000000000000e+00  -2.089507579803e-01 
  3.821821808815e-01  -4.761394858360e-02  -5.284194946289e-01   0.000000000000e+00  -7.657299190760e-02  -6.239458322525e-01  -7.746301591396e-02   0.000000000000e+00   2.666131556034e-01 
 -2.918988168240e-01   0.000000000000e+00   2.665144503117e-01  -1.600808054209e-01   0.000000000000e+00   1.520134508610e-01  -1.600808054209e-01   0.000000000000e+00   1.520134508610e-01 
  0.000000000000e+00  -3.378593921661e-02  -7.200095057487e-01   0.000000000000e+00  -3.378593921661e-02  -7.200095057487e-01   3.524417057633e-02   1.000945083797e-02  -7.095358967781e-01 
  1.021519675851e-01  -1.029871851206e-01  -3.338569104671e-01   0.000000000000e+00   0.000000000000e+00  -1.000000014901e-01   0.000000000000e+00   5.600419268012e-02  -1.747470051050e-01 
 -8.013117127120e-03   3.009867621586e-03  -1.000000014901e-01  -8.299869485199e-03   2.308293618262e-02  -1.000000014901e-01   0.000000000000e+00   0.000000000000e+00  -1.000000014901e-01 
  0.000000000000e+00   0.000000000000e+00  -1.000000014901e-01   0.000000000000e+00  -3.378593921661e-02  -7.200095057487e-01   0.000000000000e+00  -3.378593921661e-02  -7.200095057487e-01 
  3.524417057633e-02   1.000945083797e-02  -7.095358967781e-01   1.021519675851e-01  -1.029871851206e-01  -3.338569104671e-01   0.000000000000e+00   0.000000000000e+00  -1.000000014901e-01 
  0.000000000000e+00   5.600419268012e-02  -1.747470051050e-01  -8.013117127120e-03   3.009867621586e-03  -1.000000014901e-01  -8.299869485199e-03   2.308293618262e-02  -1.000000014901e-01 
  0.000000000000e+00   0.000000000000e+00  -1.000000014901e-01   0.000000000000e+00   0.000000000000e+00  -1.000000014901e-01   0.000000000000e+00  -1.388010010123e-02  -7.021551132202e-01 
  0.000000000000e+00  -1.388010010123e-02  -7.021551132202e-01   1.188140641898e-02  -7.322908937931e-02  -2.597517967224e-01   9.508267045021e-02  -8.234106749296e-02  -3.515331745148e-01 
  5.223693698645e-02  -6.327944993973e-02  -4.126569926739e-01  -6.343954708427e-03   7.860627025366e-02  -2.050342410803e-01  -1.265919581056e-02   0.000000000000e+00  -1.000000014901e-01 
 -1.265919581056e-02   3.715807572007e-02  -1.001573204994e-01  -3.812359645963e-03   0.000000000000e+00  -1.000000014901e-01  -3.812359645963e-03   0.000000000000e+00  -1.000000014901e-01 
  0.000000000000e+00   2.345370873809e-02  -3.304148912430e-01   0.000000000000e+00   2.345370873809e-02  -3.304148912430e-01  -3.086484223604e-02  -3.125536604784e-04  -2.476820349693e-01 
  1.812257990241e-02  -2.190434001386e-02  -2.604927420616e-01   1.739949919283e-02   1.013165712357e-01  -3.936641216278e-01  -1.239844039083e-02   2.046267390251e-01  -1.561599969864e-01 
 -1.265919581056e-02   2.046267390251e-01  -1.000000014901e-01  -1.265919581056e-02   1.023133620620e-01  -1.000000014901e-01   0.000000000000e+00   6.708069145679e-02  -1.000000014901e-01 
  0.000000000000e+00   6.708069145679e-02  -1.000000014901e-01   0.000000000000e+00   6.254318356514e-02  -1.974741220474e-01   0.000000000000e+00   6.254318356514e-02  -1.974741220474e-01 
 -3.060711175203e-02   4.287179931998e-02  -2.031017094851e-01  -2.904849126935e-02   3.218148648739e-02  -3.154436945915e-01  -1.703530251980e-01   6.871288176626e-03  -1.000000014901e-01 
 -1.976557821035e-01   2.046267390251e-01  -8.359232544899e-01  -7.688769255765e-04   2.046267390251e-01  -1.000000014901e-01  -1.876536989585e-03   1.023133620620e-01  -1.325989663601e-01 
 -7.725691539235e-04   6.340850144625e-02  -1.462291628122e-01  -7.725691539235e-04   6.340850144625e-02  -1.462291628122e-01   0.000000000000e+00   1.758797615767e-01  -4.637053906918e-01 
  0.000000000000e+00   1.758797615767e-01  -4.637053906918e-01  -7.301690429449e-02   1.690587997437e-01  -2.287053167820e-01  -3.729232400656e-02  -5.276148673147e-03  -2.017091810703e-01 
  0.000000000000e+00   0.000000000000e+00  -1.000000014901e-01  -2.392209470272e-01  -6.894109398127e-02  -9.031376838684e-01  -5.399390283856e-05   8.198773860931e-02  -7.267991900444e-01 
  1.893627573736e-03   6.356924027205e-02  -4.939162731171e-01   1.672879792750e-03   4.806005954742e-02  -3.997404873371e-01   1.672879792750e-03   4.806005954742e-02  -3.997404873371e-01 
  0.000000000000e+00   1.312261670828e-01  -2.804275155067e-01   0.000000000000e+00   1.312261670828e-01  -2.804275155067e-01  -4.731977358460e-02   1.107919737697e-01   5.465256795287e-02 
  3.517875820398e-02  -2.238811179996e-02  -1.210216581821e-01   1.193020567298e-01  -1.688551306725e-01  -9.060412049294e-01   2.320162653923e-01   0.000000000000e+00  -1.400187849998e+00 
  2.063862681389e-01  -1.851123720407e-01  -6.766396164894e-01   4.978887736797e-03  -8.800684660673e-02  -3.189977407455e-01   2.259480068460e-03  -4.415456578135e-02  -2.529049813747e-01 
  2.259480068460e-03  -4.415456578135e-02  -2.529049813747e-01   0.000000000000e+00   2.371286600828e-02  -3.062363862991e-01   0.000000000000e+00   2.371286600828e-02  -3.062363862991e-01 
 -9.183607995510e-03   3.452743217349e-02  -2.093726955354e-02   3.070977926254e-01   9.035572409630e-02  -4.054960310459e-01   4.247514307499e-01  -1.838877052069e-02  -8.983846902847e-01 
  3.505473136902e-01  -3.659138083458e-02  -5.170772671700e-01  -6.720590591431e-02  -1.542651504278e-01   1.517984718084e-01  -2.918988168240e-01  -6.248728185892e-02   2.666131556034e-01 
  0.000000000000e+00  -3.223961219192e-02  -1.000000014901e-01   0.000000000000e+00  -3.223961219192e-02  -1.000000014901e-01   0.000000000000e+00   0.000000000000e+00  -3.001762628555e-01 
  0.000000000000e+00   0.000000000000e+00  -3.001762628555e-01   1.515413373709e-01   0.000000000000e+00  -4.168777763844e-01   2.659897208214e-01   0.000000000000e+00  -9.131713509560e-01 
  5.009983181953e-01   2.514078514650e-04  -1.667891502380e+00   7.084860205650e-01   0.000000000000e+00  -9.959328770638e-01   5.146998446435e-03  -8.512803469785e-05  -4.311393201351e-01 
 -5.441770330071e-02  -9.665461257100e-03  -1.091002374887e-01  -6.415701657534e-02  -1.133911963552e-02  -5.652252212167e-02  -6.415701657534e-02  -1.133911963552e-02  -5.652252212167e-02 
  0.000000000000e+00   0.000000000000e+00  -3.001762628555e-01   0.000000000000e+00   0.000000000000e+00  -3.001762628555e-01   1.515413373709e-01   0.000000000000e+00  -4.168777763844e-01 
  2.659897208214e-01   0.000000000000e+00  -9.131713509560e-01   5.009983181953e-01   2.514078514650e-04  -1.667891502380e+00   7.084860205650e-01   0.000000000000e+00  -9.959328770638e-01 
  5.146998446435e-03  -8.512803469785e-05  -4.311393201351e-01  -5.441770330071e-02  -9.665461257100e-03  -1.091002374887e-01  -6.415701657534e-02  -1.133911963552e-02  -5.652252212167e-02 
 -6.415701657534e-02  -1.133911963552e-02  -5.652252212167e-02   0.000000000000e+00   1.015673130751e-01  -2.662334442139e-01   0.000000000000e+00   1.015673130751e-01  -2.662334442139e-01 
 -5.107476934791e-02   4.740959778428e-02  -1.739714592695e-01  -5.107476934791e-02  -5.159082356840e-03  -3.102903664112e-01   8.124490268528e-03  -4.530556499958e-03  -1.000000014901e-01 
  1.277813455090e-03   0.000000000000e+00  -2.662573754787e-01   0.000000000000e+00   0.000000000000e+00  -1.000000014901e-01   0.000000000000e+00   2.998133655638e-03  -5.384368896484e-01 
  0.000000000000e+00   3.331704356242e-04  -1.000000014901e-01   0.000000000000e+00   3.331704356242e-04  -1.000000014901e-01   0.000000000000e+00   1.015673130751e-01  -2.662334442139e-01 
  0.000000000000e+00   1.015673130751e-01  -2.662334442139e-01  -5.107476934791e-02   4.740959778428e-02  -1.739714592695e-01  -5.107476934791e-02  -5.159082356840e-03  -3.102903664112e-01 
  8.124490268528e-03  -4.530556499958e-03  -1.000000014901e-01   1.277813455090e-03   0.000000000000e+00  -2.662573754787e-01   0.000000000000e+00   0.000000000000e+00  -1.000000014901e-01 
  0.000000000000e+00   2.998133655638e-03  -5.384368896484e-01   0.000000000000e+00   3.331704356242e-04  -1.000000014901e-01   0.000000000000e+00   3.331704356242e-04  -1.000000014901e-01 
  0.000000000000e+00   1.006750762463e-01  -8.233465552330e-01   0.000000000000e+00   1.006750762463e-01  -8.233465552330e-01  -4.437553137541e-02   2.109032310545e-02  -5.776613354683e-01 
 -1.849550008774e-02   1.591375470161e-02  -5.042697191238e-01  -1.070940773934e-02   0.000000000000e+00   4.601470232010e-01   0.000000000000e+00   0.000000000000e+00  -3.661676645279e-01 
 -1.265919581056e-02   0.000000000000e+00  -6.323353052139e-01  -1.265919581056e-02   0.000000000000e+00  -6.323353052139e-01   0.000000000000e+00   0.000000000000e+00  -4.490201175213e-01 
  0.000000000000e+00   0.000000000000e+00  -4.490201175213e-01   0.000000000000e+00  -1.262926161289e-01  -1.579638756812e-02   0.000000000000e+00  -1.262926161289e-01  -1.579638756812e-02 
 -8.951604366302e-02  -9.213197976351e-02  -1.537260562181e-01  -7.574419677258e-02  -4.761024937034e-02  -1.359081417322e-01   0.000000000000e+00   0.000000000000e+00   1.301176667213e+00 
  0.000000000000e+00   2.046267390251e-01  -1.000000014901e-01  -2.400478720665e-02   1.932811439037e-01  -6.436808705330e-01  -1.313603366725e-03   0.000000000000e+00  -6.323353052139e-01 
  0.000000000000e+00   0.000000000000e+00  -1.000000014901e-01   0.000000000000e+00   0.000000000000e+00  -1.000000014901e-01   0.000000000000e+00   6.008381955326e-03  -1.977167278528e-01 
  0.000000000000e+00   6.008381955326e-03  -1.977167278528e-01  -7.905397564173e-02   4.470306914300e-03  -1.890671402216e-01   0.000000000000e+00   0.000000000000e+00   2.576514244080e+00 
 -3.396956920624e-01   0.000000000000e+00   2.702353477478e+00  -3.396956920624e-01   2.046267390251e-01   1.394503116608e+00   0.000000000000e+00   2.159723192453e-01  -1.000000014901e-01 
  0.000000000000e+00   0.000000000000e+00  -3.661676645279e-01   0.000000000000e+00   0.000000000000e+00  -2.614359557629e-01   0.000000000000e+00   0.000000000000e+00  -2.614359557629e-01 
  0.000000000000e+00   1.478125061840e-02   8.746509999037e-02   0.000000000000e+00   1.478125061840e-02   8.746509999037e-02  -6.430354714394e-02   2.207977697253e-02   3.600216656923e-02 
  0.000000000000e+00   0.000000000000e+00   2.446563482285e+00  -2.648610770702e-01  -1.427852362394e-01   2.777188062668e+00  -4.145302772522e-01  -2.176198363304e-01   2.744979858398e+00 
  0.000000000000e+00   0.000000000000e+00   2.037132740021e+00   0.000000000000e+00   0.000000000000e+00   1.459741115570e+00   0.000000000000e+00   0.000000000000e+00   1.098859667778e+00 
  0.000000000000e+00   0.000000000000e+00   1.098859667778e+00   0.000000000000e+00   2.768158614635e-01  -2.302473485470e-01   0.000000000000e+00   2.768158614635e-01  -2.302473485470e-01 
 -3.233380243182e-02   2.476917654276e-01  -1.803783923388e-01   0.000000000000e+00   0.000000000000e+00  -4.807514846325e-01   0.000000000000e+00  -2.924544215202e-01  -1.878610998392e-01 
  5.064257886261e-03  -2.607755959034e-01  -1.000000014901e-01   1.253630220890e-01  -1.577135771513e-01  -3.607969582081e-01   4.364020377398e-02  -9.888045489788e-02  -2.884640991688e-01 
  2.014330774546e-02  -6.471890956163e-02  -2.384279221296e-01   2.014330774546e-02  -6.471890956163e-02  -2.384279221296e-01   0.000000000000e+00   1.670033037663e-01  -2.202032208443e-01 
  0.000000000000e+00   1.670033037663e-01  -2.202032208443e-01   2.844751253724e-02   9.688369184732e-02  -5.181906223297e-01   4.765924811363e-01   1.895501017570e-01  -6.041944026947e-01 
  4.887389540672e-01   0.000000000000e+00  -6.195718050003e-01   5.032469034195e-01  -1.838574372232e-02  -9.908711314201e-01   2.681219279766e-01  -8.808326721191e-02  -1.261179745197e-01 
 -5.854369699955e-02  -6.211926043034e-02  -1.000000014901e-01   0.000000000000e+00  -4.155901074409e-02  -1.000000014901e-01   0.000000000000e+00  -4.155901074409e-02  -1.000000014901e-01 
  0.000000000000e+00   0.000000000000e+00  -2.923013567924e-01   0.000000000000e+00   0.000000000000e+00  -2.923013567924e-01   1.542935818434e-01   0.000000000000e+00  -4.636664092541e-01 
  3.273223936558e-01   0.000000000000e+00  -5.240183472633e-01   4.050526022911e-01   4.272456280887e-03  -6.093220114708e-01   7.135477662086e-01   2.514078514650e-04  -9.858093857765e-01 
  7.135477662086e-01   4.677882316173e-05  -9.908711314201e-01   0.000000000000e+00  -5.261725280434e-03  -5.981423854828e-01  -2.406494505703e-02  -1.082167774439e-02  -3.562477827072e-01 
 -2.406494505703e-02  -1.082167774439e-02  -3.562477827072e-01   0.000000000000e+00   0.000000000000e+00  -2.923013567924e-01   0.000000000000e+00   0.000000000000e+00  -2.923013567924e-01 
  1.542935818434e-01   0.000000000000e+00  -4.636664092541e-01   3.273223936558e-01   0.000000000000e+00  -5.240183472633e-01   4.050526022911e-01   4.272456280887e-03  -6.093220114708e-01 
  7.135477662086e-01   2.514078514650e-04  -9.858093857765e-01   7.135477662086e-01   4.677882316173e-05  -9.908711314201e-01   0.000000000000e+00  -5.261725280434e-03  -5.981423854828e-01 
 -2.406494505703e-02  -1.082167774439e-02  -3.562477827072e-01  -2.406494505703e-02  -1.082167774439e-02  -3.562477827072e-01   0.000000000000e+00   5.537739396095e-02  -3.795836865902e-02 
  0.000000000000e+00   5.537739396095e-02  -3.795836865902e-02  -9.762627631426e-02  -5.476574599743e-02  -3.257640004158e-01  -4.897537827492e-02  -2.784731611609e-02  -3.377583920956e-01 
 -3.152191266418e-02  -1.583888567984e-02  -1.177115216851e-01  -1.261832285672e-02   2.077851258218e-02  -2.632112503052e-01  -3.852335503325e-03   0.000000000000e+00  -1.000000014901e-01 
 -3.842567792162e-03   8.105193846859e-04  -4.299137294292e-01  -2.119600540027e-03   3.344204160385e-04  -2.858030498028e-01  -2.119600540027e-03   3.344204160385e-04  -2.858030498028e-01 
  0.000000000000e+00   5.537739396095e-02  -3.795836865902e-02   0.000000000000e+00   5.537739396095e-02  -3.795836865902e-02  -9.762627631426e-02  -5.476574599743e-02  -3.257640004158e-01 
 -4.897537827492e-02  -2.784731611609e-02  -3.377583920956e-01  -3.152191266418e-02  -1.583888567984e-02  -1.177115216851e-01  -1.261832285672e-02   2.077851258218e-02  -2.632112503052e-01 
 -3.852335503325e-03   0.000000000000e+00  -1.000000014901e-01  -3.842567792162e-03   8.105193846859e-04  -4.299137294292e-01  -2.119600540027e-03   3.344204160385e-04  -2.858030498028e-01 
 -2.119600540027e-03   3.344204160385e-04  -2.858030498028e-01   0.000000000000e+00   3.276533912867e-03  -7.579757571220e-01   0.000000000000e+00   3.276533912867e-03  -7.579757571220e-01 
  3.997336700559e-02  -1.380791813135e-01  -9.013752341270e-01   1.614614389837e-02   0.000000000000e+00  -3.746314048767e-01   0.000000000000e+00   0.000000000000e+00   5.154157876968e-01 
  0.000000000000e+00   4.179918766022e-02  -3.661676347256e-01  -6.329597905278e-03   0.000000000000e+00  -6.323353052139e-01  -6.329597439617e-03   0.000000000000e+00  -6.323353052139e-01 
 -2.605891553685e-03   0.000000000000e+00  -4.299137294292e-01  -2.605891553685e-03   0.000000000000e+00  -4.299137294292e-01   0.000000000000e+00  -2.024269253016e-01   2.830592393875e-01 
  0.000000000000e+00  -2.024269253016e-01   2.830592393875e-01  -6.158767268062e-02  -9.365318715572e-02  -3.089049756527e-01   0.000000000000e+00   0.000000000000e+00  -3.341150283813e-01 
 -5.828233063221e-02   2.624222077429e-02   1.301176667213e+00   0.000000000000e+00   1.023133620620e-01  -1.000000014901e-01   0.000000000000e+00   0.000000000000e+00  -6.209897398949e-01 
  0.000000000000e+00   0.000000000000e+00  -6.323353052139e-01   0.000000000000e+00   0.000000000000e+00  -1.000000014901e-01   0.000000000000e+00   0.000000000000e+00  -1.000000014901e-01 
  0.000000000000e+00   7.710167765617e-02  -1.169141605496e-01   0.000000000000e+00   7.710167765617e-02  -1.169141605496e-01  -7.951527088881e-02   6.836441904306e-02  -1.233206093311e-01 
 -6.239463388920e-02   5.167717859149e-02   2.604908704758e+00  -3.396956920624e-01  -8.290933072567e-02   2.702353477478e+00  -3.396956920624e-01   1.023133620620e-01   1.390332698822e+00 
  0.000000000000e+00   0.000000000000e+00  -1.000000014901e-01   0.000000000000e+00   0.000000000000e+00  -3.661676347256e-01   0.000000000000e+00   0.000000000000e+00  -2.614410519600e-01 
  0.000000000000e+00   0.000000000000e+00  -2.614410519600e-01   0.000000000000e+00  -8.516184240580e-02  -8.889845339581e-04   0.000000000000e+00  -8.516184240580e-02  -8.889845339581e-04 
 -2.730507217348e-02  -2.413411624730e-02   1.073085702956e-02  -7.527511566877e-03  -1.006283015013e-01   2.521607398987e+00  -3.396956920624e-01  -2.176198363304e-01   2.627518892288e+00 
 -3.396956920624e-01  -2.264463901520e-01   2.702353477478e+00  -1.608123928308e-01   0.000000000000e+00   1.529388546944e+00  -5.682192742825e-02   0.000000000000e+00   8.178830742836e-01 
 -2.271342836320e-02   0.000000000000e+00   5.114421844482e-01  -2.271342836320e-02   0.000000000000e+00   5.114421844482e-01   0.000000000000e+00   1.816135644913e-01   1.344684213400e-01 
  0.000000000000e+00   1.816135644913e-01   1.344684213400e-01   6.360881030560e-02   2.052111625671e-01  -3.113743104041e-02   1.109603419900e-02  -6.765082478523e-02  -5.424981713295e-01 
  2.378386125201e-04  -2.176198363304e-01  -1.836980283260e-01  -2.355034202337e-01  -2.362647950649e-01   1.229429006577e+00  -1.258490383625e-01  -1.362298280001e-01   3.179588317871e-01 
 -3.619030117989e-02  -8.258766680956e-02  -4.572261590511e-03  -8.063274435699e-03  -5.332203954458e-02  -1.072505712509e-01  -8.063274435699e-03  -5.332203954458e-02  -1.072505712509e-01 
  0.000000000000e+00   1.189092695713e-01  -1.181150078773e-01   0.000000000000e+00   1.189092695713e-01  -1.181150078773e-01   2.402593195438e-01   8.618233352900e-02  -5.249854922295e-01 
  0.000000000000e+00   1.167428791523e-01  -6.847005486488e-01   0.000000000000e+00   3.975741192698e-02  -6.093220114708e-01   2.625169157982e-01  -4.846907220781e-03  -6.436784267426e-01 
  2.198516577482e-01  -5.308273062110e-02  -2.645144164562e-01   4.768741875887e-02  -5.494642257690e-02  -1.661026477814e-01   2.114073373377e-02  -4.552917554975e-02  -1.000000014901e-01 
  2.114073373377e-02  -4.552917554975e-02  -1.000000014901e-01   0.000000000000e+00   0.000000000000e+00  -2.392135858536e-01   0.000000000000e+00   0.000000000000e+00  -2.392135858536e-01 
  1.477087885141e-01   0.000000000000e+00  -3.778141736984e-01   2.242856621742e-01   3.340815752745e-02  -5.271141529083e-01   2.411343008280e-01   2.365216240287e-02  -5.026626586914e-01 
  6.140685081482e-01   5.439050495625e-03  -1.000000014901e-01   0.000000000000e+00   2.066102111712e-03  -1.000000014901e-01   0.000000000000e+00  -1.969428500161e-03  -1.000000014901e-01 
  0.000000000000e+00  -6.872401107103e-03  -2.079935967922e-01   0.000000000000e+00  -6.872401107103e-03  -2.079935967922e-01   0.000000000000e+00   0.000000000000e+00  -2.392135858536e-01 
  0.000000000000e+00   0.000000000000e+00  -2.392135858536e-01   1.477087885141e-01   0.000000000000e+00  -3.778141736984e-01   2.242856621742e-01   3.340815752745e-02  -5.271141529083e-01 
  2.411343008280e-01   2.365216240287e-02  -5.026626586914e-01   6.140685081482e-01   5.439050495625e-03  -1.000000014901e-01   0.000000000000e+00   2.066102111712e-03  -1.000000014901e-01 
  0.000000000000e+00  -1.969428500161e-03  -1.000000014901e-01   0.000000000000e+00  -6.872401107103e-03  -2.079935967922e-01   0.000000000000e+00  -6.872401107103e-03  -2.079935967922e-01 
  0.000000000000e+00   5.537739396095e-02  -3.795836865902e-02   0.000000000000e+00   5.537739396095e-02  -3.795836865902e-02  -9.762627631426e-02  -5.476574599743e-02  -3.257640004158e-01 
 -4.897537827492e-02  -2.784731611609e-02  -3.377583920956e-01  -3.152191266418e-02  -1.583888567984e-02  -1.177115216851e-01  -1.261832285672e-02   2.077851258218e-02  -2.632112503052e-01 
 -3.852335503325e-03   0.000000000000e+00  -1.000000014901e-01  -3.842567792162e-03   8.105193846859e-04  -4.299137294292e-01  -2.119600540027e-03   3.344204160385e-04  -2.858030498028e-01 
 -2.119600540027e-03   3.344204160385e-04  -2.858030498028e-01   0.000000000000e+00   5.537739396095e-02  -3.795836865902e-02   0.000000000000e+00   5.537739396095e-02  -3.795836865902e-02 
 -9.762627631426e-02  -5.476574599743e-02  -3.257640004158e-01  -4.897537827492e-02  -2.784731611609e-02  -3.377583920956e-01  -3.152191266418e-02  -1.583888567984e-02  -1.177115216851e-01 
 -1.261832285672e-02   2.077851258218e-02  -2.632112503052e-01  -3.852335503325e-03   0.000000000000e+00  -1.000000014901e-01  -3.842567792162e-03   8.105193846859e-04  -4.299137294292e-01 
 -2.119600540027e-03   3.344204160385e-04  -2.858030498028e-01  -2.119600540027e-03   3.344204160385e-04  -2.858030498028e-01   0.000000000000e+00   3.276533912867e-03  -7.579757571220e-01 
  0.000000000000e+00   3.276533912867e-03  -7.579757571220e-01   3.997336700559e-02  -1.380791813135e-01  -9.013752341270e-01   1.614614389837e-02   0.000000000000e+00  -3.746314048767e-01 
  0.000000000000e+00   0.000000000000e+00   5.154157876968e-01   0.000000000000e+00   4.179918766022e-02  -3.661676347256e-01  -6.329597905278e-03   0.000000000000e+00  -6.323353052139e-01 
 -6.329597439617e-03   0.000000000000e+00  -6.323353052139e-01  -2.605891553685e-03   0.000000000000e+00  -4.299137294292e-01  -2.605891553685e-03   0.000000000000e+00  -4.299137294292e-01 
  0.000000000000e+00  -2.024269253016e-01   2.830592393875e-01   0.000000000000e+00  -2.024269253016e-01   2.830592393875e-01  -6.158767268062e-02  -9.365318715572e-02  -3.089049756527e-01 
  0.000000000000e+00   0.000000000000e+00  -3.341150283813e-01  -5.828233063221e-02   2.624222077429e-02   1.301176667213e+00   0.000000000000e+00   1.023133620620e-01  -1.000000014901e-01 
  0.000000000000e+00   0.000000000000e+00  -6.209897398949e-01   0.000000000000e+00   0.000000000000e+00  -6.323353052139e-01   0.000000000000e+00   0.000000000000e+00  -1.000000014901e-01 
  0.000000000000e+00   0.000000000000e+00  -1.000000014901e-01   0.000000000000e+00   7.710167765617e-02  -1.169141605496e-01   0.000000000000e+00   7.710167765617e-02  -1.169141605496e-01 
 -7.951527088881e-02   6.836441904306e-02  -1.233206093311e-01  -6.239463388920e-02   5.167717859149e-02   2.604908704758e+00  -3.396956920624e-01  -8.290933072567e-02   2.702353477478e+00 
 -3.396956920624e-01   1.023133620620e-01   1.390332698822e+00   0.000000000000e+00   0.000000000000e+00  -1.000000014901e-01   0.000000000000e+00   0.000000000000e+00  -3.661676347256e-01 
  0.000000000000e+00   0.000000000000e+00  -2.614410519600e-01   0.000000000000e+00   0.000000000000e+00  -2.614410519600e-01   0.000000000000e+00  -8.516184240580e-02  -8.889845339581e-04 
  0.000000000000e+00  -8.516184240580e-02  -8.889845339581e-04  -2.730507217348e-02  -2.413411624730e-02   1.073085702956e-02  -7.527511566877e-03  -1.006283015013e-01   2.521607398987e+00 
 -3.396956920624e-01  -2.176198363304e-01   2.627518892288e+00  -3.396956920624e-01  -2.264463901520e-01   2.702353477478e+00  -1.608123928308e-01   0.000000000000e+00   1.529388546944e+00 
 -5.682192742825e-02   0.000000000000e+00   8.178830742836e-01  -2.271342836320e-02   0.000000000000e+00   5.114421844482e-01  -2.271342836320e-02   0.000000000000e+00   5.114421844482e-01 
  0.000000000000e+00   1.816135644913e-01   1.344684213400e-01   0.000000000000e+00   1.816135644913e-01   1.344684213400e-01   6.360881030560e-02   2.052111625671e-01  -3.113743104041e-02 
  1.109603419900e-02  -6.765082478523e-02  -5.424981713295e-01   2.378386125201e-04  -2.176198363304e-01  -1.836980283260e-01  -2.355034202337e-01  -2.362647950649e-01   1.229429006577e+00 
 -1.258490383625e-01  -1.362298280001e-01   3.179588317871e-01  -3.619030117989e-02  -8.258766680956e-02  -4.572261590511e-03  -8.063274435699e-03  -5.332203954458e-02  -1.072505712509e-01 
 -8.063274435699e-03  -5.332203954458e-02  -1.072505712509e-01   0.000000000000e+00   1.189092695713e-01  -1.181150078773e-01   0.000000000000e+00   1.189092695713e-01  -1.181150078773e-01 
  2.402593195438e-01   8.618233352900e-02  -5.249854922295e-01   0.000000000000e+00   1.167428791523e-01  -6.847005486488e-01   0.000000000000e+00   3.975741192698e-02  -6.093220114708e-01 
  2.625169157982e-01  -4.846907220781e-03  -6.436784267426e-01   2.198516577482e-01  -5.308273062110e-02  -2.645144164562e-01   4.768741875887e-02  -5.494642257690e-02  -1.661026477814e-01 
  2.114073373377e-02  -4.552917554975e-02  -1.000000014901e-01   2.114073373377e-02  -4.552917554975e-02  -1.000000014901e-01   0.000000000000e+00   0.000000000000e+00  -2.392135858536e-01 
  0.000000000000e+00   0.000000000000e+00  -2.392135858536e-01   1.477087885141e-01   0.000000000000e+00  -3.778141736984e-01   2.242856621742e-01   3.340815752745e-02  -5.271141529083e-01 
  2.411343008280e-01   2.365216240287e-02  -5.026626586914e-01   6.140685081482e-01   5.439050495625e-03  -1.000000014901e-01   0.000000000000e+00   2.066102111712e-03  -1.000000014901e-01 
  0.000000000000e+00  -1.969428500161e-03  -1.000000014901e-01   0.000000000000e+00  -6.872401107103e-03  -2.079935967922e-01   0.000000000000e+00  -6.872401107103e-03  -2.079935967922e-01 
  0.000000000000e+00   0.000000000000e+00  -2.392135858536e-01   0.000000000000e+00   0.000000000000e+00  -2.392135858536e-01   1.477087885141e-01   0.000000000000e+00  -3.778141736984e-01 
  2.242856621742e-01   3.340815752745e-02  -5.271141529083e-01   2.411343008280e-01   2.365216240287e-02  -5.026626586914e-01   6.140685081482e-01   5.439050495625e-03  -1.000000014901e-01 
  0.000000000000e+00   2.066102111712e-03  -1.000000014901e-01   0.000000000000e+00  -1.969428500161e-03  -1.000000014901e-01   0.000000000000e+00  -6.872401107103e-03  -2.079935967922e-01 
  0.000000000000e+00  -6.872401107103e-03  -2.079935967922e-01 

