# vtk DataFile Version 2.0
Written using VisIt writer
ASCII
DATASET RECTILINEAR_GRID
DIMENSIONS 10 10 10
X_COORDINATES 10 float
  0.000000000000e+00   5.000000000000e-01   1.000000000000e+00   1.500000000000e+00   2.000000000000e+00   2.500000000000e+00   3.000000000000e+00   3.500000000000e+00   4.000000000000e+00 
  4.500000000000e+00 
Y_COORDINATES 10 float
  0.000000000000e+00   5.000000000000e-01   1.000000000000e+00   1.500000000000e+00   2.000000000000e+00   2.500000000000e+00   3.000000000000e+00   3.500000000000e+00   4.000000000000e+00 
  4.500000000000e+00 
Z_COORDINATES 10 float
  0.000000000000e+00   5.000000000000e-01   1.000000000000e+00   1.500000000000e+00   2.000000000000e+00   2.500000000000e+00   3.000000000000e+00   3.500000000000e+00   4.000000000000e+00 
  4.500000000000e+00 
CELL_DATA 729
POINT_DATA 1000
VECTORS velocity float
  0.000000000000e+00  -1.018878072500e-01  -1.991343349218e-01   3.251200000000e+04   0.000000000000e+00   0.000000000000e+00   0.000000000000e+00   0.000000000000e+00   0.000000000000e+00 
  1.756635308266e-01  -5.591677874327e-02  -1.429634988308e-01   0.000000000000e+00   0.000000000000e+00   0.000000000000e+00   0.000000000000e+00   1.431655808000e+09   1.070945600000e+09 
  1.537512093782e-01  -7.483133673668e-02  -1.570313870907e-01   1.071994176000e+09   0.000000000000e+00   0.000000000000e+00   0.000000000000e+00   0.000000000000e+00   0.000000000000e+00 
  1.324782669544e-01  -1.032249778509e-01  -1.854809969664e-01   0.000000000000e+00  -1.018878072500e-01  -1.991343349218e-01   1.070945600000e+09   0.000000000000e+00   0.000000000000e+00 
  5.962787196040e-02  -9.295360743999e-02  -1.857684552670e-01   1.756635308266e-01  -5.591677874327e-02  -1.429634988308e-01   1.431655808000e+09   1.070945600000e+09   0.000000000000e+00 
  1.626727879047e-01  -3.996644541621e-02  -1.280791312456e-01   1.537512093782e-01  -7.483133673668e-02  -1.570313870907e-01   0.000000000000e+00   0.000000000000e+00   1.071644672000e+09 
  1.324782669544e-01  -1.032249778509e-01  -1.854809969664e-01   1.324782669544e-01  -1.032249778509e-01  -1.854809969664e-01   0.000000000000e+00  -4.798253066838e-03  -1.579788029194e-01 
  0.000000000000e+00  -4.798253066838e-03  -1.579788029194e-01  -3.351152688265e-02  -2.067320942879e-01  -1.731552779675e-01   9.220679849386e-02  -2.643298506737e-01  -1.665350794792e-01 
  8.617323637009e-02  -1.709649711847e-01  -1.771006882191e-01   1.177239343524e-01  -9.966295957565e-02  -1.375871151686e-01   9.921612590551e-02  -7.529025431722e-03  -1.376536935568e-01 
  1.008733138442e-01   5.656128376722e-02  -1.343807280064e-01   1.351854652166e-01  -4.545857198536e-03  -1.471237838268e-01   1.351854652166e-01  -4.545857198536e-03  -1.471237838268e-01 
  0.000000000000e+00   4.792529344559e-02  -1.519160419703e-01   0.000000000000e+00   4.792529344559e-02  -1.519160419703e-01   8.833906799555e-02   2.624974399805e-02  -1.358053684235e-01 
  9.337790310383e-03   6.136956438422e-02  -1.310728341341e-01   5.072543770075e-02   6.038194894791e-02  -1.383334398270e-01   1.763856261969e-01  -5.817371606827e-02  -1.405044794083e-01 
  9.751601517200e-02  -3.209113329649e-02  -1.806540936232e-01   1.804665476084e-01   2.381849847734e-02  -1.372885257006e-01   1.920096278191e-01  -2.936540916562e-02  -1.349390745163e-01 
  1.920096278191e-01  -2.936540916562e-02  -1.349390745163e-01   0.000000000000e+00   2.173751965165e-02  -1.821437776089e-01   0.000000000000e+00   2.173751965165e-02  -1.821437776089e-01 
 -7.783140521497e-03  -1.204142626375e-02  -2.021448761225e-01   6.005264818668e-02   3.768931329250e-02  -1.396075189114e-01   8.403182774782e-02  -1.206742320210e-02  -1.392968893051e-01 
  1.247170716524e-01  -8.861335809343e-04  -1.286087483168e-01   1.078863814473e-01  -4.146640188992e-03  -1.488290578127e-01   1.465002298355e-01  -2.165197581053e-02  -1.535298079252e-01 
  1.191579550505e-01  -5.241684988141e-02  -1.814606338739e-01   1.191579550505e-01  -5.241684988141e-02  -1.814606338739e-01   0.000000000000e+00  -7.809367775917e-02  -1.707942634821e-01 
  0.000000000000e+00  -7.809367775917e-02  -1.707942634821e-01   5.124777182937e-02  -2.892537601292e-02  -1.749190539122e-01   7.296594977379e-02  -8.520670235157e-02  -1.619459688663e-01 
  1.741126924753e-02  -1.768337786198e-01  -2.049293369055e-01   1.481151729822e-01  -1.126744747162e-01  -1.417804211378e-01   9.671317785978e-02  -3.257691115141e-02  -1.370489150286e-01 
  1.014016717672e-01   1.000133622438e-02  -1.318585723639e-01   2.121400535107e-01   1.510453820229e-01  -1.384208351374e-01   2.121400535107e-01   1.510453820229e-01  -1.384208351374e-01 
  0.000000000000e+00  -8.145918697119e-02  -1.744204908609e-01   0.000000000000e+00  -8.145918697119e-02  -1.744204908609e-01   7.983334362507e-02  -5.221031606197e-02  -1.600839346647e-01 
  6.694678962231e-02  -2.435294445604e-03  -1.401825398207e-01   4.923059605062e-04   5.126671865582e-02  -1.606022715569e-01   1.478534042835e-01  -8.592583984137e-02  -1.548174023628e-01 
  7.373701781034e-02  -1.028172671795e-01  -1.802309751511e-01   1.125579699874e-01  -7.857950776815e-02  -1.413430422544e-01   2.044131159782e-01  -1.342096086591e-02  -1.393966972828e-01 
  2.044131159782e-01  -1.342096086591e-02  -1.393966972828e-01   0.000000000000e+00  -1.547595262527e-01  -2.228882312775e-01   0.000000000000e+00  -1.547595262527e-01  -2.228882312775e-01 
 -5.968543514609e-02  -1.147306561470e-01  -2.214388996363e-01   1.265313923359e-01  -3.121580183506e-02  -1.464670747519e-01   2.678739652038e-02   2.337629161775e-02  -1.517901569605e-01 
  1.760379523039e-01   2.759408950806e-02  -1.264613419771e-01   1.054175347090e-01  -5.293724127114e-03  -1.458993107080e-01   1.326783150434e-01  -1.302610784769e-01  -1.607690304518e-01 
  2.144596725702e-01  -1.449288427830e-01  -1.995942592621e-01   2.144596725702e-01  -1.449288427830e-01  -1.995942592621e-01   0.000000000000e+00   0.000000000000e+00  -1.735019981861e-01 
  0.000000000000e+00   0.000000000000e+00  -1.735019981861e-01  -7.699919492006e-02   0.000000000000e+00  -1.873492151499e-01   8.040240406990e-02   0.000000000000e+00  -1.689908653498e-01 
  3.164431080222e-02   0.000000000000e+00  -1.982672065496e-01   2.391874492168e-01   0.000000000000e+00  -1.260159909725e-01   2.010426968336e-01   0.000000000000e+00  -1.196018829942e-01 
  1.525158882141e-01   0.000000000000e+00  -1.217318102717e-01   2.902455329895e-01   0.000000000000e+00  -1.259405314922e-01   2.902455329895e-01   0.000000000000e+00  -1.259405314922e-01 
  0.000000000000e+00   0.000000000000e+00  -1.735019981861e-01   0.000000000000e+00   0.000000000000e+00  -1.735019981861e-01  -7.699919492006e-02   0.000000000000e+00  -1.873492151499e-01 
  8.040240406990e-02   0.000000000000e+00  -1.689908653498e-01   3.164431080222e-02   0.000000000000e+00  -1.982672065496e-01   2.391874492168e-01   0.000000000000e+00  -1.260159909725e-01 
  2.010426968336e-01   0.000000000000e+00  -1.196018829942e-01   1.525158882141e-01   0.000000000000e+00  -1.217318102717e-01   2.902455329895e-01   0.000000000000e+00  -1.259405314922e-01 
  2.902455329895e-01   0.000000000000e+00  -1.259405314922e-01   0.000000000000e+00  -1.018878072500e-01  -1.991343349218e-01   0.000000000000e+00  -1.018878072500e-01  -1.991343349218e-01 
  5.962787196040e-02  -9.295360743999e-02  -1.857684552670e-01   1.756635308266e-01  -5.591677874327e-02  -1.429634988308e-01   1.123181879520e-01  -4.178017377853e-02  -1.345841288567e-01 
  1.626727879047e-01  -3.996644541621e-02  -1.280791312456e-01   1.537512093782e-01  -7.483133673668e-02  -1.570313870907e-01   1.279558092356e-01  -7.618106901646e-02  -1.690593957901e-01 
  1.324782669544e-01  -1.032249778509e-01  -1.854809969664e-01   1.324782669544e-01  -1.032249778509e-01  -1.854809969664e-01   0.000000000000e+00  -1.018878072500e-01  -1.991343349218e-01 
  0.000000000000e+00  -1.018878072500e-01  -1.991343349218e-01   5.962787196040e-02  -9.295360743999e-02  -1.857684552670e-01   1.756635308266e-01  -5.591677874327e-02  -1.429634988308e-01 
  1.123181879520e-01  -4.178017377853e-02  -1.345841288567e-01   1.626727879047e-01  -3.996644541621e-02  -1.280791312456e-01   1.537512093782e-01  -7.483133673668e-02  -1.570313870907e-01 
  1.279558092356e-01  -7.618106901646e-02  -1.690593957901e-01   1.324782669544e-01  -1.032249778509e-01  -1.854809969664e-01   1.324782669544e-01  -1.032249778509e-01  -1.854809969664e-01 
  0.000000000000e+00  -4.798253066838e-03  -1.579788029194e-01   0.000000000000e+00  -4.798253066838e-03  -1.579788029194e-01  -3.351152688265e-02  -2.067320942879e-01  -1.731552779675e-01 
  9.220679849386e-02  -2.643298506737e-01  -1.665350794792e-01   8.617323637009e-02  -1.709649711847e-01  -1.771006882191e-01   1.177239343524e-01  -9.966295957565e-02  -1.375871151686e-01 
  9.921612590551e-02  -7.529025431722e-03  -1.376536935568e-01   1.008733138442e-01   5.656128376722e-02  -1.343807280064e-01   1.351854652166e-01  -4.545857198536e-03  -1.471237838268e-01 
  1.351854652166e-01  -4.545857198536e-03  -1.471237838268e-01   0.000000000000e+00   4.792529344559e-02  -1.519160419703e-01   0.000000000000e+00   4.792529344559e-02  -1.519160419703e-01 
  8.833906799555e-02   2.624974399805e-02  -1.358053684235e-01   9.337790310383e-03   6.136956438422e-02  -1.310728341341e-01   5.072543770075e-02   6.038194894791e-02  -1.383334398270e-01 
  1.763856261969e-01  -5.817371606827e-02  -1.405044794083e-01   9.751601517200e-02  -3.209113329649e-02  -1.806540936232e-01   1.804665476084e-01   2.381849847734e-02  -1.372885257006e-01 
  1.920096278191e-01  -2.936540916562e-02  -1.349390745163e-01   1.920096278191e-01  -2.936540916562e-02  -1.349390745163e-01   0.000000000000e+00   2.173751965165e-02  -1.821437776089e-01 
  0.000000000000e+00   2.173751965165e-02  -1.821437776089e-01  -7.783140521497e-03  -1.204142626375e-02  -2.021448761225e-01   6.005264818668e-02   3.768931329250e-02  -1.396075189114e-01 
  8.403182774782e-02  -1.206742320210e-02  -1.392968893051e-01   1.247170716524e-01  -8.861335809343e-04  -1.286087483168e-01   1.078863814473e-01  -4.146640188992e-03  -1.488290578127e-01 
  1.465002298355e-01  -2.165197581053e-02  -1.535298079252e-01   1.191579550505e-01  -5.241684988141e-02  -1.814606338739e-01   1.191579550505e-01  -5.241684988141e-02  -1.814606338739e-01 
  0.000000000000e+00  -7.809367775917e-02  -1.707942634821e-01   0.000000000000e+00  -7.809367775917e-02  -1.707942634821e-01   5.124777182937e-02  -2.892537601292e-02  -1.749190539122e-01 
  7.296594977379e-02  -8.520670235157e-02  -1.619459688663e-01   1.741126924753e-02  -1.768337786198e-01  -2.049293369055e-01   1.481151729822e-01  -1.126744747162e-01  -1.417804211378e-01 
  9.671317785978e-02  -3.257691115141e-02  -1.370489150286e-01   1.014016717672e-01   1.000133622438e-02  -1.318585723639e-01   2.121400535107e-01   1.510453820229e-01  -1.384208351374e-01 
  2.121400535107e-01   1.510453820229e-01  -1.384208351374e-01   0.000000000000e+00  -8.145918697119e-02  -1.744204908609e-01   0.000000000000e+00  -8.145918697119e-02  -1.744204908609e-01 
  7.983334362507e-02  -5.221031606197e-02  -1.600839346647e-01   6.694678962231e-02  -2.435294445604e-03  -1.401825398207e-01   4.923059605062e-04   5.126671865582e-02  -1.606022715569e-01 
  1.478534042835e-01  -8.592583984137e-02  -1.548174023628e-01   7.373701781034e-02  -1.028172671795e-01  -1.802309751511e-01   1.125579699874e-01  -7.857950776815e-02  -1.413430422544e-01 
  2.044131159782e-01  -1.342096086591e-02  -1.393966972828e-01   2.044131159782e-01  -1.342096086591e-02  -1.393966972828e-01   0.000000000000e+00  -1.547595262527e-01  -2.228882312775e-01 
  0.000000000000e+00  -1.547595262527e-01  -2.228882312775e-01  -5.968543514609e-02  -1.147306561470e-01  -2.214388996363e-01   1.265313923359e-01  -3.121580183506e-02  -1.464670747519e-01 
  2.678739652038e-02   2.337629161775e-02  -1.517901569605e-01   1.760379523039e-01   2.759408950806e-02  -1.264613419771e-01   1.054175347090e-01  -5.293724127114e-03  -1.458993107080e-01 
  1.326783150434e-01  -1.302610784769e-01  -1.607690304518e-01   2.144596725702e-01  -1.449288427830e-01  -1.995942592621e-01   2.144596725702e-01  -1.449288427830e-01  -1.995942592621e-01 
  0.000000000000e+00   0.000000000000e+00  -1.735019981861e-01   0.000000000000e+00   0.000000000000e+00  -1.735019981861e-01  -7.699919492006e-02   0.000000000000e+00  -1.873492151499e-01 
  8.040240406990e-02   0.000000000000e+00  -1.689908653498e-01   3.164431080222e-02   0.000000000000e+00  -1.982672065496e-01   2.391874492168e-01   0.000000000000e+00  -1.260159909725e-01 
  2.010426968336e-01   0.000000000000e+00  -1.196018829942e-01   1.525158882141e-01   0.000000000000e+00  -1.217318102717e-01   2.902455329895e-01   0.000000000000e+00  -1.259405314922e-01 
  2.902455329895e-01   0.000000000000e+00  -1.259405314922e-01   0.000000000000e+00   0.000000000000e+00  -1.735019981861e-01   0.000000000000e+00   0.000000000000e+00  -1.735019981861e-01 
 -7.699919492006e-02   0.000000000000e+00  -1.873492151499e-01   8.040240406990e-02   0.000000000000e+00  -1.689908653498e-01   3.164431080222e-02   0.000000000000e+00  -1.982672065496e-01 
  2.391874492168e-01   0.000000000000e+00  -1.260159909725e-01   2.010426968336e-01   0.000000000000e+00  -1.196018829942e-01   1.525158882141e-01   0.000000000000e+00  -1.217318102717e-01 
  2.902455329895e-01   0.000000000000e+00  -1.259405314922e-01   2.902455329895e-01   0.000000000000e+00  -1.259405314922e-01   0.000000000000e+00  -2.571881413460e-01  -5.135718584061e-01 
  0.000000000000e+00  -2.571881413460e-01  -5.135718584061e-01   5.257483720779e-01  -2.148389369249e-01  -2.449026554823e-01   9.015184640884e-01  -6.582762300968e-02  -5.261310935020e-01 
  4.778414964676e-01  -6.109843775630e-02  -6.228767633438e-01   8.255331516266e-01  -5.103768035769e-02  -5.680347681046e-01   0.000000000000e+00  -2.304359339178e-02  -4.296861961484e-02 
  0.000000000000e+00   5.709060933441e-03  -9.363828301430e-01   0.000000000000e+00  -2.938978374004e-02  -9.200422167778e-01   0.000000000000e+00  -2.938978374004e-02  -9.200422167778e-01 
  0.000000000000e+00  -2.571881413460e-01  -5.135718584061e-01   0.000000000000e+00  -2.571881413460e-01  -5.135718584061e-01   5.257483720779e-01  -2.148389369249e-01  -2.449026554823e-01 
  9.015184640884e-01  -6.582762300968e-02  -5.261310935020e-01   4.778414964676e-01  -6.109843775630e-02  -6.228767633438e-01   8.255331516266e-01  -5.103768035769e-02  -5.680347681046e-01 
  0.000000000000e+00  -2.304359339178e-02  -4.296861961484e-02   0.000000000000e+00   5.709060933441e-03  -9.363828301430e-01   0.000000000000e+00  -2.938978374004e-02  -9.200422167778e-01 
  0.000000000000e+00  -2.938978374004e-02  -9.200422167778e-01   0.000000000000e+00   1.097721531987e-01  -5.723454356194e-01   0.000000000000e+00   1.097721531987e-01  -5.723454356194e-01 
  1.856507956982e-01   1.055163070560e-01  -3.944500982761e-01   4.871539026499e-02  -9.242654591799e-02  -7.075685858727e-01   2.807272076607e-01  -1.298700422049e-01  -4.228622913361e-01 
  1.465738266706e-01  -1.023948937654e-01  -3.318641185760e-01   9.939702600241e-02  -9.196176193655e-03  -1.119738817215e+00   1.008958742023e-01   5.654274299741e-02  -1.049917340279e+00 
  1.351854801178e-01  -4.545852541924e-03  -9.573827981949e-01   1.351854801178e-01  -4.545852541924e-03  -9.573827981949e-01   0.000000000000e+00   1.728353798389e-01  -7.525544762611e-01 
  0.000000000000e+00   1.728353798389e-01  -7.525544762611e-01   1.288752555847e-01  -1.276044994593e-01  -6.634412407875e-01   1.633376330137e-01  -1.556720435619e-01  -7.493209242821e-01 
  7.032609581947e-01  -3.374783694744e-01  -6.250348687172e-01   1.017859101295e+00  -5.230068787932e-02  -6.080105900764e-01   1.044162064791e-01  -3.243109956384e-02  -1.076760053635e+00 
  3.012686371803e-01   4.863716661930e-02  -1.120295763016e+00   2.933036386967e-01  -2.936540357769e-02  -6.506092846394e-02   2.933036386967e-01  -2.936540357769e-02  -6.506092846394e-02 
  0.000000000000e+00  -3.076794184744e-02  -8.698043823242e-01   0.000000000000e+00  -3.076794184744e-02  -8.698043823242e-01   1.194090247154e-01  -1.824695467949e-01  -9.935774803162e-01 
  6.917057931423e-02  -1.404998749495e-01  -7.574959397316e-01   5.249871015549e-01  -3.507183492184e-01  -7.832953333855e-01   3.950418829918e-01  -1.133455522358e-02  -6.590142250061e-01 
  1.199183091521e-01  -4.482693038881e-03  -5.117094516754e-02   1.457303911448e-01   5.597575753927e-02  -4.647019505501e-02   1.213735044003e-01   0.000000000000e+00  -1.853936351836e-02 
  1.213735044003e-01   0.000000000000e+00  -1.853936351836e-02   0.000000000000e+00   1.372621953487e-01  -7.533959150314e-01   0.000000000000e+00   1.372621953487e-01  -7.533959150314e-01 
  1.343487352133e-01  -5.713702738285e-02  -8.218657970428e-01   3.210582137108e-01   1.372292824090e-02  -3.805402293801e-02   2.110847085714e-01   2.115882933140e-01  -2.748658657074e-01 
  4.048936963081e-01   2.322781272233e-02  -3.324321806431e-01   1.695337891579e-01  -2.571637742221e-02  -6.295108795166e-02   1.036642715335e-01   9.682036936283e-03  -6.814143061638e-02 
  2.460010945797e-01   0.000000000000e+00  -6.157916039228e-02   2.460010945797e-01   0.000000000000e+00  -6.157916039228e-02   0.000000000000e+00  -8.805634081364e-02  -1.157500386238e+00 
  0.000000000000e+00  -8.805634081364e-02  -1.157500386238e+00   2.103690654039e-01  -1.023996341974e-02  -9.558522701263e-01   3.949644863605e-01   1.639101505280e-01  -9.240635037422e-01 
 -5.844202637672e-02   3.302555680275e-01  -2.571477890015e-01   6.645389646292e-02   1.221648678184e-01  -5.524783134460e-01   7.201607525349e-02  -5.527294799685e-02  -7.115973234177e-01 
  1.077347025275e-01  -6.963123381138e-02  -5.865695327520e-02   4.578477740288e-01   0.000000000000e+00  -6.060330942273e-02   4.578477740288e-01   0.000000000000e+00  -6.060330942273e-02 
  0.000000000000e+00   3.571155667305e-02  -8.656958341599e-01   0.000000000000e+00   3.571155667305e-02  -8.656958341599e-01   2.809847295284e-01   6.706959754229e-02  -9.921184778214e-01 
  5.255621075630e-01   2.420971170068e-02  -1.347961306572e+00   1.323862373829e-01   7.963522523642e-02  -7.235298752785e-01   3.157694041729e-01   5.361465737224e-02  -6.365841627121e-01 
  1.551220118999e-01  -1.496116258204e-02  -7.454580664635e-01   0.000000000000e+00  -8.120338618755e-02  -3.923096507788e-02   9.020642042160e-01  -2.970771118999e-02  -1.005150914192e+00 
  9.020642042160e-01  -2.970771118999e-02  -1.005150914192e+00   0.000000000000e+00   0.000000000000e+00  -8.065025210381e-01   0.000000000000e+00   0.000000000000e+00  -8.065025210381e-01 
  2.547851800919e-01   0.000000000000e+00  -7.460402250290e-01   4.102582931519e-01   0.000000000000e+00  -1.181045532227e+00   2.074647098780e-01   0.000000000000e+00  -4.582752287388e-01 
  2.494422793388e-01   0.000000000000e+00  -4.840195178986e-01   2.124791294336e-01  -1.591013511643e-03  -8.039811253548e-02   1.437022089958e-01  -1.249279268086e-02  -7.826819270849e-02 
  5.124378204346e-01   0.000000000000e+00  -1.258723139763e+00   5.124378204346e-01   0.000000000000e+00  -1.258723139763e+00   0.000000000000e+00   0.000000000000e+00  -8.065025210381e-01 
  0.000000000000e+00   0.000000000000e+00  -8.065025210381e-01   2.547851800919e-01   0.000000000000e+00  -7.460402250290e-01   4.102582931519e-01   0.000000000000e+00  -1.181045532227e+00 
  2.074647098780e-01   0.000000000000e+00  -4.582752287388e-01   2.494422793388e-01   0.000000000000e+00  -4.840195178986e-01   2.124791294336e-01  -1.591013511643e-03  -8.039811253548e-02 
  1.437022089958e-01  -1.249279268086e-02  -7.826819270849e-02   5.124378204346e-01   0.000000000000e+00  -1.258723139763e+00   5.124378204346e-01   0.000000000000e+00  -1.258723139763e+00 
  0.000000000000e+00  -5.130655318499e-02  -3.173035681248e-01   0.000000000000e+00  -5.130655318499e-02  -3.173035681248e-01   1.897757649422e-01   1.302686929703e-01  -2.916239798069e-01 
 -5.896917730570e-02   3.096993779764e-03   2.744275629520e-01   2.210375368595e-01  -1.634903848171e-01  -5.538238286972e-01   8.205958604813e-01  -1.442585736513e-01  -1.000000014901e-01 
  8.205958604813e-01  -1.355786025524e-01  -1.083344444633e-01   1.651920974255e-01  -8.993592928164e-04  -1.107617974281e+00   9.777613729239e-02  -2.102742902935e-02  -9.776087403297e-01 
  9.777613729239e-02  -2.102742902935e-02  -9.776087403297e-01   0.000000000000e+00  -5.130655318499e-02  -3.173035681248e-01   0.000000000000e+00  -5.130655318499e-02  -3.173035681248e-01 
  1.897757649422e-01   1.302686929703e-01  -2.916239798069e-01  -5.896917730570e-02   3.096993779764e-03   2.744275629520e-01   2.210375368595e-01  -1.634903848171e-01  -5.538238286972e-01 
  8.205958604813e-01  -1.442585736513e-01  -1.000000014901e-01   8.205958604813e-01  -1.355786025524e-01  -1.083344444633e-01   1.651920974255e-01  -8.993592928164e-04  -1.107617974281e+00 
  9.777613729239e-02  -2.102742902935e-02  -9.776087403297e-01   9.777613729239e-02  -2.102742902935e-02  -9.776087403297e-01   0.000000000000e+00   1.134841442108e-01  -5.822173357010e-01 
  0.000000000000e+00   1.134841442108e-01  -5.822173357010e-01  -4.219255596399e-02   1.897558867931e-01  -5.140587687492e-01  -2.485733479261e-01   5.542797595263e-02  -5.268256068230e-01 
  1.062333106995e+00  -2.668948471546e-01  -4.687440693378e-01   9.921861886978e-01  -1.480275392532e-01  -4.015039503574e-01   1.215844824910e-01  -5.302880704403e-02  -1.290005922318e+00 
  2.487119585276e-01   0.000000000000e+00  -1.458976984024e+00   2.502073943615e-01   4.860175307840e-03  -1.208179831505e+00   2.502073943615e-01   4.860175307840e-03  -1.208179831505e+00 
  0.000000000000e+00   2.988221943378e-01  -4.031201004982e-01   0.000000000000e+00   2.988221943378e-01  -4.031201004982e-01   2.501310966909e-02  -1.602378934622e-01  -6.743658781052e-01 
  8.551287651062e-02  -3.350980281830e-01  -4.486117064953e-01   1.366968631744e+00  -5.920988321304e-01  -4.589207768440e-01   1.280675649643e+00  -4.396829009056e-01  -4.636115729809e-01 
  1.662790328264e-01   3.702096268535e-02  -1.461403012276e+00   3.017218410969e-01   4.868352413177e-02  -1.463840603828e+00   2.934008836746e-01   3.119049221277e-02  -1.458976984024e+00 
  2.934008836746e-01   3.119049221277e-02  -1.458976984024e+00   0.000000000000e+00   4.963093623519e-02  -2.881924211979e-01   0.000000000000e+00   4.963093623519e-02  -2.881924211979e-01 
  5.554992333055e-02  -2.178459316492e-01  -2.121998816729e-01   2.080960273743e-01  -3.402301371098e-01  -5.080052018166e-01   9.958629608154e-01  -4.558291733265e-01  -4.426470696926e-01 
  2.867549359798e-01  -4.364634156227e-01  -3.029576241970e-01   1.035786867142e+00   5.696005187929e-03  -1.000000014901e-01   7.066848278046e-01   5.600733682513e-02  -1.461061358452e+00 
  2.661597430706e-01   3.757251799107e-02  -7.385791540146e-01   2.661597430706e-01   3.757251799107e-02  -7.385791540146e-01   0.000000000000e+00  -7.335454970598e-02  -2.610161006451e-01 
  0.000000000000e+00  -7.335454970598e-02  -2.610161006451e-01   1.227551102638e-01  -4.281158745289e-01  -1.588368713856e-01   3.392035663128e-01   1.762170903385e-02  -1.967782527208e-01 
  2.089544534683e-01   3.287041187286e-02  -2.744018137455e-01   3.286260962486e-01  -4.974351078272e-02  -2.943823635578e-01   3.038608133793e-01  -2.990768663585e-02  -1.241680011153e-01 
  4.840784966946e-01   3.931171074510e-02  -5.158761143684e-01   2.452061772346e-01   1.846900396049e-02  -9.679841995239e-02   2.452061772346e-01   1.846900396049e-02  -9.679841995239e-02 
  0.000000000000e+00  -1.450305804610e-02  -3.820996284485e-01   0.000000000000e+00  -1.450305804610e-02  -3.820996284485e-01   7.411167025566e-02  -4.124864637852e-01  -3.982863724232e-01 
  1.797035485506e-01   2.143567800522e-01  -3.779504299164e-01   1.184844821692e-01   2.357417494059e-01  -2.090056389570e-01   4.169288650155e-02   1.739131808281e-01  -2.372516989708e-01 
  0.000000000000e+00   1.637008786201e-01  -5.165211558342e-01   8.254018425941e-02  -5.016162991524e-02  -7.406947761774e-02   3.070724308491e-01   0.000000000000e+00  -1.000000014901e-01 
  3.070724308491e-01   0.000000000000e+00  -1.000000014901e-01   0.000000000000e+00   9.165118634701e-02  -1.843364238739e-01   0.000000000000e+00   9.165118634701e-02  -1.843364238739e-01 
  1.269748508930e-01   4.135333374143e-02  -2.766803205013e-01   1.657400727272e-01   7.987578213215e-02  -8.560600280762e-01   1.537086963654e-01   1.034030243754e-01  -5.924509167671e-01 
  1.815692037344e-01   1.064156070352e-01  -5.483095049858e-01   1.351154744625e-01  -8.061686530709e-03  -5.588731169701e-01   0.000000000000e+00  -4.728993773460e-02  -1.000000014901e-01 
  0.000000000000e+00   0.000000000000e+00  -9.394347071648e-01   0.000000000000e+00   0.000000000000e+00  -9.394347071648e-01   0.000000000000e+00   0.000000000000e+00  -3.120992481709e-01 
  0.000000000000e+00   0.000000000000e+00  -3.120992481709e-01   1.012611687183e-01   0.000000000000e+00  -2.766869962215e-01   6.778819113970e-02   0.000000000000e+00  -3.334497213364e-01 
  1.624404042959e-01   0.000000000000e+00  -7.120265811682e-02   6.612763553858e-02   0.000000000000e+00  -1.021481677890e-01   0.000000000000e+00  -2.531911246479e-03  -1.000000014901e-01 
  1.101072058082e-01  -1.575591228902e-02  -2.469959855080e-01   3.436852395535e-01   0.000000000000e+00  -9.617381095886e-01   3.436852395535e-01   0.000000000000e+00  -9.617381095886e-01 
  0.000000000000e+00   0.000000000000e+00  -3.120992481709e-01   0.000000000000e+00   0.000000000000e+00  -3.120992481709e-01   1.012611687183e-01   0.000000000000e+00  -2.766869962215e-01 
  6.778819113970e-02   0.000000000000e+00  -3.334497213364e-01   1.624404042959e-01   0.000000000000e+00  -7.120265811682e-02   6.612763553858e-02   0.000000000000e+00  -1.021481677890e-01 
  0.000000000000e+00  -2.531911246479e-03  -1.000000014901e-01   1.101072058082e-01  -1.575591228902e-02  -2.469959855080e-01   3.436852395535e-01   0.000000000000e+00  -9.617381095886e-01 
  3.436852395535e-01   0.000000000000e+00  -9.617381095886e-01   0.000000000000e+00  -1.382380072027e-02  -1.216748654842e-01   0.000000000000e+00  -1.382380072027e-02  -1.216748654842e-01 
  8.188429474831e-02   2.199399769306e-01  -7.359773665667e-02  -1.943190246820e-01   2.019066959620e-01  -9.139633178711e-01   0.000000000000e+00   0.000000000000e+00  -1.000000014901e-01 
  8.169090747833e-01  -1.479453146458e-01  -8.721927404404e-01   8.242825865746e-01  -1.442585736513e-01  -8.685060143471e-01   0.000000000000e+00  -9.507915377617e-02  -1.151827692986e+00 
  8.405692130327e-02  -4.507936909795e-02  -1.121804594994e+00   8.405692130327e-02  -4.507936909795e-02  -1.121804594994e+00   0.000000000000e+00  -1.382380072027e-02  -1.216748654842e-01 
  0.000000000000e+00  -1.382380072027e-02  -1.216748654842e-01   8.188429474831e-02   2.199399769306e-01  -7.359773665667e-02  -1.943190246820e-01   2.019066959620e-01  -9.139633178711e-01 
  0.000000000000e+00   0.000000000000e+00  -1.000000014901e-01   8.169090747833e-01  -1.479453146458e-01  -8.721927404404e-01   8.242825865746e-01  -1.442585736513e-01  -8.685060143471e-01 
  0.000000000000e+00  -9.507915377617e-02  -1.151827692986e+00   8.405692130327e-02  -4.507936909795e-02  -1.121804594994e+00   8.405692130327e-02  -4.507936909795e-02  -1.121804594994e+00 
  0.000000000000e+00   1.560179442167e-01  -7.879242897034e-01   0.000000000000e+00   1.560179442167e-01  -7.879242897034e-01  -5.039061978459e-02   2.602185606956e-01  -4.678957164288e-01 
 -1.204649806023e-01   2.119427472353e-01  -4.915183484554e-01   9.137361645699e-01  -9.002437442541e-02  -3.119263648987e-01   4.722841084003e-01  -1.405718177557e-01  -5.460347533226e-01 
  0.000000000000e+00  -1.442585736513e-01  -2.020114421844e+00   5.341080427170e-01  -5.210640281439e-02  -1.458976984024e+00   2.479383349419e-01  -1.112938951701e-02  -1.365310788155e+00 
  2.479383349419e-01  -1.112938951701e-02  -1.365310788155e+00   0.000000000000e+00   1.171603575349e-01  -7.756288647652e-01   0.000000000000e+00   1.171603575349e-01  -7.756288647652e-01 
  3.564010187984e-02  -2.153876982629e-02  -5.826494097710e-01   1.143688037992e-01  -3.596621155739e-01  -3.299013376236e-01   1.286668062210e+00  -6.352453231812e-01  -1.683552414179e-01 
  1.140836119652e+00  -1.415129899979e-01  -9.030751585960e-01   7.330338954926e-01  -5.933600664139e-02  -2.412906885147e+00   7.066844701767e-01   2.905184216797e-02  -1.778956055641e+00 
  0.000000000000e+00   2.705324627459e-02  -1.458976984024e+00   0.000000000000e+00   2.705324627459e-02  -1.458976984024e+00   0.000000000000e+00   7.136568427086e-02  -3.747649788857e-01 
  0.000000000000e+00   7.136568427086e-02  -3.747649788857e-01   1.317458301783e-01   2.354227937758e-02   2.820169180632e-02   2.824788689613e-01  -3.105670511723e-01  -6.052468419075e-01 
  1.164613246918e+00  -5.672984719276e-01  -2.188443988562e-01   4.669362008572e-01   2.367692254484e-02  -2.755924761295e-01   9.599267244339e-01  -4.461525008082e-02  -3.046857118607e+00 
  1.111647129059e+00   5.696041975170e-03  -2.412906885147e+00   8.932939767838e-01   1.939307712018e-02  -1.775080919266e+00   8.932939767838e-01   1.939307712018e-02  -1.775080919266e+00 
  0.000000000000e+00   6.609982997179e-02  -3.912895321846e-01   0.000000000000e+00   6.609982997179e-02  -3.912895321846e-01   4.196476191282e-02  -3.573126345873e-02   1.775466948748e-01 
  2.064364850521e-01  -1.521669626236e-01  -2.220520526171e-01   2.731833234429e-02  -9.746383875608e-02  -2.930245697498e-01   1.151301562786e-01   3.478986322880e-01  -6.618894934654e-01 
  4.018488228321e-01   1.071051806211e-01  -2.332016706467e+00   0.000000000000e+00   6.114576756954e-02  -2.381577968597e+00   3.844945430756e-01   3.869400918484e-02  -1.001531958580e+00 
  3.844945430756e-01   3.869400918484e-02  -1.001531958580e+00   0.000000000000e+00   1.147148907185e-01  -6.445940732956e-01   0.000000000000e+00   1.147148907185e-01  -6.445940732956e-01 
  9.183214604855e-02   5.431056618690e-01  -2.650692462921e-01   3.452592492104e-01   4.986376166344e-01  -2.430101633072e-01   0.000000000000e+00   2.345547229052e-01  -2.351269274950e-01 
  2.771085873246e-02   4.903741478920e-01  -2.615630924702e-01   2.088271379471e-01   1.536248922348e-01  -1.093063354492e+00   6.388726830482e-02   7.814377546310e-02  -8.228339254856e-02 
 -4.004541635513e-01   4.045844823122e-02  -1.000000014901e-01  -4.004541635513e-01   4.045844823122e-02  -1.000000014901e-01   0.000000000000e+00   1.709916889668e-01  -5.401694178581e-01 
  0.000000000000e+00   1.709916889668e-01  -5.401694178581e-01   1.565834730864e-01   5.890894532204e-01  -1.610075086355e-01   5.723201632500e-01   5.621199011803e-01  -2.037165015936e-01 
  3.915738463402e-01   2.117309421301e-01   2.737350575626e-02   2.308298349380e-01   2.502431273460e-01  -2.112702466547e-02   1.523058712482e-01   1.655157208443e-01  -4.137839376926e-01 
 -1.653919368982e-01   7.340440643020e-04  -1.000000014901e-01   0.000000000000e+00   0.000000000000e+00  -1.000000014901e-01   0.000000000000e+00   0.000000000000e+00  -1.000000014901e-01 
  0.000000000000e+00   0.000000000000e+00  -3.401663005352e-01   0.000000000000e+00   0.000000000000e+00  -3.401663005352e-01   8.135342597961e-02   0.000000000000e+00  -5.542119145393e-01 
  3.877554237843e-01   0.000000000000e+00  -5.225007534027e-01   4.095953702927e-01   0.000000000000e+00   8.408635258675e-01   0.000000000000e+00   0.000000000000e+00   8.449186086655e-01 
  0.000000000000e+00  -2.028635790339e-04  -1.000000014901e-01  -4.779399186373e-02  -3.586279461160e-03  -1.880114972591e-01  -1.993058919907e-01   0.000000000000e+00  -1.000000014901e-01 
 -1.993058919907e-01   0.000000000000e+00  -1.000000014901e-01   0.000000000000e+00   0.000000000000e+00  -3.401663005352e-01   0.000000000000e+00   0.000000000000e+00  -3.401663005352e-01 
  8.135342597961e-02   0.000000000000e+00  -5.542119145393e-01   3.877554237843e-01   0.000000000000e+00  -5.225007534027e-01   4.095953702927e-01   0.000000000000e+00   8.408635258675e-01 
  0.000000000000e+00   0.000000000000e+00   8.449186086655e-01   0.000000000000e+00  -2.028635790339e-04  -1.000000014901e-01  -4.779399186373e-02  -3.586279461160e-03  -1.880114972591e-01 
 -1.993058919907e-01   0.000000000000e+00  -1.000000014901e-01  -1.993058919907e-01   0.000000000000e+00  -1.000000014901e-01   0.000000000000e+00  -7.872682809830e-02  -7.040784955025e-01 
  0.000000000000e+00  -7.872682809830e-02  -7.040784955025e-01   5.405903607607e-02   1.285027945414e-03  -3.791207671165e-01   0.000000000000e+00   1.654833555222e-02  -1.065454959869e+00 
  0.000000000000e+00  -1.178059168160e-02  -1.000000014901e-01   0.000000000000e+00   0.000000000000e+00  -8.648192286491e-01   0.000000000000e+00  -7.215961813927e-02  -8.685060143471e-01 
  0.000000000000e+00  -7.492820918560e-02  -1.038272619247e+00   6.117077544332e-02  -5.400748178363e-02  -1.083188056946e+00   6.117077544332e-02  -5.400748178363e-02  -1.083188056946e+00 
  0.000000000000e+00  -7.872682809830e-02  -7.040784955025e-01   0.000000000000e+00  -7.872682809830e-02  -7.040784955025e-01   5.405903607607e-02   1.285027945414e-03  -3.791207671165e-01 
  0.000000000000e+00   1.654833555222e-02  -1.065454959869e+00   0.000000000000e+00  -1.178059168160e-02  -1.000000014901e-01   0.000000000000e+00   0.000000000000e+00  -8.648192286491e-01 
  0.000000000000e+00  -7.215961813927e-02  -8.685060143471e-01   0.000000000000e+00  -7.492820918560e-02  -1.038272619247e+00   6.117077544332e-02  -5.400748178363e-02  -1.083188056946e+00 
  6.117077544332e-02  -5.400748178363e-02  -1.083188056946e+00   0.000000000000e+00   1.109359413385e-01  -1.552547793835e-02   0.000000000000e+00   1.109359413385e-01  -1.552547793835e-02 
 -2.350183203816e-02   6.525856256485e-02  -1.568751484156e-01   2.691222354770e-03   4.272212833166e-02  -2.696514129639e-01   2.648444771767e-01  -3.700259700418e-02  -1.844686716795e-01 
  3.452538251877e-01   0.000000000000e+00  -1.000000014901e-01   1.530771255493e-01  -7.224490493536e-02  -1.573117375374e+00   4.488472938538e-01  -5.953626707196e-02  -1.696598649025e+00 
  2.796124815941e-01  -2.363390475512e-02  -1.101725101471e+00   2.796124815941e-01  -2.363390475512e-02  -1.101725101471e+00   0.000000000000e+00   2.245937287807e-01  -3.812663629651e-02 
  0.000000000000e+00   2.245937287807e-01  -3.812663629651e-02  -2.700299024582e-02   1.580779552460e-01  -1.803789436817e-01   5.939289927483e-02   7.475642114878e-02  -3.990639746189e-01 
  1.015710473061e+00  -3.827305436134e-01  -1.000000014901e-01   6.381846666336e-01   0.000000000000e+00  -1.911259293556e+00   5.220427513123e-01  -2.724899351597e-02  -2.970997095108e+00 
  4.608367085457e-01   2.351938560605e-02  -2.017364263535e+00   1.687302738428e-01   2.636550180614e-02  -1.000000014901e-01   1.687302738428e-01   2.636550180614e-02  -1.000000014901e-01 
  0.000000000000e+00   6.301289796829e-02  -3.734231293201e-01   0.000000000000e+00   6.301289796829e-02  -3.734231293201e-01   4.098113626242e-02   6.037347018719e-02  -1.033681109548e-01 
  2.963399887085e-01   2.188053168356e-02  -6.052468419075e-01   8.669449090958e-01  -7.159833610058e-02  -7.094946503639e-01   1.369894295931e-01   4.563435316086e-01  -1.811548113823e+00 
  4.018488228321e-01   0.000000000000e+00  -2.670485258102e+00   0.000000000000e+00   3.562479838729e-02  -2.970997095108e+00   0.000000000000e+00   2.846606820822e-02  -2.331224203110e+00 
  0.000000000000e+00   2.846606820822e-02  -2.331224203110e+00   0.000000000000e+00   2.776999473572e-01  -3.906104564667e-01   0.000000000000e+00   2.776999473572e-01  -3.906104564667e-01 
 -1.366134639829e-02   1.420341730118e-01  -1.931627392769e-01   7.497292011976e-02   1.313254982233e-01  -1.603037118912e-01   0.000000000000e+00   5.545504689217e-01  -1.000000014901e-01 
 -1.776703745127e-01   5.886928439140e-01  -9.526147246361e-01  -1.562297195196e-01   3.478990197182e-01  -1.811550021172e+00  -1.249837279320e-01   2.116250544786e-01  -2.255999565125e+00 
 -2.641147077084e-01   1.814325302839e-01  -1.441330313683e+00  -2.641147077084e-01   1.814325302839e-01  -1.441330313683e+00   0.000000000000e+00   1.881692558527e-01  -3.388093113899e-01 
  0.000000000000e+00   1.881692558527e-01  -3.388093113899e-01  -1.425551902503e-02   3.396402001381e-01  -1.381659656763e-01   1.819033771753e-01   4.540706574917e-01  -1.531777381897e-01 
  1.472017616034e-01   5.724998712540e-01  -2.218360751867e-01  -1.020280420780e-01   6.101334691048e-01  -1.000000014901e-01   0.000000000000e+00   0.000000000000e+00  -1.122907161713e+00 
 -5.948715656996e-02   1.563585251570e-01  -1.639256477356e-01  -6.547408699989e-01   0.000000000000e+00  -1.000000014901e-01  -6.547408699989e-01   0.000000000000e+00  -1.000000014901e-01 
  0.000000000000e+00   2.476426810026e-01  -2.581084668636e-01   0.000000000000e+00   2.476426810026e-01  -2.581084668636e-01   1.370168626308e-01   1.816045492887e-01   1.142013818026e-01 
  3.252116739750e-01   2.776802182198e-01  -1.768050016835e-03   3.383213579655e-01   0.000000000000e+00  -2.518118321896e-01   2.656258940697e-01   0.000000000000e+00   2.059543430805e-01 
  1.443891525269e-01   0.000000000000e+00  -1.209667995572e-01  -3.541997373104e-01  -7.950196042657e-03  -1.000000014901e-01  -6.608520150185e-01  -7.950196042657e-03  -1.000000014901e-01 
 -6.608520150185e-01  -7.950196042657e-03  -1.000000014901e-01   0.000000000000e+00   0.000000000000e+00  -1.430938243866e-01   0.000000000000e+00   0.000000000000e+00  -1.430938243866e-01 
  1.469522714615e-01   0.000000000000e+00  -7.199168670923e-03   3.994703590870e-01   0.000000000000e+00  -1.177374795079e-01   3.747332394123e-01   0.000000000000e+00  -4.532028436661e-01 
  2.290975153446e-01   0.000000000000e+00  -1.000000014901e-01   0.000000000000e+00  -3.657876979560e-03  -1.000000014901e-01  -1.680577993393e-01  -7.950196042657e-03  -1.000000014901e-01 
 -3.273704349995e-01  -7.950196042657e-03  -1.000000014901e-01  -3.273704349995e-01  -7.950196042657e-03  -1.000000014901e-01   0.000000000000e+00   0.000000000000e+00  -1.430938243866e-01 
  0.000000000000e+00   0.000000000000e+00  -1.430938243866e-01   1.469522714615e-01   0.000000000000e+00  -7.199168670923e-03   3.994703590870e-01   0.000000000000e+00  -1.177374795079e-01 
  3.747332394123e-01   0.000000000000e+00  -4.532028436661e-01   2.290975153446e-01   0.000000000000e+00  -1.000000014901e-01   0.000000000000e+00  -3.657876979560e-03  -1.000000014901e-01 
 -1.680577993393e-01  -7.950196042657e-03  -1.000000014901e-01  -3.273704349995e-01  -7.950196042657e-03  -1.000000014901e-01  -3.273704349995e-01  -7.950196042657e-03  -1.000000014901e-01 
  0.000000000000e+00  -2.647081576288e-02  -9.059930443764e-01   0.000000000000e+00  -2.647081576288e-02  -9.059930443764e-01   7.583938539028e-02  -7.212975062430e-03  -9.837417602539e-01 
  2.029596716166e-01   5.259275436401e-03  -1.204116463661e+00   0.000000000000e+00   4.091877955943e-03  -1.000000014901e-01   0.000000000000e+00  -6.109797861427e-03  -1.000000014901e-01 
  0.000000000000e+00  -2.813780494034e-02  -1.000000014901e-01   0.000000000000e+00  -2.782099694014e-02  -1.000000014901e-01   0.000000000000e+00  -2.178859710693e-02  -1.000000014901e-01 
  0.000000000000e+00  -2.178859710693e-02  -1.000000014901e-01   0.000000000000e+00  -2.647081576288e-02  -9.059930443764e-01   0.000000000000e+00  -2.647081576288e-02  -9.059930443764e-01 
  7.583938539028e-02  -7.212975062430e-03  -9.837417602539e-01   2.029596716166e-01   5.259275436401e-03  -1.204116463661e+00   0.000000000000e+00   4.091877955943e-03  -1.000000014901e-01 
  0.000000000000e+00  -6.109797861427e-03  -1.000000014901e-01   0.000000000000e+00  -2.813780494034e-02  -1.000000014901e-01   0.000000000000e+00  -2.782099694014e-02  -1.000000014901e-01 
  0.000000000000e+00  -2.178859710693e-02  -1.000000014901e-01   0.000000000000e+00  -2.178859710693e-02  -1.000000014901e-01   0.000000000000e+00  -7.723891735077e-02  -5.480777621269e-01 
  0.000000000000e+00  -7.723891735077e-02  -5.480777621269e-01   2.353209443390e-02   1.362967956811e-02  -6.710226535797e-01   1.002581790090e-01   1.051270402968e-02  -7.971082925797e-01 
  0.000000000000e+00   1.087546627969e-02  -1.573672443628e-01   5.165431648493e-03  -6.478806491941e-03  -1.000000014901e-01   1.935825794935e-01  -2.564160898328e-02  -5.538933277130e-01 
  2.002949863672e-01  -2.559816464782e-02  -1.250500917435e+00   1.429825425148e-01  -2.052339725196e-02  -1.030437588692e+00   1.429825425148e-01  -2.052339725196e-02  -1.030437588692e+00 
  0.000000000000e+00   2.279212512076e-02  -9.675738215446e-02   0.000000000000e+00   2.279212512076e-02  -9.675738215446e-02  -1.762941665947e-02   2.910537458956e-02  -8.114179968834e-02 
  1.698488369584e-02   2.301619015634e-02  -1.522575914860e-01   4.853626191616e-01  -2.453728318214e-01  -3.314935564995e-01   3.530406653881e-01   0.000000000000e+00  -1.258736968040e+00 
  3.500421941280e-01   8.200714364648e-03  -1.000000014901e-01   3.224145770073e-01   2.612474933267e-02  -1.283281922340e+00   1.753307580948e-01   2.833067812026e-02  -6.148905754089e-01 
  1.753307580948e-01   2.833067812026e-02  -6.148905754089e-01   0.000000000000e+00  -2.297106944025e-02  -2.295079976320e-01   0.000000000000e+00  -2.297106944025e-02  -2.295079976320e-01 
 -2.855131402612e-02   5.595969036222e-02   1.044207289815e-01   5.171891301870e-02   6.869737058878e-02  -1.000000014901e-01   4.061776101589e-01   1.315140277147e-01  -5.913650989532e-01 
  4.448515549302e-02   0.000000000000e+00  -9.418943524361e-01   1.718549132347e-01   1.552384644747e-01  -2.324767112732e+00   4.116362333298e-02   1.173785924911e-01  -1.000000014901e-01 
  1.003605592996e-02   4.548991844058e-02  -8.458413481712e-01   1.003605592996e-02   4.548991844058e-02  -8.458413481712e-01   0.000000000000e+00   2.310004830360e-01  -2.273998260498e-01 
  0.000000000000e+00   2.310004830360e-01  -2.273998260498e-01  -3.179399296641e-02   2.186513841152e-01  -2.305143624544e-01   2.313183061779e-02   1.999940872192e-01  -1.614162325859e-01 
 -1.755611971021e-02   5.782108902931e-01  -1.000000014901e-01  -1.669500470161e-01   5.994131565094e-01  -9.311740398407e-01  -1.669500470161e-01   4.237936139107e-01  -9.418943524361e-01 
 -1.531799286604e-01   2.806159555912e-01  -1.286893606186e+00   0.000000000000e+00   0.000000000000e+00  -6.359738111496e-01   0.000000000000e+00   0.000000000000e+00  -6.359738111496e-01 
  0.000000000000e+00   3.311780467629e-02  -3.526035845280e-01   0.000000000000e+00   3.311780467629e-02  -3.526035845280e-01   2.882697992027e-02   4.349516704679e-02  -2.507283091545e-01 
  1.740410625935e-01   6.472580879927e-02  -2.478118389845e-01   2.014026939869e-01   5.839687585831e-01   5.697253942490e-01   3.620445728302e-02   5.994131565094e-01  -1.000000014901e-01 
 -5.036332085729e-02   3.381856381893e-01  -1.027588009834e+00  -3.555415570736e-01   0.000000000000e+00  -4.772349298000e-01  -6.608520150185e-01   0.000000000000e+00  -8.544698357582e-01 
 -6.608520150185e-01   0.000000000000e+00  -8.544698357582e-01   0.000000000000e+00   3.698896989226e-02  -4.751741290092e-01   0.000000000000e+00   3.698896989226e-02  -4.751741290092e-01 
  1.201315671206e-01   4.952829331160e-02  -4.697775468230e-02   3.615405559540e-01   3.670268505812e-02  -2.572399675846e-01   2.290975153446e-01   0.000000000000e+00   1.550915002823e+00 
  2.290975153446e-01   0.000000000000e+00   2.582367897034e+00   0.000000000000e+00  -5.317539907992e-03  -1.819644719362e-01   0.000000000000e+00  -7.950196042657e-03  -1.000000014901e-01 
 -7.177828550339e-01  -6.488107889891e-02  -9.114007353783e-01  -7.177828550339e-01  -6.488107889891e-02  -9.114007353783e-01   0.000000000000e+00   0.000000000000e+00  -5.660390257835e-01 
  0.000000000000e+00   0.000000000000e+00  -5.660390257835e-01   8.324235677719e-02   0.000000000000e+00  -2.572399675846e-01   3.847537636757e-01   0.000000000000e+00  -4.675021469593e-01 
  3.515705764294e-01   0.000000000000e+00   2.554279565811e+00   1.066244393587e-01   0.000000000000e+00   3.978436708450e+00   0.000000000000e+00   0.000000000000e+00  -1.043679937720e-01 
  0.000000000000e+00  -7.950196042657e-03  -1.000000014901e-01   0.000000000000e+00   0.000000000000e+00  -1.000000014901e-01   0.000000000000e+00   0.000000000000e+00  -1.000000014901e-01 
  0.000000000000e+00   0.000000000000e+00  -5.660390257835e-01   0.000000000000e+00   0.000000000000e+00  -5.660390257835e-01   8.324235677719e-02   0.000000000000e+00  -2.572399675846e-01 
  3.847537636757e-01   0.000000000000e+00  -4.675021469593e-01   3.515705764294e-01   0.000000000000e+00   2.554279565811e+00   1.066244393587e-01   0.000000000000e+00   3.978436708450e+00 
  0.000000000000e+00   0.000000000000e+00  -1.043679937720e-01   0.000000000000e+00  -7.950196042657e-03  -1.000000014901e-01   0.000000000000e+00   0.000000000000e+00  -1.000000014901e-01 
  0.000000000000e+00   0.000000000000e+00  -1.000000014901e-01   0.000000000000e+00   9.393063187599e-02  -1.302277743816e-01   0.000000000000e+00   9.393063187599e-02  -1.302277743816e-01 
  4.727854952216e-02   9.582541882992e-02  -3.284628391266e-01   1.099311038852e-01   6.569840013981e-02  -7.633405923843e-01   0.000000000000e+00  -9.407037869096e-03  -1.000000014901e-01 
  0.000000000000e+00  -1.211108360440e-02  -1.000000014901e-01   3.761947453022e-01  -2.422424033284e-02  -1.000000014901e-01   3.761947453022e-01  -2.422424033284e-02  -1.000000014901e-01 
  0.000000000000e+00  -1.469272002578e-02  -1.000000014901e-01   0.000000000000e+00  -1.469272002578e-02  -1.000000014901e-01   0.000000000000e+00   9.393063187599e-02  -1.302277743816e-01 
  0.000000000000e+00   9.393063187599e-02  -1.302277743816e-01   4.727854952216e-02   9.582541882992e-02  -3.284628391266e-01   1.099311038852e-01   6.569840013981e-02  -7.633405923843e-01 
  0.000000000000e+00  -9.407037869096e-03  -1.000000014901e-01   0.000000000000e+00  -1.211108360440e-02  -1.000000014901e-01   3.761947453022e-01  -2.422424033284e-02  -1.000000014901e-01 
  3.761947453022e-01  -2.422424033284e-02  -1.000000014901e-01   0.000000000000e+00  -1.469272002578e-02  -1.000000014901e-01   0.000000000000e+00  -1.469272002578e-02  -1.000000014901e-01 
  0.000000000000e+00  -5.344182252884e-02  -5.985552668571e-01   0.000000000000e+00  -5.344182252884e-02  -5.985552668571e-01  -1.347196381539e-02   4.037421569228e-02  -4.635090529919e-01 
  3.929715231061e-02   4.980444535613e-02  -5.816881656647e-01   2.512781694531e-02  -9.452542290092e-03  -1.012235134840e-01   3.267506510019e-02  -1.211179886013e-02  -9.978537261486e-02 
  1.880973726511e-01  -2.422424033284e-02  -1.000000014901e-01   1.880973726511e-01  -2.422424033284e-02  -2.493135482073e-01   7.744382321835e-02  -1.469301152974e-02  -2.347999364138e-01 
  7.744382321835e-02  -1.469301152974e-02  -2.347999364138e-01   0.000000000000e+00   8.798373490572e-02   4.568962454796e-01   0.000000000000e+00   8.798373490572e-02   4.568962454796e-01 
  1.157522201538e-01   6.435675919056e-02   3.081631660461e-01   6.329483538866e-02   5.761479958892e-02   2.418068051338e-01   6.464415043592e-02  -6.228987500072e-02  -3.197351694107e-01 
  1.288607809693e-02  -4.974831361324e-03  -5.255085229874e-01   6.901736557484e-02   0.000000000000e+00  -1.000000014901e-01   1.389222294092e-01  -9.973652660847e-03  -4.832769334316e-01 
  8.029643446207e-02  -9.184454567730e-03  -5.036173462868e-01   8.029643446207e-02  -9.184454567730e-03  -5.036173462868e-01   0.000000000000e+00   2.111922353506e-01   6.902752071619e-02 
  0.000000000000e+00   2.111922353506e-01   6.902752071619e-02  -3.775790706277e-02   1.782802939415e-01   6.985788792372e-02  -3.223210573196e-02   1.711691915989e-01   5.207361653447e-02 
  1.063697636127e-01   1.729928851128e-01  -2.770546376705e-01   1.461836602539e-02   0.000000000000e+00  -1.000000014901e-01   9.654213488102e-02   0.000000000000e+00  -1.495382785797e+00 
  2.602015994489e-02  -3.107063239440e-03  -6.464903950691e-01  -7.214553654194e-02   3.334268927574e-02  -4.190980195999e-01  -7.214553654194e-02   3.334268927574e-02  -4.190980195999e-01 
  0.000000000000e+00   2.120298594236e-01  -2.365504503250e-01   0.000000000000e+00   2.120298594236e-01  -2.365504503250e-01  -2.968037128448e-02   2.121529728174e-01  -2.099973410368e-01 
 -1.520531158894e-02   2.099571973085e-01  -1.860021352768e-01   1.865907758474e-01   3.497382104397e-01  -3.923546150327e-02  -7.606729120016e-02   0.000000000000e+00  -1.000000014901e-01 
  0.000000000000e+00   2.864983081818e-01  -1.000000014901e-01  -1.140283122659e-01   1.600909829140e-01  -6.876848340034e-01  -1.832454353571e-01   0.000000000000e+00  -1.000000014901e-01 
 -1.832454353571e-01   0.000000000000e+00  -1.000000014901e-01   0.000000000000e+00   1.737494468689e-01  -3.663036599755e-02   0.000000000000e+00   1.737494468689e-01  -3.663036599755e-02 
  3.849908336997e-02   1.502154916525e-01  -3.915491327643e-02   1.944268643856e-01   1.222548186779e-01  -8.385590463877e-02   9.004081487656e-01   2.652283012867e-01   5.078738927841e-01 
  7.454060316086e-01   0.000000000000e+00   5.245292782784e-01   3.902063369751e-01   2.922305464745e-01  -5.692704916000e-01  -2.407712787390e-01  -1.522567472421e-03  -4.772348999977e-01 
 -3.273704349995e-01   0.000000000000e+00  -8.544698357582e-01  -3.273704349995e-01   0.000000000000e+00  -8.544698357582e-01   0.000000000000e+00  -3.584449738264e-02  -3.449144959450e-01 
  0.000000000000e+00  -3.584449738264e-02  -3.449144959450e-01   8.498817682266e-02   2.744588069618e-03   6.221382692456e-02   2.905541062355e-01   0.000000000000e+00  -2.342658303678e-02 
  1.076818227768e+00   0.000000000000e+00   6.586685180664e-01   1.136553764343e+00   0.000000000000e+00   1.778219223022e+00   5.463048815727e-01  -3.849712433293e-03   6.459555774927e-02 
  0.000000000000e+00  -3.975098021328e-03  -1.000000014901e-01   0.000000000000e+00   0.000000000000e+00  -7.975389361382e-01   0.000000000000e+00   0.000000000000e+00  -7.975389361382e-01 
  0.000000000000e+00   0.000000000000e+00  -2.773740887642e-01   0.000000000000e+00   0.000000000000e+00  -2.773740887642e-01   1.347445975989e-02  -6.715118070133e-04  -1.906769573689e-01 
  0.000000000000e+00   0.000000000000e+00  -1.000000014901e-01   1.315430521965e+00   0.000000000000e+00   2.121543645859e+00   1.186540722847e+00   0.000000000000e+00   2.897895336151e+00 
  0.000000000000e+00  -1.882404787466e-03  -1.000000014901e-01   0.000000000000e+00  -3.975097555667e-03  -1.000000014901e-01   0.000000000000e+00   0.000000000000e+00  -1.000000014901e-01 
  0.000000000000e+00   0.000000000000e+00  -1.000000014901e-01   0.000000000000e+00   0.000000000000e+00  -2.773740887642e-01   0.000000000000e+00   0.000000000000e+00  -2.773740887642e-01 
  1.347445975989e-02  -6.715118070133e-04  -1.906769573689e-01   0.000000000000e+00   0.000000000000e+00  -1.000000014901e-01   1.315430521965e+00   0.000000000000e+00   2.121543645859e+00 
  1.186540722847e+00   0.000000000000e+00   2.897895336151e+00   0.000000000000e+00  -1.882404787466e-03  -1.000000014901e-01   0.000000000000e+00  -3.975097555667e-03  -1.000000014901e-01 
  0.000000000000e+00   0.000000000000e+00  -1.000000014901e-01   0.000000000000e+00   0.000000000000e+00  -1.000000014901e-01   0.000000000000e+00   1.696829348803e-01   9.700413793325e-02 
  0.000000000000e+00   1.696829348803e-01   9.700413793325e-02  -1.164163276553e-01   1.017744541168e-01  -2.708410620689e-01   5.744028091431e-02   8.853378891945e-02  -1.162689566612e+00 
  0.000000000000e+00  -1.255958050024e-04  -1.000000014901e-01   0.000000000000e+00   0.000000000000e+00  -1.000000014901e-01   3.609155118465e-01  -3.950349614024e-02  -8.492311835289e-01 
  3.914740085602e-01  -2.422424033284e-02  -8.339518904686e-01   0.000000000000e+00   0.000000000000e+00  -1.000000014901e-01   0.000000000000e+00   0.000000000000e+00  -1.000000014901e-01 
  0.000000000000e+00   1.696829348803e-01   9.700413793325e-02   0.000000000000e+00   1.696829348803e-01   9.700413793325e-02  -1.164163276553e-01   1.017744541168e-01  -2.708410620689e-01 
  5.744028091431e-02   8.853378891945e-02  -1.162689566612e+00   0.000000000000e+00  -1.255958050024e-04  -1.000000014901e-01   0.000000000000e+00   0.000000000000e+00  -1.000000014901e-01 
  3.609155118465e-01  -3.950349614024e-02  -8.492311835289e-01   3.914740085602e-01  -2.422424033284e-02  -8.339518904686e-01   0.000000000000e+00   0.000000000000e+00  -1.000000014901e-01 
  0.000000000000e+00   0.000000000000e+00  -1.000000014901e-01   0.000000000000e+00   1.046622991562e-01  -1.597056239843e-01   0.000000000000e+00   1.046622991562e-01  -1.597056239843e-01 
  1.138703376055e-01   8.159065991640e-02  -2.922517359257e-01   7.383897900581e-02   7.430813461542e-02  -6.204828619957e-01   9.448750875890e-03  -3.595984308049e-04  -9.875278174877e-02 
  0.000000000000e+00   0.000000000000e+00  -9.907526522875e-02   0.000000000000e+00  -8.944983594120e-03  -1.000000014901e-01   0.000000000000e+00  -2.422424033284e-02  -4.626576602459e-01 
  0.000000000000e+00   0.000000000000e+00  -3.129175007343e-01   0.000000000000e+00   0.000000000000e+00  -3.129175007343e-01   0.000000000000e+00  -6.792807485908e-03  -1.931063979864e-01 
  0.000000000000e+00  -6.792807485908e-03  -1.931063979864e-01   4.114324748516e-01  -8.223506622016e-03  -1.655197143555e-01   0.000000000000e+00   2.191691193730e-03  -1.597869843245e-01 
  0.000000000000e+00  -2.060157014057e-03  -9.222969412804e-02   0.000000000000e+00   0.000000000000e+00  -9.650132805109e-02   0.000000000000e+00   0.000000000000e+00  -1.000000014901e-01 
  0.000000000000e+00   0.000000000000e+00  -3.146521747112e-01   0.000000000000e+00   0.000000000000e+00  -3.052896857262e-01   0.000000000000e+00   0.000000000000e+00  -3.052896857262e-01 
  0.000000000000e+00   2.899575829506e-01  -2.036852538586e-01   0.000000000000e+00   2.899575829506e-01  -2.036852538586e-01   1.434726566076e-01  -3.923838958144e-02  -4.505272954702e-02 
  0.000000000000e+00   0.000000000000e+00  -1.000000014901e-01   9.808043949306e-03   7.321233302355e-02  -8.693610876799e-02   4.076177626848e-02   0.000000000000e+00  -9.982629120350e-02 
  2.925711311400e-02   0.000000000000e+00  -3.429594635963e-01   1.534129865468e-02   0.000000000000e+00  -4.018714129925e-01  -5.313972756267e-02   1.562503632158e-03  -2.626567482948e-01 
 -5.313972756267e-02   1.562503632158e-03  -2.626567482948e-01   0.000000000000e+00   3.018762469292e-01  -3.235467970371e-01   0.000000000000e+00   3.018762469292e-01  -3.235467970371e-01 
 -1.432623597793e-03   1.995517760515e-01  -2.390891909599e-01   2.275557816029e-01   1.742870956659e-01  -2.316299825907e-01   1.336081176996e-01   2.026101201773e-01   1.586333382875e-03 
  1.446359008551e-01   3.416620567441e-02  -1.000000014901e-01   4.653345420957e-02   1.491972655058e-01  -1.078611835837e-01  -8.803882449865e-02   1.215729340911e-01  -3.893380463123e-01 
 -1.848946362734e-01   4.803045652807e-03  -1.000000014901e-01  -1.848946362734e-01   4.803045652807e-03  -1.000000014901e-01   0.000000000000e+00   4.154498279095e-01  -4.514456540346e-02 
  0.000000000000e+00   4.154498279095e-01  -4.514456540346e-02   1.941527239978e-02   2.423649281263e-01  -7.311145216227e-02   6.145817637444e-01   0.000000000000e+00  -2.355795949697e-01 
  0.000000000000e+00   4.725897684693e-02   6.124422326684e-02   5.657604336739e-01   1.429435517639e-02   3.586672544479e-01   5.187662839890e-01   2.419151514769e-01  -3.048197031021e-01 
 -1.539675444365e-01  -1.460534520447e-03  -2.553158998489e-01  -1.949483156204e-01   0.000000000000e+00  -1.000000014901e-01  -1.949483156204e-01   0.000000000000e+00  -1.000000014901e-01 
  0.000000000000e+00   3.315199017525e-01  -9.163060784340e-02   0.000000000000e+00   3.315199017525e-01  -9.163060784340e-02   2.790310978889e-01   7.198353111744e-02  -1.221662089229e-01 
  6.149105429649e-01   0.000000000000e+00  -5.386632084846e-01   6.730611920357e-01   2.140852117805e-08   7.342985272408e-02   9.992977976799e-01   2.574592272708e-08   4.615716040134e-01 
  5.875965356827e-01  -2.177469898015e-03  -4.555961489677e-02   0.000000000000e+00  -2.411080058664e-03  -1.000000014901e-01   0.000000000000e+00   0.000000000000e+00  -1.000000014901e-01 
  0.000000000000e+00   0.000000000000e+00  -1.000000014901e-01   0.000000000000e+00   0.000000000000e+00  -1.762396842241e-01   0.000000000000e+00   0.000000000000e+00  -1.762396842241e-01 
  1.632187366486e-01   0.000000000000e+00  -1.499787718058e-01   3.405786454678e-01   0.000000000000e+00  -2.234732955694e-01   1.250985622406e+00   5.538012359807e-08  -3.032341301441e-01 
  1.250985622406e+00   5.158002025496e-08  -2.387892007828e-01   0.000000000000e+00  -1.952858874574e-04  -1.000000014901e-01   0.000000000000e+00  -2.411079825833e-03  -1.000000014901e-01 
  0.000000000000e+00   0.000000000000e+00  -1.000000014901e-01   0.000000000000e+00   0.000000000000e+00  -1.000000014901e-01   0.000000000000e+00   0.000000000000e+00  -1.762396842241e-01 
  0.000000000000e+00   0.000000000000e+00  -1.762396842241e-01   1.632187366486e-01   0.000000000000e+00  -1.499787718058e-01   3.405786454678e-01   0.000000000000e+00  -2.234732955694e-01 
  1.250985622406e+00   5.538012359807e-08  -3.032341301441e-01   1.250985622406e+00   5.158002025496e-08  -2.387892007828e-01   0.000000000000e+00  -1.952858874574e-04  -1.000000014901e-01 
  0.000000000000e+00  -2.411079825833e-03  -1.000000014901e-01   0.000000000000e+00   0.000000000000e+00  -1.000000014901e-01   0.000000000000e+00   0.000000000000e+00  -1.000000014901e-01 
  0.000000000000e+00   1.696829348803e-01   9.700413793325e-02   0.000000000000e+00   1.696829348803e-01   9.700413793325e-02  -1.164163276553e-01   1.017744541168e-01  -2.708410620689e-01 
  5.744028091431e-02   8.853378891945e-02  -1.162689566612e+00   0.000000000000e+00  -1.255958050024e-04  -1.000000014901e-01   0.000000000000e+00   0.000000000000e+00  -1.000000014901e-01 
  3.609155118465e-01  -3.950349614024e-02  -8.492311835289e-01   3.914740085602e-01  -2.422424033284e-02  -8.339518904686e-01   0.000000000000e+00   0.000000000000e+00  -1.000000014901e-01 
  0.000000000000e+00   0.000000000000e+00  -1.000000014901e-01   0.000000000000e+00   1.696829348803e-01   9.700413793325e-02   0.000000000000e+00   1.696829348803e-01   9.700413793325e-02 
 -1.164163276553e-01   1.017744541168e-01  -2.708410620689e-01   5.744028091431e-02   8.853378891945e-02  -1.162689566612e+00   0.000000000000e+00  -1.255958050024e-04  -1.000000014901e-01 
  0.000000000000e+00   0.000000000000e+00  -1.000000014901e-01   3.609155118465e-01  -3.950349614024e-02  -8.492311835289e-01   3.914740085602e-01  -2.422424033284e-02  -8.339518904686e-01 
  0.000000000000e+00   0.000000000000e+00  -1.000000014901e-01   0.000000000000e+00   0.000000000000e+00  -1.000000014901e-01   0.000000000000e+00   1.046622991562e-01  -1.597056239843e-01 
  0.000000000000e+00   1.046622991562e-01  -1.597056239843e-01   1.138703376055e-01   8.159065991640e-02  -2.922517359257e-01   7.383897900581e-02   7.430813461542e-02  -6.204828619957e-01 
  9.448750875890e-03  -3.595984308049e-04  -9.875278174877e-02   0.000000000000e+00   0.000000000000e+00  -9.907526522875e-02   0.000000000000e+00  -8.944983594120e-03  -1.000000014901e-01 
  0.000000000000e+00  -2.422424033284e-02  -4.626576602459e-01   0.000000000000e+00   0.000000000000e+00  -3.129175007343e-01   0.000000000000e+00   0.000000000000e+00  -3.129175007343e-01 
  0.000000000000e+00  -6.792807485908e-03  -1.931063979864e-01   0.000000000000e+00  -6.792807485908e-03  -1.931063979864e-01   4.114324748516e-01  -8.223506622016e-03  -1.655197143555e-01 
  0.000000000000e+00   2.191691193730e-03  -1.597869843245e-01   0.000000000000e+00  -2.060157014057e-03  -9.222969412804e-02   0.000000000000e+00   0.000000000000e+00  -9.650132805109e-02 
  0.000000000000e+00   0.000000000000e+00  -1.000000014901e-01   0.000000000000e+00   0.000000000000e+00  -3.146521747112e-01   0.000000000000e+00   0.000000000000e+00  -3.052896857262e-01 
  0.000000000000e+00   0.000000000000e+00  -3.052896857262e-01   0.000000000000e+00   2.899575829506e-01  -2.036852538586e-01   0.000000000000e+00   2.899575829506e-01  -2.036852538586e-01 
  1.434726566076e-01  -3.923838958144e-02  -4.505272954702e-02   0.000000000000e+00   0.000000000000e+00  -1.000000014901e-01   9.808043949306e-03   7.321233302355e-02  -8.693610876799e-02 
  4.076177626848e-02   0.000000000000e+00  -9.982629120350e-02   2.925711311400e-02   0.000000000000e+00  -3.429594635963e-01   1.534129865468e-02   0.000000000000e+00  -4.018714129925e-01 
 -5.313972756267e-02   1.562503632158e-03  -2.626567482948e-01  -5.313972756267e-02   1.562503632158e-03  -2.626567482948e-01   0.000000000000e+00   3.018762469292e-01  -3.235467970371e-01 
  0.000000000000e+00   3.018762469292e-01  -3.235467970371e-01  -1.432623597793e-03   1.995517760515e-01  -2.390891909599e-01   2.275557816029e-01   1.742870956659e-01  -2.316299825907e-01 
  1.336081176996e-01   2.026101201773e-01   1.586333382875e-03   1.446359008551e-01   3.416620567441e-02  -1.000000014901e-01   4.653345420957e-02   1.491972655058e-01  -1.078611835837e-01 
 -8.803882449865e-02   1.215729340911e-01  -3.893380463123e-01  -1.848946362734e-01   4.803045652807e-03  -1.000000014901e-01  -1.848946362734e-01   4.803045652807e-03  -1.000000014901e-01 
  0.000000000000e+00   4.154498279095e-01  -4.514456540346e-02   0.000000000000e+00   4.154498279095e-01  -4.514456540346e-02   1.941527239978e-02   2.423649281263e-01  -7.311145216227e-02 
  6.145817637444e-01   0.000000000000e+00  -2.355795949697e-01   0.000000000000e+00   4.725897684693e-02   6.124422326684e-02   5.657604336739e-01   1.429435517639e-02   3.586672544479e-01 
  5.187662839890e-01   2.419151514769e-01  -3.048197031021e-01  -1.539675444365e-01  -1.460534520447e-03  -2.553158998489e-01  -1.949483156204e-01   0.000000000000e+00  -1.000000014901e-01 
 -1.949483156204e-01   0.000000000000e+00  -1.000000014901e-01   0.000000000000e+00   3.315199017525e-01  -9.163060784340e-02   0.000000000000e+00   3.315199017525e-01  -9.163060784340e-02 
  2.790310978889e-01   7.198353111744e-02  -1.221662089229e-01   6.149105429649e-01   0.000000000000e+00  -5.386632084846e-01   6.730611920357e-01   2.140852117805e-08   7.342985272408e-02 
  9.992977976799e-01   2.574592272708e-08   4.615716040134e-01   5.875965356827e-01  -2.177469898015e-03  -4.555961489677e-02   0.000000000000e+00  -2.411080058664e-03  -1.000000014901e-01 
  0.000000000000e+00   0.000000000000e+00  -1.000000014901e-01   0.000000000000e+00   0.000000000000e+00  -1.000000014901e-01   0.000000000000e+00   0.000000000000e+00  -1.762396842241e-01 
  0.000000000000e+00   0.000000000000e+00  -1.762396842241e-01   1.632187366486e-01   0.000000000000e+00  -1.499787718058e-01   3.405786454678e-01   0.000000000000e+00  -2.234732955694e-01 
  1.250985622406e+00   5.538012359807e-08  -3.032341301441e-01   1.250985622406e+00   5.158002025496e-08  -2.387892007828e-01   0.000000000000e+00  -1.952858874574e-04  -1.000000014901e-01 
  0.000000000000e+00  -2.411079825833e-03  -1.000000014901e-01   0.000000000000e+00   0.000000000000e+00  -1.000000014901e-01   0.000000000000e+00   0.000000000000e+00  -1.000000014901e-01 
  0.000000000000e+00   0.000000000000e+00  -1.762396842241e-01   0.000000000000e+00   0.000000000000e+00  -1.762396842241e-01   1.632187366486e-01   0.000000000000e+00  -1.499787718058e-01 
  3.405786454678e-01   0.000000000000e+00  -2.234732955694e-01   1.250985622406e+00   5.538012359807e-08  -3.032341301441e-01   1.250985622406e+00   5.158002025496e-08  -2.387892007828e-01 
  0.000000000000e+00  -1.952858874574e-04  -1.000000014901e-01   0.000000000000e+00  -2.411079825833e-03  -1.000000014901e-01   0.000000000000e+00   0.000000000000e+00  -1.000000014901e-01 
  0.000000000000e+00   0.000000000000e+00  -1.000000014901e-01 

