# vtk DataFile Version 2.0
Written using VisIt writer
ASCII
DATASET RECTILINEAR_GRID
DIMENSIONS 10 10 10
X_COORDINATES 10 float
  0.000000000000e+00   5.000000000000e-01   1.000000000000e+00   1.500000000000e+00   2.000000000000e+00   2.500000000000e+00   3.000000000000e+00   3.500000000000e+00   4.000000000000e+00 
  4.500000000000e+00 
Y_COORDINATES 10 float
  0.000000000000e+00   5.000000000000e-01   1.000000000000e+00   1.500000000000e+00   2.000000000000e+00   2.500000000000e+00   3.000000000000e+00   3.500000000000e+00   4.000000000000e+00 
  4.500000000000e+00 
Z_COORDINATES 10 float
  0.000000000000e+00   5.000000000000e-01   1.000000000000e+00   1.500000000000e+00   2.000000000000e+00   2.500000000000e+00   3.000000000000e+00   3.500000000000e+00   4.000000000000e+00 
  4.500000000000e+00 
CELL_DATA 729
POINT_DATA 1000
VECTORS velocity float
  0.000000000000e+00  -1.300313472748e-01  -2.613103091717e-01   3.251200000000e+04   0.000000000000e+00   0.000000000000e+00   0.000000000000e+00   0.000000000000e+00   0.000000000000e+00 
  6.984494626522e-02  -8.330725878477e-02  -1.615688800812e-01   0.000000000000e+00   0.000000000000e+00   0.000000000000e+00   0.000000000000e+00   1.431655808000e+09   1.070945600000e+09 
 -1.193392351270e-01  -7.985695451498e-02  -1.606444120407e-01   1.071994176000e+09   0.000000000000e+00   0.000000000000e+00   0.000000000000e+00   0.000000000000e+00   0.000000000000e+00 
  5.033295974135e-02  -1.924698054790e-01  -1.838197559118e-01   0.000000000000e+00  -1.300313472748e-01  -2.613103091717e-01   1.070945600000e+09   0.000000000000e+00   0.000000000000e+00 
  3.214773535728e-02  -1.282670199871e-01  -2.076951414347e-01   6.984494626522e-02  -8.330725878477e-02  -1.615688800812e-01   1.431655808000e+09   1.070945600000e+09   0.000000000000e+00 
 -5.138424411416e-02  -6.495062261820e-02  -1.361099034548e-01  -1.193392351270e-01  -7.985695451498e-02  -1.606444120407e-01   0.000000000000e+00   0.000000000000e+00   1.071644672000e+09 
  5.033295974135e-02  -1.924698054790e-01  -1.838197559118e-01   5.033295974135e-02  -1.924698054790e-01  -1.838197559118e-01   0.000000000000e+00  -4.349648952484e-02  -2.005569189787e-01 
  0.000000000000e+00  -4.349648952484e-02  -2.005569189787e-01  -7.856872864068e-03  -9.162592887878e-02  -2.090199887753e-01   1.592718958855e-01  -2.397991567850e-01  -1.861871480942e-01 
  1.829598471522e-02  -1.510330587626e-01  -1.886094510555e-01   3.987605124712e-02  -5.853401124477e-02  -1.412444859743e-01   2.236383594573e-02  -2.484769560397e-02  -1.366072148085e-01 
 -1.375356316566e-02  -5.302144214511e-02  -1.379146128893e-01   1.794597879052e-02  -9.261196479201e-03  -1.469838619232e-01   1.794597879052e-02  -9.261196479201e-03  -1.469838619232e-01 
  0.000000000000e+00   6.579235196114e-02  -1.952327042818e-01   0.000000000000e+00   6.579235196114e-02  -1.952327042818e-01   6.207398604602e-03   2.467762120068e-02  -1.771713197231e-01 
  5.705612897873e-02  -4.218481481075e-03  -1.486921757460e-01   7.772479951382e-02  -7.561831176281e-02  -1.537369638681e-01   1.994265243411e-02  -9.911720454693e-02  -1.593994349241e-01 
 -3.507974371314e-02  -5.155505612493e-02  -1.873849332333e-01  -2.253627317259e-04  -1.569139026105e-02  -1.418704986572e-01   3.156465291977e-02  -4.016259312630e-02  -1.469211727381e-01 
  3.156465291977e-02  -4.016259312630e-02  -1.469211727381e-01   0.000000000000e+00  -4.142430424690e-02  -2.463608533144e-01   0.000000000000e+00  -4.142430424690e-02  -2.463608533144e-01 
 -3.031910397112e-02  -4.673036560416e-02  -2.376308292150e-01   1.746233850718e-01  -5.734404921532e-02  -1.755412071943e-01   6.929760426283e-02  -9.289345145226e-02  -1.566616296768e-01 
 -6.219097226858e-02  -9.936233609915e-02  -1.707406193018e-01  -5.194305907935e-03  -3.554517030716e-02  -1.694734394550e-01  -3.704110160470e-02   5.159898864804e-05  -1.651401519775e-01 
 -5.905665084720e-02  -1.070868223906e-01  -1.920807957649e-01  -5.905665084720e-02  -1.070868223906e-01  -1.920807957649e-01   0.000000000000e+00   3.280144184828e-02  -2.015125751495e-01 
  0.000000000000e+00   3.280144184828e-02  -2.015125751495e-01   4.939698148519e-03  -4.894613102078e-02  -2.093116641045e-01   1.152801215649e-01  -4.818740114570e-02  -1.891292035580e-01 
 -6.724420003593e-03  -2.911011502147e-02  -1.996948719025e-01   3.951152414083e-02   1.503995899111e-02  -1.668874919415e-01   1.104024946690e-01  -5.249521136284e-02  -1.472412645817e-01 
 -4.646367952228e-02  -2.809745632112e-02  -1.529507040977e-01  -1.401883363724e-01  -2.879814058542e-02  -1.595202088356e-01  -1.401883363724e-01  -2.879814058542e-02  -1.595202088356e-01 
  0.000000000000e+00   1.091464888304e-02  -2.116707116365e-01   0.000000000000e+00   1.091464888304e-02  -2.116707116365e-01  -1.512499339879e-02  -4.826098307967e-02  -1.972006261349e-01 
  2.045050961897e-03   2.746284566820e-02  -1.810399740934e-01   5.460640415549e-02  -5.491755437106e-03  -1.780312508345e-01   7.469079643488e-02   9.263388812542e-03  -1.897936463356e-01 
  7.484860718250e-02  -4.737899079919e-02  -1.928203999996e-01   7.548651844263e-02   1.807220466435e-02  -1.464494764805e-01   3.137703984976e-02  -4.726899415255e-02  -1.457162797451e-01 
  3.137703984976e-02  -4.726899415255e-02  -1.457162797451e-01   0.000000000000e+00   5.333355441689e-02  -2.536028027534e-01   0.000000000000e+00   5.333355441689e-02  -2.536028027534e-01 
 -3.495676442981e-02  -3.977883607149e-02  -2.493728548288e-01   7.950211316347e-02   9.556083939970e-03  -1.878644376993e-01   1.261152625084e-01  -4.383752122521e-03  -1.593769639730e-01 
  1.660805195570e-02   4.165192693472e-02  -1.439698785543e-01   9.004376828671e-02   4.912932217121e-02  -1.470500081778e-01   3.079129569232e-02  -2.027312107384e-02  -1.653557270765e-01 
  7.813500612974e-02  -1.346710473299e-01  -1.971967518330e-01   7.813500612974e-02  -1.346710473299e-01  -1.971967518330e-01   0.000000000000e+00   0.000000000000e+00  -2.096868753433e-01 
  0.000000000000e+00   0.000000000000e+00  -2.096868753433e-01  -1.553886756301e-02   0.000000000000e+00  -1.913909614086e-01  -1.108078882098e-01   0.000000000000e+00  -1.886073797941e-01 
  3.091047145426e-02   0.000000000000e+00  -1.829331815243e-01   1.843517273664e-01   0.000000000000e+00  -1.281882971525e-01   3.195730745792e-01   0.000000000000e+00  -1.201352477074e-01 
  1.100266873837e-01   0.000000000000e+00  -1.343221515417e-01   1.667916774750e-01   0.000000000000e+00  -1.313120126724e-01   1.667916774750e-01   0.000000000000e+00  -1.313120126724e-01 
  0.000000000000e+00   0.000000000000e+00  -2.096868753433e-01   0.000000000000e+00   0.000000000000e+00  -2.096868753433e-01  -1.553886756301e-02   0.000000000000e+00  -1.913909614086e-01 
 -1.108078882098e-01   0.000000000000e+00  -1.886073797941e-01   3.091047145426e-02   0.000000000000e+00  -1.829331815243e-01   1.843517273664e-01   0.000000000000e+00  -1.281882971525e-01 
  3.195730745792e-01   0.000000000000e+00  -1.201352477074e-01   1.100266873837e-01   0.000000000000e+00  -1.343221515417e-01   1.667916774750e-01   0.000000000000e+00  -1.313120126724e-01 
  1.667916774750e-01   0.000000000000e+00  -1.313120126724e-01   0.000000000000e+00  -1.300313472748e-01  -2.613103091717e-01   0.000000000000e+00  -1.300313472748e-01  -2.613103091717e-01 
  3.214773535728e-02  -1.282670199871e-01  -2.076951414347e-01   6.984494626522e-02  -8.330725878477e-02  -1.615688800812e-01   2.223689481616e-02  -5.109548941255e-02  -1.422003656626e-01 
 -5.138424411416e-02  -6.495062261820e-02  -1.361099034548e-01  -1.193392351270e-01  -7.985695451498e-02  -1.606444120407e-01  -3.110700659454e-02  -9.387902915478e-02  -1.655328273773e-01 
  5.033295974135e-02  -1.924698054790e-01  -1.838197559118e-01   5.033295974135e-02  -1.924698054790e-01  -1.838197559118e-01   0.000000000000e+00  -1.300313472748e-01  -2.613103091717e-01 
  0.000000000000e+00  -1.300313472748e-01  -2.613103091717e-01   3.214773535728e-02  -1.282670199871e-01  -2.076951414347e-01   6.984494626522e-02  -8.330725878477e-02  -1.615688800812e-01 
  2.223689481616e-02  -5.109548941255e-02  -1.422003656626e-01  -5.138424411416e-02  -6.495062261820e-02  -1.361099034548e-01  -1.193392351270e-01  -7.985695451498e-02  -1.606444120407e-01 
 -3.110700659454e-02  -9.387902915478e-02  -1.655328273773e-01   5.033295974135e-02  -1.924698054790e-01  -1.838197559118e-01   5.033295974135e-02  -1.924698054790e-01  -1.838197559118e-01 
  0.000000000000e+00  -4.349648952484e-02  -2.005569189787e-01   0.000000000000e+00  -4.349648952484e-02  -2.005569189787e-01  -7.856872864068e-03  -9.162592887878e-02  -2.090199887753e-01 
  1.592718958855e-01  -2.397991567850e-01  -1.861871480942e-01   1.829598471522e-02  -1.510330587626e-01  -1.886094510555e-01   3.987605124712e-02  -5.853401124477e-02  -1.412444859743e-01 
  2.236383594573e-02  -2.484769560397e-02  -1.366072148085e-01  -1.375356316566e-02  -5.302144214511e-02  -1.379146128893e-01   1.794597879052e-02  -9.261196479201e-03  -1.469838619232e-01 
  1.794597879052e-02  -9.261196479201e-03  -1.469838619232e-01   0.000000000000e+00   6.579235196114e-02  -1.952327042818e-01   0.000000000000e+00   6.579235196114e-02  -1.952327042818e-01 
  6.207398604602e-03   2.467762120068e-02  -1.771713197231e-01   5.705612897873e-02  -4.218481481075e-03  -1.486921757460e-01   7.772479951382e-02  -7.561831176281e-02  -1.537369638681e-01 
  1.994265243411e-02  -9.911720454693e-02  -1.593994349241e-01  -3.507974371314e-02  -5.155505612493e-02  -1.873849332333e-01  -2.253627317259e-04  -1.569139026105e-02  -1.418704986572e-01 
  3.156465291977e-02  -4.016259312630e-02  -1.469211727381e-01   3.156465291977e-02  -4.016259312630e-02  -1.469211727381e-01   0.000000000000e+00  -4.142430424690e-02  -2.463608533144e-01 
  0.000000000000e+00  -4.142430424690e-02  -2.463608533144e-01  -3.031910397112e-02  -4.673036560416e-02  -2.376308292150e-01   1.746233850718e-01  -5.734404921532e-02  -1.755412071943e-01 
  6.929760426283e-02  -9.289345145226e-02  -1.566616296768e-01  -6.219097226858e-02  -9.936233609915e-02  -1.707406193018e-01  -5.194305907935e-03  -3.554517030716e-02  -1.694734394550e-01 
 -3.704110160470e-02   5.159898864804e-05  -1.651401519775e-01  -5.905665084720e-02  -1.070868223906e-01  -1.920807957649e-01  -5.905665084720e-02  -1.070868223906e-01  -1.920807957649e-01 
  0.000000000000e+00   3.280144184828e-02  -2.015125751495e-01   0.000000000000e+00   3.280144184828e-02  -2.015125751495e-01   4.939698148519e-03  -4.894613102078e-02  -2.093116641045e-01 
  1.152801215649e-01  -4.818740114570e-02  -1.891292035580e-01  -6.724420003593e-03  -2.911011502147e-02  -1.996948719025e-01   3.951152414083e-02   1.503995899111e-02  -1.668874919415e-01 
  1.104024946690e-01  -5.249521136284e-02  -1.472412645817e-01  -4.646367952228e-02  -2.809745632112e-02  -1.529507040977e-01  -1.401883363724e-01  -2.879814058542e-02  -1.595202088356e-01 
 -1.401883363724e-01  -2.879814058542e-02  -1.595202088356e-01   0.000000000000e+00   1.091464888304e-02  -2.116707116365e-01   0.000000000000e+00   1.091464888304e-02  -2.116707116365e-01 
 -1.512499339879e-02  -4.826098307967e-02  -1.972006261349e-01   2.045050961897e-03   2.746284566820e-02  -1.810399740934e-01   5.460640415549e-02  -5.491755437106e-03  -1.780312508345e-01 
  7.469079643488e-02   9.263388812542e-03  -1.897936463356e-01   7.484860718250e-02  -4.737899079919e-02  -1.928203999996e-01   7.548651844263e-02   1.807220466435e-02  -1.464494764805e-01 
  3.137703984976e-02  -4.726899415255e-02  -1.457162797451e-01   3.137703984976e-02  -4.726899415255e-02  -1.457162797451e-01   0.000000000000e+00   5.333355441689e-02  -2.536028027534e-01 
  0.000000000000e+00   5.333355441689e-02  -2.536028027534e-01  -3.495676442981e-02  -3.977883607149e-02  -2.493728548288e-01   7.950211316347e-02   9.556083939970e-03  -1.878644376993e-01 
  1.261152625084e-01  -4.383752122521e-03  -1.593769639730e-01   1.660805195570e-02   4.165192693472e-02  -1.439698785543e-01   9.004376828671e-02   4.912932217121e-02  -1.470500081778e-01 
  3.079129569232e-02  -2.027312107384e-02  -1.653557270765e-01   7.813500612974e-02  -1.346710473299e-01  -1.971967518330e-01   7.813500612974e-02  -1.346710473299e-01  -1.971967518330e-01 
  0.000000000000e+00   0.000000000000e+00  -2.096868753433e-01   0.000000000000e+00   0.000000000000e+00  -2.096868753433e-01  -1.553886756301e-02   0.000000000000e+00  -1.913909614086e-01 
 -1.108078882098e-01   0.000000000000e+00  -1.886073797941e-01   3.091047145426e-02   0.000000000000e+00  -1.829331815243e-01   1.843517273664e-01   0.000000000000e+00  -1.281882971525e-01 
  3.195730745792e-01   0.000000000000e+00  -1.201352477074e-01   1.100266873837e-01   0.000000000000e+00  -1.343221515417e-01   1.667916774750e-01   0.000000000000e+00  -1.313120126724e-01 
  1.667916774750e-01   0.000000000000e+00  -1.313120126724e-01   0.000000000000e+00   0.000000000000e+00  -2.096868753433e-01   0.000000000000e+00   0.000000000000e+00  -2.096868753433e-01 
 -1.553886756301e-02   0.000000000000e+00  -1.913909614086e-01  -1.108078882098e-01   0.000000000000e+00  -1.886073797941e-01   3.091047145426e-02   0.000000000000e+00  -1.829331815243e-01 
  1.843517273664e-01   0.000000000000e+00  -1.281882971525e-01   3.195730745792e-01   0.000000000000e+00  -1.201352477074e-01   1.100266873837e-01   0.000000000000e+00  -1.343221515417e-01 
  1.667916774750e-01   0.000000000000e+00  -1.313120126724e-01   1.667916774750e-01   0.000000000000e+00  -1.313120126724e-01   0.000000000000e+00  -1.001076176763e-01  -7.552940845490e-01 
  0.000000000000e+00  -1.001076176763e-01  -7.552940845490e-01   4.325977265835e-01  -3.831644356251e-02  -7.572154402733e-01   6.965869665146e-01  -3.666689619422e-02  -5.793631672859e-01 
  8.701115250587e-01  -3.886827453971e-02  -3.704016208649e-01   1.509011387825e-01   2.346947342157e-01  -6.389009952545e-02  -7.144694030285e-02   0.000000000000e+00  -7.673302292824e-01 
 -4.589684680104e-02   2.257739305496e-01  -7.624418139458e-01  -1.798143237829e-02   9.075548052788e-01  -1.618024893105e-02  -1.798143237829e-02   9.075548052788e-01  -1.618024893105e-02 
  0.000000000000e+00  -1.001076176763e-01  -7.552940845490e-01   0.000000000000e+00  -1.001076176763e-01  -7.552940845490e-01   4.325977265835e-01  -3.831644356251e-02  -7.572154402733e-01 
  6.965869665146e-01  -3.666689619422e-02  -5.793631672859e-01   8.701115250587e-01  -3.886827453971e-02  -3.704016208649e-01   1.509011387825e-01   2.346947342157e-01  -6.389009952545e-02 
 -7.144694030285e-02   0.000000000000e+00  -7.673302292824e-01  -4.589684680104e-02   2.257739305496e-01  -7.624418139458e-01  -1.798143237829e-02   9.075548052788e-01  -1.618024893105e-02 
 -1.798143237829e-02   9.075548052788e-01  -1.618024893105e-02   0.000000000000e+00  -2.813418395817e-02  -9.059208631516e-01   0.000000000000e+00  -2.813418395817e-02  -9.059208631516e-01 
  2.730059325695e-01  -5.158674716949e-02  -8.258305788040e-01   4.382512271404e-01  -4.832841083407e-02  -8.300442695618e-01   3.342130482197e-01  -1.010181456804e-01  -6.291804313660e-01 
 -5.304155126214e-02   5.888759493828e-01  -5.875551328063e-02  -4.104774561711e-04   1.763601422310e+00  -7.620845437050e-01  -5.897628888488e-02   5.844380855560e-01  -7.900600433350e-01 
 -4.370108246803e-01   1.190616965294e+00  -5.301613360643e-02  -4.370108246803e-01   1.190616965294e+00  -5.301613360643e-02   0.000000000000e+00   1.196127906442e-01  -1.106433391571e+00 
  0.000000000000e+00   1.196127906442e-01  -1.106433391571e+00   2.317177355289e-01  -1.500355824828e-02  -7.809366583824e-01   4.911128580570e-01  -1.965752243996e-01  -7.270622253418e-01 
  8.441631197929e-01  -1.529767829925e-02  -7.811183929443e-01  -8.775120973587e-01   5.053597092628e-01  -4.060056805611e-02  -6.067126989365e-01   1.705035686493e+00   6.634202599525e-01 
 -4.141606390476e-01   1.972160786390e-01   7.682104408741e-02  -7.784077525139e-01   7.270292043686e-01  -4.737296402454e-01  -7.784077525139e-01   7.270292043686e-01  -4.737296402454e-01 
  0.000000000000e+00   1.027648001909e-01  -9.782155156136e-01   0.000000000000e+00   1.027648001909e-01  -9.782155156136e-01   3.708392679691e-01  -4.258927423507e-03  -8.105429410934e-01 
  5.961135029793e-01  -3.485233709216e-02  -7.627388238907e-01   7.451168298721e-01  -4.215018451214e-02  -7.017019391060e-01  -2.658640623093e+00   5.804763361812e-02   2.064244896173e-01 
 -1.179841279984e+00  -3.110547922552e-02  -3.058039844036e-01  -7.573099136353e-01   7.375721633434e-02  -1.944894716144e-02  -8.415512442589e-01   4.023616611958e-01  -6.763410568237e-02 
 -8.415512442589e-01   4.023616611958e-01  -6.763410568237e-02   0.000000000000e+00   6.541547179222e-02  -1.082904577255e+00   0.000000000000e+00   6.541547179222e-02  -1.082904577255e+00 
  2.377418726683e-01  -7.075038552284e-02  -1.104360342026e+00   4.182822406292e-01  -1.798324845731e-02  -8.309299945831e-01   6.819571852684e-01   6.585568934679e-02  -6.608694791794e-01 
  4.885374605656e-01   2.177911847830e-01  -7.883794307709e-01  -2.587298154831e-01   9.648484736681e-02  -5.705332010984e-02  -9.403524398804e-01   7.257036119699e-02  -3.157614469528e-01 
 -4.822326451540e-02   5.781777668744e-03  -8.919944614172e-02  -4.822326451540e-02   5.781777668744e-03  -8.919944614172e-02   0.000000000000e+00   1.540270596743e-01  -1.054326176643e+00 
  0.000000000000e+00   1.540270596743e-01  -1.054326176643e+00   2.636153697968e-01   1.060683429241e-01  -8.798676133156e-01   3.354064524174e-01   4.034066200256e-02  -1.020205497742e+00 
  5.968666076660e-01  -2.272961884737e-01  -7.872135639191e-01   5.927785634995e-01  -1.681696027517e-01  -7.755195498466e-01  -1.710681766272e-01  -1.504414379597e-01  -2.466680705547e-01 
  2.912185788155e-01  -1.484877765179e-01  -5.462809801102e-01  -2.914806008339e-01  -3.728673979640e-02  -4.833234846592e-01  -2.914806008339e-01  -3.728673979640e-02  -4.833234846592e-01 
  0.000000000000e+00  -6.360892206430e-03  -1.099160075188e+00   0.000000000000e+00  -6.360892206430e-03  -1.099160075188e+00   8.057138323784e-02   1.107464432716e-01  -1.558240056038e+00 
  2.113623917103e-01   1.735073700547e-02  -1.272094368935e+00   5.028934478760e-01  -4.057745635509e-02  -8.542007803917e-01  -1.484086275101e+00   4.903551936150e-02  -7.766984701157e-01 
 -6.655362248421e-02   2.966651916504e-01  -1.077362656593e+00   6.365975141525e-01  -4.019645974040e-02  -7.287091016769e-01  -1.266785740852e+00  -9.930552542210e-02  -6.441998481750e-01 
 -1.266785740852e+00  -9.930552542210e-02  -6.441998481750e-01   0.000000000000e+00   0.000000000000e+00  -1.400217056274e+00   0.000000000000e+00   0.000000000000e+00  -1.400217056274e+00 
  2.157857269049e-01   0.000000000000e+00  -1.184119701385e+00   4.017715752125e-01   0.000000000000e+00  -1.183834195137e+00   5.863638520241e-01   0.000000000000e+00  -3.148940205574e-01 
 -2.959648966789e-01   5.805345717818e-03  -8.627720475197e-01   1.830792188644e+00   0.000000000000e+00  -1.219757556915e+00   2.736605405807e+00   0.000000000000e+00  -1.047486782074e+00 
  3.750993907452e-01  -1.348386146128e-02  -6.868798285723e-02   3.750993907452e-01  -1.348386146128e-02  -6.868798285723e-02   0.000000000000e+00   0.000000000000e+00  -1.400217056274e+00 
  0.000000000000e+00   0.000000000000e+00  -1.400217056274e+00   2.157857269049e-01   0.000000000000e+00  -1.184119701385e+00   4.017715752125e-01   0.000000000000e+00  -1.183834195137e+00 
  5.863638520241e-01   0.000000000000e+00  -3.148940205574e-01  -2.959648966789e-01   5.805345717818e-03  -8.627720475197e-01   1.830792188644e+00   0.000000000000e+00  -1.219757556915e+00 
  2.736605405807e+00   0.000000000000e+00  -1.047486782074e+00   3.750993907452e-01  -1.348386146128e-02  -6.868798285723e-02   3.750993907452e-01  -1.348386146128e-02  -6.868798285723e-02 
  0.000000000000e+00  -1.284531783313e-02  -4.638714790344e-01   0.000000000000e+00  -1.284531783313e-02  -4.638714790344e-01   2.768113315105e-01   1.128109246492e-01  -2.774641811848e-01 
  4.464096128941e-01   2.326910383999e-02  -2.069206535816e-01   6.964437365532e-01  -2.463870448992e-03   2.143657505512e-01   4.758359193802e-01   4.293201267719e-01  -2.616730332375e-01 
 -4.612228646874e-02   5.186001658440e-01  -8.279746174812e-01   1.488624513149e-02   4.285908341408e-01  -5.876352190971e-01   9.121861308813e-02   0.000000000000e+00  -1.000000014901e-01 
  9.121861308813e-02   0.000000000000e+00  -1.000000014901e-01   0.000000000000e+00  -1.284531783313e-02  -4.638714790344e-01   0.000000000000e+00  -1.284531783313e-02  -4.638714790344e-01 
  2.768113315105e-01   1.128109246492e-01  -2.774641811848e-01   4.464096128941e-01   2.326910383999e-02  -2.069206535816e-01   6.964437365532e-01  -2.463870448992e-03   2.143657505512e-01 
  4.758359193802e-01   4.293201267719e-01  -2.616730332375e-01  -4.612228646874e-02   5.186001658440e-01  -8.279746174812e-01   1.488624513149e-02   4.285908341408e-01  -5.876352190971e-01 
  9.121861308813e-02   0.000000000000e+00  -1.000000014901e-01   9.121861308813e-02   0.000000000000e+00  -1.000000014901e-01   0.000000000000e+00  -4.512000083923e-02  -4.219338297844e-01 
  0.000000000000e+00  -4.512000083923e-02  -4.219338297844e-01   2.105872929096e-01  -3.223358094692e-02  -3.670774102211e-01   1.711204349995e-01  -4.147580265999e-02  -5.016439557076e-01 
  2.880135178566e-01  -2.743368037045e-02  -6.069831252098e-01  -2.220217138529e-01   6.700319051743e-01  -3.706903755665e-01  -1.508336141706e-02   1.108794093132e+00  -8.572575449944e-01 
  0.000000000000e+00   1.124029517174e+00  -8.279746174812e-01   1.929778605700e-01   1.457278609276e+00  -5.211096405983e-01   1.929778605700e-01   1.457278609276e+00  -5.211096405983e-01 
  0.000000000000e+00   1.976168155670e-01  -4.138619303703e-01   0.000000000000e+00   1.976168155670e-01  -4.138619303703e-01   1.940670013428e-01   1.668293401599e-02  -4.235087633133e-01 
  2.779032289982e-01  -6.179976090789e-02  -4.744607806206e-01   5.593021512032e-01   9.316822513938e-03  -6.947394609451e-01  -9.729663133621e-01   2.843553721905e-01   1.324471831322e-01 
 -2.192105948925e-01   0.000000000000e+00  -2.595369815826e-01  -2.954242825508e-01   9.591357707977e-01   1.187565028667e-01  -7.500150203705e-01   1.369482398033e+00   9.923383593559e-02 
 -7.500150203705e-01   1.369482398033e+00   9.923383593559e-02   0.000000000000e+00   1.211246177554e-01  -4.365724325180e-01   0.000000000000e+00   1.211246177554e-01  -4.365724325180e-01 
  2.387165576220e-01  -3.607094287872e-02  -1.812865287066e-01   4.547429382801e-01  -3.090205974877e-02  -2.648332715034e-01   4.674721360207e-01   1.002834439278e-01  -2.070623040199e-01 
 -1.212203979492e+00   1.064740493894e-01   4.132276475430e-01   3.701211139560e-02   1.008445471525e-01  -6.588028073311e-01  -4.388845562935e-01   7.287681102753e-02   1.882752031088e-01 
 -6.655783653259e-01   8.250115513802e-01   3.353898972273e-02  -6.655783653259e-01   8.250115513802e-01   3.353898972273e-02   0.000000000000e+00   3.579156100750e-02  -4.721772670746e-01 
  0.000000000000e+00   3.579156100750e-02  -4.721772670746e-01   1.414040327072e-01   3.262157365680e-02  -6.629415154457e-01   2.441531866789e-01   1.602288149297e-02  -6.277362704277e-01 
  4.559932947159e-01   9.975075721741e-02  -5.659942626953e-01   2.241328954697e-01   1.617757230997e-01   1.253212839365e-01  -3.033105731010e-01   6.906892359257e-02   3.872147575021e-02 
 -6.928428411484e-01   7.174264639616e-02  -3.478357940912e-02  -7.549732178450e-02   1.450208295137e-02  -1.280058547854e-02  -7.549732178450e-02   1.450208295137e-02  -1.280058547854e-02 
  0.000000000000e+00   1.546132415533e-01  -6.449862122536e-01   0.000000000000e+00   1.546132415533e-01  -6.449862122536e-01   1.473961174488e-01   8.907499909401e-02  -4.280654191971e-01 
  2.560206055641e-01  -1.590147614479e-02  -7.948950529099e-01   2.510658204556e-01   1.563294231892e-02  -9.324359297752e-01  -9.058949351311e-02  -1.456991136074e-01   1.705817729235e-01 
 -5.057384371758e-01  -1.435018032789e-01   2.211598008871e-01   2.534847939387e-03  -8.980120718479e-02  -4.900829792023e-01  -1.963256597519e-01  -2.291582711041e-02  -4.854923486710e-01 
 -1.963256597519e-01  -2.291582711041e-02  -4.854923486710e-01   0.000000000000e+00   7.543592900038e-02  -4.773357212543e-01   0.000000000000e+00   7.543592900038e-02  -4.773357212543e-01 
  2.181977033615e-01   7.456364482641e-02  -4.494602680206e-01   2.842285037041e-01   3.540770709515e-02  -7.232698202133e-01   4.076041281223e-01  -5.793732032180e-02  -1.135058045387e+00 
 -1.457325577736e+00  -9.265704452991e-02  -9.870975613594e-01  -1.191441416740e+00   1.251004189253e-01  -1.202959656715e+00  -4.698002710938e-02   9.263256564736e-03  -1.125778198242e+00 
  0.000000000000e+00  -6.459384411573e-02  -7.904490828514e-01   0.000000000000e+00  -6.459384411573e-02  -7.904490828514e-01   0.000000000000e+00   0.000000000000e+00  -4.642212092876e-01 
  0.000000000000e+00   0.000000000000e+00  -4.642212092876e-01   5.262291431427e-02   0.000000000000e+00  -5.406862497330e-01   1.681348830462e-01   7.478952873498e-03  -9.448629617691e-01 
  4.662583768368e-01  -1.677268743515e-02  -7.433542013168e-01  -8.107222914696e-01   0.000000000000e+00  -1.068009614944e+00  -3.797285258770e-01   0.000000000000e+00  -1.117354750633e+00 
 -4.219772219658e-01   0.000000000000e+00  -1.101298570633e+00  -7.213856279850e-02  -1.149074546993e-02  -5.362660884857e-01  -7.213856279850e-02  -1.149074546993e-02  -5.362660884857e-01 
  0.000000000000e+00   0.000000000000e+00  -4.642212092876e-01   0.000000000000e+00   0.000000000000e+00  -4.642212092876e-01   5.262291431427e-02   0.000000000000e+00  -5.406862497330e-01 
  1.681348830462e-01   7.478952873498e-03  -9.448629617691e-01   4.662583768368e-01  -1.677268743515e-02  -7.433542013168e-01  -8.107222914696e-01   0.000000000000e+00  -1.068009614944e+00 
 -3.797285258770e-01   0.000000000000e+00  -1.117354750633e+00  -4.219772219658e-01   0.000000000000e+00  -1.101298570633e+00  -7.213856279850e-02  -1.149074546993e-02  -5.362660884857e-01 
 -7.213856279850e-02  -1.149074546993e-02  -5.362660884857e-01   0.000000000000e+00   2.457835897803e-02  -5.261298418045e-01   0.000000000000e+00   2.457835897803e-02  -5.261298418045e-01 
  1.091529354453e-01   2.888571657240e-02  -3.356843292713e-01   5.772449374199e-01   2.062477543950e-02  -9.708142280579e-01   7.050429582596e-01   0.000000000000e+00  -9.972905516624e-01 
  0.000000000000e+00   5.371593832970e-01  -1.000000014901e-01   0.000000000000e+00   2.699290215969e-01  -4.671455323696e-01   0.000000000000e+00   0.000000000000e+00  -1.346714142710e-02 
 -9.477718733251e-03   5.530704930425e-02   3.118114732206e-02  -9.477718733251e-03   5.530704930425e-02   3.118114732206e-02   0.000000000000e+00   2.457835897803e-02  -5.261298418045e-01 
  0.000000000000e+00   2.457835897803e-02  -5.261298418045e-01   1.091529354453e-01   2.888571657240e-02  -3.356843292713e-01   5.772449374199e-01   2.062477543950e-02  -9.708142280579e-01 
  7.050429582596e-01   0.000000000000e+00  -9.972905516624e-01   0.000000000000e+00   5.371593832970e-01  -1.000000014901e-01   0.000000000000e+00   2.699290215969e-01  -4.671455323696e-01 
  0.000000000000e+00   0.000000000000e+00  -1.346714142710e-02  -9.477718733251e-03   5.530704930425e-02   3.118114732206e-02  -9.477718733251e-03   5.530704930425e-02   3.118114732206e-02 
  0.000000000000e+00   4.103003814816e-02  -8.396239280701e-01   0.000000000000e+00   4.103003814816e-02  -8.396239280701e-01   1.302274614573e-01  -8.009861409664e-02  -4.075162708759e-01 
  1.482023745775e-01  -1.010314226151e-01  -3.837206363678e-01   4.324557483196e-01   0.000000000000e+00  -3.835122883320e-01   1.840003877878e-01   6.009200215340e-01  -5.265570878983e-01 
 -1.886061765254e-02   5.440390706062e-01  -7.931439280510e-01   2.960125543177e-02   4.719786718488e-02  -1.000000014901e-01   9.115613996983e-02   3.991483151913e-02  -6.089058518410e-01 
  9.115613996983e-02   3.991483151913e-02  -6.089058518410e-01   0.000000000000e+00   1.479585617781e-01  -4.174895584583e-01   0.000000000000e+00   1.479585617781e-01  -4.174895584583e-01 
  5.644151568413e-02   1.239181309938e-01  -1.200516670942e-01   1.447011828423e-01   8.858579397202e-02  -2.258140742779e-01   3.870971500874e-01   5.859446898103e-02  -2.925902009010e-01 
 -1.478648930788e-01   1.781289875507e-01  -4.864164590836e-01  -1.245262101293e-01   2.862466871738e-02  -1.709575772285e+00  -1.607165336609e-01   3.458281159401e-01  -5.945091247559e-01 
 -2.092210352421e-01   0.000000000000e+00  -5.650077462196e-01  -2.092210352421e-01   0.000000000000e+00  -5.650077462196e-01   0.000000000000e+00   8.528912067413e-02  -4.135250747204e-01 
  0.000000000000e+00   8.528912067413e-02  -4.135250747204e-01   1.376843899488e-01  -1.410997658968e-01   1.773004047573e-02   3.076526224613e-01  -9.036174416542e-02  -3.762446343899e-01 
  6.676824688911e-01   0.000000000000e+00  -2.182832211256e-01   1.109967678785e-01   9.132491052151e-02  -4.348136782646e-01   0.000000000000e+00   0.000000000000e+00  -1.727988123894e+00 
  0.000000000000e+00   6.665454804897e-02  -1.709575772285e+00  -4.189465045929e-01   0.000000000000e+00  -6.109794974327e-01  -4.189465045929e-01   0.000000000000e+00  -6.109794974327e-01 
  0.000000000000e+00  -2.254457445815e-03  -6.669450402260e-01   0.000000000000e+00  -2.254457445815e-03  -6.669450402260e-01   1.722470819950e-01   2.531930208206e-01  -3.196359872818e-01 
  4.622722566128e-01   3.857561573386e-02  -7.918704152107e-01   6.592433452606e-01   1.721200644970e-01  -1.723029017448e-01   1.702247709036e-01   1.352730393410e-01   6.422678828239e-01 
 -8.341292850673e-03   4.444361478090e-02  -8.087509870529e-01  -3.514739274979e-01   6.351532042027e-02  -4.876310229301e-01  -1.515607088804e-01   2.569508552551e-02  -1.000000014901e-01 
 -1.515607088804e-01   2.569508552551e-02  -1.000000014901e-01   0.000000000000e+00   1.395835429430e-01  -5.202472209930e-01   0.000000000000e+00   1.395835429430e-01  -5.202472209930e-01 
  1.030133292079e-01   3.363041952252e-02   2.263514399529e-01   2.602512575686e-02   5.311005283147e-03  -7.372751235962e-01   4.054648578167e-01   1.053067743778e-01  -5.542652606964e-01 
  4.854007959366e-01   1.037348508835e-01  -3.535843491554e-01   4.046299755573e-01   6.078710407019e-02  -2.589692175388e-01   8.820251375437e-02  -5.591116100550e-02  -5.729176998138e-01 
  6.052612885833e-02  -1.436852384359e-02  -4.833462536335e-01   6.052612885833e-02  -1.436852384359e-02  -4.833462536335e-01   0.000000000000e+00   8.229907602072e-02  -6.424582004547e-01 
  0.000000000000e+00   8.229907602072e-02  -6.424582004547e-01   1.048541590571e-01   9.229054301977e-02  -2.350171208382e-01   3.892452120781e-01   5.695994570851e-02  -4.878855943680e-01 
  4.003814458847e-01   5.129314213991e-02  -9.647220373154e-01  -1.057761549950e+00   4.682288505137e-03  -9.314573407173e-01  -3.072309494019e-01  -3.495619446039e-02  -9.297823309898e-01 
 -3.164352774620e-01  -2.526561170816e-02  -1.045290350914e+00   0.000000000000e+00  -2.121721208096e-02  -1.000000014901e-01   0.000000000000e+00  -2.121721208096e-02  -1.000000014901e-01 
  0.000000000000e+00   0.000000000000e+00  -4.442344903946e-01   0.000000000000e+00   0.000000000000e+00  -4.442344903946e-01   1.599559187889e-01   0.000000000000e+00  -1.401677429676e-01 
  1.044372171164e-01   5.656421184540e-03  -2.964596450329e-01   2.067643702030e-01   6.331238895655e-03  -8.499552011490e-01  -7.348072528839e-01   1.351411337964e-03  -8.625384569168e-01 
 -3.755293190479e-01   0.000000000000e+00  -5.281479954720e-01  -4.017153680325e-01   0.000000000000e+00  -8.027359843254e-01  -2.264302074909e-01  -2.427974017337e-03  -6.342300176620e-01 
 -2.264302074909e-01  -2.427974017337e-03  -6.342300176620e-01   0.000000000000e+00   0.000000000000e+00  -4.442344903946e-01   0.000000000000e+00   0.000000000000e+00  -4.442344903946e-01 
  1.599559187889e-01   0.000000000000e+00  -1.401677429676e-01   1.044372171164e-01   5.656421184540e-03  -2.964596450329e-01   2.067643702030e-01   6.331238895655e-03  -8.499552011490e-01 
 -7.348072528839e-01   1.351411337964e-03  -8.625384569168e-01  -3.755293190479e-01   0.000000000000e+00  -5.281479954720e-01  -4.017153680325e-01   0.000000000000e+00  -8.027359843254e-01 
 -2.264302074909e-01  -2.427974017337e-03  -6.342300176620e-01  -2.264302074909e-01  -2.427974017337e-03  -6.342300176620e-01   0.000000000000e+00   2.330234088004e-02  -5.248697996140e-01 
  0.000000000000e+00   2.330234088004e-02  -5.248697996140e-01   2.480994537473e-02  -8.946783095598e-02  -3.049248456955e-01   3.029634058475e-01  -5.740458890796e-02  -6.575838923454e-01 
  4.299440085888e-01  -5.508706718683e-02  -9.972905516624e-01   2.329582720995e-01   3.102940022945e-01  -1.000000014901e-01   2.767767990008e-03   1.740716993809e-01  -2.522904276848e-01 
  0.000000000000e+00   3.040057979524e-02  -1.000000014901e-01  -1.717382669449e-02   4.761094227433e-02   1.578893139958e-02  -1.717382669449e-02   4.761094227433e-02   1.578893139958e-02 
  0.000000000000e+00   2.330234088004e-02  -5.248697996140e-01   0.000000000000e+00   2.330234088004e-02  -5.248697996140e-01   2.480994537473e-02  -8.946783095598e-02  -3.049248456955e-01 
  3.029634058475e-01  -5.740458890796e-02  -6.575838923454e-01   4.299440085888e-01  -5.508706718683e-02  -9.972905516624e-01   2.329582720995e-01   3.102940022945e-01  -1.000000014901e-01 
  2.767767990008e-03   1.740716993809e-01  -2.522904276848e-01   0.000000000000e+00   3.040057979524e-02  -1.000000014901e-01  -1.717382669449e-02   4.761094227433e-02   1.578893139958e-02 
 -1.717382669449e-02   4.761094227433e-02   1.578893139958e-02   0.000000000000e+00   5.317755043507e-02  -8.335118889809e-01   0.000000000000e+00   5.317755043507e-02  -8.335118889809e-01 
  2.577515542507e-01  -1.555148363113e-01  -1.068840771914e-01   1.661708950996e-01  -1.581360101700e-01  -1.978806406260e-01  -2.845106422901e-01  -1.177303791046e-01  -2.931555509567e-01 
  0.000000000000e+00  -9.016519039869e-02  -1.880186051130e-01   1.636634953320e-02   2.576585114002e-02  -4.145794212818e-01   2.456610649824e-02   4.328435286880e-02  -1.000000014901e-01 
  4.692191630602e-02   4.761094227433e-02  -1.000000014901e-01   4.692191630602e-02   4.761094227433e-02  -1.000000014901e-01   0.000000000000e+00   1.049669831991e-01  -1.303786039352e-01 
  0.000000000000e+00   1.049669831991e-01  -1.303786039352e-01  -5.070079863071e-02  -1.667167395353e-01   5.466906353831e-03   7.228219509125e-02  -1.584182977676e-01  -9.210566431284e-02 
  1.898725926876e-01  -1.057972088456e-01  -2.306733578444e-01   2.403553426266e-01  -4.785365425050e-03   3.183462917805e-01   7.566209882498e-02   0.000000000000e+00  -1.000000014901e-01 
  3.340209275484e-02   1.376454997808e-02  -3.275873064995e-01   3.092808648944e-02   0.000000000000e+00  -1.000000014901e-01   3.092808648944e-02   0.000000000000e+00  -1.000000014901e-01 
  0.000000000000e+00   1.127314381301e-02  -4.488328397274e-01   0.000000000000e+00   1.127314381301e-02  -4.488328397274e-01  -3.083951584995e-02  -7.392925024033e-02   3.713753446937e-02 
  1.307753324509e-01  -7.909398525953e-02  -5.519085526466e-01   4.318260550499e-01  -3.710665926337e-02  -3.283106982708e-01   3.945931196213e-01   2.856708597392e-03   8.994379043579e-01 
  2.904229462147e-01   0.000000000000e+00  -1.000000014901e-01   2.652280628681e-01   2.791624981910e-03  -1.000000014901e-01  -2.647364735603e-01   6.730235327268e-06  -3.351523876190e-01 
 -2.647364735603e-01   6.730235327268e-06  -3.351523876190e-01   0.000000000000e+00   4.285949468613e-02  -5.708635449409e-01   0.000000000000e+00   4.285949468613e-02  -5.708635449409e-01 
 -2.123814076185e-02   1.471675932407e-01  -3.252139315009e-02   6.154434010386e-02  -1.301389560103e-02  -7.146626114845e-01   3.531165719032e-01  -3.583409264684e-02   2.869765758514e-01 
  4.094909727573e-01   5.891415756196e-03   1.626725673676e+00   8.058981299400e-01   3.293289989233e-02   9.178319573402e-01   4.661044776440e-01   3.592779859900e-02   2.588485181332e-01 
  5.561095103621e-02   2.743761427701e-02  -2.421082183719e-02   5.561095103621e-02   2.743761427701e-02  -2.421082183719e-02   0.000000000000e+00   1.131026595831e-01  -3.914128541946e-01 
  0.000000000000e+00   1.131026595831e-01  -3.914128541946e-01  -4.583698883653e-02   7.336708903313e-02   4.058152553625e-04   6.621443200856e-03  -5.118836462498e-02  -4.991039037704e-01 
  6.396535634995e-01  -1.754047423601e-01   1.894649267197e-01   1.906790494919e+00   3.491277620196e-02  -4.559810161591e-01   1.063916802406e+00   6.944993510842e-03   2.232712358236e-01 
  2.169929444790e-01  -1.267477311194e-02   4.075754284859e-01   1.173884645104e-01  -1.566821336746e-02   1.369460225105e-01   1.173884645104e-01  -1.566821336746e-02   1.369460225105e-01 
  0.000000000000e+00  -2.150082960725e-02  -4.302534162998e-01   0.000000000000e+00  -2.150082960725e-02  -4.302534162998e-01  -8.201686292887e-02  -3.189886361361e-02  -1.110109984875e-01 
  1.775603145361e-01  -1.741865277290e-02  -2.066350728273e-01   4.343007802963e-01  -1.008333116770e-01  -1.348725557327e-01   4.689864516258e-01  -2.162172168028e-04  -1.000000014901e-01 
 -3.882367312908e-01  -6.685399264097e-02   1.242148041725e+00  -3.238433301449e-01  -3.563906624913e-02   1.222547292709e+00   0.000000000000e+00  -2.206726185977e-02  -1.000000014901e-01 
  0.000000000000e+00  -2.206726185977e-02  -1.000000014901e-01   0.000000000000e+00   0.000000000000e+00  -1.700981557369e-01   0.000000000000e+00   0.000000000000e+00  -1.700981557369e-01 
  2.189493179321e-02   0.000000000000e+00   5.882646888494e-02   2.692710459232e-01   0.000000000000e+00   1.764095574617e-01   4.826614856720e-01  -8.995502255857e-03  -3.630331754684e-01 
  5.864039063454e-01  -2.680508233607e-02   3.439570367336e-01  -3.294062912464e-01   0.000000000000e+00   1.222547292709e+00  -3.271739780903e-01   0.000000000000e+00   1.159932494164e+00 
 -1.896349936724e-01   0.000000000000e+00   5.976299047470e-01  -1.896349936724e-01   0.000000000000e+00   5.976299047470e-01   0.000000000000e+00   0.000000000000e+00  -1.700981557369e-01 
  0.000000000000e+00   0.000000000000e+00  -1.700981557369e-01   2.189493179321e-02   0.000000000000e+00   5.882646888494e-02   2.692710459232e-01   0.000000000000e+00   1.764095574617e-01 
  4.826614856720e-01  -8.995502255857e-03  -3.630331754684e-01   5.864039063454e-01  -2.680508233607e-02   3.439570367336e-01  -3.294062912464e-01   0.000000000000e+00   1.222547292709e+00 
 -3.271739780903e-01   0.000000000000e+00   1.159932494164e+00  -1.896349936724e-01   0.000000000000e+00   5.976299047470e-01  -1.896349936724e-01   0.000000000000e+00   5.976299047470e-01 
  0.000000000000e+00   3.433478623629e-02  -3.039842545986e-01   0.000000000000e+00   3.433478623629e-02  -3.039842545986e-01  -1.667536050081e-02  -5.344994738698e-02  -2.447064071894e-01 
 -1.578200608492e-01  -1.395302712917e-01   1.557076275349e-01  -2.122149169445e-01  -6.168418377638e-02   3.129281997681e-01  -1.142060533166e-01  -2.901650778949e-02   1.202471777797e-01 
 -4.513241350651e-03   2.607970498502e-03  -1.054600104690e-01  -1.607012818567e-03   2.001554891467e-02  -1.000000014901e-01   0.000000000000e+00   0.000000000000e+00  -1.000000014901e-01 
  0.000000000000e+00   0.000000000000e+00  -1.000000014901e-01   0.000000000000e+00   3.433478623629e-02  -3.039842545986e-01   0.000000000000e+00   3.433478623629e-02  -3.039842545986e-01 
 -1.667536050081e-02  -5.344994738698e-02  -2.447064071894e-01  -1.578200608492e-01  -1.395302712917e-01   1.557076275349e-01  -2.122149169445e-01  -6.168418377638e-02   3.129281997681e-01 
 -1.142060533166e-01  -2.901650778949e-02   1.202471777797e-01  -4.513241350651e-03   2.607970498502e-03  -1.054600104690e-01  -1.607012818567e-03   2.001554891467e-02  -1.000000014901e-01 
  0.000000000000e+00   0.000000000000e+00  -1.000000014901e-01   0.000000000000e+00   0.000000000000e+00  -1.000000014901e-01   0.000000000000e+00  -7.026088237762e-02  -5.603238344193e-01 
  0.000000000000e+00  -7.026088237762e-02  -5.603238344193e-01   1.300147268921e-02  -1.601933091879e-01  -7.853152602911e-02  -2.786230742931e-01  -1.617174893618e-01   3.214650452137e-01 
 -2.903982400894e-01   0.000000000000e+00   6.885702610016e-01   0.000000000000e+00  -5.351623520255e-03  -3.496866226196e-01  -2.450875705108e-03   0.000000000000e+00  -1.000000014901e-01 
 -2.450875705108e-03   0.000000000000e+00  -1.000000014901e-01  -5.910799372941e-04   0.000000000000e+00  -1.000000014901e-01  -5.910799372941e-04   0.000000000000e+00  -1.000000014901e-01 
  0.000000000000e+00  -1.240784898400e-01  -2.735095620155e-01   0.000000000000e+00  -1.240784898400e-01  -2.735095620155e-01  -2.636491321027e-02  -1.674395203590e-01  -1.576750874519e-01 
 -2.406147271395e-01  -1.734926700592e-01   2.026753723621e-01   0.000000000000e+00   0.000000000000e+00  -1.399219483137e-01   0.000000000000e+00  -7.310492452234e-03  -1.247688755393e-01 
  0.000000000000e+00   0.000000000000e+00  -1.000000014901e-01   0.000000000000e+00   0.000000000000e+00  -1.000000014901e-01   0.000000000000e+00   0.000000000000e+00  -1.000000014901e-01 
  0.000000000000e+00   0.000000000000e+00  -1.000000014901e-01   0.000000000000e+00  -8.873206563294e-03  -4.286630153656e-01   0.000000000000e+00  -8.873206563294e-03  -4.286630153656e-01 
 -8.176596462727e-02  -2.897349931300e-02  -3.156072497368e-01  -1.160621549934e-02  -1.187523230910e-01  -3.893771171570e-01   6.345778703690e-01  -8.321535587311e-02  -7.553468346596e-01 
  1.242757201195e+00  -7.310492452234e-03  -2.649928927422e-01   1.491033077240e+00   0.000000000000e+00  -3.452447354794e-01   1.320878218394e-04   0.000000000000e+00  -3.840755522251e-01 
  1.024812008836e-04   0.000000000000e+00  -2.633879780769e-01   1.024812008836e-04   0.000000000000e+00  -2.633879780769e-01   0.000000000000e+00   1.146839782596e-01  -1.100697517395e-01 
  0.000000000000e+00   1.146839782596e-01  -1.100697517395e-01  -3.547477349639e-02   1.202457845211e-01  -1.045670956373e-01   2.869028970599e-02  -1.173473428935e-02  -1.000000014901e-01 
  9.733005762100e-01  -1.262929104269e-02   6.114933490753e-01   1.909474492073e+00   1.948513686657e-01  -2.103980481625e-01   3.391475915909e+00   1.375607401133e-01  -6.187573671341e-01 
  0.000000000000e+00   1.045282781124e-01  -5.186572670937e-01   2.927685854957e-03   8.660896867514e-02  -3.608394265175e-01   2.927685854957e-03   8.660896867514e-02  -3.608394265175e-01 
  0.000000000000e+00   8.131976425648e-02  -3.822189271450e-01   0.000000000000e+00   8.131976425648e-02  -3.822189271450e-01  -1.024324968457e-01   5.372176691890e-02  -2.101511359215e-01 
  1.415785700083e-01  -4.679026547819e-03  -3.019864559174e-01   2.331429481506e+00   3.495112434030e-02  -2.091268450022e-01   3.409452915192e+00   2.459799945354e-01  -1.031402230263e+00 
  2.261665582657e+00   2.280030101538e-01  -8.934718370438e-01  -5.972908139229e-01   0.000000000000e+00  -3.936647176743e-01   0.000000000000e+00  -7.195608341135e-04  -3.002619743347e-01 
  0.000000000000e+00  -7.195608341135e-04  -3.002619743347e-01   0.000000000000e+00   1.337509900331e-01  -1.207211241126e-01   0.000000000000e+00   1.337509900331e-01  -1.207211241126e-01 
 -7.468562107533e-03  -5.269492417574e-02   1.339844614267e-01   3.998675942421e-01   3.461579605937e-02  -2.921896874905e-01   5.709586143494e-01   0.000000000000e+00  -7.632821798325e-01 
  9.825990200043e-01   5.410331487656e-02  -8.934726715088e-01  -7.208302021027e-01  -2.193650752306e-01  -8.210587501526e-01  -4.737514555454e-01   0.000000000000e+00   3.277776837349e-01 
  0.000000000000e+00   0.000000000000e+00  -1.000000014901e-01   0.000000000000e+00   0.000000000000e+00  -1.000000014901e-01   0.000000000000e+00   0.000000000000e+00  -3.358847498894e-01 
  0.000000000000e+00   0.000000000000e+00  -3.358847498894e-01   1.096168309450e-01   0.000000000000e+00  -2.314664274454e-01   4.081171154976e-01   0.000000000000e+00  -7.501764893532e-01 
  6.964221596718e-01   0.000000000000e+00  -7.402529120445e-01   8.086914420128e-01  -1.723836362362e-01  -8.328211307526e-02   0.000000000000e+00   0.000000000000e+00   1.222547292709e+00 
 -2.591118216515e-01   0.000000000000e+00   7.752690911293e-01  -1.484792232513e-01   0.000000000000e+00   4.325214922428e-01  -1.484792232513e-01   0.000000000000e+00   4.325214922428e-01 
  0.000000000000e+00   0.000000000000e+00  -3.358847498894e-01   0.000000000000e+00   0.000000000000e+00  -3.358847498894e-01   1.096168309450e-01   0.000000000000e+00  -2.314664274454e-01 
  4.081171154976e-01   0.000000000000e+00  -7.501764893532e-01   6.964221596718e-01   0.000000000000e+00  -7.402529120445e-01   8.086914420128e-01  -1.723836362362e-01  -8.328211307526e-02 
  0.000000000000e+00   0.000000000000e+00   1.222547292709e+00  -2.591118216515e-01   0.000000000000e+00   7.752690911293e-01  -1.484792232513e-01   0.000000000000e+00   4.325214922428e-01 
 -1.484792232513e-01   0.000000000000e+00   4.325214922428e-01   0.000000000000e+00   5.959217902273e-03  -4.661528766155e-01   0.000000000000e+00   5.959217902273e-03  -4.661528766155e-01 
 -1.843945309520e-02  -2.492221444845e-02  -3.926649391651e-01  -2.240060642362e-02  -8.740390092134e-02   2.970054447651e-01  -8.028499037027e-02  -7.692976295948e-02   4.341267347336e-01 
 -4.448267444968e-02  -2.155064605176e-03  -3.596897423267e-01   0.000000000000e+00   0.000000000000e+00  -1.000000014901e-01   0.000000000000e+00   2.605554880574e-03  -7.115752696991e-01 
  0.000000000000e+00   2.886647998821e-04  -1.000000014901e-01   0.000000000000e+00   2.886647998821e-04  -1.000000014901e-01   0.000000000000e+00   5.959217902273e-03  -4.661528766155e-01 
  0.000000000000e+00   5.959217902273e-03  -4.661528766155e-01  -1.843945309520e-02  -2.492221444845e-02  -3.926649391651e-01  -2.240060642362e-02  -8.740390092134e-02   2.970054447651e-01 
 -8.028499037027e-02  -7.692976295948e-02   4.341267347336e-01  -4.448267444968e-02  -2.155064605176e-03  -3.596897423267e-01   0.000000000000e+00   0.000000000000e+00  -1.000000014901e-01 
  0.000000000000e+00   2.605554880574e-03  -7.115752696991e-01   0.000000000000e+00   2.886647998821e-04  -1.000000014901e-01   0.000000000000e+00   2.886647998821e-04  -1.000000014901e-01 
  0.000000000000e+00  -5.338060110807e-02  -3.202356398106e-01   0.000000000000e+00  -5.338060110807e-02  -3.202356398106e-01  -4.229584336281e-02  -3.730878233910e-02  -9.871340543032e-02 
  0.000000000000e+00  -1.363191604614e-01   6.826826930046e-01   0.000000000000e+00  -5.723359435797e-02   6.885702610016e-01   0.000000000000e+00   0.000000000000e+00  -4.715243279934e-01 
 -4.901751410216e-03   0.000000000000e+00  -8.430486917496e-01  -4.901751410216e-03   0.000000000000e+00  -8.430486917496e-01   0.000000000000e+00   0.000000000000e+00  -5.477852821350e-01 
  0.000000000000e+00   0.000000000000e+00  -5.477852821350e-01   0.000000000000e+00  -1.626524925232e-01  -9.910132735968e-02   0.000000000000e+00  -1.626524925232e-01  -9.910132735968e-02 
 -6.325454264879e-02  -1.097259745002e-01  -1.013304069638e-01  -8.372139930725e-02  -1.515756994486e-01   3.682984411716e-01  -2.696424908936e-02  -1.793634705245e-02   2.110775709152e-01 
  0.000000000000e+00  -1.462098490447e-02  -1.000000014901e-01  -3.032079897821e-02  -4.004003107548e-02  -8.684676885605e-01   2.051729522645e-02   0.000000000000e+00  -8.430486917496e-01 
  0.000000000000e+00   0.000000000000e+00  -1.000000014901e-01   0.000000000000e+00   0.000000000000e+00  -1.000000014901e-01   0.000000000000e+00   1.055873110890e-01  -9.652641415596e-02 
  0.000000000000e+00   1.055873110890e-01  -9.652641415596e-02  -1.101051792502e-01   9.265698492527e-02  -1.086765229702e-01  -9.164486080408e-02  -2.110236324370e-02  -1.551450341940e-01 
  4.387986063957e-01  -3.381002321839e-02  -3.027907013893e-01   7.235821485519e-01  -1.462098490447e-02  -5.055556893349e-01   0.000000000000e+00   1.079806219786e-02  -1.000000014901e-01 
  0.000000000000e+00   0.000000000000e+00  -4.715243279934e-01   0.000000000000e+00   0.000000000000e+00  -3.250896632671e-01   0.000000000000e+00   0.000000000000e+00  -3.250896632671e-01 
  0.000000000000e+00  -2.558964863420e-02  -2.612614035606e-01   0.000000000000e+00  -2.558964863420e-02  -2.612614035606e-01  -1.411358732730e-02  -1.651059091091e-02  -2.818750143051e-01 
  3.228389099240e-02   6.260002497584e-03  -7.816328853369e-02   1.053331971169e+00   2.316504716873e-02   2.797979414463e-01   2.385166406631e+00   9.445051848888e-02  -1.049379229546e+00 
  2.843477010727e+00   0.000000000000e+00  -8.885685801506e-01   1.512570142746e+00   0.000000000000e+00  -7.891079187393e-01   9.596444368362e-01   0.000000000000e+00  -6.368192434311e-01 
  9.596444368362e-01   0.000000000000e+00  -6.368192434311e-01   0.000000000000e+00   2.495099902153e-01  -4.657443761826e-01   0.000000000000e+00   2.495099902153e-01  -4.657443761826e-01 
  5.485882982612e-03   1.333694010973e-01  -3.778960406780e-01   1.733530908823e-01   5.273273587227e-02  -4.077102839947e-01   1.408159852028e+00   1.763629168272e-02  -6.894465684891e-01 
  2.939371585846e+00   0.000000000000e+00  -1.067356228828e+00   2.495252370834e+00   3.951335325837e-02  -9.478874802589e-01   7.144501209259e-01  -1.412173267454e-03  -7.886406183243e-01 
  3.241933584213e-01  -1.007793657482e-02  -4.892774522305e-01   3.241933584213e-01  -1.007793657482e-02  -4.892774522305e-01   0.000000000000e+00   1.274914741516e-01  -4.651982784271e-01 
  0.000000000000e+00   1.274914741516e-01  -4.651982784271e-01   9.105315059423e-02  -2.387385815382e-01  -2.900477051735e-01   3.884274065495e-01  -1.250103414059e-01  -3.500945270061e-01 
  9.825990200043e-01   0.000000000000e+00  -4.937352836132e-01   9.635886549950e-01   0.000000000000e+00  -9.478920698166e-01   0.000000000000e+00  -1.675183176994e-01  -8.987569808960e-01 
  0.000000000000e+00  -7.699963450432e-02  -1.022296309471e+00   0.000000000000e+00  -4.403341561556e-02  -1.000000014901e-01   0.000000000000e+00  -4.403341561556e-02  -1.000000014901e-01 
  0.000000000000e+00   0.000000000000e+00  -2.329374253750e-01   0.000000000000e+00   0.000000000000e+00  -2.329374253750e-01   1.505544334650e-01   0.000000000000e+00  -4.078268408775e-01 
  3.332034349442e-01   0.000000000000e+00  -4.841295480728e-01   1.018747091293e+00   0.000000000000e+00  -4.503807425499e-01   9.464510083199e-01  -3.582218289375e-02  -4.968192577362e-01 
  7.376633882523e-01  -6.927781552076e-02  -3.780798241496e-02   1.943293362856e-01  -4.807056859136e-02  -1.347469985485e-01   4.290406778455e-02  -3.327724710107e-02   2.241502702236e-02 
  4.290406778455e-02  -3.327724710107e-02   2.241502702236e-02   0.000000000000e+00   0.000000000000e+00  -2.329374253750e-01   0.000000000000e+00   0.000000000000e+00  -2.329374253750e-01 
  1.505544334650e-01   0.000000000000e+00  -4.078268408775e-01   3.332034349442e-01   0.000000000000e+00  -4.841295480728e-01   1.018747091293e+00   0.000000000000e+00  -4.503807425499e-01 
  9.464510083199e-01  -3.582218289375e-02  -4.968192577362e-01   7.376633882523e-01  -6.927781552076e-02  -3.780798241496e-02   1.943293362856e-01  -4.807056859136e-02  -1.347469985485e-01 
  4.290406778455e-02  -3.327724710107e-02   2.241502702236e-02   4.290406778455e-02  -3.327724710107e-02   2.241502702236e-02   0.000000000000e+00   1.071325019002e-01  -2.365266084671e-01 
  0.000000000000e+00   1.071325019002e-01  -2.365266084671e-01   1.337425783277e-02  -2.242653816938e-02  -1.128112673759e-01  -1.199722513556e-01   0.000000000000e+00  -2.463829815388e-01 
 -7.648377865553e-02  -1.128381676972e-02  -1.051334813237e-01  -3.938236087561e-02  -3.533426905051e-03  -3.351403176785e-01  -2.986182458699e-03   0.000000000000e+00  -1.000000014901e-01 
 -2.976522082463e-03  -7.257419056259e-04  -5.604988932610e-01  -1.640095142648e-03  -9.028729982674e-04  -3.565237820148e-01  -1.640095142648e-03  -9.028729982674e-04  -3.565237820148e-01 
  0.000000000000e+00   1.071325019002e-01  -2.365266084671e-01   0.000000000000e+00   1.071325019002e-01  -2.365266084671e-01   1.337425783277e-02  -2.242653816938e-02  -1.128112673759e-01 
 -1.199722513556e-01   0.000000000000e+00  -2.463829815388e-01  -7.648377865553e-02  -1.128381676972e-02  -1.051334813237e-01  -3.938236087561e-02  -3.533426905051e-03  -3.351403176785e-01 
 -2.986182458699e-03   0.000000000000e+00  -1.000000014901e-01  -2.976522082463e-03  -7.257419056259e-04  -5.604988932610e-01  -1.640095142648e-03  -9.028729982674e-04  -3.565237820148e-01 
 -1.640095142648e-03  -9.028729982674e-04  -3.565237820148e-01   0.000000000000e+00   5.132744088769e-02   2.130087465048e-01   0.000000000000e+00   5.132744088769e-02   2.130087465048e-01 
 -4.206025600433e-02   2.702549472451e-02   1.022321805358e-01  -1.308742165565e-01   1.180186215788e-02  -4.174005091190e-01   0.000000000000e+00  -4.842041525990e-03  -1.000000014901e-01 
  0.000000000000e+00  -5.958914756775e-03  -4.715243279934e-01  -4.901751410216e-03   0.000000000000e+00  -8.430486917496e-01  -4.901751410216e-03  -3.009725362062e-03  -8.430486917496e-01 
 -2.015238860622e-03  -2.443406032398e-03  -5.501452088356e-01  -2.015238860622e-03  -2.443406032398e-03  -5.501452088356e-01   0.000000000000e+00  -2.652248740196e-01  -3.303238190711e-04 
  0.000000000000e+00  -2.652248740196e-01  -3.303238190711e-04  -4.462181031704e-02  -1.258058380336e-02   5.083351209760e-02  -8.827897906303e-02  -9.336812421679e-03  -1.297203153372e-01 
 -4.544388502836e-02  -1.148720365018e-02  -9.614962153137e-03   0.000000000000e+00  -1.462098490447e-02  -1.000000014901e-01  -4.901751410216e-03  -1.462098490447e-02  -8.176296353340e-01 
 -4.901751410216e-03  -7.310492452234e-03  -8.430486917496e-01   0.000000000000e+00  -4.429094027728e-03  -1.000000014901e-01   0.000000000000e+00  -4.429094027728e-03  -1.000000014901e-01 
  0.000000000000e+00   1.045183837414e-01   3.267527520657e-01   0.000000000000e+00   1.045183837414e-01   3.267527520657e-01  -5.932649597526e-02   9.858916699886e-02   3.179653882980e-01 
 -6.429687142372e-02   6.469444930553e-02   2.827840149403e-01   7.951670140028e-02  -2.003665827215e-02  -1.955836266279e-01   1.413639076054e-02  -1.462098490447e-02  -2.257636636496e-01 
 -2.450875705108e-03  -1.462098490447e-02  -1.000000014901e-01  -2.450875705108e-03  -7.310492452234e-03  -4.715243279934e-01  -1.009079394862e-03  -4.432792309672e-03  -3.252775967121e-01 
 -1.009079394862e-03  -4.432792309672e-03  -3.252775967121e-01   0.000000000000e+00  -5.063190683722e-02  -1.434608399868e-01   0.000000000000e+00  -5.063190683722e-02  -1.434608399868e-01 
 -2.057926915586e-02  -4.950743168592e-02  -1.743996739388e-01  -7.476170081645e-03  -4.258362948895e-02  -1.960469633341e-01   4.712746143341e-01   2.786483615637e-02   1.812327653170e-02 
  2.425379514694e+00   4.942765086889e-02  -1.000000014901e-01   2.633077383041e+00   0.000000000000e+00  -7.151468992233e-01   1.295005321503e+00  -2.910372335464e-03  -7.155097126961e-01 
  1.113591551781e+00  -2.697618212551e-03  -6.512756347656e-01   1.113591551781e+00  -2.697618212551e-03  -6.512756347656e-01   0.000000000000e+00   3.896037936211e-01  -6.982120275497e-01 
  0.000000000000e+00   3.896037936211e-01  -6.982120275497e-01   2.934352727607e-03   3.426899015903e-01  -3.459434509277e-01   9.000035375357e-02   2.530869841576e-01  -2.525916695595e-01 
  7.306736111641e-01   7.819777354598e-03  -4.678793549538e-01   2.463510274887e+00   0.000000000000e+00  -1.000000014901e-01   2.347366094589e+00   6.059833802283e-03  -5.426371097565e-01 
  1.099187374115e+00  -5.715745035559e-03  -5.497040152550e-01   5.679208636284e-01  -1.073427964002e-02  -4.356310963631e-01   5.679208636284e-01  -1.073427964002e-02  -4.356310963631e-01 
  0.000000000000e+00   1.830369532108e-01   4.618112463504e-03   0.000000000000e+00   1.830369532108e-01   4.618112463504e-03   7.045546174049e-02   2.570882812142e-02   2.865027785301e-01 
  2.888292968273e-01  -2.074561081827e-02   2.378148259595e-03   5.840842127800e-01  -8.284475654364e-03  -4.716277420521e-01   5.429872274399e-01  -7.909978157841e-04  -6.222029328346e-01 
  0.000000000000e+00  -1.352792382240e-01  -1.000000014901e-01   0.000000000000e+00  -9.396985918283e-02  -1.000000014901e-01   0.000000000000e+00  -6.637902557850e-02  -1.000000014901e-01 
  0.000000000000e+00  -6.637902557850e-02  -1.000000014901e-01   0.000000000000e+00   0.000000000000e+00  -2.511179447174e-01   0.000000000000e+00   0.000000000000e+00  -2.511179447174e-01 
  1.027463749051e-01   3.955217543989e-03  -1.367914229631e-01   2.451737523079e-01   0.000000000000e+00  -3.838507533073e-01   0.000000000000e+00   0.000000000000e+00  -5.175508260727e-01 
  0.000000000000e+00  -1.911113411188e-02  -4.814027845860e-01   0.000000000000e+00  -7.630973309278e-02  -2.015748471022e-01   8.259719610214e-02  -6.762176007032e-02  -1.497722119093e-01 
  4.954704642296e-02  -5.411110073328e-02  -7.755464315414e-02   4.954704642296e-02  -5.411110073328e-02  -7.755464315414e-02   0.000000000000e+00   0.000000000000e+00  -2.511179447174e-01 
  0.000000000000e+00   0.000000000000e+00  -2.511179447174e-01   1.027463749051e-01   3.955217543989e-03  -1.367914229631e-01   2.451737523079e-01   0.000000000000e+00  -3.838507533073e-01 
  0.000000000000e+00   0.000000000000e+00  -5.175508260727e-01   0.000000000000e+00  -1.911113411188e-02  -4.814027845860e-01   0.000000000000e+00  -7.630973309278e-02  -2.015748471022e-01 
  8.259719610214e-02  -6.762176007032e-02  -1.497722119093e-01   4.954704642296e-02  -5.411110073328e-02  -7.755464315414e-02   4.954704642296e-02  -5.411110073328e-02  -7.755464315414e-02 
  0.000000000000e+00   1.071325019002e-01  -2.365266084671e-01   0.000000000000e+00   1.071325019002e-01  -2.365266084671e-01   1.337425783277e-02  -2.242653816938e-02  -1.128112673759e-01 
 -1.199722513556e-01   0.000000000000e+00  -2.463829815388e-01  -7.648377865553e-02  -1.128381676972e-02  -1.051334813237e-01  -3.938236087561e-02  -3.533426905051e-03  -3.351403176785e-01 
 -2.986182458699e-03   0.000000000000e+00  -1.000000014901e-01  -2.976522082463e-03  -7.257419056259e-04  -5.604988932610e-01  -1.640095142648e-03  -9.028729982674e-04  -3.565237820148e-01 
 -1.640095142648e-03  -9.028729982674e-04  -3.565237820148e-01   0.000000000000e+00   1.071325019002e-01  -2.365266084671e-01   0.000000000000e+00   1.071325019002e-01  -2.365266084671e-01 
  1.337425783277e-02  -2.242653816938e-02  -1.128112673759e-01  -1.199722513556e-01   0.000000000000e+00  -2.463829815388e-01  -7.648377865553e-02  -1.128381676972e-02  -1.051334813237e-01 
 -3.938236087561e-02  -3.533426905051e-03  -3.351403176785e-01  -2.986182458699e-03   0.000000000000e+00  -1.000000014901e-01  -2.976522082463e-03  -7.257419056259e-04  -5.604988932610e-01 
 -1.640095142648e-03  -9.028729982674e-04  -3.565237820148e-01  -1.640095142648e-03  -9.028729982674e-04  -3.565237820148e-01   0.000000000000e+00   5.132744088769e-02   2.130087465048e-01 
  0.000000000000e+00   5.132744088769e-02   2.130087465048e-01  -4.206025600433e-02   2.702549472451e-02   1.022321805358e-01  -1.308742165565e-01   1.180186215788e-02  -4.174005091190e-01 
  0.000000000000e+00  -4.842041525990e-03  -1.000000014901e-01   0.000000000000e+00  -5.958914756775e-03  -4.715243279934e-01  -4.901751410216e-03   0.000000000000e+00  -8.430486917496e-01 
 -4.901751410216e-03  -3.009725362062e-03  -8.430486917496e-01  -2.015238860622e-03  -2.443406032398e-03  -5.501452088356e-01  -2.015238860622e-03  -2.443406032398e-03  -5.501452088356e-01 
  0.000000000000e+00  -2.652248740196e-01  -3.303238190711e-04   0.000000000000e+00  -2.652248740196e-01  -3.303238190711e-04  -4.462181031704e-02  -1.258058380336e-02   5.083351209760e-02 
 -8.827897906303e-02  -9.336812421679e-03  -1.297203153372e-01  -4.544388502836e-02  -1.148720365018e-02  -9.614962153137e-03   0.000000000000e+00  -1.462098490447e-02  -1.000000014901e-01 
 -4.901751410216e-03  -1.462098490447e-02  -8.176296353340e-01  -4.901751410216e-03  -7.310492452234e-03  -8.430486917496e-01   0.000000000000e+00  -4.429094027728e-03  -1.000000014901e-01 
  0.000000000000e+00  -4.429094027728e-03  -1.000000014901e-01   0.000000000000e+00   1.045183837414e-01   3.267527520657e-01   0.000000000000e+00   1.045183837414e-01   3.267527520657e-01 
 -5.932649597526e-02   9.858916699886e-02   3.179653882980e-01  -6.429687142372e-02   6.469444930553e-02   2.827840149403e-01   7.951670140028e-02  -2.003665827215e-02  -1.955836266279e-01 
  1.413639076054e-02  -1.462098490447e-02  -2.257636636496e-01  -2.450875705108e-03  -1.462098490447e-02  -1.000000014901e-01  -2.450875705108e-03  -7.310492452234e-03  -4.715243279934e-01 
 -1.009079394862e-03  -4.432792309672e-03  -3.252775967121e-01  -1.009079394862e-03  -4.432792309672e-03  -3.252775967121e-01   0.000000000000e+00  -5.063190683722e-02  -1.434608399868e-01 
  0.000000000000e+00  -5.063190683722e-02  -1.434608399868e-01  -2.057926915586e-02  -4.950743168592e-02  -1.743996739388e-01  -7.476170081645e-03  -4.258362948895e-02  -1.960469633341e-01 
  4.712746143341e-01   2.786483615637e-02   1.812327653170e-02   2.425379514694e+00   4.942765086889e-02  -1.000000014901e-01   2.633077383041e+00   0.000000000000e+00  -7.151468992233e-01 
  1.295005321503e+00  -2.910372335464e-03  -7.155097126961e-01   1.113591551781e+00  -2.697618212551e-03  -6.512756347656e-01   1.113591551781e+00  -2.697618212551e-03  -6.512756347656e-01 
  0.000000000000e+00   3.896037936211e-01  -6.982120275497e-01   0.000000000000e+00   3.896037936211e-01  -6.982120275497e-01   2.934352727607e-03   3.426899015903e-01  -3.459434509277e-01 
  9.000035375357e-02   2.530869841576e-01  -2.525916695595e-01   7.306736111641e-01   7.819777354598e-03  -4.678793549538e-01   2.463510274887e+00   0.000000000000e+00  -1.000000014901e-01 
  2.347366094589e+00   6.059833802283e-03  -5.426371097565e-01   1.099187374115e+00  -5.715745035559e-03  -5.497040152550e-01   5.679208636284e-01  -1.073427964002e-02  -4.356310963631e-01 
  5.679208636284e-01  -1.073427964002e-02  -4.356310963631e-01   0.000000000000e+00   1.830369532108e-01   4.618112463504e-03   0.000000000000e+00   1.830369532108e-01   4.618112463504e-03 
  7.045546174049e-02   2.570882812142e-02   2.865027785301e-01   2.888292968273e-01  -2.074561081827e-02   2.378148259595e-03   5.840842127800e-01  -8.284475654364e-03  -4.716277420521e-01 
  5.429872274399e-01  -7.909978157841e-04  -6.222029328346e-01   0.000000000000e+00  -1.352792382240e-01  -1.000000014901e-01   0.000000000000e+00  -9.396985918283e-02  -1.000000014901e-01 
  0.000000000000e+00  -6.637902557850e-02  -1.000000014901e-01   0.000000000000e+00  -6.637902557850e-02  -1.000000014901e-01   0.000000000000e+00   0.000000000000e+00  -2.511179447174e-01 
  0.000000000000e+00   0.000000000000e+00  -2.511179447174e-01   1.027463749051e-01   3.955217543989e-03  -1.367914229631e-01   2.451737523079e-01   0.000000000000e+00  -3.838507533073e-01 
  0.000000000000e+00   0.000000000000e+00  -5.175508260727e-01   0.000000000000e+00  -1.911113411188e-02  -4.814027845860e-01   0.000000000000e+00  -7.630973309278e-02  -2.015748471022e-01 
  8.259719610214e-02  -6.762176007032e-02  -1.497722119093e-01   4.954704642296e-02  -5.411110073328e-02  -7.755464315414e-02   4.954704642296e-02  -5.411110073328e-02  -7.755464315414e-02 
  0.000000000000e+00   0.000000000000e+00  -2.511179447174e-01   0.000000000000e+00   0.000000000000e+00  -2.511179447174e-01   1.027463749051e-01   3.955217543989e-03  -1.367914229631e-01 
  2.451737523079e-01   0.000000000000e+00  -3.838507533073e-01   0.000000000000e+00   0.000000000000e+00  -5.175508260727e-01   0.000000000000e+00  -1.911113411188e-02  -4.814027845860e-01 
  0.000000000000e+00  -7.630973309278e-02  -2.015748471022e-01   8.259719610214e-02  -6.762176007032e-02  -1.497722119093e-01   4.954704642296e-02  -5.411110073328e-02  -7.755464315414e-02 
  4.954704642296e-02  -5.411110073328e-02  -7.755464315414e-02 

