# vtk DataFile Version 2.0
Written using VisIt writer
ASCII
DATASET RECTILINEAR_GRID
DIMENSIONS 10 10 10
X_COORDINATES 10 float
  0.000000000000e+00   5.000000000000e-01   1.000000000000e+00   1.500000000000e+00   2.000000000000e+00   2.500000000000e+00   3.000000000000e+00   3.500000000000e+00   4.000000000000e+00 
  4.500000000000e+00 
Y_COORDINATES 10 float
  0.000000000000e+00   5.000000000000e-01   1.000000000000e+00   1.500000000000e+00   2.000000000000e+00   2.500000000000e+00   3.000000000000e+00   3.500000000000e+00   4.000000000000e+00 
  4.500000000000e+00 
Z_COORDINATES 10 float
  0.000000000000e+00   5.000000000000e-01   1.000000000000e+00   1.500000000000e+00   2.000000000000e+00   2.500000000000e+00   3.000000000000e+00   3.500000000000e+00   4.000000000000e+00 
  4.500000000000e+00 
CELL_DATA 729
POINT_DATA 1000
VECTORS velocity float
  0.000000000000e+00  -1.674261242151e-01  -2.968569993973e-01   3.251200000000e+04   0.000000000000e+00   0.000000000000e+00   0.000000000000e+00   0.000000000000e+00   0.000000000000e+00 
 -4.728771746159e-02  -1.661811769009e-01  -3.872402012348e-01   0.000000000000e+00   0.000000000000e+00   0.000000000000e+00   0.000000000000e+00   1.431655808000e+09   1.070945600000e+09 
 -1.819464564323e-01  -1.953016072512e-01  -4.049285650253e-01   1.071994176000e+09   0.000000000000e+00   0.000000000000e+00   0.000000000000e+00   0.000000000000e+00   0.000000000000e+00 
 -8.933050185442e-02  -2.239234894514e-01  -5.495055913925e-01   0.000000000000e+00  -1.674261242151e-01  -2.968569993973e-01   1.070945600000e+09   0.000000000000e+00   0.000000000000e+00 
 -1.400731801987e-01  -1.977235674858e-01  -4.507448077202e-01  -4.728771746159e-02  -1.661811769009e-01  -3.872402012348e-01   1.431655808000e+09   1.070945600000e+09   0.000000000000e+00 
 -3.283135965466e-02  -1.586858481169e-01  -3.318087458611e-01  -1.819464564323e-01  -1.953016072512e-01  -4.049285650253e-01   0.000000000000e+00   0.000000000000e+00   1.071644672000e+09 
 -8.933050185442e-02  -2.239234894514e-01  -5.495055913925e-01  -8.933050185442e-02  -2.239234894514e-01  -5.495055913925e-01   0.000000000000e+00   3.911295160651e-02  -2.588584721088e-01 
  0.000000000000e+00   3.911295160651e-02  -2.588584721088e-01  -2.388228029013e-01   3.301549330354e-02  -3.452678620815e-01  -1.223937869072e-01  -6.776671856642e-02  -4.098081588745e-01 
 -1.325634270906e-01  -1.059437692165e-01  -4.528825879097e-01   9.751868993044e-02   5.065344274044e-02  -3.467985689640e-01   1.717472216114e-03   7.788936048746e-02  -3.357969522476e-01 
 -1.155957672745e-02   7.969147711992e-02  -3.143954277039e-01  -4.743225872517e-02   5.591832473874e-02  -3.599053025246e-01  -4.743225872517e-02   5.591832473874e-02  -3.599053025246e-01 
  0.000000000000e+00  -4.227102175355e-02  -2.555987834930e-01   0.000000000000e+00  -4.227102175355e-02  -2.555987834930e-01  -2.207778543234e-01   1.829533465207e-02  -3.536812067032e-01 
 -5.277756974101e-02   1.297026220709e-02  -3.267638087273e-01  -1.100082248449e-01  -5.152904242277e-02  -3.399797379971e-01  -5.882380902767e-02   2.546356990933e-02  -3.795009851456e-01 
 -1.406091749668e-01   2.714781276882e-02  -5.093625783920e-01   5.173962935805e-02   3.731903433800e-02  -3.882968127728e-01   2.206132747233e-02   9.648562408984e-03  -4.084957838058e-01 
  2.206132747233e-02   9.648562408984e-03  -4.084957838058e-01   0.000000000000e+00  -3.656114265323e-02  -2.771003842354e-01   0.000000000000e+00  -3.656114265323e-02  -2.771003842354e-01 
 -2.012992054224e-01  -8.775682002306e-02  -4.719143807888e-01   6.292028725147e-02  -3.478243947029e-02  -4.038082957268e-01  -3.119338676333e-02  -1.033141836524e-02  -3.474175035954e-01 
 -5.784435197711e-02   4.561283439398e-02  -3.158397674561e-01  -1.661632210016e-01   5.734233185649e-02  -3.661876022816e-01  -1.097585260868e-01  -3.548799082637e-02  -4.175415635109e-01 
 -9.466967731714e-02  -8.093980699778e-02  -5.354938507080e-01  -9.466967731714e-02  -8.093980699778e-02  -5.354938507080e-01   0.000000000000e+00   3.020695410669e-03  -2.451020032167e-01 
  0.000000000000e+00   3.020695410669e-03  -2.451020032167e-01  -1.336546093225e-01   1.029771789908e-01  -3.119305670261e-01  -1.547497957945e-01   5.101538822055e-02  -4.357404112816e-01 
 -1.640071570873e-01   1.637236028910e-02  -4.478379487991e-01   5.114860087633e-02   7.223313301802e-02  -3.165683746338e-01  -3.019568882883e-02   6.786254793406e-02  -3.436849713326e-01 
 -4.854603484273e-02   5.762243643403e-02  -3.316117227077e-01  -7.886003702879e-02   5.168803408742e-02  -3.837486803532e-01  -7.886003702879e-02   5.168803408742e-02  -3.837486803532e-01 
  0.000000000000e+00  -5.511080846190e-02  -2.543659508228e-01   0.000000000000e+00  -5.511080846190e-02  -2.543659508228e-01  -1.634152829647e-01   2.379638142884e-02  -3.569616377354e-01 
 -9.706297516823e-02   1.126195937395e-01  -3.499650359154e-01  -1.576815992594e-01   1.355442255735e-01  -3.771706819534e-01  -8.001458644867e-02   3.570110723376e-02  -4.084830284119e-01 
 -1.421201825142e-01  -2.251465432346e-02  -4.865178465843e-01   5.094352364540e-02  -3.610514104366e-02  -3.555471301079e-01  -1.093024760485e-02  -5.292973294854e-02  -4.446284472942e-01 
 -1.093024760485e-02  -5.292973294854e-02  -4.446284472942e-01   0.000000000000e+00  -1.312569826841e-01  -3.000043630600e-01   0.000000000000e+00  -1.312569826841e-01  -3.000043630600e-01 
 -2.159772068262e-01  -4.900121688843e-02  -4.867154359818e-01  -1.923875696957e-02   1.614250056446e-02  -3.278680145741e-01  -5.626793205738e-02   2.376002632082e-02  -3.321761190891e-01 
 -7.227988447994e-03   7.242558151484e-02  -3.202208280563e-01  -1.368214190006e-01   2.225493639708e-02  -3.582220077515e-01  -7.333072274923e-02  -1.045158654451e-01  -3.882173597813e-01 
 -8.129388093948e-02  -1.620903313160e-01  -5.364426374435e-01  -8.129388093948e-02  -1.620903313160e-01  -5.364426374435e-01   0.000000000000e+00   0.000000000000e+00  -2.808701694012e-01 
  0.000000000000e+00   0.000000000000e+00  -2.808701694012e-01  -2.093378901482e-01   0.000000000000e+00  -4.171058833599e-01  -1.078414246440e-01   0.000000000000e+00  -4.066894650459e-01 
 -1.294323503971e-01   0.000000000000e+00  -5.001935362816e-01   1.345663815737e-01   0.000000000000e+00  -3.769039511681e-01   2.834067493677e-02   0.000000000000e+00  -3.627240359783e-01 
  3.849313780665e-02   0.000000000000e+00  -3.387260138988e-01   4.264307022095e-02   0.000000000000e+00  -3.546400964260e-01   4.264307022095e-02   0.000000000000e+00  -3.546400964260e-01 
  0.000000000000e+00   0.000000000000e+00  -2.808701694012e-01   0.000000000000e+00   0.000000000000e+00  -2.808701694012e-01  -2.093378901482e-01   0.000000000000e+00  -4.171058833599e-01 
 -1.078414246440e-01   0.000000000000e+00  -4.066894650459e-01  -1.294323503971e-01   0.000000000000e+00  -5.001935362816e-01   1.345663815737e-01   0.000000000000e+00  -3.769039511681e-01 
  2.834067493677e-02   0.000000000000e+00  -3.627240359783e-01   3.849313780665e-02   0.000000000000e+00  -3.387260138988e-01   4.264307022095e-02   0.000000000000e+00  -3.546400964260e-01 
  4.264307022095e-02   0.000000000000e+00  -3.546400964260e-01   0.000000000000e+00  -1.674261242151e-01  -2.968569993973e-01   0.000000000000e+00  -1.674261242151e-01  -2.968569993973e-01 
 -1.400731801987e-01  -1.977235674858e-01  -4.507448077202e-01  -4.728771746159e-02  -1.661811769009e-01  -3.872402012348e-01  -7.347305119038e-02  -1.643733531237e-01  -3.377640545368e-01 
 -3.283135965466e-02  -1.586858481169e-01  -3.318087458611e-01  -1.819464564323e-01  -1.953016072512e-01  -4.049285650253e-01  -1.085486412048e-01  -2.019745111465e-01  -4.213683009148e-01 
 -8.933050185442e-02  -2.239234894514e-01  -5.495055913925e-01  -8.933050185442e-02  -2.239234894514e-01  -5.495055913925e-01   0.000000000000e+00  -1.674261242151e-01  -2.968569993973e-01 
  0.000000000000e+00  -1.674261242151e-01  -2.968569993973e-01  -1.400731801987e-01  -1.977235674858e-01  -4.507448077202e-01  -4.728771746159e-02  -1.661811769009e-01  -3.872402012348e-01 
 -7.347305119038e-02  -1.643733531237e-01  -3.377640545368e-01  -3.283135965466e-02  -1.586858481169e-01  -3.318087458611e-01  -1.819464564323e-01  -1.953016072512e-01  -4.049285650253e-01 
 -1.085486412048e-01  -2.019745111465e-01  -4.213683009148e-01  -8.933050185442e-02  -2.239234894514e-01  -5.495055913925e-01  -8.933050185442e-02  -2.239234894514e-01  -5.495055913925e-01 
  0.000000000000e+00   3.911295160651e-02  -2.588584721088e-01   0.000000000000e+00   3.911295160651e-02  -2.588584721088e-01  -2.388228029013e-01   3.301549330354e-02  -3.452678620815e-01 
 -1.223937869072e-01  -6.776671856642e-02  -4.098081588745e-01  -1.325634270906e-01  -1.059437692165e-01  -4.528825879097e-01   9.751868993044e-02   5.065344274044e-02  -3.467985689640e-01 
  1.717472216114e-03   7.788936048746e-02  -3.357969522476e-01  -1.155957672745e-02   7.969147711992e-02  -3.143954277039e-01  -4.743225872517e-02   5.591832473874e-02  -3.599053025246e-01 
 -4.743225872517e-02   5.591832473874e-02  -3.599053025246e-01   0.000000000000e+00  -4.227102175355e-02  -2.555987834930e-01   0.000000000000e+00  -4.227102175355e-02  -2.555987834930e-01 
 -2.207778543234e-01   1.829533465207e-02  -3.536812067032e-01  -5.277756974101e-02   1.297026220709e-02  -3.267638087273e-01  -1.100082248449e-01  -5.152904242277e-02  -3.399797379971e-01 
 -5.882380902767e-02   2.546356990933e-02  -3.795009851456e-01  -1.406091749668e-01   2.714781276882e-02  -5.093625783920e-01   5.173962935805e-02   3.731903433800e-02  -3.882968127728e-01 
  2.206132747233e-02   9.648562408984e-03  -4.084957838058e-01   2.206132747233e-02   9.648562408984e-03  -4.084957838058e-01   0.000000000000e+00  -3.656114265323e-02  -2.771003842354e-01 
  0.000000000000e+00  -3.656114265323e-02  -2.771003842354e-01  -2.012992054224e-01  -8.775682002306e-02  -4.719143807888e-01   6.292028725147e-02  -3.478243947029e-02  -4.038082957268e-01 
 -3.119338676333e-02  -1.033141836524e-02  -3.474175035954e-01  -5.784435197711e-02   4.561283439398e-02  -3.158397674561e-01  -1.661632210016e-01   5.734233185649e-02  -3.661876022816e-01 
 -1.097585260868e-01  -3.548799082637e-02  -4.175415635109e-01  -9.466967731714e-02  -8.093980699778e-02  -5.354938507080e-01  -9.466967731714e-02  -8.093980699778e-02  -5.354938507080e-01 
  0.000000000000e+00   3.020695410669e-03  -2.451020032167e-01   0.000000000000e+00   3.020695410669e-03  -2.451020032167e-01  -1.336546093225e-01   1.029771789908e-01  -3.119305670261e-01 
 -1.547497957945e-01   5.101538822055e-02  -4.357404112816e-01  -1.640071570873e-01   1.637236028910e-02  -4.478379487991e-01   5.114860087633e-02   7.223313301802e-02  -3.165683746338e-01 
 -3.019568882883e-02   6.786254793406e-02  -3.436849713326e-01  -4.854603484273e-02   5.762243643403e-02  -3.316117227077e-01  -7.886003702879e-02   5.168803408742e-02  -3.837486803532e-01 
 -7.886003702879e-02   5.168803408742e-02  -3.837486803532e-01   0.000000000000e+00  -5.511080846190e-02  -2.543659508228e-01   0.000000000000e+00  -5.511080846190e-02  -2.543659508228e-01 
 -1.634152829647e-01   2.379638142884e-02  -3.569616377354e-01  -9.706297516823e-02   1.126195937395e-01  -3.499650359154e-01  -1.576815992594e-01   1.355442255735e-01  -3.771706819534e-01 
 -8.001458644867e-02   3.570110723376e-02  -4.084830284119e-01  -1.421201825142e-01  -2.251465432346e-02  -4.865178465843e-01   5.094352364540e-02  -3.610514104366e-02  -3.555471301079e-01 
 -1.093024760485e-02  -5.292973294854e-02  -4.446284472942e-01  -1.093024760485e-02  -5.292973294854e-02  -4.446284472942e-01   0.000000000000e+00  -1.312569826841e-01  -3.000043630600e-01 
  0.000000000000e+00  -1.312569826841e-01  -3.000043630600e-01  -2.159772068262e-01  -4.900121688843e-02  -4.867154359818e-01  -1.923875696957e-02   1.614250056446e-02  -3.278680145741e-01 
 -5.626793205738e-02   2.376002632082e-02  -3.321761190891e-01  -7.227988447994e-03   7.242558151484e-02  -3.202208280563e-01  -1.368214190006e-01   2.225493639708e-02  -3.582220077515e-01 
 -7.333072274923e-02  -1.045158654451e-01  -3.882173597813e-01  -8.129388093948e-02  -1.620903313160e-01  -5.364426374435e-01  -8.129388093948e-02  -1.620903313160e-01  -5.364426374435e-01 
  0.000000000000e+00   0.000000000000e+00  -2.808701694012e-01   0.000000000000e+00   0.000000000000e+00  -2.808701694012e-01  -2.093378901482e-01   0.000000000000e+00  -4.171058833599e-01 
 -1.078414246440e-01   0.000000000000e+00  -4.066894650459e-01  -1.294323503971e-01   0.000000000000e+00  -5.001935362816e-01   1.345663815737e-01   0.000000000000e+00  -3.769039511681e-01 
  2.834067493677e-02   0.000000000000e+00  -3.627240359783e-01   3.849313780665e-02   0.000000000000e+00  -3.387260138988e-01   4.264307022095e-02   0.000000000000e+00  -3.546400964260e-01 
  4.264307022095e-02   0.000000000000e+00  -3.546400964260e-01   0.000000000000e+00   0.000000000000e+00  -2.808701694012e-01   0.000000000000e+00   0.000000000000e+00  -2.808701694012e-01 
 -2.093378901482e-01   0.000000000000e+00  -4.171058833599e-01  -1.078414246440e-01   0.000000000000e+00  -4.066894650459e-01  -1.294323503971e-01   0.000000000000e+00  -5.001935362816e-01 
  1.345663815737e-01   0.000000000000e+00  -3.769039511681e-01   2.834067493677e-02   0.000000000000e+00  -3.627240359783e-01   3.849313780665e-02   0.000000000000e+00  -3.387260138988e-01 
  4.264307022095e-02   0.000000000000e+00  -3.546400964260e-01   4.264307022095e-02   0.000000000000e+00  -3.546400964260e-01   0.000000000000e+00  -1.806979775429e-01  -4.467696249485e-01 
  0.000000000000e+00  -1.806979775429e-01  -4.467696249485e-01  -9.094844758511e-02  -2.131434828043e-01  -9.818629026413e-01  -8.455044776201e-02  -2.369217425585e-01  -1.348177433014e+00 
 -1.271886974573e-01  -2.454973608255e-01  -1.285295963287e+00  -3.269537910819e-02  -2.428876459599e-01  -1.347081542015e+00  -6.028509140015e-02  -2.541024088860e-01  -1.289671778679e+00 
 -3.417790681124e-02  -2.547205686569e-01  -1.264259099960e+00   2.307249791920e-02  -2.503190040588e-01  -1.174806356430e+00   2.307249791920e-02  -2.503190040588e-01  -1.174806356430e+00 
  0.000000000000e+00  -1.806979775429e-01  -4.467696249485e-01   0.000000000000e+00  -1.806979775429e-01  -4.467696249485e-01  -9.094844758511e-02  -2.131434828043e-01  -9.818629026413e-01 
 -8.455044776201e-02  -2.369217425585e-01  -1.348177433014e+00  -1.271886974573e-01  -2.454973608255e-01  -1.285295963287e+00  -3.269537910819e-02  -2.428876459599e-01  -1.347081542015e+00 
 -6.028509140015e-02  -2.541024088860e-01  -1.289671778679e+00  -3.417790681124e-02  -2.547205686569e-01  -1.264259099960e+00   2.307249791920e-02  -2.503190040588e-01  -1.174806356430e+00 
  2.307249791920e-02  -2.503190040588e-01  -1.174806356430e+00   0.000000000000e+00  -2.482469752431e-02  -3.721843659878e-01   0.000000000000e+00  -2.482469752431e-02  -3.721843659878e-01 
 -9.304032474756e-02  -6.375502794981e-02  -8.839654326439e-01  -9.085872769356e-02  -5.593364685774e-02  -1.290877461433e+00  -1.304871737957e-01  -5.861565470695e-02  -1.176822781563e+00 
 -3.786154463887e-02  -6.772622466087e-02  -1.325644373894e+00  -3.791867941618e-02  -5.631249397993e-02  -1.296893715858e+00  -2.535098418593e-02  -4.680227860808e-02  -1.325007438660e+00 
  3.020006418228e-02  -4.296924918890e-02  -1.289770960808e+00   3.020006418228e-02  -4.296924918890e-02  -1.289770960808e+00   0.000000000000e+00   7.402238249779e-02  -3.811843097210e-01 
  0.000000000000e+00   7.402238249779e-02  -3.811843097210e-01  -5.452403798699e-02   1.313491463661e-01  -8.630234599113e-01  -9.193233400583e-02   1.220173463225e-01  -1.392968177795e+00 
 -1.308795511723e-01   1.147710531950e-01  -1.337405800819e+00  -2.032404206693e-02   1.114092394710e-01  -1.341785669327e+00  -3.799900412560e-02   1.161995902658e-01  -1.182945132256e+00 
 -1.717445813119e-02   1.245343908668e-01  -1.284500122070e+00   3.048533946276e-02   1.242879033089e-01  -1.275562286377e+00   3.048533946276e-02   1.242879033089e-01  -1.275562286377e+00 
  0.000000000000e+00   2.660468686372e-03  -4.614541828632e-01   0.000000000000e+00   2.660468686372e-03  -4.614541828632e-01  -8.437205851078e-02  -2.146932668984e-02  -8.227005004883e-01 
 -7.540261745453e-02  -5.001849029213e-03  -1.344584584236e+00  -1.288147568703e-01  -5.491757765412e-03  -1.287660121918e+00  -2.246535010636e-02  -6.614542100579e-03  -1.305300116539e+00 
 -4.458145424724e-02   3.898610593751e-03  -1.241951584816e+00  -2.229036949575e-02   5.745471455157e-03  -1.232197880745e+00   2.938855253160e-02  -2.243032446131e-03  -1.156925439835e+00 
  2.938855253160e-02  -2.243032446131e-03  -1.156925439835e+00   0.000000000000e+00  -2.000389434397e-02  -4.573811888695e-01   0.000000000000e+00  -2.000389434397e-02  -4.573811888695e-01 
 -6.842260062695e-02  -5.352638661861e-02  -9.053633213043e-01  -7.161445170641e-02  -5.597935616970e-02  -1.305680394173e+00  -1.249764561653e-01  -5.291073024273e-02  -1.144394159317e+00 
 -2.804714720696e-03  -4.111750796437e-02  -1.258080363274e+00  -3.622096776962e-02  -3.267008438706e-02  -1.226110935211e+00  -2.415605075657e-02  -2.926681004465e-02  -1.261217117310e+00 
  4.042704403400e-02  -1.842167787254e-02  -1.240417122841e+00   4.042704403400e-02  -1.842167787254e-02  -1.240417122841e+00   0.000000000000e+00   3.420825302601e-02  -4.873041212559e-01 
  0.000000000000e+00   3.420825302601e-02  -4.873041212559e-01  -6.816709041595e-02   5.180018022656e-02  -9.246861338615e-01  -7.061322033405e-02   5.189685896039e-02  -1.393034934998e+00 
 -1.153054013848e-01   6.824965775013e-02  -1.327017068863e+00  -4.416518379003e-03   7.983811199665e-02  -1.222858786583e+00  -4.087030515075e-02   8.346306532621e-02  -1.153597474098e+00 
 -2.535158768296e-02   8.705791831017e-02  -1.205844879150e+00   3.658176586032e-02   9.099632501602e-02  -1.201763033867e+00   3.658176586032e-02   9.099632501602e-02  -1.201763033867e+00 
  0.000000000000e+00  -8.532314002514e-02  -4.090660512447e-01   0.000000000000e+00  -8.532314002514e-02  -4.090660512447e-01  -8.245966583490e-02  -1.052871868014e-01  -7.620170712471e-01 
 -6.090509518981e-02  -1.007078364491e-01  -1.350888490677e+00  -1.045596376061e-01  -8.485895395279e-02  -1.312871336937e+00   2.540793269873e-02  -7.500801980495e-02  -1.324196457863e+00 
 -3.623260930181e-02  -6.949448585510e-02  -1.262671232224e+00  -1.134891621768e-02  -5.843575298786e-02  -1.208432078362e+00   5.013607069850e-02  -5.427658930421e-02  -1.020470380783e+00 
  5.013607069850e-02  -5.427658930421e-02  -1.020470380783e+00   0.000000000000e+00   0.000000000000e+00  -4.510053694248e-01   0.000000000000e+00   0.000000000000e+00  -4.510053694248e-01 
 -7.640828192234e-02   0.000000000000e+00  -8.392174839973e-01  -8.141603320837e-02   0.000000000000e+00  -1.293153405190e+00  -1.077058687806e-01   0.000000000000e+00  -1.175135374069e+00 
  2.735410071909e-02   0.000000000000e+00  -1.330475091934e+00  -3.926989063621e-02   0.000000000000e+00  -1.290668129921e+00  -4.859053995460e-03   0.000000000000e+00  -1.260632276535e+00 
  3.910819068551e-02   0.000000000000e+00  -1.219848990440e+00   3.910819068551e-02   0.000000000000e+00  -1.219848990440e+00   0.000000000000e+00   0.000000000000e+00  -4.510053694248e-01 
  0.000000000000e+00   0.000000000000e+00  -4.510053694248e-01  -7.640828192234e-02   0.000000000000e+00  -8.392174839973e-01  -8.141603320837e-02   0.000000000000e+00  -1.293153405190e+00 
 -1.077058687806e-01   0.000000000000e+00  -1.175135374069e+00   2.735410071909e-02   0.000000000000e+00  -1.330475091934e+00  -3.926989063621e-02   0.000000000000e+00  -1.290668129921e+00 
 -4.859053995460e-03   0.000000000000e+00  -1.260632276535e+00   3.910819068551e-02   0.000000000000e+00  -1.219848990440e+00   3.910819068551e-02   0.000000000000e+00  -1.219848990440e+00 
  0.000000000000e+00  -9.490237385035e-02  -2.257314473391e-01   0.000000000000e+00  -9.490237385035e-02  -2.257314473391e-01  -5.086665973067e-02  -1.036688685417e-01  -7.418229579926e-01 
 -4.324364289641e-02  -1.133782118559e-01  -1.102883696556e+00  -1.198362484574e-01  -1.215048134327e-01  -1.053697109222e+00  -3.917987272143e-02  -1.140889525414e-01  -1.047698020935e+00 
 -4.967735707760e-02  -1.195664778352e-01  -1.049970746040e+00  -2.971492707729e-02  -1.208666861057e-01  -1.039105653763e+00   8.208888582885e-03  -1.213681176305e-01  -1.040761590004e+00 
  8.208888582885e-03  -1.213681176305e-01  -1.040761590004e+00   0.000000000000e+00  -9.490237385035e-02  -2.257314473391e-01   0.000000000000e+00  -9.490237385035e-02  -2.257314473391e-01 
 -5.086665973067e-02  -1.036688685417e-01  -7.418229579926e-01  -4.324364289641e-02  -1.133782118559e-01  -1.102883696556e+00  -1.198362484574e-01  -1.215048134327e-01  -1.053697109222e+00 
 -3.917987272143e-02  -1.140889525414e-01  -1.047698020935e+00  -4.967735707760e-02  -1.195664778352e-01  -1.049970746040e+00  -2.971492707729e-02  -1.208666861057e-01  -1.039105653763e+00 
  8.208888582885e-03  -1.213681176305e-01  -1.040761590004e+00   8.208888582885e-03  -1.213681176305e-01  -1.040761590004e+00   0.000000000000e+00  -3.284056112170e-02  -4.218154251575e-01 
  0.000000000000e+00  -3.284056112170e-02  -4.218154251575e-01  -5.165796726942e-02  -3.980536013842e-02  -8.528249263763e-01  -5.721591785550e-02  -2.585688047111e-02  -1.105837583542e+00 
 -1.115473434329e-01  -3.719715401530e-02  -1.045181989670e+00  -6.436800211668e-02  -4.343005642295e-02  -1.069087743759e+00  -2.786912769079e-02  -3.186472132802e-02  -1.081019163132e+00 
 -3.058122098446e-02  -2.793095260859e-02  -1.071041584015e+00   2.090092562139e-02  -2.121383696795e-02  -1.074291348457e+00   2.090092562139e-02  -2.121383696795e-02  -1.074291348457e+00 
  0.000000000000e+00   8.693479001522e-02  -3.993908464909e-01   0.000000000000e+00   8.693479001522e-02  -3.993908464909e-01  -7.144849002361e-02   7.604725658894e-02  -6.841327548027e-01 
 -1.599752344191e-02   7.866857200861e-02  -1.087869763374e+00  -9.499520063400e-02   6.396923959255e-02  -1.058874726295e+00  -3.729151934385e-02   8.342881500721e-02  -1.055057406425e+00 
 -2.715501375496e-02   9.044205397367e-02  -1.054462671280e+00  -2.912653796375e-02   1.009932160378e-01  -1.053980827332e+00   1.765877380967e-02   1.039636582136e-01  -9.899406433105e-01 
  1.765877380967e-02   1.039636582136e-01  -9.899406433105e-01   0.000000000000e+00   1.043298374861e-02  -2.944903075695e-01   0.000000000000e+00   1.043298374861e-02  -2.944903075695e-01 
 -6.646752357483e-02  -9.915747679770e-03  -7.239743471146e-01  -2.756499871612e-02  -7.159594097175e-04  -1.061698794365e+00  -1.043103262782e-01   8.843708783388e-03  -1.001312375069e+00 
 -3.575639799237e-02   2.309019304812e-02  -1.006731748581e+00  -3.313620388508e-02   2.409512922168e-02  -1.001390218735e+00  -2.860965020955e-02   2.461393736303e-02  -1.008182883263e+00 
  1.072448212653e-02   7.727322168648e-03  -9.783452749252e-01   1.072448212653e-02   7.727322168648e-03  -9.783452749252e-01   0.000000000000e+00  -2.278818190098e-02  -2.157836109400e-01 
  0.000000000000e+00  -2.278818190098e-02  -2.157836109400e-01  -4.173120111227e-02  -3.815831989050e-02  -6.963368058205e-01  -3.750478476286e-02  -5.392280220985e-02  -1.091825008392e+00 
 -1.029752343893e-01  -5.376962944865e-02  -9.221436977386e-01  -8.890028766473e-06  -2.802745997906e-02  -1.015583753586e+00  -3.064466826618e-02  -2.819613926113e-02  -9.857205152512e-01 
 -2.462174929678e-02  -2.126027084887e-02  -1.023257017136e+00   3.325005993247e-02  -8.494768291712e-03  -1.013911366463e+00   3.325005993247e-02  -8.494768291712e-03  -1.013911366463e+00 
  0.000000000000e+00   3.170672431588e-02  -2.306208610535e-01   0.000000000000e+00   3.170672431588e-02  -2.306208610535e-01  -6.842306256294e-02   4.821402207017e-02  -7.677686214447e-01 
 -2.834242396057e-02   6.256470829248e-02  -1.103929400444e+00  -8.361648023129e-02   8.472919464111e-02  -1.056149244308e+00  -1.513644307852e-02   9.035610407591e-02  -1.036346673965e+00 
 -3.521445766091e-02   9.415843337774e-02  -9.913308024406e-01  -3.523182123899e-02   8.267036825418e-02  -1.035181045532e+00   3.032722137868e-02   8.900499343872e-02  -1.028126120567e+00 
  3.032722137868e-02   8.900499343872e-02  -1.028126120567e+00   0.000000000000e+00  -9.189195930958e-02  -3.049628436565e-01   0.000000000000e+00  -9.189195930958e-02  -3.049628436565e-01 
 -6.996496766806e-02  -9.716887027025e-02  -7.612575292587e-01  -2.084714733064e-02  -8.764000982046e-02  -1.087172508240e+00  -7.149163633585e-02  -7.240204513073e-02  -1.036425590515e+00 
  9.572986513376e-03  -4.355654865503e-02  -1.023342967033e+00  -2.599146589637e-02  -3.809212520719e-02  -1.020823597908e+00  -2.789908833802e-02  -3.927954286337e-02  -1.036756515503e+00 
  6.830453407019e-03  -5.037742108107e-02  -9.727551937103e-01   6.830453407019e-03  -5.037742108107e-02  -9.727551937103e-01   0.000000000000e+00   0.000000000000e+00  -2.896866500378e-01 
  0.000000000000e+00   0.000000000000e+00  -2.896866500378e-01  -4.214213043451e-02   0.000000000000e+00  -7.318850159645e-01  -5.514666810632e-02   0.000000000000e+00  -1.130222201347e+00 
 -7.274582982063e-02   0.000000000000e+00  -9.205113649368e-01   2.094477228820e-02   0.000000000000e+00  -1.030974745750e+00  -1.747330836952e-02   0.000000000000e+00  -1.038461208344e+00 
 -2.392921783030e-02   0.000000000000e+00  -1.070366024971e+00   1.567080244422e-02   0.000000000000e+00  -1.052482485771e+00   1.567080244422e-02   0.000000000000e+00  -1.052482485771e+00 
  0.000000000000e+00   0.000000000000e+00  -2.896866500378e-01   0.000000000000e+00   0.000000000000e+00  -2.896866500378e-01  -4.214213043451e-02   0.000000000000e+00  -7.318850159645e-01 
 -5.514666810632e-02   0.000000000000e+00  -1.130222201347e+00  -7.274582982063e-02   0.000000000000e+00  -9.205113649368e-01   2.094477228820e-02   0.000000000000e+00  -1.030974745750e+00 
 -1.747330836952e-02   0.000000000000e+00  -1.038461208344e+00  -2.392921783030e-02   0.000000000000e+00  -1.070366024971e+00   1.567080244422e-02   0.000000000000e+00  -1.052482485771e+00 
  1.567080244422e-02   0.000000000000e+00  -1.052482485771e+00   0.000000000000e+00  -3.674478828907e-02  -9.161363542080e-02   0.000000000000e+00  -3.674478828907e-02  -9.161363542080e-02 
  1.124027557671e-02  -1.060073357075e-02  -4.791979491711e-01  -3.036952577531e-02  -9.030312299728e-03  -1.157277584076e+00  -1.168857738376e-01  -1.558616757393e-02  -1.113003849983e+00 
 -3.924829512835e-02  -1.841519400477e-02  -1.119779109955e+00  -4.898190870881e-02  -1.734463684261e-02  -1.137638211250e+00  -2.888124063611e-02   0.000000000000e+00  -1.114565610886e+00 
  7.220019120723e-03  -1.454870309681e-02  -1.108093976974e+00   7.220019120723e-03  -1.454870309681e-02  -1.108093976974e+00   0.000000000000e+00  -3.674478828907e-02  -9.161363542080e-02 
  0.000000000000e+00  -3.674478828907e-02  -9.161363542080e-02   1.124027557671e-02  -1.060073357075e-02  -4.791979491711e-01  -3.036952577531e-02  -9.030312299728e-03  -1.157277584076e+00 
 -1.168857738376e-01  -1.558616757393e-02  -1.113003849983e+00  -3.924829512835e-02  -1.841519400477e-02  -1.119779109955e+00  -4.898190870881e-02  -1.734463684261e-02  -1.137638211250e+00 
 -2.888124063611e-02   0.000000000000e+00  -1.114565610886e+00   7.220019120723e-03  -1.454870309681e-02  -1.108093976974e+00   7.220019120723e-03  -1.454870309681e-02  -1.108093976974e+00 
  0.000000000000e+00   2.386133931577e-02  -1.333009451628e-01   0.000000000000e+00   2.386133931577e-02  -1.333009451628e-01   7.186251226813e-03  -7.972009480000e-03  -5.239846110344e-01 
 -4.199819639325e-02  -2.207736298442e-02  -1.150925755501e+00  -1.092537268996e-01  -3.719983622432e-02  -1.090847253799e+00  -6.396808475256e-02  -4.304924234748e-02  -1.135534167290e+00 
 -2.611330337822e-02  -3.841859847307e-02  -1.126990318298e+00  -3.103411011398e-02  -1.273845285177e-01  -1.136377453804e+00   8.402229286730e-03  -2.921549230814e-02  -1.169537782669e+00 
  8.402229286730e-03  -2.921549230814e-02  -1.169537782669e+00   0.000000000000e+00   7.861940562725e-02  -8.848951011896e-02   0.000000000000e+00   7.861940562725e-02  -8.848951011896e-02 
  4.933423921466e-02   7.733333110809e-02  -3.669041395187e-01  -5.601467564702e-04   7.838640362024e-02  -1.174461364746e+00  -9.188088029623e-02   6.422775983810e-02  -1.157221317291e+00 
 -4.251978918910e-02   7.899740338326e-02  -1.160519838333e+00  -1.135845389217e-02   6.220903247595e-02  -1.075517296791e+00  -5.154483765364e-02   2.930035628378e-02  -1.059630513191e+00 
  6.247656419873e-03   6.827761977911e-02  -1.032175660133e+00   6.247656419873e-03   6.827761977911e-02  -1.032175660133e+00   0.000000000000e+00  -3.573395079002e-03  -1.956185400486e-01 
  0.000000000000e+00  -3.573395079002e-03  -1.956185400486e-01   4.512974247336e-02  -6.744571495801e-03  -5.101057291031e-01  -1.038780808449e-02  -1.989955082536e-03  -1.105455517769e+00 
 -1.012129113078e-01   9.129209443927e-03  -1.054337263107e+00  -3.575164452195e-02   2.544038556516e-02  -1.122523546219e+00  -3.253241628408e-02   2.921080403030e-02  -1.129011392593e+00 
 -2.190942503512e-02   2.166411839426e-02  -1.079599857330e+00   1.541364355944e-03   2.133099362254e-02  -1.052429199219e+00   1.541364355944e-03   2.133099362254e-02  -1.052429199219e+00 
  0.000000000000e+00  -9.215787053108e-03  -4.432852566242e-01   0.000000000000e+00  -9.215787053108e-03  -4.432852566242e-01   5.634538084269e-02  -2.368705347180e-02  -6.948783397675e-01 
 -1.532873418182e-02  -4.753323644400e-02  -1.080551981926e+00  -1.000847965479e-01  -5.373128131032e-02  -8.817566037178e-01  -2.742414362729e-04  -2.774238586426e-02  -1.059042215347e+00 
 -3.075852058828e-02  -2.258427813649e-02  -1.078118324280e+00  -3.112572059035e-02  -1.368297962472e-04  -1.072614908218e+00   2.582314610481e-02  -6.823180709034e-03  -1.072578191757e+00 
  2.582314610481e-02  -6.823180709034e-03  -1.072578191757e+00   0.000000000000e+00   1.542899571359e-02  -2.520604133606e-01   0.000000000000e+00   1.542899571359e-02  -2.520604133606e-01 
  1.886804960668e-02   3.182150796056e-02  -5.678543448448e-01  -1.718696393073e-02   5.606790632010e-02  -1.091187834740e+00  -8.142574131489e-02   8.471529185772e-02  -1.151128411293e+00 
 -1.401139050722e-02   8.392085134983e-02  -1.146444559097e+00  -3.143251314759e-02   6.828721612692e-02  -1.123108029366e+00  -7.098209857941e-02   6.641161441803e-02  -1.103663206100e+00 
  3.320781886578e-02   6.440262496471e-02  -1.068908214569e+00   3.320781886578e-02   6.440262496471e-02  -1.068908214569e+00   0.000000000000e+00  -6.717475503683e-02  -1.087994500995e-01 
  0.000000000000e+00  -6.717475503683e-02  -1.087994500995e-01   1.288153324276e-02  -8.217181265354e-02  -5.105537772179e-01  -1.287732739002e-02  -8.648443967104e-02  -1.124449729919e+00 
 -6.955862790346e-02  -7.178808003664e-02  -1.117623686790e+00   9.148030541837e-03  -3.671097755432e-02  -1.130048751831e+00  -2.707524225116e-02  -1.851083524525e-02  -1.116398572922e+00 
 -3.556725382805e-02  -2.764262445271e-02  -1.062102675438e+00   8.423855528235e-03  -2.572362124920e-02  -8.672859072685e-01   8.423855528235e-03  -2.572362124920e-02  -8.672859072685e-01 
  0.000000000000e+00   0.000000000000e+00  -1.856961548328e-01   0.000000000000e+00   0.000000000000e+00  -1.856961548328e-01   1.005071401596e-02   0.000000000000e+00  -7.138947248459e-01 
 -3.974104300141e-02   0.000000000000e+00  -1.203355789185e+00  -7.165738195181e-02  -4.444068935072e-08  -9.032015800476e-01   2.088123559952e-02  -9.691285958979e-05  -1.091348052025e+00 
 -1.775376126170e-02  -8.805838879198e-04  -1.139908671379e+00  -2.446264214814e-02   0.000000000000e+00  -1.153007268906e+00   1.360118016601e-02  -1.223705243319e-03  -1.010323643684e+00 
  1.360118016601e-02  -1.223705243319e-03  -1.010323643684e+00   0.000000000000e+00   0.000000000000e+00  -1.856961548328e-01   0.000000000000e+00   0.000000000000e+00  -1.856961548328e-01 
  1.005071401596e-02   0.000000000000e+00  -7.138947248459e-01  -3.974104300141e-02   0.000000000000e+00  -1.203355789185e+00  -7.165738195181e-02  -4.444068935072e-08  -9.032015800476e-01 
  2.088123559952e-02  -9.691285958979e-05  -1.091348052025e+00  -1.775376126170e-02  -8.805838879198e-04  -1.139908671379e+00  -2.446264214814e-02   0.000000000000e+00  -1.153007268906e+00 
  1.360118016601e-02  -1.223705243319e-03  -1.010323643684e+00   1.360118016601e-02  -1.223705243319e-03  -1.010323643684e+00   0.000000000000e+00   4.802207462490e-03  -6.276951730251e-02 
  0.000000000000e+00   4.802207462490e-03  -6.276951730251e-02   4.049415886402e-02   3.309044986963e-02  -3.935732841492e-01   3.574602305889e-02   3.798304498196e-02  -1.000000014901e-01 
  0.000000000000e+00  -1.255913265049e-02  -1.000000014901e-01   0.000000000000e+00  -2.582313679159e-02  -1.119050621986e+00  -4.677199572325e-02  -1.923657581210e-02  -1.068755745888e+00 
 -2.440226823092e-02   0.000000000000e+00  -1.000000014901e-01   4.054544959217e-03  -1.582903973758e-02  -1.035043358803e+00   4.054544959217e-03  -1.582903973758e-02  -1.035043358803e+00 
  0.000000000000e+00   4.802207462490e-03  -6.276951730251e-02   0.000000000000e+00   4.802207462490e-03  -6.276951730251e-02   4.049415886402e-02   3.309044986963e-02  -3.935732841492e-01 
  3.574602305889e-02   3.798304498196e-02  -1.000000014901e-01   0.000000000000e+00  -1.255913265049e-02  -1.000000014901e-01   0.000000000000e+00  -2.582313679159e-02  -1.119050621986e+00 
 -4.677199572325e-02  -1.923657581210e-02  -1.068755745888e+00  -2.440226823092e-02   0.000000000000e+00  -1.000000014901e-01   4.054544959217e-03  -1.582903973758e-02  -1.035043358803e+00 
  4.054544959217e-03  -1.582903973758e-02  -1.035043358803e+00   0.000000000000e+00   4.279294237494e-02   3.285798011348e-03   0.000000000000e+00   4.279294237494e-02   3.285798011348e-03 
 -3.043599240482e-02   4.219063743949e-02  -1.418541967869e-01  -1.432271022350e-02   4.268584027886e-02  -7.021220922470e-01  -8.131174743176e-02  -2.335600182414e-02  -1.019860386848e+00 
 -6.203881651163e-02  -4.049967229366e-02  -1.066936492920e+00  -2.114496938884e-02  -2.432828769088e-02  -9.476101398468e-01  -1.666362583637e-02   0.000000000000e+00  -1.191630363464e+00 
  1.435172162019e-03  -1.723022386432e-02  -8.509249091148e-01   1.435172162019e-03  -1.723022386432e-02  -8.509249091148e-01   0.000000000000e+00   1.082461848855e-01  -3.385806828737e-02 
  0.000000000000e+00   1.082461848855e-01  -3.385806828737e-02  -8.624040521681e-03   9.522390365601e-02  -1.128158345819e-01  -5.685604177415e-03   8.868999034166e-02  -7.432470917702e-01 
 -7.000389695168e-02   6.388290971518e-02  -1.109227776527e+00   0.000000000000e+00   6.789602339268e-02  -1.000000014901e-01   0.000000000000e+00   3.832931816578e-02  -1.000000014901e-01 
  0.000000000000e+00   0.000000000000e+00   3.758687376976e-01   0.000000000000e+00   4.092065244913e-02   5.618696212769e-01   0.000000000000e+00   4.092065244913e-02   5.618696212769e-01 
  0.000000000000e+00   5.552177131176e-02  -5.696233734488e-02   0.000000000000e+00   5.552177131176e-02  -5.696233734488e-02  -6.476653739810e-03   4.237667843699e-02  -1.640315204859e-01 
 -8.063485845923e-03   2.020513080060e-02  -7.234016060829e-01  -7.746589928865e-02   9.423322975636e-03  -1.007196664810e+00  -3.538204729557e-02   2.777738682926e-02  -1.085871815681e+00 
 -3.056993335485e-02   2.318526990712e-02  -7.107790112495e-01  -1.709419675171e-02   0.000000000000e+00   6.965162754059e-01  -3.193536773324e-03   1.937515288591e-02  -6.517419815063e-01 
 -3.193536773324e-03   1.937515288591e-02  -6.517419815063e-01   0.000000000000e+00   1.340335514396e-02   3.402361571789e-01   0.000000000000e+00   1.340335514396e-02   3.402361571789e-01 
 -1.533319987357e-02   5.565230734646e-03   9.564680606127e-02  -1.533138751984e-02  -2.098400145769e-02  -6.032183170319e-01  -7.847902178764e-02  -4.610076919198e-02  -8.420779109001e-01 
 -2.073734533042e-03  -2.641875110567e-02  -9.810211658478e-01  -2.436637692153e-02  -1.693303138018e-02  -7.134796977043e-01  -1.462298072875e-02   0.000000000000e+00  -1.000000014901e-01 
  1.249512378126e-02  -5.115821491927e-03  -6.255391836166e-01   1.249512378126e-02  -5.115821491927e-03  -6.255391836166e-01   0.000000000000e+00  -3.334622597322e-04   2.728754580021e-01 
  0.000000000000e+00  -3.334622597322e-04   2.728754580021e-01   1.683567836881e-02   6.461682263762e-03   7.421767711639e-02   3.028357168660e-03   3.126479312778e-02  -6.182343363762e-01 
 -5.989626795053e-02   8.445240557194e-02  -1.103580117226e+00   0.000000000000e+00   6.789908558130e-02  -1.000000014901e-01   0.000000000000e+00   3.666413202882e-02  -1.000000014901e-01 
  0.000000000000e+00   0.000000000000e+00   3.727031052113e-01   0.000000000000e+00   3.369425237179e-02   3.531471192837e-01   0.000000000000e+00   3.369425237179e-02   3.531471192837e-01 
  0.000000000000e+00  -5.923346430063e-02  -5.353188887239e-02   0.000000000000e+00  -5.923346430063e-02  -5.353188887239e-02   9.304021485150e-03  -6.408090889454e-02  -1.615225225687e-01 
  3.022216842510e-04  -7.528267800808e-02  -7.336674928665e-01  -5.174934118986e-02  -7.103303819895e-02  -1.062927842140e+00   7.207475602627e-03  -2.348989807069e-02  -1.037306189537e+00 
 -2.213419787586e-02  -3.170533804223e-03  -6.530234813690e-01  -1.922664232552e-02   0.000000000000e+00   3.531471192837e-01   9.625488892198e-04  -7.667818106711e-03  -4.123133420944e-01 
  9.625488892198e-04  -7.667818106711e-03  -4.123133420944e-01   0.000000000000e+00   0.000000000000e+00   7.574039697647e-02   0.000000000000e+00   0.000000000000e+00   7.574039697647e-02 
 -1.916893757880e-02   0.000000000000e+00  -1.108441129327e-01  -2.751766331494e-02   0.000000000000e+00  -7.599846124649e-01  -6.040506064892e-02   0.000000000000e+00  -8.827998638153e-01 
  1.753593795002e-02  -4.665281157941e-04  -1.090552210808e+00  -1.810726709664e-02  -9.945022175089e-04  -1.045831084251e+00  -2.128753066063e-02   0.000000000000e+00  -1.000000014901e-01 
  8.914558216929e-03  -1.733956276439e-03  -9.134551882744e-01   8.914558216929e-03  -1.733956276439e-03  -9.134551882744e-01   0.000000000000e+00   0.000000000000e+00   7.574039697647e-02 
  0.000000000000e+00   0.000000000000e+00   7.574039697647e-02  -1.916893757880e-02   0.000000000000e+00  -1.108441129327e-01  -2.751766331494e-02   0.000000000000e+00  -7.599846124649e-01 
 -6.040506064892e-02   0.000000000000e+00  -8.827998638153e-01   1.753593795002e-02  -4.665281157941e-04  -1.090552210808e+00  -1.810726709664e-02  -9.945022175089e-04  -1.045831084251e+00 
 -2.128753066063e-02   0.000000000000e+00  -1.000000014901e-01   8.914558216929e-03  -1.733956276439e-03  -9.134551882744e-01   8.914558216929e-03  -1.733956276439e-03  -9.134551882744e-01 
  0.000000000000e+00  -1.078605768271e-03  -1.193772405386e-01   0.000000000000e+00  -1.078605768271e-03  -1.193772405386e-01   2.504225261509e-02   6.126427650452e-02  -2.522887289524e-01 
  2.726216241717e-02   4.569062590599e-02   6.496973037720e-01   0.000000000000e+00   3.832482546568e-02  -1.000000014901e-01   0.000000000000e+00   3.111616009846e-03  -1.000000014901e-01 
 -3.609564900398e-02  -1.633360236883e-02  -9.276546239853e-01  -1.912065409124e-02   0.000000000000e+00  -1.000000014901e-01   7.588552543893e-04  -1.281643193215e-02  -8.878492712975e-01 
  7.588552543893e-04  -1.281643193215e-02  -8.878492712975e-01   0.000000000000e+00  -1.078605768271e-03  -1.193772405386e-01   0.000000000000e+00  -1.078605768271e-03  -1.193772405386e-01 
  2.504225261509e-02   6.126427650452e-02  -2.522887289524e-01   2.726216241717e-02   4.569062590599e-02   6.496973037720e-01   0.000000000000e+00   3.832482546568e-02  -1.000000014901e-01 
  0.000000000000e+00   3.111616009846e-03  -1.000000014901e-01  -3.609564900398e-02  -1.633360236883e-02  -9.276546239853e-01  -1.912065409124e-02   0.000000000000e+00  -1.000000014901e-01 
  7.588552543893e-04  -1.281643193215e-02  -8.878492712975e-01   7.588552543893e-04  -1.281643193215e-02  -8.878492712975e-01   0.000000000000e+00   2.137483656406e-02   2.055871188641e-01 
  0.000000000000e+00   2.137483656406e-02   2.055871188641e-01   1.037664338946e-02   4.568669945002e-02  -1.500745024532e-02   0.000000000000e+00   4.569062590599e-02   1.717038005590e-01 
 -8.692679926753e-03   3.275234997272e-02  -2.961075007915e-01  -3.269382938743e-02  -7.853892631829e-03  -9.626386761665e-01  -1.707896217704e-02  -1.337678451091e-02  -6.061497330666e-01 
 -9.690823964775e-03   0.000000000000e+00  -1.000000014901e-01  -1.061745453626e-03  -7.847359403968e-03  -5.484141707420e-01  -1.061745453626e-03  -7.847359403968e-03  -5.484141707420e-01 
  0.000000000000e+00   9.761428833008e-02  -3.041231930256e-01   0.000000000000e+00   9.761428833008e-02  -3.041231930256e-01   6.464007776231e-03   0.000000000000e+00  -2.672939598560e-01 
  4.035317804664e-03   1.569879800081e-02  -2.858501076698e-01  -2.059533819556e-02   3.699062019587e-02  -7.009348273277e-01  -7.121211849153e-03   5.814268067479e-02  -1.000000014901e-01 
  0.000000000000e+00   2.532782033086e-02  -1.000000014901e-01   0.000000000000e+00   0.000000000000e+00  -1.000000014901e-01   0.000000000000e+00   2.642350643873e-02  -1.000000014901e-01 
  0.000000000000e+00   2.642350643873e-02  -1.000000014901e-01   0.000000000000e+00   1.901572942734e-02  -8.490958064795e-02   0.000000000000e+00   1.901572942734e-02  -8.490958064795e-02 
  3.682949021459e-02   1.878369785845e-02  -9.037218987942e-02   2.928359247744e-02   1.888527907431e-02  -2.519317567348e-01  -1.489809900522e-02   1.598094031215e-02  -6.953085064888e-01 
 -2.860944345593e-02   2.830278500915e-02  -8.657019734383e-01  -1.851557753980e-02   1.810766756535e-02  -5.567215085030e-01  -1.401605550200e-02   0.000000000000e+00  -1.000000014901e-01 
 -4.979018587619e-03   1.615125685930e-02  -5.125754475594e-01  -4.979018587619e-03   1.615125685930e-02  -5.125754475594e-01   0.000000000000e+00   3.224703297019e-02  -1.119059324265e-01 
  0.000000000000e+00   3.224703297019e-02  -1.119059324265e-01   1.799212209880e-02   3.138132393360e-02  -1.050573959947e-01   1.326681952924e-02   1.941186375916e-02  -2.320726513863e-01 
 -2.453853935003e-02  -1.326667889953e-02  -5.906869173050e-01  -7.273845374584e-03  -2.410063892603e-02  -8.396248817444e-01  -1.802995614707e-02  -1.263871230185e-02  -4.663389027119e-01 
 -7.125148084015e-03   0.000000000000e+00  -1.000000014901e-01   6.180609576404e-03  -3.818418132141e-03  -4.138253033161e-01   6.180609576404e-03  -3.818418132141e-03  -4.138253033161e-01 
  0.000000000000e+00   8.062417618930e-03   2.415859848261e-01   0.000000000000e+00   8.062417618930e-03   2.415859848261e-01   1.436479389668e-02   8.010488003492e-03   2.360664159060e-01 
  1.274988148361e-02   1.333925779909e-02   1.828338950872e-02  -1.720065437257e-02   4.254993796349e-02  -6.243885159492e-01   0.000000000000e+00   5.112939327955e-02  -1.000000014901e-01 
  0.000000000000e+00   2.132088132203e-02  -1.000000014901e-01   0.000000000000e+00   0.000000000000e+00  -1.000000014901e-01   0.000000000000e+00   1.904872618616e-02  -1.000000014901e-01 
  0.000000000000e+00   1.904872618616e-02  -1.000000014901e-01   0.000000000000e+00  -6.834287196398e-02  -1.453925073147e-01   0.000000000000e+00  -6.834287196398e-02  -1.453925073147e-01 
  8.158902078867e-02  -6.820459663868e-02  -1.459244489670e-01   7.000944763422e-02  -6.982655078173e-02  -2.957549095154e-01   1.981079578400e-02  -7.162044197321e-02  -7.466381788254e-01 
  9.826212190092e-03  -1.157508883625e-02  -8.788492083549e-01  -1.706633530557e-02   2.329155569896e-03  -4.302375018597e-01  -1.126083824784e-02   0.000000000000e+00  -1.000000014901e-01 
 -1.634989632294e-03  -6.711393943988e-04  -2.864976525307e-01  -1.634989632294e-03  -6.711393943988e-04  -2.864976525307e-01   0.000000000000e+00   0.000000000000e+00  -3.284221589565e-01 
  0.000000000000e+00   0.000000000000e+00  -3.284221589565e-01   4.012343659997e-02   0.000000000000e+00  -3.212467730045e-01   3.048773854971e-02   0.000000000000e+00  -4.330920875072e-01 
 -6.985498126596e-03   0.000000000000e+00  -6.973945498466e-01   1.117704529315e-02  -6.226886762306e-04  -1.085628509521e+00  -1.799828186631e-02  -3.310261236038e-04  -8.799552321434e-01 
 -1.671672612429e-02   0.000000000000e+00  -1.000000014901e-01   4.219871480018e-03  -1.294667250477e-03  -7.573677301407e-01   4.219871480018e-03  -1.294667250477e-03  -7.573677301407e-01 
  0.000000000000e+00   0.000000000000e+00  -3.284221589565e-01   0.000000000000e+00   0.000000000000e+00  -3.284221589565e-01   4.012343659997e-02   0.000000000000e+00  -3.212467730045e-01 
  3.048773854971e-02   0.000000000000e+00  -4.330920875072e-01  -6.985498126596e-03   0.000000000000e+00  -6.973945498466e-01   1.117704529315e-02  -6.226886762306e-04  -1.085628509521e+00 
 -1.799828186631e-02  -3.310261236038e-04  -8.799552321434e-01  -1.671672612429e-02   0.000000000000e+00  -1.000000014901e-01   4.219871480018e-03  -1.294667250477e-03  -7.573677301407e-01 
  4.219871480018e-03  -1.294667250477e-03  -7.573677301407e-01   0.000000000000e+00  -5.433388287202e-04  -2.152238190174e-01   0.000000000000e+00  -5.433388287202e-04  -2.152238190174e-01 
  9.572434239089e-03   3.074829652905e-02  -3.252309560776e-01   0.000000000000e+00   3.657530248165e-02   6.496973037720e-01   0.000000000000e+00   3.672571107745e-02  -1.000000014901e-01 
  0.000000000000e+00   2.189575880766e-02  -1.000000014901e-01   0.000000000000e+00  -1.483980566263e-03  -7.946121096611e-01  -1.581162959337e-02  -8.724720828468e-06  -1.000000014901e-01 
 -1.679304521531e-03  -8.973050862551e-03  -7.132549285889e-01  -1.679304521531e-03  -8.973050862551e-03  -7.132549285889e-01   0.000000000000e+00  -5.433388287202e-04  -2.152238190174e-01 
  0.000000000000e+00  -5.433388287202e-04  -2.152238190174e-01   9.572434239089e-03   3.074829652905e-02  -3.252309560776e-01   0.000000000000e+00   3.657530248165e-02   6.496973037720e-01 
  0.000000000000e+00   3.672571107745e-02  -1.000000014901e-01   0.000000000000e+00   2.189575880766e-02  -1.000000014901e-01   0.000000000000e+00  -1.483980566263e-03  -7.946121096611e-01 
 -1.581162959337e-02  -8.724720828468e-06  -1.000000014901e-01  -1.679304521531e-03  -8.973050862551e-03  -7.132549285889e-01  -1.679304521531e-03  -8.973050862551e-03  -7.132549285889e-01 
  0.000000000000e+00   8.451816625893e-03  -3.902711570263e-01   0.000000000000e+00   8.451816625893e-03  -3.902711570263e-01   2.421623468399e-02   2.333893254399e-02  -3.125258982182e-01 
  1.518851798028e-02   3.177054971457e-02   3.427060693502e-02   6.985495332628e-03   3.293185308576e-02  -7.146184146404e-02  -7.338362280279e-03   1.621777378023e-02  -4.183546006680e-01 
 -1.380321197212e-02  -8.191348984838e-03  -4.061271548271e-01  -6.126036401838e-03   0.000000000000e+00  -1.000000014901e-01  -1.786300214007e-03  -1.974638784304e-03  -3.712078332901e-01 
 -1.786300214007e-03  -1.974638784304e-03  -3.712078332901e-01   0.000000000000e+00   6.605585664511e-02  -4.391527473927e-01   0.000000000000e+00   6.605585664511e-02  -4.391527473927e-01 
  6.844868883491e-03   5.639669671655e-02  -4.174743592739e-01   7.379280868918e-03   4.739730060101e-02  -3.241107463837e-01   2.913773059845e-03   4.309616610408e-02  -3.714996278286e-01 
 -2.166644204408e-03   5.267568305135e-02  -1.099049896002e-01   0.000000000000e+00   1.779744029045e-02  -1.000000014901e-01   0.000000000000e+00   0.000000000000e+00  -1.000000014901e-01 
  0.000000000000e+00   1.824812963605e-02  -1.000000014901e-01   0.000000000000e+00   1.824812963605e-02  -1.000000014901e-01   0.000000000000e+00   1.230984646827e-02  -2.021255195141e-01 
  0.000000000000e+00   1.230984646827e-02  -2.021255195141e-01   3.499162197113e-02   1.250332221389e-02  -2.057101279497e-01   3.463445603848e-02   1.342601422220e-02  -2.124662101269e-01 
  2.667529881001e-02   1.490573119372e-02  -3.392734825611e-01   3.259273013100e-03   2.890903875232e-02  -7.254956364632e-01  -1.493066735566e-02   1.416658610106e-02  -4.442541599274e-01 
 -1.196188014001e-02   0.000000000000e+00  -1.000000014901e-01  -5.436830688268e-03   1.308224815875e-02  -4.109790325165e-01  -5.436830688268e-03   1.308224815875e-02  -4.109790325165e-01 
  0.000000000000e+00   3.360358998179e-02  -2.352993041277e-01   0.000000000000e+00   3.360358998179e-02  -2.352993041277e-01   2.719363383949e-02   3.360170871019e-02  -2.352183610201e-01 
  2.690955623984e-02   3.302099183202e-02  -2.350612282753e-01   1.930777542293e-02   2.220330201089e-02  -3.272003233433e-01   7.982077077031e-03  -1.561198965646e-03  -7.141612768173e-01 
 -1.897306367755e-02  -9.591789916158e-03  -3.215674161911e-01  -3.661376424134e-03   0.000000000000e+00  -1.000000014901e-01   3.167223185301e-03  -2.897879341617e-03  -2.898063659668e-01 
  3.167223185301e-03  -2.897879341617e-03  -2.898063659668e-01   0.000000000000e+00  -2.567673567683e-03  -5.434193611145e-01   0.000000000000e+00  -2.567673567683e-03  -5.434193611145e-01 
  4.921000078321e-02  -2.561736153439e-03  -5.429817438126e-01   4.846414551139e-02  -1.932430779561e-03  -5.203270912170e-01   3.875551745296e-02   8.437133394182e-03  -5.472820401192e-01 
  0.000000000000e+00   4.291754961014e-02  -1.000000014901e-01   0.000000000000e+00   1.347737107426e-02  -1.000000014901e-01   0.000000000000e+00   0.000000000000e+00  -1.000000014901e-01 
  0.000000000000e+00   1.172050926834e-02  -1.000000014901e-01   0.000000000000e+00   1.172050926834e-02  -1.000000014901e-01   0.000000000000e+00  -4.616974294186e-02  -4.602226912975e-01 
  0.000000000000e+00  -4.616974294186e-02  -4.602226912975e-01   4.451171308756e-02  -4.618210718036e-02  -4.600462615490e-01   4.503330960870e-02  -4.711784049869e-02  -4.534149765968e-01 
  4.130413383245e-02  -5.282976850867e-02  -5.293696522713e-01   2.744824253023e-02  -6.181783508509e-03  -7.432717680931e-01  -1.375427003950e-02   3.926948644221e-03  -2.997327446938e-01 
 -7.165214512497e-03   0.000000000000e+00  -1.000000014901e-01  -2.323958324268e-03   1.804064260796e-03  -2.127966582775e-01  -2.323958324268e-03   1.804064260796e-03  -2.127966582775e-01 
  0.000000000000e+00   0.000000000000e+00  -4.828214943409e-01   0.000000000000e+00   0.000000000000e+00  -4.828214943409e-01   7.361337542534e-03   0.000000000000e+00  -4.827307760715e-01 
  7.834427058697e-03   0.000000000000e+00  -4.807272255421e-01   5.643283948302e-03  -1.880486761979e-17  -5.368513464928e-01   8.008348755538e-03  -5.474365898408e-04  -8.241226673126e-01 
 -1.239809859544e-02   4.504715907387e-04  -6.982688307762e-01  -1.273525413126e-02   0.000000000000e+00  -1.000000014901e-01   8.501803968102e-04  -5.393624887802e-04  -5.922269821167e-01 
  8.501803968102e-04  -5.393624887802e-04  -5.922269821167e-01   0.000000000000e+00   0.000000000000e+00  -4.828214943409e-01   0.000000000000e+00   0.000000000000e+00  -4.828214943409e-01 
  7.361337542534e-03   0.000000000000e+00  -4.827307760715e-01   7.834427058697e-03   0.000000000000e+00  -4.807272255421e-01   5.643283948302e-03  -1.880486761979e-17  -5.368513464928e-01 
  8.008348755538e-03  -5.474365898408e-04  -8.241226673126e-01  -1.239809859544e-02   4.504715907387e-04  -6.982688307762e-01  -1.273525413126e-02   0.000000000000e+00  -1.000000014901e-01 
  8.501803968102e-04  -5.393624887802e-04  -5.922269821167e-01   8.501803968102e-04  -5.393624887802e-04  -5.922269821167e-01   0.000000000000e+00  -4.348735138774e-02  -9.287110716105e-02 
  0.000000000000e+00  -4.348735138774e-02  -9.287110716105e-02  -2.092781011015e-03  -4.476064816117e-02  -1.909969151020e-01   0.000000000000e+00  -2.832060679793e-02  -1.000000014901e-01 
  0.000000000000e+00  -1.263758819550e-02  -1.000000014901e-01   0.000000000000e+00  -2.831235760823e-03  -1.000000014901e-01   0.000000000000e+00  -2.979649463668e-03  -3.793749809265e-01 
 -1.133888121694e-02  -5.238676094450e-04  -1.176683977246e-01  -3.014671150595e-03  -5.582249257714e-03  -5.544154644012e-01  -3.014671150595e-03  -5.582249257714e-03  -5.544154644012e-01 
  0.000000000000e+00  -4.348735138774e-02  -9.287110716105e-02   0.000000000000e+00  -4.348735138774e-02  -9.287110716105e-02  -2.092781011015e-03  -4.476064816117e-02  -1.909969151020e-01 
  0.000000000000e+00  -2.832060679793e-02  -1.000000014901e-01   0.000000000000e+00  -1.263758819550e-02  -1.000000014901e-01   0.000000000000e+00  -2.831235760823e-03  -1.000000014901e-01 
  0.000000000000e+00  -2.979649463668e-03  -3.793749809265e-01  -1.133888121694e-02  -5.238676094450e-04  -1.176683977246e-01  -3.014671150595e-03  -5.582249257714e-03  -5.544154644012e-01 
 -3.014671150595e-03  -5.582249257714e-03  -5.544154644012e-01   0.000000000000e+00  -6.166882812977e-02   1.543754339218e-01   0.000000000000e+00  -6.166882812977e-02   1.543754339218e-01 
 -2.697381004691e-02  -4.980959370732e-02   9.228631854057e-02  -2.203849516809e-02  -3.283702582121e-02   5.694987624884e-02  -1.603529974818e-02  -1.654964312911e-02   1.190200820565e-02 
 -1.246557012200e-02  -5.860520526767e-03  -1.210491806269e-01  -1.265175268054e-02  -4.889939446002e-03  -2.978047728539e-01  -4.503123462200e-03  -1.352287945338e-04  -1.000000014901e-01 
 -1.921661430970e-03   1.179739600047e-03  -2.692828476429e-01  -1.921661430970e-03   1.179739600047e-03  -2.692828476429e-01   0.000000000000e+00   1.036003008485e-01   3.672622442245e-01 
  0.000000000000e+00   1.036003008485e-01   3.672622442245e-01  -7.337420433760e-02   1.019866093993e-01   3.580769598484e-01  -7.222251594067e-02   9.626359492540e-02   3.268698751926e-01 
 -6.735319644213e-02   8.532987535000e-02   2.482058703899e-01  -5.313462764025e-02   7.094191759825e-02   9.323292970657e-02   0.000000000000e+00   1.388269290328e-02  -1.000000014901e-01 
  0.000000000000e+00   0.000000000000e+00  -1.000000014901e-01   0.000000000000e+00   1.330207847059e-02  -1.000000014901e-01   0.000000000000e+00   1.330207847059e-02  -1.000000014901e-01 
  0.000000000000e+00   3.585914894938e-02   1.638854742050e-01   0.000000000000e+00   3.585914894938e-02   1.638854742050e-01  -2.628116123378e-02   3.583568334579e-02   1.640821546316e-01 
 -2.625439129770e-02   3.565841168165e-02   1.649473309517e-01  -2.515129372478e-02   3.460840880871e-02   1.451348215342e-01  -2.118780650198e-02   3.240182995796e-02  -6.254491955042e-02 
 -1.640050485730e-02   1.157702412456e-02  -2.146575450897e-01  -5.128073506057e-03   0.000000000000e+00  -1.000000014901e-01  -5.368232727051e-03   1.056028343737e-02  -3.390217125416e-01 
 -5.368232727051e-03   1.056028343737e-02  -3.390217125416e-01   0.000000000000e+00   3.632947802544e-02   1.915523111820e-01   0.000000000000e+00   3.632947802544e-02   1.915523111820e-01 
 -7.442504167557e-03   3.632947430015e-02   1.915522217751e-01  -7.427948061377e-03   3.632631152868e-02   1.911878287792e-01  -6.852527149022e-03   3.573353588581e-02   1.692671775818e-01 
 -4.563793074340e-03   2.680988423526e-02  -4.192268848419e-02  -1.096536871046e-02  -7.964306510985e-03  -2.416756898165e-01  -2.277760533616e-03   0.000000000000e+00  -1.000000014901e-01 
  1.626265351661e-03  -2.248057629913e-03  -2.184735983610e-01   1.626265351661e-03  -2.248057629913e-03  -2.184735983610e-01   0.000000000000e+00  -7.557588163763e-03   2.123887538910e-01 
  0.000000000000e+00  -7.557588163763e-03   2.123887538910e-01  -1.605178602040e-02  -7.557587698102e-03   2.123886346817e-01  -1.602444797754e-02  -7.552823051810e-03   2.117677927017e-01 
 -1.484437845647e-02  -6.890882737935e-03   1.796950548887e-01   0.000000000000e+00   2.230040729046e-03  -1.000000014901e-01   0.000000000000e+00   9.697614237666e-03  -1.000000014901e-01 
  0.000000000000e+00   0.000000000000e+00  -1.000000014901e-01   0.000000000000e+00   7.782028056681e-03  -1.000000014901e-01   0.000000000000e+00   7.782028056681e-03  -1.000000014901e-01 
  0.000000000000e+00  -7.335138320923e-02   9.525934606791e-02   0.000000000000e+00  -7.335138320923e-02   9.525934606791e-02  -2.408687956631e-02  -7.335137575865e-02   9.525925666094e-02 
 -2.405759133399e-02  -7.332915812731e-02   9.479435533285e-02  -2.264956943691e-02  -7.248055934906e-02   6.842105835676e-02  -1.492358930409e-02  -6.219010055065e-02  -1.438297331333e-01 
 -1.313097868115e-02   4.034975543618e-03  -2.277140617371e-01  -5.171054974198e-03   0.000000000000e+00  -1.000000014901e-01  -2.376943593845e-03   2.519755158573e-03  -1.704055666924e-01 
 -2.376943593845e-03   2.519755158573e-03  -1.704055666924e-01   0.000000000000e+00   0.000000000000e+00   2.476642578840e-01   0.000000000000e+00   0.000000000000e+00   2.476642578840e-01 
 -5.051241070032e-02   0.000000000000e+00   2.476641386747e-01  -5.048768594861e-02  -8.134279904068e-18   2.470469623804e-01  -4.927851259708e-02  -5.490220071663e-17   2.139242887497e-01 
 -4.070086404681e-02  -2.433274203213e-04  -5.658726021647e-02  -2.759908512235e-02   9.387335157953e-04  -5.774646997452e-01  -1.177671551704e-02   0.000000000000e+00  -1.000000014901e-01 
 -1.414952916093e-03   1.231342757819e-04  -4.523895382881e-01  -1.414952916093e-03   1.231342757819e-04  -4.523895382881e-01   0.000000000000e+00   0.000000000000e+00   2.476642578840e-01 
  0.000000000000e+00   0.000000000000e+00   2.476642578840e-01  -5.051241070032e-02   0.000000000000e+00   2.476641386747e-01  -5.048768594861e-02  -8.134279904068e-18   2.470469623804e-01 
 -4.927851259708e-02  -5.490220071663e-17   2.139242887497e-01  -4.070086404681e-02  -2.433274203213e-04  -5.658726021647e-02  -2.759908512235e-02   9.387335157953e-04  -5.774646997452e-01 
 -1.177671551704e-02   0.000000000000e+00  -1.000000014901e-01  -1.414952916093e-03   1.231342757819e-04  -4.523895382881e-01  -1.414952916093e-03   1.231342757819e-04  -4.523895382881e-01 
  0.000000000000e+00  -4.348735138774e-02  -9.287110716105e-02   0.000000000000e+00  -4.348735138774e-02  -9.287110716105e-02  -2.092781011015e-03  -4.476064816117e-02  -1.909969151020e-01 
  0.000000000000e+00  -2.832060679793e-02  -1.000000014901e-01   0.000000000000e+00  -1.263758819550e-02  -1.000000014901e-01   0.000000000000e+00  -2.831235760823e-03  -1.000000014901e-01 
  0.000000000000e+00  -2.979649463668e-03  -3.793749809265e-01  -1.133888121694e-02  -5.238676094450e-04  -1.176683977246e-01  -3.014671150595e-03  -5.582249257714e-03  -5.544154644012e-01 
 -3.014671150595e-03  -5.582249257714e-03  -5.544154644012e-01   0.000000000000e+00  -4.348735138774e-02  -9.287110716105e-02   0.000000000000e+00  -4.348735138774e-02  -9.287110716105e-02 
 -2.092781011015e-03  -4.476064816117e-02  -1.909969151020e-01   0.000000000000e+00  -2.832060679793e-02  -1.000000014901e-01   0.000000000000e+00  -1.263758819550e-02  -1.000000014901e-01 
  0.000000000000e+00  -2.831235760823e-03  -1.000000014901e-01   0.000000000000e+00  -2.979649463668e-03  -3.793749809265e-01  -1.133888121694e-02  -5.238676094450e-04  -1.176683977246e-01 
 -3.014671150595e-03  -5.582249257714e-03  -5.544154644012e-01  -3.014671150595e-03  -5.582249257714e-03  -5.544154644012e-01   0.000000000000e+00  -6.166882812977e-02   1.543754339218e-01 
  0.000000000000e+00  -6.166882812977e-02   1.543754339218e-01  -2.697381004691e-02  -4.980959370732e-02   9.228631854057e-02  -2.203849516809e-02  -3.283702582121e-02   5.694987624884e-02 
 -1.603529974818e-02  -1.654964312911e-02   1.190200820565e-02  -1.246557012200e-02  -5.860520526767e-03  -1.210491806269e-01  -1.265175268054e-02  -4.889939446002e-03  -2.978047728539e-01 
 -4.503123462200e-03  -1.352287945338e-04  -1.000000014901e-01  -1.921661430970e-03   1.179739600047e-03  -2.692828476429e-01  -1.921661430970e-03   1.179739600047e-03  -2.692828476429e-01 
  0.000000000000e+00   1.036003008485e-01   3.672622442245e-01   0.000000000000e+00   1.036003008485e-01   3.672622442245e-01  -7.337420433760e-02   1.019866093993e-01   3.580769598484e-01 
 -7.222251594067e-02   9.626359492540e-02   3.268698751926e-01  -6.735319644213e-02   8.532987535000e-02   2.482058703899e-01  -5.313462764025e-02   7.094191759825e-02   9.323292970657e-02 
  0.000000000000e+00   1.388269290328e-02  -1.000000014901e-01   0.000000000000e+00   0.000000000000e+00  -1.000000014901e-01   0.000000000000e+00   1.330207847059e-02  -1.000000014901e-01 
  0.000000000000e+00   1.330207847059e-02  -1.000000014901e-01   0.000000000000e+00   3.585914894938e-02   1.638854742050e-01   0.000000000000e+00   3.585914894938e-02   1.638854742050e-01 
 -2.628116123378e-02   3.583568334579e-02   1.640821546316e-01  -2.625439129770e-02   3.565841168165e-02   1.649473309517e-01  -2.515129372478e-02   3.460840880871e-02   1.451348215342e-01 
 -2.118780650198e-02   3.240182995796e-02  -6.254491955042e-02  -1.640050485730e-02   1.157702412456e-02  -2.146575450897e-01  -5.128073506057e-03   0.000000000000e+00  -1.000000014901e-01 
 -5.368232727051e-03   1.056028343737e-02  -3.390217125416e-01  -5.368232727051e-03   1.056028343737e-02  -3.390217125416e-01   0.000000000000e+00   3.632947802544e-02   1.915523111820e-01 
  0.000000000000e+00   3.632947802544e-02   1.915523111820e-01  -7.442504167557e-03   3.632947430015e-02   1.915522217751e-01  -7.427948061377e-03   3.632631152868e-02   1.911878287792e-01 
 -6.852527149022e-03   3.573353588581e-02   1.692671775818e-01  -4.563793074340e-03   2.680988423526e-02  -4.192268848419e-02  -1.096536871046e-02  -7.964306510985e-03  -2.416756898165e-01 
 -2.277760533616e-03   0.000000000000e+00  -1.000000014901e-01   1.626265351661e-03  -2.248057629913e-03  -2.184735983610e-01   1.626265351661e-03  -2.248057629913e-03  -2.184735983610e-01 
  0.000000000000e+00  -7.557588163763e-03   2.123887538910e-01   0.000000000000e+00  -7.557588163763e-03   2.123887538910e-01  -1.605178602040e-02  -7.557587698102e-03   2.123886346817e-01 
 -1.602444797754e-02  -7.552823051810e-03   2.117677927017e-01  -1.484437845647e-02  -6.890882737935e-03   1.796950548887e-01   0.000000000000e+00   2.230040729046e-03  -1.000000014901e-01 
  0.000000000000e+00   9.697614237666e-03  -1.000000014901e-01   0.000000000000e+00   0.000000000000e+00  -1.000000014901e-01   0.000000000000e+00   7.782028056681e-03  -1.000000014901e-01 
  0.000000000000e+00   7.782028056681e-03  -1.000000014901e-01   0.000000000000e+00  -7.335138320923e-02   9.525934606791e-02   0.000000000000e+00  -7.335138320923e-02   9.525934606791e-02 
 -2.408687956631e-02  -7.335137575865e-02   9.525925666094e-02  -2.405759133399e-02  -7.332915812731e-02   9.479435533285e-02  -2.264956943691e-02  -7.248055934906e-02   6.842105835676e-02 
 -1.492358930409e-02  -6.219010055065e-02  -1.438297331333e-01  -1.313097868115e-02   4.034975543618e-03  -2.277140617371e-01  -5.171054974198e-03   0.000000000000e+00  -1.000000014901e-01 
 -2.376943593845e-03   2.519755158573e-03  -1.704055666924e-01  -2.376943593845e-03   2.519755158573e-03  -1.704055666924e-01   0.000000000000e+00   0.000000000000e+00   2.476642578840e-01 
  0.000000000000e+00   0.000000000000e+00   2.476642578840e-01  -5.051241070032e-02   0.000000000000e+00   2.476641386747e-01  -5.048768594861e-02  -8.134279904068e-18   2.470469623804e-01 
 -4.927851259708e-02  -5.490220071663e-17   2.139242887497e-01  -4.070086404681e-02  -2.433274203213e-04  -5.658726021647e-02  -2.759908512235e-02   9.387335157953e-04  -5.774646997452e-01 
 -1.177671551704e-02   0.000000000000e+00  -1.000000014901e-01  -1.414952916093e-03   1.231342757819e-04  -4.523895382881e-01  -1.414952916093e-03   1.231342757819e-04  -4.523895382881e-01 
  0.000000000000e+00   0.000000000000e+00   2.476642578840e-01   0.000000000000e+00   0.000000000000e+00   2.476642578840e-01  -5.051241070032e-02   0.000000000000e+00   2.476641386747e-01 
 -5.048768594861e-02  -8.134279904068e-18   2.470469623804e-01  -4.927851259708e-02  -5.490220071663e-17   2.139242887497e-01  -4.070086404681e-02  -2.433274203213e-04  -5.658726021647e-02 
 -2.759908512235e-02   9.387335157953e-04  -5.774646997452e-01  -1.177671551704e-02   0.000000000000e+00  -1.000000014901e-01  -1.414952916093e-03   1.231342757819e-04  -4.523895382881e-01 
 -1.414952916093e-03   1.231342757819e-04  -4.523895382881e-01 

