# vtk DataFile Version 2.0
Written using VisIt writer
ASCII
DATASET RECTILINEAR_GRID
DIMENSIONS 10 10 10
X_COORDINATES 10 float
  0.000000000000e+00   5.000000000000e-01   1.000000000000e+00   1.500000000000e+00   2.000000000000e+00   2.500000000000e+00   3.000000000000e+00   3.500000000000e+00   4.000000000000e+00 
  4.500000000000e+00 
Y_COORDINATES 10 float
  0.000000000000e+00   5.000000000000e-01   1.000000000000e+00   1.500000000000e+00   2.000000000000e+00   2.500000000000e+00   3.000000000000e+00   3.500000000000e+00   4.000000000000e+00 
  4.500000000000e+00 
Z_COORDINATES 10 float
  0.000000000000e+00   5.000000000000e-01   1.000000000000e+00   1.500000000000e+00   2.000000000000e+00   2.500000000000e+00   3.000000000000e+00   3.500000000000e+00   4.000000000000e+00 
  4.500000000000e+00 
CELL_DATA 729
POINT_DATA 1000
VECTORS velocity float
  0.000000000000e+00  -2.324898689985e-01  -4.378918111324e-01   3.251200000000e+04   0.000000000000e+00   0.000000000000e+00   0.000000000000e+00   0.000000000000e+00   0.000000000000e+00 
  5.125680565834e-02  -2.050731182098e-01  -4.680818319321e-01   0.000000000000e+00   0.000000000000e+00   0.000000000000e+00   0.000000000000e+00   1.431655808000e+09   1.070945600000e+09 
 -9.242209047079e-02  -2.379747629166e-01  -4.983705580235e-01   1.071994176000e+09   0.000000000000e+00   0.000000000000e+00   0.000000000000e+00   0.000000000000e+00   0.000000000000e+00 
 -1.417729407549e-01  -2.707107663155e-01  -6.112388372421e-01   0.000000000000e+00  -2.324898689985e-01  -4.378918111324e-01   1.070945600000e+09   0.000000000000e+00   0.000000000000e+00 
 -1.303763091564e-01  -2.538729012012e-01  -5.387154221535e-01   5.125680565834e-02  -2.050731182098e-01  -4.680818319321e-01   1.431655808000e+09   1.070945600000e+09   0.000000000000e+00 
 -6.724324077368e-02  -2.081959098577e-01  -4.352397322655e-01  -9.242209047079e-02  -2.379747629166e-01  -4.983705580235e-01   0.000000000000e+00   0.000000000000e+00   1.071644672000e+09 
 -1.417729407549e-01  -2.707107663155e-01  -6.112388372421e-01  -1.417729407549e-01  -2.707107663155e-01  -6.112388372421e-01   0.000000000000e+00  -1.677096448839e-02  -3.504104018211e-01 
  0.000000000000e+00  -1.677096448839e-02  -3.504104018211e-01  -1.532541364431e-01  -1.944279484451e-02  -4.518075883389e-01  -8.234484493732e-02  -9.404838830233e-02  -4.964495599270e-01 
 -6.530383974314e-02  -1.546135544777e-01  -7.005199193954e-01   9.401461482048e-02  -4.113012552261e-02  -4.884479641914e-01   4.865625128150e-02  -6.477308273315e-02  -4.870355427265e-01 
 -6.324698030949e-02  -3.335066884756e-02  -4.197488129139e-01  -8.798450231552e-02  -2.635118551552e-02  -4.425391256809e-01  -8.798450231552e-02  -2.635118551552e-02  -4.425391256809e-01 
  0.000000000000e+00   4.403107240796e-02  -3.621377050877e-01   0.000000000000e+00   4.403107240796e-02  -3.621377050877e-01  -1.171650290489e-01   1.307409405708e-01  -4.750925600529e-01 
 -5.861556902528e-02   9.465232491493e-02  -3.839634954929e-01  -8.581475168467e-02   8.965527266264e-02  -4.043449163437e-01  -4.622564092278e-02   1.032236665487e-01  -4.867190420628e-01 
 -4.061806574464e-02   6.887575238943e-02  -5.987403988838e-01   3.728375956416e-02   9.555958956480e-02  -4.394286572933e-01  -1.457062829286e-02   1.864624582231e-02  -4.661576151848e-01 
 -1.457062829286e-02   1.864624582231e-02  -4.661576151848e-01   0.000000000000e+00   8.485564589500e-02  -4.367354214191e-01   0.000000000000e+00   8.485564589500e-02  -4.367354214191e-01 
 -1.629713326693e-01   4.708451405168e-02  -6.902786493301e-01   7.407031953335e-02   7.496110163629e-03  -5.282559990883e-01  -2.867916785181e-02   6.196633912623e-04  -5.359180569649e-01 
 -6.132408976555e-02   2.610266441479e-03  -4.311919808388e-01  -6.347730010748e-02   6.273875385523e-02  -4.591059982777e-01  -9.046603739262e-02   6.515649706125e-02  -4.977731704712e-01 
 -1.206753402948e-01   4.962732549757e-03  -6.575212478638e-01  -1.206753402948e-01   4.962732549757e-03  -6.575212478638e-01   0.000000000000e+00  -1.060443446040e-01  -3.368980884552e-01 
  0.000000000000e+00  -1.060443446040e-01  -3.368980884552e-01  -1.314776837826e-01   3.207886591554e-02  -4.112761318684e-01  -4.240098595619e-02  -9.798479825258e-02  -5.732736587524e-01 
 -1.071871444583e-01  -2.575982362032e-02  -8.305489420891e-01   3.923744428903e-03  -3.958543296903e-03  -4.766204655170e-01  -4.276787862182e-02  -2.549259550869e-02  -4.813847243786e-01 
 -3.750918433070e-02  -1.509823743254e-02  -4.154795706272e-01  -6.006622314453e-02   2.607160434127e-02  -4.481733441353e-01  -6.006622314453e-02   2.607160434127e-02  -4.481733441353e-01 
  0.000000000000e+00  -4.520956426859e-02  -4.068816900253e-01   0.000000000000e+00  -4.520956426859e-02  -4.068816900253e-01  -1.494449228048e-01   1.129074320197e-01  -4.790903627872e-01 
 -3.031649626791e-02   1.534215807915e-01  -4.391455650330e-01  -1.200568303466e-01   1.278444975615e-01  -5.045084953308e-01  -1.469619721174e-01  -2.044849842787e-02  -6.340460181236e-01 
 -1.427263021469e-01  -6.138946861029e-03  -7.350229024887e-01   1.877687498927e-02   8.869440294802e-03  -4.694786071777e-01  -3.724958747625e-02  -3.498476371169e-02  -4.885756373405e-01 
 -3.724958747625e-02  -3.498476371169e-02  -4.885756373405e-01   0.000000000000e+00  -1.582005620003e-01  -4.466196298599e-01   0.000000000000e+00  -1.582005620003e-01  -4.466196298599e-01 
 -1.806987822056e-01   3.239830257371e-03  -5.827986001968e-01   4.086131602526e-02   9.204436093569e-02  -4.315364956856e-01  -3.780804574490e-02   6.156834214926e-02  -4.484009146690e-01 
 -6.242837011814e-02   3.986237198114e-02  -4.324281215668e-01  -7.962787896395e-02   3.346036002040e-02  -4.750914573669e-01  -9.492058306932e-02  -8.901167660952e-02  -5.378676652908e-01 
 -1.038337349892e-01  -1.094815358520e-01  -6.878820061684e-01  -1.038337349892e-01  -1.094815358520e-01  -6.878820061684e-01   0.000000000000e+00   0.000000000000e+00  -3.473216295242e-01 
  0.000000000000e+00   0.000000000000e+00  -3.473216295242e-01  -2.690728008747e-01   0.000000000000e+00  -4.203661084175e-01  -2.265178412199e-02   0.000000000000e+00  -4.956276714802e-01 
 -7.028552889824e-02   0.000000000000e+00  -7.626725435257e-01   9.134700149298e-02   0.000000000000e+00  -5.313678383827e-01   4.676860943437e-02   0.000000000000e+00  -5.068761110306e-01 
  5.167740583420e-02   0.000000000000e+00  -4.765141606331e-01   4.438061267138e-02   0.000000000000e+00  -4.833100736141e-01   4.438061267138e-02   0.000000000000e+00  -4.833100736141e-01 
  0.000000000000e+00   0.000000000000e+00  -3.473216295242e-01   0.000000000000e+00   0.000000000000e+00  -3.473216295242e-01  -2.690728008747e-01   0.000000000000e+00  -4.203661084175e-01 
 -2.265178412199e-02   0.000000000000e+00  -4.956276714802e-01  -7.028552889824e-02   0.000000000000e+00  -7.626725435257e-01   9.134700149298e-02   0.000000000000e+00  -5.313678383827e-01 
  4.676860943437e-02   0.000000000000e+00  -5.068761110306e-01   5.167740583420e-02   0.000000000000e+00  -4.765141606331e-01   4.438061267138e-02   0.000000000000e+00  -4.833100736141e-01 
  4.438061267138e-02   0.000000000000e+00  -4.833100736141e-01   0.000000000000e+00  -2.324898689985e-01  -4.378918111324e-01   0.000000000000e+00  -2.324898689985e-01  -4.378918111324e-01 
 -1.303763091564e-01  -2.538729012012e-01  -5.387154221535e-01   5.125680565834e-02  -2.050731182098e-01  -4.680818319321e-01  -2.443789131939e-02  -2.091205269098e-01  -4.475801885128e-01 
 -6.724324077368e-02  -2.081959098577e-01  -4.352397322655e-01  -9.242209047079e-02  -2.379747629166e-01  -4.983705580235e-01  -1.475447267294e-01  -2.535552978516e-01  -4.787293672562e-01 
 -1.417729407549e-01  -2.707107663155e-01  -6.112388372421e-01  -1.417729407549e-01  -2.707107663155e-01  -6.112388372421e-01   0.000000000000e+00  -2.324898689985e-01  -4.378918111324e-01 
  0.000000000000e+00  -2.324898689985e-01  -4.378918111324e-01  -1.303763091564e-01  -2.538729012012e-01  -5.387154221535e-01   5.125680565834e-02  -2.050731182098e-01  -4.680818319321e-01 
 -2.443789131939e-02  -2.091205269098e-01  -4.475801885128e-01  -6.724324077368e-02  -2.081959098577e-01  -4.352397322655e-01  -9.242209047079e-02  -2.379747629166e-01  -4.983705580235e-01 
 -1.475447267294e-01  -2.535552978516e-01  -4.787293672562e-01  -1.417729407549e-01  -2.707107663155e-01  -6.112388372421e-01  -1.417729407549e-01  -2.707107663155e-01  -6.112388372421e-01 
  0.000000000000e+00  -1.677096448839e-02  -3.504104018211e-01   0.000000000000e+00  -1.677096448839e-02  -3.504104018211e-01  -1.532541364431e-01  -1.944279484451e-02  -4.518075883389e-01 
 -8.234484493732e-02  -9.404838830233e-02  -4.964495599270e-01  -6.530383974314e-02  -1.546135544777e-01  -7.005199193954e-01   9.401461482048e-02  -4.113012552261e-02  -4.884479641914e-01 
  4.865625128150e-02  -6.477308273315e-02  -4.870355427265e-01  -6.324698030949e-02  -3.335066884756e-02  -4.197488129139e-01  -8.798450231552e-02  -2.635118551552e-02  -4.425391256809e-01 
 -8.798450231552e-02  -2.635118551552e-02  -4.425391256809e-01   0.000000000000e+00   4.403107240796e-02  -3.621377050877e-01   0.000000000000e+00   4.403107240796e-02  -3.621377050877e-01 
 -1.171650290489e-01   1.307409405708e-01  -4.750925600529e-01  -5.861556902528e-02   9.465232491493e-02  -3.839634954929e-01  -8.581475168467e-02   8.965527266264e-02  -4.043449163437e-01 
 -4.622564092278e-02   1.032236665487e-01  -4.867190420628e-01  -4.061806574464e-02   6.887575238943e-02  -5.987403988838e-01   3.728375956416e-02   9.555958956480e-02  -4.394286572933e-01 
 -1.457062829286e-02   1.864624582231e-02  -4.661576151848e-01  -1.457062829286e-02   1.864624582231e-02  -4.661576151848e-01   0.000000000000e+00   8.485564589500e-02  -4.367354214191e-01 
  0.000000000000e+00   8.485564589500e-02  -4.367354214191e-01  -1.629713326693e-01   4.708451405168e-02  -6.902786493301e-01   7.407031953335e-02   7.496110163629e-03  -5.282559990883e-01 
 -2.867916785181e-02   6.196633912623e-04  -5.359180569649e-01  -6.132408976555e-02   2.610266441479e-03  -4.311919808388e-01  -6.347730010748e-02   6.273875385523e-02  -4.591059982777e-01 
 -9.046603739262e-02   6.515649706125e-02  -4.977731704712e-01  -1.206753402948e-01   4.962732549757e-03  -6.575212478638e-01  -1.206753402948e-01   4.962732549757e-03  -6.575212478638e-01 
  0.000000000000e+00  -1.060443446040e-01  -3.368980884552e-01   0.000000000000e+00  -1.060443446040e-01  -3.368980884552e-01  -1.314776837826e-01   3.207886591554e-02  -4.112761318684e-01 
 -4.240098595619e-02  -9.798479825258e-02  -5.732736587524e-01  -1.071871444583e-01  -2.575982362032e-02  -8.305489420891e-01   3.923744428903e-03  -3.958543296903e-03  -4.766204655170e-01 
 -4.276787862182e-02  -2.549259550869e-02  -4.813847243786e-01  -3.750918433070e-02  -1.509823743254e-02  -4.154795706272e-01  -6.006622314453e-02   2.607160434127e-02  -4.481733441353e-01 
 -6.006622314453e-02   2.607160434127e-02  -4.481733441353e-01   0.000000000000e+00  -4.520956426859e-02  -4.068816900253e-01   0.000000000000e+00  -4.520956426859e-02  -4.068816900253e-01 
 -1.494449228048e-01   1.129074320197e-01  -4.790903627872e-01  -3.031649626791e-02   1.534215807915e-01  -4.391455650330e-01  -1.200568303466e-01   1.278444975615e-01  -5.045084953308e-01 
 -1.469619721174e-01  -2.044849842787e-02  -6.340460181236e-01  -1.427263021469e-01  -6.138946861029e-03  -7.350229024887e-01   1.877687498927e-02   8.869440294802e-03  -4.694786071777e-01 
 -3.724958747625e-02  -3.498476371169e-02  -4.885756373405e-01  -3.724958747625e-02  -3.498476371169e-02  -4.885756373405e-01   0.000000000000e+00  -1.582005620003e-01  -4.466196298599e-01 
  0.000000000000e+00  -1.582005620003e-01  -4.466196298599e-01  -1.806987822056e-01   3.239830257371e-03  -5.827986001968e-01   4.086131602526e-02   9.204436093569e-02  -4.315364956856e-01 
 -3.780804574490e-02   6.156834214926e-02  -4.484009146690e-01  -6.242837011814e-02   3.986237198114e-02  -4.324281215668e-01  -7.962787896395e-02   3.346036002040e-02  -4.750914573669e-01 
 -9.492058306932e-02  -8.901167660952e-02  -5.378676652908e-01  -1.038337349892e-01  -1.094815358520e-01  -6.878820061684e-01  -1.038337349892e-01  -1.094815358520e-01  -6.878820061684e-01 
  0.000000000000e+00   0.000000000000e+00  -3.473216295242e-01   0.000000000000e+00   0.000000000000e+00  -3.473216295242e-01  -2.690728008747e-01   0.000000000000e+00  -4.203661084175e-01 
 -2.265178412199e-02   0.000000000000e+00  -4.956276714802e-01  -7.028552889824e-02   0.000000000000e+00  -7.626725435257e-01   9.134700149298e-02   0.000000000000e+00  -5.313678383827e-01 
  4.676860943437e-02   0.000000000000e+00  -5.068761110306e-01   5.167740583420e-02   0.000000000000e+00  -4.765141606331e-01   4.438061267138e-02   0.000000000000e+00  -4.833100736141e-01 
  4.438061267138e-02   0.000000000000e+00  -4.833100736141e-01   0.000000000000e+00   0.000000000000e+00  -3.473216295242e-01   0.000000000000e+00   0.000000000000e+00  -3.473216295242e-01 
 -2.690728008747e-01   0.000000000000e+00  -4.203661084175e-01  -2.265178412199e-02   0.000000000000e+00  -4.956276714802e-01  -7.028552889824e-02   0.000000000000e+00  -7.626725435257e-01 
  9.134700149298e-02   0.000000000000e+00  -5.313678383827e-01   4.676860943437e-02   0.000000000000e+00  -5.068761110306e-01   5.167740583420e-02   0.000000000000e+00  -4.765141606331e-01 
  4.438061267138e-02   0.000000000000e+00  -4.833100736141e-01   4.438061267138e-02   0.000000000000e+00  -4.833100736141e-01   0.000000000000e+00  -3.057430982590e-01  -8.218733072281e-01 
  0.000000000000e+00  -3.057430982590e-01  -8.218733072281e-01  -1.550485044718e-01  -3.178872466087e-01  -1.004194498062e+00  -1.936711929739e-02  -3.069278895855e-01  -1.216398835182e+00 
 -7.096053659916e-02  -3.137511909008e-01  -1.218813896179e+00  -6.204057484865e-02  -3.182767033577e-01  -1.280400037766e+00  -5.219225585461e-02  -3.258402049541e-01  -1.207521080971e+00 
 -4.717324301600e-02  -3.333464562893e-01  -1.174737215042e+00  -1.584384776652e-02  -3.318990468979e-01  -1.084663391113e+00  -1.584384776652e-02  -3.318990468979e-01  -1.084663391113e+00 
  0.000000000000e+00  -3.057430982590e-01  -8.218733072281e-01   0.000000000000e+00  -3.057430982590e-01  -8.218733072281e-01  -1.550485044718e-01  -3.178872466087e-01  -1.004194498062e+00 
 -1.936711929739e-02  -3.069278895855e-01  -1.216398835182e+00  -7.096053659916e-02  -3.137511909008e-01  -1.218813896179e+00  -6.204057484865e-02  -3.182767033577e-01  -1.280400037766e+00 
 -5.219225585461e-02  -3.258402049541e-01  -1.207521080971e+00  -4.717324301600e-02  -3.333464562893e-01  -1.174737215042e+00  -1.584384776652e-02  -3.318990468979e-01  -1.084663391113e+00 
 -1.584384776652e-02  -3.318990468979e-01  -1.084663391113e+00   0.000000000000e+00  -7.726548612118e-02  -8.812931776047e-01   0.000000000000e+00  -7.726548612118e-02  -8.812931776047e-01 
 -1.677977740765e-01  -8.957397192717e-02  -1.010653614998e+00  -2.177859842777e-02  -8.946481347084e-02  -1.144407749176e+00  -6.797172874212e-02  -8.765395730734e-02  -1.082817792892e+00 
 -6.447485834360e-02  -9.792014956474e-02  -1.203574657440e+00  -3.593846410513e-02  -1.027164831758e-01  -1.235197305679e+00  -3.023845329881e-02  -1.026917621493e-01  -1.260581970215e+00 
 -6.489878054708e-03  -1.056420356035e-01  -1.232955336571e+00  -6.489878054708e-03  -1.056420356035e-01  -1.232955336571e+00   0.000000000000e+00   1.773278266191e-01  -8.405269980431e-01 
  0.000000000000e+00   1.773278266191e-01  -8.405269980431e-01  -1.657447814941e-01   1.540343761444e-01  -9.665023684502e-01  -4.606924578547e-02   1.380310505629e-01  -1.284535646439e+00 
 -6.875018775463e-02   1.324727833271e-01  -1.272532224655e+00  -4.799474403262e-02   1.448456197977e-01  -1.252247095108e+00  -3.542827814817e-02   1.419430226088e-01  -1.091948509216e+00 
 -2.439540810883e-02   1.605175882578e-01  -1.206926465034e+00  -1.419133041054e-02   1.588727235794e-01  -1.213039636612e+00  -1.419133041054e-02   1.588727235794e-01  -1.213039636612e+00 
  0.000000000000e+00   3.587162122130e-03  -7.845851778984e-01   0.000000000000e+00   3.587162122130e-03  -7.845851778984e-01  -1.522784233093e-01   6.039133761078e-03  -8.476458191872e-01 
 -4.728335887194e-02   1.783463172615e-02  -1.228412151337e+00  -6.932810693979e-02   1.398357376456e-02  -1.245134115219e+00  -4.950648173690e-02   1.792083494365e-02  -1.287002086639e+00 
 -3.908135369420e-02   1.845710538328e-02  -1.241947770119e+00  -3.663195297122e-02   1.956455968320e-02  -1.176711678505e+00  -2.334207296371e-02   1.253046747297e-02  -1.039802789688e+00 
 -2.334207296371e-02   1.253046747297e-02  -1.039802789688e+00   0.000000000000e+00  -4.431959986687e-02  -8.481304049492e-01   0.000000000000e+00  -4.431959986687e-02  -8.481304049492e-01 
 -1.657409518957e-01  -4.881338030100e-02  -1.004993319511e+00  -2.799401804805e-02  -3.540399298072e-02  -1.202615618706e+00  -6.803824007511e-02  -3.821163251996e-02  -1.039364099503e+00 
 -4.104746505618e-02  -3.515456616879e-02  -1.181728243828e+00  -3.529225662351e-02  -2.816641144454e-02  -1.211108207703e+00  -3.036709874868e-02  -2.642094343901e-02  -1.270062804222e+00 
 -1.150908507407e-02  -1.874945126474e-02  -1.211769580841e+00  -1.150908507407e-02  -1.874945126474e-02  -1.211769580841e+00   0.000000000000e+00   2.318003028631e-02  -9.577238559723e-01 
  0.000000000000e+00   2.318003028631e-02  -9.577238559723e-01  -1.571283489466e-01   2.181177586317e-02  -1.089444041252e+00  -2.058626525104e-02   3.131689503789e-02  -1.324537634850e+00 
 -6.538458168507e-02   3.727230429649e-02  -1.275806188583e+00  -4.289205372334e-02   4.426385834813e-02  -1.182479143143e+00  -4.828925430775e-02   3.926076740026e-02  -1.086523175240e+00 
 -3.754691034555e-02   3.671953827143e-02  -1.188208222389e+00  -1.848237589002e-02   3.463187813759e-02  -1.151037335396e+00  -1.848237589002e-02   3.463187813759e-02  -1.151037335396e+00 
  0.000000000000e+00  -3.465117514133e-02  -8.339338898659e-01   0.000000000000e+00  -3.465117514133e-02  -8.339338898659e-01  -1.626209169626e-01  -4.524257779121e-02  -9.018665552139e-01 
 -2.225928753614e-02  -4.143963009119e-02  -1.239702224731e+00  -4.729845374823e-02  -2.333482727408e-02  -1.266939282417e+00  -2.771438471973e-02  -7.582722231746e-03  -1.328960299492e+00 
 -4.198086261749e-02  -6.770499050617e-03  -1.293327093124e+00  -3.001186624169e-02  -7.680637296289e-03  -1.158464789391e+00  -3.039343515411e-03  -7.144880364649e-04  -9.852675199509e-01 
 -3.039343515411e-03  -7.144880364649e-04  -9.852675199509e-01   0.000000000000e+00   0.000000000000e+00  -8.630457520485e-01   0.000000000000e+00   0.000000000000e+00  -8.630457520485e-01 
 -1.795246452093e-01   0.000000000000e+00  -1.017586350441e+00  -3.273333981633e-02   0.000000000000e+00  -1.146246671677e+00  -3.912538662553e-02   0.000000000000e+00  -1.028590440750e+00 
 -1.741873845458e-02   0.000000000000e+00  -1.261553287506e+00  -4.754524677992e-02   0.000000000000e+00  -1.373052835464e+00  -2.306627295911e-02   0.000000000000e+00  -1.354102373123e+00 
 -8.384007960558e-04   0.000000000000e+00  -1.256579637527e+00  -8.384007960558e-04   0.000000000000e+00  -1.256579637527e+00   0.000000000000e+00   0.000000000000e+00  -8.630457520485e-01 
  0.000000000000e+00   0.000000000000e+00  -8.630457520485e-01  -1.795246452093e-01   0.000000000000e+00  -1.017586350441e+00  -3.273333981633e-02   0.000000000000e+00  -1.146246671677e+00 
 -3.912538662553e-02   0.000000000000e+00  -1.028590440750e+00  -1.741873845458e-02   0.000000000000e+00  -1.261553287506e+00  -4.754524677992e-02   0.000000000000e+00  -1.373052835464e+00 
 -2.306627295911e-02   0.000000000000e+00  -1.354102373123e+00  -8.384007960558e-04   0.000000000000e+00  -1.256579637527e+00  -8.384007960558e-04   0.000000000000e+00  -1.256579637527e+00 
  0.000000000000e+00  -2.605051100254e-01  -9.287597537041e-01   0.000000000000e+00  -2.605051100254e-01  -9.287597537041e-01  -1.491522192955e-01  -2.636492550373e-01  -1.013715505600e+00 
 -3.685311973095e-02  -2.438195347786e-01  -1.093391299248e+00  -4.985975846648e-02  -2.452876269817e-01  -1.085603833199e+00  -4.690402373672e-02  -2.465008646250e-01  -1.079236149788e+00 
 -3.236352279782e-02  -2.518750429153e-01  -1.062728643417e+00  -3.536900877953e-02  -2.588045001030e-01  -1.046869993210e+00  -1.540581230074e-02  -2.623173296452e-01  -1.037446379662e+00 
 -1.540581230074e-02  -2.623173296452e-01  -1.037446379662e+00   0.000000000000e+00  -2.605051100254e-01  -9.287597537041e-01   0.000000000000e+00  -2.605051100254e-01  -9.287597537041e-01 
 -1.491522192955e-01  -2.636492550373e-01  -1.013715505600e+00  -3.685311973095e-02  -2.438195347786e-01  -1.093391299248e+00  -4.985975846648e-02  -2.452876269817e-01  -1.085603833199e+00 
 -4.690402373672e-02  -2.465008646250e-01  -1.079236149788e+00  -3.236352279782e-02  -2.518750429153e-01  -1.062728643417e+00  -3.536900877953e-02  -2.588045001030e-01  -1.046869993210e+00 
 -1.540581230074e-02  -2.623173296452e-01  -1.037446379662e+00  -1.540581230074e-02  -2.623173296452e-01  -1.037446379662e+00   0.000000000000e+00  -4.693080484867e-02  -8.977473378181e-01 
  0.000000000000e+00  -4.693080484867e-02  -8.977473378181e-01  -1.472894549370e-01  -5.534601211548e-02  -9.882894754410e-01  -3.804226592183e-02  -5.789569020271e-02  -1.092125058174e+00 
 -5.105852335691e-02  -5.881189927459e-02  -1.079796075821e+00  -4.647437855601e-02  -5.724291503429e-02  -1.073108434677e+00  -2.491362579167e-02  -5.808666348457e-02  -1.052914500237e+00 
 -2.524489536881e-02  -5.431845411658e-02  -1.055459022522e+00  -1.095766481012e-02  -5.352453142405e-02  -1.052645921707e+00  -1.095766481012e-02  -5.352453142405e-02  -1.052645921707e+00 
  0.000000000000e+00   8.677276968956e-02  -8.438711762428e-01   0.000000000000e+00   8.677276968956e-02  -8.438711762428e-01  -1.562131196260e-01   7.925532758236e-02  -9.253746271133e-01 
 -2.862073481083e-02   9.572749584913e-02  -1.083185076714e+00  -4.876468330622e-02   9.886243194342e-02  -1.083663940430e+00  -5.113276466727e-02   7.831908762455e-02  -1.082517266273e+00 
 -3.506257012486e-02   7.670738548040e-02  -1.014414668083e+00  -2.310445159674e-02   8.645080775023e-02  -1.045269846916e+00  -1.654690131545e-02   8.725282549858e-02  -1.036150813103e+00 
 -1.654690131545e-02   8.725282549858e-02  -1.036150813103e+00   0.000000000000e+00   2.328171022236e-02  -8.618285059929e-01   0.000000000000e+00   2.328171022236e-02  -8.618285059929e-01 
 -1.456699967384e-01   2.445506490767e-02  -9.006004333496e-01  -3.248469159007e-02   2.173720300198e-02  -1.060478925705e+00  -4.831327497959e-02   2.245691791177e-02  -1.053637742996e+00 
 -3.892397880554e-02   3.363059461117e-02  -1.061025977135e+00  -2.868661656976e-02   4.081801325083e-02  -1.052965402603e+00  -3.345449268818e-02   3.513976186514e-02  -1.038583159447e+00 
 -2.234158664942e-02   3.089530020952e-02  -9.520161747932e-01  -2.234158664942e-02   3.089530020952e-02  -9.520161747932e-01   0.000000000000e+00  -3.573276847601e-02  -9.543849825859e-01 
  0.000000000000e+00  -3.573276847601e-02  -9.543849825859e-01  -1.528159379959e-01  -3.728649392724e-02  -1.028795957565e+00  -4.200623556972e-02  -4.809450358152e-02  -1.093809485435e+00 
 -5.417738482356e-02  -5.410341545939e-02  -9.658164978027e-01  -4.069715365767e-02  -5.385031923652e-02  -1.038950204849e+00  -2.556981705129e-02  -4.728573188186e-02  -1.046117424965e+00 
 -2.203625254333e-02  -3.073888644576e-02  -1.043224811554e+00  -9.658081457019e-03  -1.849734969437e-02  -1.040059566498e+00  -9.658081457019e-03  -1.849734969437e-02  -1.040059566498e+00 
  0.000000000000e+00   1.863566599786e-02  -9.849094152451e-01   0.000000000000e+00   1.863566599786e-02  -9.849094152451e-01  -1.422697901726e-01   2.626551687717e-02  -1.038172960281e+00 
 -2.142246067524e-02   3.970150649548e-02  -1.075149178505e+00  -4.223573952913e-02   4.808337986469e-02  -1.086163282394e+00  -4.881248623133e-02   4.442498087883e-02  -1.076634645462e+00 
 -3.410386294127e-02   3.756630420685e-02  -1.030700087547e+00  -3.147711604834e-02   3.043509833515e-02  -1.034233570099e+00  -1.837931200862e-02   2.656304091215e-02  -1.029466152191e+00 
 -1.837931200862e-02   2.656304091215e-02  -1.029466152191e+00   0.000000000000e+00  -4.047878086567e-02  -8.329069614410e-01   0.000000000000e+00  -4.047878086567e-02  -8.329069614410e-01 
 -1.497131735086e-01  -4.587426409125e-02  -9.098896980286e-01  -2.123449929059e-02  -3.690332546830e-02  -1.064568042755e+00  -3.028724901378e-02  -1.548454165459e-02  -1.064849376678e+00 
 -2.341430261731e-02   7.272655144334e-03  -1.066693902016e+00  -2.264430187643e-02   1.186478137970e-02  -1.053354978561e+00  -4.036682844162e-02   2.195912878960e-03  -1.031907320023e+00 
 -2.190584689379e-02  -3.934616979677e-04  -9.475240111351e-01  -2.190584689379e-02  -3.934616979677e-04  -9.475240111351e-01   0.000000000000e+00   0.000000000000e+00  -6.921519041061e-01 
  0.000000000000e+00   0.000000000000e+00  -6.921519041061e-01  -1.614927351475e-01   0.000000000000e+00  -8.811904191971e-01  -4.574247449636e-02   0.000000000000e+00  -1.088301658630e+00 
 -3.421968594193e-02   0.000000000000e+00  -9.525892138481e-01   2.238092012703e-03   0.000000000000e+00  -1.008618474007e+00  -8.628960698843e-03   0.000000000000e+00  -1.060081720352e+00 
 -2.927660569549e-02   0.000000000000e+00  -1.048920512199e+00  -1.465213485062e-02   0.000000000000e+00  -1.028304219246e+00  -1.465213485062e-02   0.000000000000e+00  -1.028304219246e+00 
  0.000000000000e+00   0.000000000000e+00  -6.921519041061e-01   0.000000000000e+00   0.000000000000e+00  -6.921519041061e-01  -1.614927351475e-01   0.000000000000e+00  -8.811904191971e-01 
 -4.574247449636e-02   0.000000000000e+00  -1.088301658630e+00  -3.421968594193e-02   0.000000000000e+00  -9.525892138481e-01   2.238092012703e-03   0.000000000000e+00  -1.008618474007e+00 
 -8.628960698843e-03   0.000000000000e+00  -1.060081720352e+00  -2.927660569549e-02   0.000000000000e+00  -1.048920512199e+00  -1.465213485062e-02   0.000000000000e+00  -1.028304219246e+00 
 -1.465213485062e-02   0.000000000000e+00  -1.028304219246e+00   0.000000000000e+00  -1.700690984726e-01  -1.084157586098e+00   0.000000000000e+00  -1.700690984726e-01  -1.084157586098e+00 
 -1.314501464367e-01  -1.809338182211e-01  -1.119192123413e+00  -5.063043907285e-02  -1.679598093033e-01  -1.134451746941e+00  -3.020935505629e-02  -1.681953221560e-01  -1.123088717461e+00 
 -4.451831430197e-02  -1.734806150198e-01  -1.116464495659e+00  -1.928327418864e-02  -1.792998462915e-01  -1.104973912239e+00  -2.619066648185e-02  -1.868960708380e-01  -1.093442320824e+00 
 -5.405964329839e-03  -1.893640011549e-01  -1.081707835197e+00  -5.405964329839e-03  -1.893640011549e-01  -1.081707835197e+00   0.000000000000e+00  -1.700690984726e-01  -1.084157586098e+00 
  0.000000000000e+00  -1.700690984726e-01  -1.084157586098e+00  -1.314501464367e-01  -1.809338182211e-01  -1.119192123413e+00  -5.063043907285e-02  -1.679598093033e-01  -1.134451746941e+00 
 -3.020935505629e-02  -1.681953221560e-01  -1.123088717461e+00  -4.451831430197e-02  -1.734806150198e-01  -1.116464495659e+00  -1.928327418864e-02  -1.792998462915e-01  -1.104973912239e+00 
 -2.619066648185e-02  -1.868960708380e-01  -1.093442320824e+00  -5.405964329839e-03  -1.893640011549e-01  -1.081707835197e+00  -5.405964329839e-03  -1.893640011549e-01  -1.081707835197e+00 
  0.000000000000e+00  -1.636777073145e-03  -9.972108602524e-01   0.000000000000e+00  -1.636777073145e-03  -9.972108602524e-01  -1.274923384190e-01   9.130862541497e-03  -1.117650270462e+00 
 -4.948722571135e-02   1.000520121306e-02  -1.132440924644e+00  -2.997567877173e-02   1.034352835268e-02  -1.118232727051e+00  -4.643183946609e-02   8.166845887899e-03  -1.112665414810e+00 
 -1.696852222085e-02   6.711381021887e-03  -1.104719996452e+00  -2.178978361189e-02   7.361634168774e-03  -1.097748637199e+00  -3.885394427925e-03   7.742869667709e-03  -1.089987516403e+00 
 -3.885394427925e-03   7.742869667709e-03  -1.089987516403e+00   0.000000000000e+00   1.647172495723e-02  -8.558141589165e-01   0.000000000000e+00   1.647172495723e-02  -8.558141589165e-01 
 -1.360573470592e-01   1.037770300172e-03  -1.063900351524e+00  -4.659648239613e-02   6.105951033533e-03  -1.135411739349e+00  -2.755917049944e-02   3.881264012307e-03  -1.123029947281e+00 
 -4.446005821228e-02   6.623558234423e-03  -1.114999055862e+00  -1.820809021592e-02   1.001518312842e-02  -1.101149201393e+00  -2.122764848173e-02   1.684579253197e-02  -1.094440102577e+00 
 -5.832503549755e-03   1.908061653376e-02  -1.086110711098e+00  -5.832503549755e-03   1.908061653376e-02  -1.086110711098e+00   0.000000000000e+00   4.620205610991e-02  -7.196127772331e-01 
  0.000000000000e+00   4.620205610991e-02  -7.196127772331e-01  -1.341403275728e-01   4.312102496624e-02  -1.030110597610e+00  -5.116171017289e-02   4.030958563089e-02  -1.114941716194e+00 
 -2.817948535085e-02   3.983087092638e-02  -1.110720276833e+00  -3.835733607411e-02   4.592578113079e-02  -1.104979634285e+00  -1.486818306148e-02   4.997710511088e-02  -1.094165444374e+00 
 -2.377479523420e-02   4.824927449226e-02  -1.084179759026e+00  -9.659043513238e-03   4.507917165756e-02  -1.073393106461e+00  -9.659043513238e-03   4.507917165756e-02  -1.073393106461e+00 
  0.000000000000e+00  -4.463085159659e-02  -8.915143609047e-01   0.000000000000e+00  -4.463085159659e-02  -8.915143609047e-01  -1.253513991833e-01  -4.246543720365e-02  -1.081364393234e+00 
 -5.519204586744e-02  -4.560799524188e-02  -1.125770568848e+00  -3.186558932066e-02  -4.766461625695e-02  -1.108515262604e+00  -3.602456673980e-02  -4.315289109945e-02  -1.097615361214e+00 
 -1.303245313466e-02  -4.028043150902e-02  -1.085993647575e+00  -2.012341096997e-02  -3.591712191701e-02  -1.081154108047e+00  -3.447353374213e-03  -3.036163374782e-02  -1.074682831764e+00 
 -3.447353374213e-03  -3.036163374782e-02  -1.074682831764e+00   0.000000000000e+00   1.296159159392e-02  -8.757387399673e-01   0.000000000000e+00   1.296159159392e-02  -8.757387399673e-01 
 -1.269902288914e-01   1.999719627202e-02  -1.053051233292e+00  -4.840573295951e-02   2.541602402925e-02  -1.129035115242e+00  -2.498254738748e-02   3.176046535373e-02  -1.127965688705e+00 
 -4.146271198988e-02   2.795320563018e-02  -1.119411110878e+00  -1.643496379256e-02   2.481010369956e-02  -1.104754447937e+00  -2.319513261318e-02   2.223915793002e-02  -1.090205788612e+00 
 -7.599713280797e-03   2.013048157096e-02  -1.069537520409e+00  -7.599713280797e-03   2.013048157096e-02  -1.069537520409e+00   0.000000000000e+00  -4.070267453790e-02  -7.489376068115e-01 
  0.000000000000e+00  -4.070267453790e-02  -7.489376068115e-01  -1.221174448729e-01  -2.907593920827e-02  -1.019968152046e+00  -4.057058691978e-02  -1.673906296492e-02  -1.111351370811e+00 
 -2.394710667431e-02  -9.566847234964e-03  -1.117151379585e+00  -3.370895236731e-02  -2.974805189297e-03  -1.121753215790e+00  -1.174995210022e-02  -1.032186206430e-03  -1.121407151222e+00 
 -2.757724933326e-02  -6.050490774214e-03  -1.106010317802e+00  -1.217904221267e-02  -1.120176911354e-02  -1.081281661987e+00  -1.217904221267e-02  -1.120176911354e-02  -1.081281661987e+00 
  0.000000000000e+00   0.000000000000e+00  -8.377168774605e-01   0.000000000000e+00   0.000000000000e+00  -8.377168774605e-01  -1.177396997809e-01   0.000000000000e+00  -1.056047081947e+00 
 -4.173143953085e-02   0.000000000000e+00  -1.123666882515e+00  -3.317566215992e-02   0.000000000000e+00  -1.111187219620e+00  -2.540000714362e-02   0.000000000000e+00  -1.104665875435e+00 
 -4.997697193176e-03   0.000000000000e+00  -1.132799983025e+00  -2.501168474555e-02   0.000000000000e+00  -1.132914066315e+00  -3.668991615996e-03   0.000000000000e+00  -1.125621199608e+00 
 -3.668991615996e-03   0.000000000000e+00  -1.125621199608e+00   0.000000000000e+00   0.000000000000e+00  -8.377168774605e-01   0.000000000000e+00   0.000000000000e+00  -8.377168774605e-01 
 -1.177396997809e-01   0.000000000000e+00  -1.056047081947e+00  -4.173143953085e-02   0.000000000000e+00  -1.123666882515e+00  -3.317566215992e-02   0.000000000000e+00  -1.111187219620e+00 
 -2.540000714362e-02   0.000000000000e+00  -1.104665875435e+00  -4.997697193176e-03   0.000000000000e+00  -1.132799983025e+00  -2.501168474555e-02   0.000000000000e+00  -1.132914066315e+00 
 -3.668991615996e-03   0.000000000000e+00  -1.125621199608e+00  -3.668991615996e-03   0.000000000000e+00  -1.125621199608e+00   0.000000000000e+00  -3.583073988557e-02  -3.863341212273e-01 
  0.000000000000e+00  -3.583073988557e-02  -3.863341212273e-01  -1.252459287643e-01  -8.370514214039e-02  -9.292494654655e-01  -6.106908991933e-02  -8.591356128454e-02  -1.151177763939e+00 
 -2.173372916877e-02  -8.753258734941e-02  -1.136230945587e+00  -3.405047208071e-02  -9.453064203262e-02  -1.117971420288e+00  -1.855728775263e-02  -1.072875559330e-01  -1.113433361053e+00 
 -2.267440408468e-02  -1.175432354212e-01  -1.106940269470e+00  -3.612666390836e-03  -1.205608099699e-01  -1.102234244347e+00  -3.612666390836e-03  -1.205608099699e-01  -1.102234244347e+00 
  0.000000000000e+00  -3.583073988557e-02  -3.863341212273e-01   0.000000000000e+00  -3.583073988557e-02  -3.863341212273e-01  -1.252459287643e-01  -8.370514214039e-02  -9.292494654655e-01 
 -6.106908991933e-02  -8.591356128454e-02  -1.151177763939e+00  -2.173372916877e-02  -8.753258734941e-02  -1.136230945587e+00  -3.405047208071e-02  -9.453064203262e-02  -1.117971420288e+00 
 -1.855728775263e-02  -1.072875559330e-01  -1.113433361053e+00  -2.267440408468e-02  -1.175432354212e-01  -1.106940269470e+00  -3.612666390836e-03  -1.205608099699e-01  -1.102234244347e+00 
 -3.612666390836e-03  -1.205608099699e-01  -1.102234244347e+00   0.000000000000e+00  -2.376759611070e-02  -5.737010240555e-01   0.000000000000e+00  -2.376759611070e-02  -5.737010240555e-01 
 -1.137846186757e-01   5.275473371148e-02  -1.015412807465e+00  -6.031749770045e-02   5.908673629165e-02  -1.152581691742e+00  -1.967230625451e-02   6.437464803457e-02  -1.135912299156e+00 
 -3.568182513118e-02   6.245520710945e-02  -1.120514869690e+00  -1.496572606266e-02   6.495919078588e-02  -1.114351630211e+00  -2.066429331899e-02   6.686678528786e-02  -1.109200358391e+00 
 -2.546822885051e-03   6.768535077572e-02  -1.105588793755e+00  -2.546822885051e-03   6.768535077572e-02  -1.105588793755e+00   0.000000000000e+00  -2.944384887815e-02  -4.063642621040e-01 
  0.000000000000e+00  -2.944384887815e-02  -4.063642621040e-01  -1.066967099905e-01  -6.251533329487e-02  -9.356740117073e-01  -5.948517099023e-02  -5.859405547380e-02  -1.126888036728e+00 
 -1.774589903653e-02  -5.811541900039e-02  -1.111119747162e+00  -3.423137962818e-02  -5.653530359268e-02  -1.095734357834e+00  -8.964931592345e-03  -4.913778603077e-02  -1.083094835281e+00 
 -1.779613457620e-02  -4.443233832717e-02  -1.076044321060e+00  -1.711498131044e-03  -4.292295128107e-02  -1.070347070694e+00  -1.711498131044e-03  -4.292295128107e-02  -1.070347070694e+00 
  0.000000000000e+00   4.216210544109e-02  -5.478922724724e-01   0.000000000000e+00   4.216210544109e-02  -5.478922724724e-01  -9.618463367224e-02   3.697131201625e-02  -9.850252270699e-01 
 -5.509359389544e-02   4.305316880345e-02  -1.134464263916e+00  -1.739211380482e-02   4.361478611827e-02  -1.118292689323e+00  -2.922293357551e-02   4.812381044030e-02  -1.104154109955e+00 
 -6.650266703218e-03   5.167868360877e-02  -1.092675566673e+00  -1.487844064832e-02   5.462605506182e-02  -1.081725001335e+00  -1.764968386851e-03   5.501798540354e-02  -1.071825027466e+00 
 -1.764968386851e-03   5.501798540354e-02  -1.071825027466e+00   0.000000000000e+00  -2.422972582281e-02  -3.308376967907e-01   0.000000000000e+00  -2.422972582281e-02  -3.308376967907e-01 
 -9.815114736557e-02  -3.752646595240e-02  -9.280141592026e-01  -5.441763997078e-02  -3.598463535309e-02  -1.128354310989e+00  -1.784636080265e-02  -3.491829708219e-02  -1.106937170029e+00 
 -2.850466035306e-02  -3.427122160792e-02  -1.093284845352e+00  -6.087671499699e-03  -3.300619125366e-02  -1.082882761955e+00  -1.395851746202e-02  -3.156539425254e-02  -1.073902606964e+00 
 -1.241752761416e-03  -3.052676282823e-02  -1.068445324898e+00  -1.241752761416e-03  -3.052676282823e-02  -1.068445324898e+00   0.000000000000e+00   8.203768171370e-03  -4.249133765697e-01 
  0.000000000000e+00   8.203768171370e-03  -4.249133765697e-01  -1.073515042663e-01   1.343821827322e-02  -9.447857141495e-01  -5.396190285683e-02   1.360815111548e-02  -1.138876676559e+00 
 -1.608193293214e-02   1.628389023244e-02  -1.124455571175e+00  -2.497360110283e-02   1.944110728800e-02  -1.105778932571e+00  -5.847706925124e-03   1.991087198257e-02  -1.090893507004e+00 
 -1.460961345583e-02   1.946730725467e-02  -1.079647898674e+00  -2.286633243784e-03   1.864185370505e-02  -1.072003841400e+00  -2.286633243784e-03   1.864185370505e-02  -1.072003841400e+00 
  0.000000000000e+00  -3.278835490346e-02  -5.316625237465e-01   0.000000000000e+00  -3.278835490346e-02  -5.316625237465e-01  -1.033943295479e-01  -1.816518418491e-02  -9.863199591637e-01 
 -5.175962671638e-02  -1.370792835951e-02  -1.131940126419e+00  -1.350549329072e-02  -8.701168932021e-03  -1.118498325348e+00  -2.183414809406e-02  -2.920642960817e-03  -1.103434681892e+00 
 -2.886503003538e-03   1.782165199984e-04  -1.090864300728e+00  -1.341544743627e-02   9.000442223623e-04  -1.076145291328e+00  -1.997517654672e-03   7.761994493194e-04  -1.063911676407e+00 
 -1.997517654672e-03   7.761994493194e-04  -1.063911676407e+00   0.000000000000e+00   0.000000000000e+00  -3.834856152534e-01   0.000000000000e+00   0.000000000000e+00  -3.834856152534e-01 
 -1.121267601848e-01   0.000000000000e+00  -9.547611474991e-01  -5.494328215718e-02   0.000000000000e+00  -1.131700634956e+00  -1.597251929343e-02   0.000000000000e+00  -1.112830281258e+00 
 -2.082775533199e-02   0.000000000000e+00  -1.101786971092e+00  -2.863619592972e-04   0.000000000000e+00  -1.093249082565e+00  -1.119877025485e-02   0.000000000000e+00  -1.079928159714e+00 
  3.284320700914e-04   0.000000000000e+00  -1.071568846703e+00   3.284320700914e-04   0.000000000000e+00  -1.071568846703e+00   0.000000000000e+00   0.000000000000e+00  -3.834856152534e-01 
  0.000000000000e+00   0.000000000000e+00  -3.834856152534e-01  -1.121267601848e-01   0.000000000000e+00  -9.547611474991e-01  -5.494328215718e-02   0.000000000000e+00  -1.131700634956e+00 
 -1.597251929343e-02   0.000000000000e+00  -1.112830281258e+00  -2.082775533199e-02   0.000000000000e+00  -1.101786971092e+00  -2.863619592972e-04   0.000000000000e+00  -1.093249082565e+00 
 -1.119877025485e-02   0.000000000000e+00  -1.079928159714e+00   3.284320700914e-04   0.000000000000e+00  -1.071568846703e+00   3.284320700914e-04   0.000000000000e+00  -1.071568846703e+00 
  0.000000000000e+00   2.926421724260e-02  -1.182347908616e-01   0.000000000000e+00   2.926421724260e-02  -1.182347908616e-01  -7.909206300974e-02  -3.675014525652e-02  -7.352255582809e-01 
 -3.692037984729e-02   9.334294125438e-03  -1.140408515930e+00  -2.396492287517e-02   1.558328326792e-02  -1.137055635452e+00  -3.522971272469e-02   1.562341302633e-02  -1.103440523148e+00 
 -4.151991009712e-02  -5.122075602412e-02  -1.115172624588e+00  -2.357035875320e-02  -6.420571357012e-02  -1.107144474983e+00  -3.434499958530e-03  -6.699094921350e-02  -1.101460337639e+00 
 -3.434499958530e-03  -6.699094921350e-02  -1.101460337639e+00   0.000000000000e+00   2.926421724260e-02  -1.182347908616e-01   0.000000000000e+00   2.926421724260e-02  -1.182347908616e-01 
 -7.909206300974e-02  -3.675014525652e-02  -7.352255582809e-01  -3.692037984729e-02   9.334294125438e-03  -1.140408515930e+00  -2.396492287517e-02   1.558328326792e-02  -1.137055635452e+00 
 -3.522971272469e-02   1.562341302633e-02  -1.103440523148e+00  -4.151991009712e-02  -5.122075602412e-02  -1.115172624588e+00  -2.357035875320e-02  -6.420571357012e-02  -1.107144474983e+00 
 -3.434499958530e-03  -6.699094921350e-02  -1.101460337639e+00  -3.434499958530e-03  -6.699094921350e-02  -1.101460337639e+00   0.000000000000e+00  -9.983576834202e-02  -1.129700019956e-01 
  0.000000000000e+00  -9.983576834202e-02  -1.129700019956e-01  -6.969719380140e-02   5.030029267073e-02  -8.169476389885e-01  -6.186697259545e-02   5.512810125947e-02  -1.172620177269e+00 
 -1.423210371286e-02   3.204853087664e-02  -1.142407536507e+00  -3.227595239878e-02   5.218624696136e-02  -1.114487528801e+00  -3.670331463218e-02   7.189294695854e-02  -1.125790834427e+00 
 -2.128873020411e-02   7.388325780630e-02  -1.118454813957e+00  -2.426581457257e-03   7.480690628290e-02  -1.113468527794e+00  -2.426581457257e-03   7.480690628290e-02  -1.113468527794e+00 
  0.000000000000e+00   4.869715496898e-02  -2.550769150257e-01   0.000000000000e+00   4.869715496898e-02  -2.550769150257e-01  -7.614207267761e-02  -5.610379949212e-02  -8.402791023254e-01 
 -6.192852929235e-02  -8.770770579576e-02  -1.141851305962e+00  -8.791900239885e-03  -9.417299926281e-02  -1.111639857292e+00  -2.800969034433e-02  -1.020610406995e-01  -1.087914586067e+00 
 -9.615941904485e-03  -7.604764401913e-02  -1.079302787781e+00  -1.476231031120e-02  -6.945546716452e-02  -1.068451166153e+00  -8.406999986619e-04  -6.789102405310e-02  -1.062357068062e+00 
 -8.406999986619e-04  -6.789102405310e-02  -1.062357068062e+00   0.000000000000e+00   5.743183195591e-02  -1.016508117318e-01   0.000000000000e+00   5.743183195591e-02  -1.016508117318e-01 
 -7.325430214405e-02   4.248907044530e-02  -7.399449348450e-01  -5.738379433751e-02   5.510539188981e-02  -1.151023030281e+00  -1.309200748801e-02   5.603321641684e-02  -1.129273533821e+00 
 -2.861631289124e-02   6.548242270947e-02  -1.107283234596e+00  -8.133104071021e-03   7.358895987272e-02  -1.094238281250e+00  -1.482037547976e-02   7.957147806883e-02  -1.081000804901e+00 
 -1.302834134549e-03   8.071991056204e-02  -1.074648618698e+00  -1.302834134549e-03   8.071991056204e-02  -1.074648618698e+00   0.000000000000e+00  -3.997173905373e-02  -2.258676290512e-01 
  0.000000000000e+00  -3.997173905373e-02  -2.258676290512e-01  -5.881200358272e-02  -3.874846175313e-02  -8.206195235252e-01  -5.559313669801e-02  -1.804310455918e-02  -1.136384725571e+00 
 -1.759270392358e-02  -1.348631363362e-02  -1.113397359848e+00  -2.852633781731e-02  -1.070050150156e-02  -1.092490196228e+00  -6.519922520965e-03  -7.818604819477e-03  -1.080958485603e+00 
 -1.414064969867e-02  -5.304634105414e-03  -1.068625926971e+00  -1.254660775885e-03  -4.240057431161e-03  -1.062680244446e+00  -1.254660775885e-03  -4.240057431161e-03  -1.062680244446e+00 
  0.000000000000e+00   2.888368628919e-02  -2.173622399569e-01   0.000000000000e+00   2.888368628919e-02  -2.173622399569e-01  -7.230394333601e-02   2.116095274687e-02  -8.252354860306e-01 
 -5.826571583748e-02   1.454075798392e-02  -1.149430990219e+00  -1.746405847371e-02   1.529029570520e-02  -1.128294944763e+00  -2.508436515927e-02   1.844591833651e-02  -1.109962224960e+00 
 -5.869518499821e-03   1.899639889598e-02  -1.100403428078e+00  -1.459439843893e-02   1.865036785603e-02  -1.088475823402e+00  -2.253152430058e-03   1.788724586368e-02  -1.081498622894e+00 
 -2.253152430058e-03   1.788724586368e-02  -1.081498622894e+00   0.000000000000e+00  -2.461540326476e-02  -2.614451944828e-01   0.000000000000e+00  -2.461540326476e-02  -2.614451944828e-01 
 -6.811566650867e-02  -2.139029465616e-02  -8.501437306404e-01  -5.562468618155e-02  -1.532579213381e-02  -1.142124652863e+00  -1.489546522498e-02  -8.902483619750e-03  -1.120609760284e+00 
 -2.183204330504e-02  -2.911947201937e-03  -1.105288028717e+00  -2.888180082664e-03   1.887803227874e-04  -1.100425601006e+00  -1.341610960662e-02   9.100089664571e-04  -1.091064572334e+00 
 -1.997661311179e-03   7.858053431846e-04  -1.085252523422e+00  -1.997661311179e-03   7.858053431846e-04  -1.085252523422e+00   0.000000000000e+00   0.000000000000e+00  -3.549126088619e-01 
  0.000000000000e+00   0.000000000000e+00  -3.549126088619e-01  -6.228543072939e-02   0.000000000000e+00  -9.312416315079e-01  -5.667817220092e-02  -2.342967486690e-10  -1.145993351936e+00 
 -1.731492578983e-02  -1.229789492463e-09  -1.119403243065e+00  -2.082578279078e-02  -4.594938318725e-10  -1.104056835175e+00  -2.863655972760e-04   2.976402110888e-11  -1.103275418282e+00 
 -1.119877025485e-02   1.434767998854e-10  -1.097134113312e+00   3.284316917416e-04   1.238942143322e-10  -1.094293594360e+00   3.284316917416e-04   1.238942143322e-10  -1.094293594360e+00 
  0.000000000000e+00   0.000000000000e+00  -3.549126088619e-01   0.000000000000e+00   0.000000000000e+00  -3.549126088619e-01  -6.228543072939e-02   0.000000000000e+00  -9.312416315079e-01 
 -5.667817220092e-02  -2.342967486690e-10  -1.145993351936e+00  -1.731492578983e-02  -1.229789492463e-09  -1.119403243065e+00  -2.082578279078e-02  -4.594938318725e-10  -1.104056835175e+00 
 -2.863655972760e-04   2.976402110888e-11  -1.103275418282e+00  -1.119877025485e-02   1.434767998854e-10  -1.097134113312e+00   3.284316917416e-04   1.238942143322e-10  -1.094293594360e+00 
  3.284316917416e-04   1.238942143322e-10  -1.094293594360e+00   0.000000000000e+00   1.154402494431e-01   2.677870094776e-01   0.000000000000e+00   1.154402494431e-01   2.677870094776e-01 
 -7.141225785017e-02   1.513161510229e-02   1.522726714611e-01   0.000000000000e+00   1.804019138217e-02  -4.917199611664e-01  -1.551265828311e-02   1.989573426545e-02  -1.125076413155e+00 
 -3.294548764825e-02   2.822342887521e-02  -1.097268223763e+00  -3.458631783724e-02   2.328310906887e-02  -1.092655658722e+00  -2.357035875320e-02   2.346958220005e-02  -1.072435021400e+00 
 -3.434499958530e-03   2.371295914054e-02  -1.069164633751e+00  -3.434499958530e-03   2.371295914054e-02  -1.069164633751e+00   0.000000000000e+00   1.154402494431e-01   2.677870094776e-01 
  0.000000000000e+00   1.154402494431e-01   2.677870094776e-01  -7.141225785017e-02   1.513161510229e-02   1.522726714611e-01   0.000000000000e+00   1.804019138217e-02  -4.917199611664e-01 
 -1.551265828311e-02   1.989573426545e-02  -1.125076413155e+00  -3.294548764825e-02   2.822342887521e-02  -1.097268223763e+00  -3.458631783724e-02   2.328310906887e-02  -1.092655658722e+00 
 -2.357035875320e-02   2.346958220005e-02  -1.072435021400e+00  -3.434499958530e-03   2.371295914054e-02  -1.069164633751e+00  -3.434499958530e-03   2.371295914054e-02  -1.069164633751e+00 
  0.000000000000e+00  -4.091831296682e-02   1.094029620290e-01   0.000000000000e+00  -4.091831296682e-02   1.094029620290e-01  -5.789763107896e-02  -2.412647707388e-03  -9.169027954340e-02 
 -5.058200657368e-02   2.850686013699e-02  -9.354933500290e-01  -1.181506738067e-02   1.642129756510e-02  -1.112502694130e+00  -2.129369415343e-02   4.740833118558e-02  -1.079537391663e+00 
 -2.775595709682e-02   7.189294695854e-02  -1.045071482658e+00  -2.128873020411e-02   7.388325780630e-02  -1.038922667503e+00  -2.426581457257e-03   7.480690628290e-02  -1.041331410408e+00 
 -2.426581457257e-03   7.480690628290e-02  -1.041331410408e+00   0.000000000000e+00   5.219988152385e-02   2.783215045929e-01   0.000000000000e+00   5.219988152385e-02   2.783215045929e-01 
 -7.188975065947e-02   3.758630156517e-02  -8.763630986214e-01   0.000000000000e+00  -3.451633080840e-02  -1.106491327286e+00   0.000000000000e+00  -5.440380424261e-02  -1.079083561897e+00 
  0.000000000000e+00  -6.732196360826e-02  -1.055156111717e+00   0.000000000000e+00  -7.604764401913e-02  -1.038866281509e+00  -1.476231031120e-02  -6.945546716452e-02  -1.024036169052e+00 
 -8.406999986619e-04  -6.789102405310e-02  -1.020433783531e+00  -8.406999986619e-04  -6.789102405310e-02  -1.020433783531e+00   0.000000000000e+00   2.467469312251e-02   3.570860624313e-01 
  0.000000000000e+00   2.467469312251e-02   3.570860624313e-01  -7.018776237965e-02   2.943738549948e-02   9.753460437059e-02  -5.176555737853e-02   2.526817098260e-02  -9.408280849457e-01 
 -1.086466945708e-02   1.532066240907e-02  -1.102845191956e+00  -1.732998341322e-02   1.603331230581e-02  -1.085010409355e+00  -4.927456844598e-03   1.786720193923e-02  -1.070560336113e+00 
 -1.479748915881e-02   2.407674491405e-02  -1.056641817093e+00  -1.120683271438e-03   2.538009546697e-02  -1.051465511322e+00  -1.120683271438e-03   2.538009546697e-02  -1.051465511322e+00 
  0.000000000000e+00  -1.524874195457e-02   3.637272417545e-01   0.000000000000e+00  -1.524874195457e-02   3.637272417545e-01  -6.862832605839e-02  -2.021471410990e-02   8.387561142445e-02 
 -6.234584748745e-02  -1.328387018293e-02  -6.998833417892e-01  -2.413979358971e-02  -6.394318770617e-03  -1.071815252304e+00  -2.545474283397e-02  -3.085863776505e-03  -1.090475678444e+00 
 -6.084112450480e-03  -4.690158821177e-04  -1.078388094902e+00  -1.432156749070e-02   3.102610586211e-03  -1.065662503242e+00  -1.217758283019e-03   4.235510248691e-03  -1.059907078743e+00 
 -1.217758283019e-03   4.235510248691e-03  -1.059907078743e+00   0.000000000000e+00   1.677651330829e-02   4.193713068962e-01   0.000000000000e+00   1.677651330829e-02   4.193713068962e-01 
 -7.728282362223e-02   1.770305447280e-02   1.252806037664e-01  -6.948895007372e-02   1.559611503035e-02  -6.335724592209e-01  -3.037012740970e-02   1.404522918165e-02  -1.058853387833e+00 
 -2.530106529593e-02   1.646849885583e-02  -1.107872009277e+00  -5.900843068957e-03   1.726319454610e-02  -1.099078297615e+00  -1.457078568637e-02   1.726626046002e-02  -1.087099552155e+00 
 -2.163549652323e-03   1.667192578316e-02  -1.080196022987e+00  -2.163549652323e-03   1.667192578316e-02  -1.080196022987e+00   0.000000000000e+00  -3.797918558121e-03   4.042634963989e-01 
  0.000000000000e+00  -3.797918558121e-03   4.042634963989e-01  -7.850591838360e-02  -7.515625096858e-03   1.078570261598e-01  -6.922012567520e-02  -1.141478586942e-02  -6.348475813866e-01 
 -2.874638512731e-02  -9.423051029444e-03  -1.051422953606e+00  -2.212309651077e-02  -3.072054823861e-03  -1.104196190834e+00  -2.919190563262e-03   2.714192087296e-04  -1.100423455238e+00 
 -1.342185772955e-02   9.916732087731e-04  -1.091053605080e+00  -1.998487627134e-03   8.651225361973e-04  -1.085238456726e+00  -1.998487627134e-03   8.651225361973e-04  -1.085238456726e+00 
  0.000000000000e+00   0.000000000000e+00   3.811099231243e-01   0.000000000000e+00   0.000000000000e+00   3.811099231243e-01  -8.270758390427e-02   0.000000000000e+00   7.101166248322e-02 
 -7.214413583279e-02  -4.951095089467e-10  -6.520993709564e-01  -3.129226714373e-02  -2.654362063481e-08  -1.052834272385e+00  -2.124824561179e-02  -3.610727006276e-08  -1.103008985519e+00 
 -3.041588934138e-04   3.440486118222e-09  -1.103275179863e+00  -1.119879446924e-02   1.272890148840e-08  -1.097133994102e+00   3.284021804575e-04   1.110325431597e-08  -1.094293475151e+00 
  3.284021804575e-04   1.110325431597e-08  -1.094293475151e+00   0.000000000000e+00   0.000000000000e+00   3.811099231243e-01   0.000000000000e+00   0.000000000000e+00   3.811099231243e-01 
 -8.270758390427e-02   0.000000000000e+00   7.101166248322e-02  -7.214413583279e-02  -4.951095089467e-10  -6.520993709564e-01  -3.129226714373e-02  -2.654362063481e-08  -1.052834272385e+00 
 -2.124824561179e-02  -3.610727006276e-08  -1.103008985519e+00  -3.041588934138e-04   3.440486118222e-09  -1.103275179863e+00  -1.119879446924e-02   1.272890148840e-08  -1.097133994102e+00 
  3.284021804575e-04   1.110325431597e-08  -1.094293475151e+00   3.284021804575e-04   1.110325431597e-08  -1.094293475151e+00   0.000000000000e+00   8.463489264250e-02   1.023753508925e-01 
  0.000000000000e+00   8.463489264250e-02   1.023753508925e-01  -1.980969868600e-02   4.309426993132e-02   1.365995854139e-01   0.000000000000e+00   2.932239510119e-02  -1.000000014901e-01 
 -7.396155502647e-03   1.746120490134e-02  -1.034654140472e+00  -3.014120645821e-02   2.491595782340e-02  -1.057165384293e+00  -3.080818802118e-02   1.461293268949e-02  -1.092655658722e+00 
 -2.357035875320e-02   4.014537110925e-02  -1.072435021400e+00  -3.434499958530e-03   4.036482796073e-02  -1.069164633751e+00  -3.434499958530e-03   4.036482796073e-02  -1.069164633751e+00 
  0.000000000000e+00   8.463489264250e-02   1.023753508925e-01   0.000000000000e+00   8.463489264250e-02   1.023753508925e-01  -1.980969868600e-02   4.309426993132e-02   1.365995854139e-01 
  0.000000000000e+00   2.932239510119e-02  -1.000000014901e-01  -7.396155502647e-03   1.746120490134e-02  -1.034654140472e+00  -3.014120645821e-02   2.491595782340e-02  -1.057165384293e+00 
 -3.080818802118e-02   1.461293268949e-02  -1.092655658722e+00  -2.357035875320e-02   4.014537110925e-02  -1.072435021400e+00  -3.434499958530e-03   4.036482796073e-02  -1.069164633751e+00 
 -3.434499958530e-03   4.036482796073e-02  -1.069164633751e+00   0.000000000000e+00   3.629999700934e-03  -2.798341400921e-02   0.000000000000e+00   3.629999700934e-03  -2.798341400921e-02 
 -4.169146530330e-03   3.781959880143e-03  -1.526437047869e-02  -1.374485436827e-02   1.223606709391e-02  -3.140141069889e-01  -1.010148320347e-02   6.926974281669e-03  -7.406960129738e-01 
 -1.547570433468e-02   2.643799968064e-02  -6.499939560890e-01  -2.335857413709e-02   0.000000000000e+00  -1.000000014901e-01  -2.128872834146e-02   7.388325780630e-02  -1.038922667503e+00 
 -2.426581457257e-03   7.480690628290e-02  -1.041331410408e+00  -2.426581457257e-03   7.480690628290e-02  -1.041331410408e+00   0.000000000000e+00   1.099385134876e-02   2.805276541039e-03 
  0.000000000000e+00   1.099385134876e-02   2.805276541039e-03  -5.873817950487e-03   1.241797208786e-02   2.379563171417e-03   0.000000000000e+00  -5.424916744232e-03  -1.000000014901e-01 
  0.000000000000e+00  -3.777424991131e-02  -1.000000014901e-01   0.000000000000e+00  -4.625540226698e-02  -1.000000014901e-01   0.000000000000e+00   0.000000000000e+00  -1.000000014901e-01 
  0.000000000000e+00  -6.945545971394e-02  -1.000000014901e-01   0.000000000000e+00  -6.789102405310e-02  -1.020433783531e+00   0.000000000000e+00  -6.789102405310e-02  -1.020433783531e+00 
  0.000000000000e+00   4.080421640538e-04  -3.365936875343e-02   0.000000000000e+00   4.080421640538e-04  -3.365936875343e-02   2.348656300455e-03   1.377779408358e-03  -2.929904125631e-02 
 -8.246777579188e-03   9.407138451934e-03  -3.190741837025e-01  -7.744243834168e-03   1.621805597097e-03  -6.623221635818e-01  -1.141494978219e-02  -3.467053407803e-03  -7.326077222824e-01 
 -3.322793403640e-03   1.216280739754e-02  -7.259582877159e-01  -9.910801425576e-03  -5.666049662977e-03  -7.169735431671e-01  -7.505925605074e-04  -4.279705230147e-03  -1.040447235107e+00 
 -7.505925605074e-04  -4.279705230147e-03  -1.040447235107e+00   0.000000000000e+00  -8.722824975848e-03  -3.057259880006e-02   0.000000000000e+00  -8.722824975848e-03  -3.057259880006e-02 
  4.628056660295e-03  -9.095679968596e-03  -2.679828368127e-02  -5.508309230208e-03  -9.326464496553e-03  -2.202673256397e-01  -1.300067361444e-02  -6.137982942164e-03  -7.313620448112e-01 
 -2.022980898619e-02  -3.510239766911e-03  -9.669836163521e-01  -5.486172623932e-03   3.211106639355e-03  -9.777598381042e-01  -1.302977930754e-02   5.090296035632e-04  -9.661756157875e-01 
 -1.081006135792e-03   1.716762082651e-03  -1.054354786873e+00  -1.081006135792e-03   1.716762082651e-03  -1.054354786873e+00   0.000000000000e+00   3.222757019103e-03  -5.115205794573e-02 
  0.000000000000e+00   3.222757019103e-03  -5.115205794573e-02   3.838613862172e-03   3.692547557876e-03  -4.533359035850e-02  -6.610724143684e-03   6.398462690413e-03  -1.957637071609e-01 
 -1.633032597601e-02   9.594320319593e-03  -7.056323289871e-01  -2.279150858521e-02   1.308875530958e-02  -1.041937351227e+00  -6.403249222785e-03   1.522324327379e-02  -1.084620356560e+00 
 -1.435422059149e-02   1.489169057459e-02  -1.073413491249e+00  -2.014395082369e-03   1.455261372030e-02  -1.077270627022e+00  -2.014395082369e-03   1.455261372030e-02  -1.077270627022e+00 
  0.000000000000e+00  -4.337450489402e-03  -5.682355165482e-02   0.000000000000e+00  -4.337450489402e-03  -5.682355165482e-02   4.110367968678e-03  -4.440561402589e-03  -5.139265209436e-02 
 -6.335815414786e-03  -6.038296967745e-03  -2.001291662455e-01  -1.557621359825e-02  -7.696384564042e-03  -7.004656791687e-01  -2.044305764139e-02  -3.975214902312e-03  -1.044492959976e+00 
 -3.696817904711e-03   3.512240946293e-04  -1.099064350128e+00  -1.342884171754e-02   1.229992369190e-03  -1.090862035751e+00  -1.998764229938e-03   1.100472058170e-03  -1.085150241852e+00 
 -1.998764229938e-03   1.100472058170e-03  -1.085150241852e+00   0.000000000000e+00   0.000000000000e+00  -6.154045835137e-02   0.000000000000e+00   0.000000000000e+00  -6.154045835137e-02 
  1.417062128894e-03   0.000000000000e+00  -5.716909840703e-02  -9.061972610652e-03  -1.842054841994e-10  -2.088317722082e-01  -1.822706125677e-02  -3.914143320571e-08  -7.048693299294e-01 
 -2.046565711498e-02  -2.520856980937e-07  -1.044143676758e+00  -1.156335812993e-03   4.522717489408e-08  -1.102001190186e+00  -1.118980627507e-02   2.140080681556e-07  -1.097135782242e+00 
  3.280160890426e-04   1.913403906428e-07  -1.094292759895e+00   3.280160890426e-04   1.913403906428e-07  -1.094292759895e+00   0.000000000000e+00   0.000000000000e+00  -6.154045835137e-02 
  0.000000000000e+00   0.000000000000e+00  -6.154045835137e-02   1.417062128894e-03   0.000000000000e+00  -5.716909840703e-02  -9.061972610652e-03  -1.842054841994e-10  -2.088317722082e-01 
 -1.822706125677e-02  -3.914143320571e-08  -7.048693299294e-01  -2.046565711498e-02  -2.520856980937e-07  -1.044143676758e+00  -1.156335812993e-03   4.522717489408e-08  -1.102001190186e+00 
 -1.118980627507e-02   2.140080681556e-07  -1.097135782242e+00   3.280160890426e-04   1.913403906428e-07  -1.094292759895e+00   3.280160890426e-04   1.913403906428e-07  -1.094292759895e+00 
  0.000000000000e+00   8.463489264250e-02   1.023753508925e-01   0.000000000000e+00   8.463489264250e-02   1.023753508925e-01  -1.980969868600e-02   4.309426993132e-02   1.365995854139e-01 
  0.000000000000e+00   2.932239510119e-02  -1.000000014901e-01  -7.396155502647e-03   1.746120490134e-02  -1.034654140472e+00  -3.014120645821e-02   2.491595782340e-02  -1.057165384293e+00 
 -3.080818802118e-02   1.461293268949e-02  -1.092655658722e+00  -2.357035875320e-02   4.014537110925e-02  -1.072435021400e+00  -3.434499958530e-03   4.036482796073e-02  -1.069164633751e+00 
 -3.434499958530e-03   4.036482796073e-02  -1.069164633751e+00   0.000000000000e+00   8.463489264250e-02   1.023753508925e-01   0.000000000000e+00   8.463489264250e-02   1.023753508925e-01 
 -1.980969868600e-02   4.309426993132e-02   1.365995854139e-01   0.000000000000e+00   2.932239510119e-02  -1.000000014901e-01  -7.396155502647e-03   1.746120490134e-02  -1.034654140472e+00 
 -3.014120645821e-02   2.491595782340e-02  -1.057165384293e+00  -3.080818802118e-02   1.461293268949e-02  -1.092655658722e+00  -2.357035875320e-02   4.014537110925e-02  -1.072435021400e+00 
 -3.434499958530e-03   4.036482796073e-02  -1.069164633751e+00  -3.434499958530e-03   4.036482796073e-02  -1.069164633751e+00   0.000000000000e+00   3.629999700934e-03  -2.798341400921e-02 
  0.000000000000e+00   3.629999700934e-03  -2.798341400921e-02  -4.169146530330e-03   3.781959880143e-03  -1.526437047869e-02  -1.374485436827e-02   1.223606709391e-02  -3.140141069889e-01 
 -1.010148320347e-02   6.926974281669e-03  -7.406960129738e-01  -1.547570433468e-02   2.643799968064e-02  -6.499939560890e-01  -2.335857413709e-02   0.000000000000e+00  -1.000000014901e-01 
 -2.128872834146e-02   7.388325780630e-02  -1.038922667503e+00  -2.426581457257e-03   7.480690628290e-02  -1.041331410408e+00  -2.426581457257e-03   7.480690628290e-02  -1.041331410408e+00 
  0.000000000000e+00   1.099385134876e-02   2.805276541039e-03   0.000000000000e+00   1.099385134876e-02   2.805276541039e-03  -5.873817950487e-03   1.241797208786e-02   2.379563171417e-03 
  0.000000000000e+00  -5.424916744232e-03  -1.000000014901e-01   0.000000000000e+00  -3.777424991131e-02  -1.000000014901e-01   0.000000000000e+00  -4.625540226698e-02  -1.000000014901e-01 
  0.000000000000e+00   0.000000000000e+00  -1.000000014901e-01   0.000000000000e+00  -6.945545971394e-02  -1.000000014901e-01   0.000000000000e+00  -6.789102405310e-02  -1.020433783531e+00 
  0.000000000000e+00  -6.789102405310e-02  -1.020433783531e+00   0.000000000000e+00   4.080421640538e-04  -3.365936875343e-02   0.000000000000e+00   4.080421640538e-04  -3.365936875343e-02 
  2.348656300455e-03   1.377779408358e-03  -2.929904125631e-02  -8.246777579188e-03   9.407138451934e-03  -3.190741837025e-01  -7.744243834168e-03   1.621805597097e-03  -6.623221635818e-01 
 -1.141494978219e-02  -3.467053407803e-03  -7.326077222824e-01  -3.322793403640e-03   1.216280739754e-02  -7.259582877159e-01  -9.910801425576e-03  -5.666049662977e-03  -7.169735431671e-01 
 -7.505925605074e-04  -4.279705230147e-03  -1.040447235107e+00  -7.505925605074e-04  -4.279705230147e-03  -1.040447235107e+00   0.000000000000e+00  -8.722824975848e-03  -3.057259880006e-02 
  0.000000000000e+00  -8.722824975848e-03  -3.057259880006e-02   4.628056660295e-03  -9.095679968596e-03  -2.679828368127e-02  -5.508309230208e-03  -9.326464496553e-03  -2.202673256397e-01 
 -1.300067361444e-02  -6.137982942164e-03  -7.313620448112e-01  -2.022980898619e-02  -3.510239766911e-03  -9.669836163521e-01  -5.486172623932e-03   3.211106639355e-03  -9.777598381042e-01 
 -1.302977930754e-02   5.090296035632e-04  -9.661756157875e-01  -1.081006135792e-03   1.716762082651e-03  -1.054354786873e+00  -1.081006135792e-03   1.716762082651e-03  -1.054354786873e+00 
  0.000000000000e+00   3.222757019103e-03  -5.115205794573e-02   0.000000000000e+00   3.222757019103e-03  -5.115205794573e-02   3.838613862172e-03   3.692547557876e-03  -4.533359035850e-02 
 -6.610724143684e-03   6.398462690413e-03  -1.957637071609e-01  -1.633032597601e-02   9.594320319593e-03  -7.056323289871e-01  -2.279150858521e-02   1.308875530958e-02  -1.041937351227e+00 
 -6.403249222785e-03   1.522324327379e-02  -1.084620356560e+00  -1.435422059149e-02   1.489169057459e-02  -1.073413491249e+00  -2.014395082369e-03   1.455261372030e-02  -1.077270627022e+00 
 -2.014395082369e-03   1.455261372030e-02  -1.077270627022e+00   0.000000000000e+00  -4.337450489402e-03  -5.682355165482e-02   0.000000000000e+00  -4.337450489402e-03  -5.682355165482e-02 
  4.110367968678e-03  -4.440561402589e-03  -5.139265209436e-02  -6.335815414786e-03  -6.038296967745e-03  -2.001291662455e-01  -1.557621359825e-02  -7.696384564042e-03  -7.004656791687e-01 
 -2.044305764139e-02  -3.975214902312e-03  -1.044492959976e+00  -3.696817904711e-03   3.512240946293e-04  -1.099064350128e+00  -1.342884171754e-02   1.229992369190e-03  -1.090862035751e+00 
 -1.998764229938e-03   1.100472058170e-03  -1.085150241852e+00  -1.998764229938e-03   1.100472058170e-03  -1.085150241852e+00   0.000000000000e+00   0.000000000000e+00  -6.154045835137e-02 
  0.000000000000e+00   0.000000000000e+00  -6.154045835137e-02   1.417062128894e-03   0.000000000000e+00  -5.716909840703e-02  -9.061972610652e-03  -1.842054841994e-10  -2.088317722082e-01 
 -1.822706125677e-02  -3.914143320571e-08  -7.048693299294e-01  -2.046565711498e-02  -2.520856980937e-07  -1.044143676758e+00  -1.156335812993e-03   4.522717489408e-08  -1.102001190186e+00 
 -1.118980627507e-02   2.140080681556e-07  -1.097135782242e+00   3.280160890426e-04   1.913403906428e-07  -1.094292759895e+00   3.280160890426e-04   1.913403906428e-07  -1.094292759895e+00 
  0.000000000000e+00   0.000000000000e+00  -6.154045835137e-02   0.000000000000e+00   0.000000000000e+00  -6.154045835137e-02   1.417062128894e-03   0.000000000000e+00  -5.716909840703e-02 
 -9.061972610652e-03  -1.842054841994e-10  -2.088317722082e-01  -1.822706125677e-02  -3.914143320571e-08  -7.048693299294e-01  -2.046565711498e-02  -2.520856980937e-07  -1.044143676758e+00 
 -1.156335812993e-03   4.522717489408e-08  -1.102001190186e+00  -1.118980627507e-02   2.140080681556e-07  -1.097135782242e+00   3.280160890426e-04   1.913403906428e-07  -1.094292759895e+00 
  3.280160890426e-04   1.913403906428e-07  -1.094292759895e+00 

