# vtk DataFile Version 2.0
Written using VisIt writer
ASCII
DATASET RECTILINEAR_GRID
DIMENSIONS 10 10 10
X_COORDINATES 10 float
  0.000000000000e+00   5.000000000000e-01   1.000000000000e+00   1.500000000000e+00   2.000000000000e+00   2.500000000000e+00   3.000000000000e+00   3.500000000000e+00   4.000000000000e+00 
  4.500000000000e+00 
Y_COORDINATES 10 float
  0.000000000000e+00   5.000000000000e-01   1.000000000000e+00   1.500000000000e+00   2.000000000000e+00   2.500000000000e+00   3.000000000000e+00   3.500000000000e+00   4.000000000000e+00 
  4.500000000000e+00 
Z_COORDINATES 10 float
  0.000000000000e+00   5.000000000000e-01   1.000000000000e+00   1.500000000000e+00   2.000000000000e+00   2.500000000000e+00   3.000000000000e+00   3.500000000000e+00   4.000000000000e+00 
  4.500000000000e+00 
CELL_DATA 729
POINT_DATA 1000
VECTORS velocity float
  0.000000000000e+00  -2.275115698576e-01  -5.090171694756e-01   6.409009434272e-10   2.330132531370e-09   2.665739184948e-09   2.685248091439e-06   6.409978658972e-10   6.235323368742e-10 
  8.023794740438e-02  -2.040359973907e-01  -4.849098026752e-01   6.700733301557e-10   8.142401683453e-13   1.357144891258e-19   6.337064206718e-10   1.724700808836e-07   6.410545982938e-10 
 -6.467304378748e-02  -2.297045737505e-01  -4.983763098717e-01   2.640485945449e-06   6.701442178958e-10   6.409694996989e-10   1.680083369138e-04   2.330132531370e-09   6.664347962371e-10 
 -1.580647379160e-01  -2.649627029896e-01  -6.218982934952e-01   0.000000000000e+00  -2.275115698576e-01  -5.090171694756e-01   6.409690556097e-10   8.142401683453e-13   1.356847106238e-19 
 -1.091148182750e-01  -2.437451332808e-01  -5.173611044884e-01   8.023794740438e-02  -2.040359973907e-01  -4.849098026752e-01   6.409689445874e-10   6.409690556097e-10   6.409690556097e-10 
 -7.951923459768e-02  -2.049524635077e-01  -4.340686202049e-01  -6.467304378748e-02  -2.297045737505e-01  -4.983763098717e-01   1.356847106238e-19   6.336922098171e-10   6.409690556097e-10 
 -1.580647379160e-01  -2.649627029896e-01  -6.218982934952e-01  -1.580647379160e-01  -2.649627029896e-01  -6.218982934952e-01   0.000000000000e+00  -5.678027402610e-03  -4.471797943115e-01 
  0.000000000000e+00  -5.678027402610e-03  -4.471797943115e-01  -1.541849225760e-01  -4.253788292408e-02  -5.348250269890e-01  -5.828856304288e-02  -7.719235122204e-02  -5.260633826256e-01 
 -7.877664268017e-02  -1.280996203423e-01  -7.530862092972e-01   9.266328811646e-02  -5.827414616942e-02  -5.434454679489e-01   3.543451428413e-02  -5.310345068574e-02  -5.298177599907e-01 
 -6.577251851559e-02  -6.374397128820e-02  -4.430246055126e-01  -1.038588508964e-01  -7.626457512379e-02  -5.233137607574e-01  -1.038588508964e-01  -7.626457512379e-02  -5.233137607574e-01 
  0.000000000000e+00   5.732075124979e-02  -4.029992222786e-01   0.000000000000e+00   5.732075124979e-02  -4.029992222786e-01  -1.072321981192e-01   1.684246510267e-01  -5.048220753670e-01 
 -5.120646953583e-02   1.310367584229e-01  -3.652588129044e-01  -1.109479367733e-01   1.225510612130e-01  -4.093124568462e-01  -1.492560375482e-02   1.217065900564e-01  -4.995144009590e-01 
 -5.544821545482e-02   5.188683420420e-02  -6.762926578522e-01   3.662357479334e-02   6.669786572456e-02  -4.789972305298e-01  -2.801600471139e-02   2.412048727274e-02  -5.605418682098e-01 
 -2.801600471139e-02   2.412048727274e-02  -5.605418682098e-01   0.000000000000e+00   2.976972237229e-02  -5.468401312828e-01   0.000000000000e+00   2.976972237229e-02  -5.468401312828e-01 
 -1.613286137581e-01  -9.774205274880e-03  -8.065143227577e-01   7.711960375309e-02  -3.581931442022e-02  -6.232346892357e-01   8.071876363829e-04   1.628213934600e-02  -6.036356687546e-01 
 -5.086340755224e-02  -1.558579038829e-02  -4.312252998352e-01  -8.925018459558e-02   5.864245817065e-02  -4.636816978455e-01  -6.111302226782e-02   4.870335757732e-02  -5.578686594963e-01 
 -1.264955699444e-01  -3.629897534847e-02  -7.923082113266e-01  -1.264955699444e-01  -3.629897534847e-02  -7.923082113266e-01   0.000000000000e+00  -2.851921133697e-02  -3.856717050076e-01 
  0.000000000000e+00  -2.851921133697e-02  -3.856717050076e-01  -1.825340986252e-01   3.844660520554e-02  -4.603821337223e-01  -3.085315600038e-02  -8.099907636642e-02  -6.348610520363e-01 
 -6.790018826723e-02  -2.374004386365e-02  -7.787402868271e-01   7.992634549737e-03  -4.622013866901e-02  -5.794557332993e-01  -4.591514007188e-04  -1.222450844944e-02  -5.512211322784e-01 
 -5.175236612558e-02  -4.657709226012e-02  -4.055702984333e-01  -8.247826248407e-02   1.469836570323e-02  -4.604360461235e-01  -8.247826248407e-02   1.469836570323e-02  -4.604360461235e-01 
  0.000000000000e+00  -8.203431963921e-02  -4.943720996380e-01   0.000000000000e+00  -8.203431963921e-02  -4.943720996380e-01  -1.160849183798e-01   1.026110649109e-01  -5.346024632454e-01 
 -4.849210754037e-02   1.191947907209e-01  -4.292531013489e-01  -1.067250445485e-01   1.141140088439e-01  -5.083762407303e-01  -1.332740783691e-01  -3.504811599851e-02  -6.934282779694e-01 
 -1.590448319912e-01  -2.498126588762e-02  -8.005940318108e-01   2.686109626666e-03  -1.848191581666e-02  -5.552728176117e-01  -2.859271876514e-02  -1.488880906254e-02  -5.782622098923e-01 
 -2.859271876514e-02  -1.488880906254e-02  -5.782622098923e-01   0.000000000000e+00  -1.291086971760e-01  -4.841394126415e-01   0.000000000000e+00  -1.291086971760e-01  -4.841394126415e-01 
 -1.602760255337e-01   3.547520190477e-02  -5.860593318939e-01   1.044115796685e-02   1.011053472757e-01  -4.788388609886e-01   1.908904500306e-02   9.994880855083e-02  -4.834458529949e-01 
 -5.348082631826e-02   6.621824949980e-02  -4.098935425282e-01  -9.347739070654e-02   2.605947665870e-02  -4.709654748440e-01  -9.015756100416e-02  -6.757281720638e-02  -5.804035663605e-01 
 -1.088313311338e-01  -9.469933807850e-02  -7.073457837105e-01  -1.088313311338e-01  -9.469933807850e-02  -7.073457837105e-01   0.000000000000e+00   0.000000000000e+00  -4.050445258617e-01 
  0.000000000000e+00   0.000000000000e+00  -4.050445258617e-01  -2.628027796745e-01   0.000000000000e+00  -4.776783585548e-01  -8.587387204170e-02   0.000000000000e+00  -5.341091156006e-01 
 -2.334303222597e-02   0.000000000000e+00  -7.041062116623e-01   6.608888506889e-02   0.000000000000e+00  -5.851337909698e-01   1.127340197563e-01   0.000000000000e+00  -4.542083442211e-01 
  4.096253588796e-02   0.000000000000e+00  -4.080706834793e-01   1.661418750882e-02   0.000000000000e+00  -4.052264690399e-01   1.661418750882e-02   0.000000000000e+00  -4.052264690399e-01 
  0.000000000000e+00   0.000000000000e+00  -4.050445258617e-01   0.000000000000e+00   0.000000000000e+00  -4.050445258617e-01  -2.628027796745e-01   0.000000000000e+00  -4.776783585548e-01 
 -8.587387204170e-02   0.000000000000e+00  -5.341091156006e-01  -2.334303222597e-02   0.000000000000e+00  -7.041062116623e-01   6.608888506889e-02   0.000000000000e+00  -5.851337909698e-01 
  1.127340197563e-01   0.000000000000e+00  -4.542083442211e-01   4.096253588796e-02   0.000000000000e+00  -4.080706834793e-01   1.661418750882e-02   0.000000000000e+00  -4.052264690399e-01 
  1.661418750882e-02   0.000000000000e+00  -4.052264690399e-01   0.000000000000e+00  -2.275115698576e-01  -5.090171694756e-01   0.000000000000e+00  -2.275115698576e-01  -5.090171694756e-01 
 -1.091148182750e-01  -2.437451332808e-01  -5.173611044884e-01   8.023794740438e-02  -2.040359973907e-01  -4.849098026752e-01  -2.340248040855e-02  -2.028030306101e-01  -4.747005999088e-01 
 -7.951923459768e-02  -2.049524635077e-01  -4.340686202049e-01  -6.467304378748e-02  -2.297045737505e-01  -4.983763098717e-01  -1.300181746483e-01  -2.430084794760e-01  -4.768138229847e-01 
 -1.580647379160e-01  -2.649627029896e-01  -6.218982934952e-01  -1.580647379160e-01  -2.649627029896e-01  -6.218982934952e-01   0.000000000000e+00  -2.275115698576e-01  -5.090171694756e-01 
  0.000000000000e+00  -2.275115698576e-01  -5.090171694756e-01  -1.091148182750e-01  -2.437451332808e-01  -5.173611044884e-01   8.023794740438e-02  -2.040359973907e-01  -4.849098026752e-01 
 -2.340248040855e-02  -2.028030306101e-01  -4.747005999088e-01  -7.951923459768e-02  -2.049524635077e-01  -4.340686202049e-01  -6.467304378748e-02  -2.297045737505e-01  -4.983763098717e-01 
 -1.300181746483e-01  -2.430084794760e-01  -4.768138229847e-01  -1.580647379160e-01  -2.649627029896e-01  -6.218982934952e-01  -1.580647379160e-01  -2.649627029896e-01  -6.218982934952e-01 
  0.000000000000e+00  -5.678027402610e-03  -4.471797943115e-01   0.000000000000e+00  -5.678027402610e-03  -4.471797943115e-01  -1.541849225760e-01  -4.253788292408e-02  -5.348250269890e-01 
 -5.828856304288e-02  -7.719235122204e-02  -5.260633826256e-01  -7.877664268017e-02  -1.280996203423e-01  -7.530862092972e-01   9.266328811646e-02  -5.827414616942e-02  -5.434454679489e-01 
  3.543451428413e-02  -5.310345068574e-02  -5.298177599907e-01  -6.577251851559e-02  -6.374397128820e-02  -4.430246055126e-01  -1.038588508964e-01  -7.626457512379e-02  -5.233137607574e-01 
 -1.038588508964e-01  -7.626457512379e-02  -5.233137607574e-01   0.000000000000e+00   5.732075124979e-02  -4.029992222786e-01   0.000000000000e+00   5.732075124979e-02  -4.029992222786e-01 
 -1.072321981192e-01   1.684246510267e-01  -5.048220753670e-01  -5.120646953583e-02   1.310367584229e-01  -3.652588129044e-01  -1.109479367733e-01   1.225510612130e-01  -4.093124568462e-01 
 -1.492560375482e-02   1.217065900564e-01  -4.995144009590e-01  -5.544821545482e-02   5.188683420420e-02  -6.762926578522e-01   3.662357479334e-02   6.669786572456e-02  -4.789972305298e-01 
 -2.801600471139e-02   2.412048727274e-02  -5.605418682098e-01  -2.801600471139e-02   2.412048727274e-02  -5.605418682098e-01   0.000000000000e+00   2.976972237229e-02  -5.468401312828e-01 
  0.000000000000e+00   2.976972237229e-02  -5.468401312828e-01  -1.613286137581e-01  -9.774205274880e-03  -8.065143227577e-01   7.711960375309e-02  -3.581931442022e-02  -6.232346892357e-01 
  8.071876363829e-04   1.628213934600e-02  -6.036356687546e-01  -5.086340755224e-02  -1.558579038829e-02  -4.312252998352e-01  -8.925018459558e-02   5.864245817065e-02  -4.636816978455e-01 
 -6.111302226782e-02   4.870335757732e-02  -5.578686594963e-01  -1.264955699444e-01  -3.629897534847e-02  -7.923082113266e-01  -1.264955699444e-01  -3.629897534847e-02  -7.923082113266e-01 
  0.000000000000e+00  -2.851921133697e-02  -3.856717050076e-01   0.000000000000e+00  -2.851921133697e-02  -3.856717050076e-01  -1.825340986252e-01   3.844660520554e-02  -4.603821337223e-01 
 -3.085315600038e-02  -8.099907636642e-02  -6.348610520363e-01  -6.790018826723e-02  -2.374004386365e-02  -7.787402868271e-01   7.992634549737e-03  -4.622013866901e-02  -5.794557332993e-01 
 -4.591514007188e-04  -1.222450844944e-02  -5.512211322784e-01  -5.175236612558e-02  -4.657709226012e-02  -4.055702984333e-01  -8.247826248407e-02   1.469836570323e-02  -4.604360461235e-01 
 -8.247826248407e-02   1.469836570323e-02  -4.604360461235e-01   0.000000000000e+00  -8.203431963921e-02  -4.943720996380e-01   0.000000000000e+00  -8.203431963921e-02  -4.943720996380e-01 
 -1.160849183798e-01   1.026110649109e-01  -5.346024632454e-01  -4.849210754037e-02   1.191947907209e-01  -4.292531013489e-01  -1.067250445485e-01   1.141140088439e-01  -5.083762407303e-01 
 -1.332740783691e-01  -3.504811599851e-02  -6.934282779694e-01  -1.590448319912e-01  -2.498126588762e-02  -8.005940318108e-01   2.686109626666e-03  -1.848191581666e-02  -5.552728176117e-01 
 -2.859271876514e-02  -1.488880906254e-02  -5.782622098923e-01  -2.859271876514e-02  -1.488880906254e-02  -5.782622098923e-01   0.000000000000e+00  -1.291086971760e-01  -4.841394126415e-01 
  0.000000000000e+00  -1.291086971760e-01  -4.841394126415e-01  -1.602760255337e-01   3.547520190477e-02  -5.860593318939e-01   1.044115796685e-02   1.011053472757e-01  -4.788388609886e-01 
  1.908904500306e-02   9.994880855083e-02  -4.834458529949e-01  -5.348082631826e-02   6.621824949980e-02  -4.098935425282e-01  -9.347739070654e-02   2.605947665870e-02  -4.709654748440e-01 
 -9.015756100416e-02  -6.757281720638e-02  -5.804035663605e-01  -1.088313311338e-01  -9.469933807850e-02  -7.073457837105e-01  -1.088313311338e-01  -9.469933807850e-02  -7.073457837105e-01 
  0.000000000000e+00   0.000000000000e+00  -4.050445258617e-01   0.000000000000e+00   0.000000000000e+00  -4.050445258617e-01  -2.628027796745e-01   0.000000000000e+00  -4.776783585548e-01 
 -8.587387204170e-02   0.000000000000e+00  -5.341091156006e-01  -2.334303222597e-02   0.000000000000e+00  -7.041062116623e-01   6.608888506889e-02   0.000000000000e+00  -5.851337909698e-01 
  1.127340197563e-01   0.000000000000e+00  -4.542083442211e-01   4.096253588796e-02   0.000000000000e+00  -4.080706834793e-01   1.661418750882e-02   0.000000000000e+00  -4.052264690399e-01 
  1.661418750882e-02   0.000000000000e+00  -4.052264690399e-01   0.000000000000e+00   0.000000000000e+00  -4.050445258617e-01   0.000000000000e+00   0.000000000000e+00  -4.050445258617e-01 
 -2.628027796745e-01   0.000000000000e+00  -4.776783585548e-01  -8.587387204170e-02   0.000000000000e+00  -5.341091156006e-01  -2.334303222597e-02   0.000000000000e+00  -7.041062116623e-01 
  6.608888506889e-02   0.000000000000e+00  -5.851337909698e-01   1.127340197563e-01   0.000000000000e+00  -4.542083442211e-01   4.096253588796e-02   0.000000000000e+00  -4.080706834793e-01 
  1.661418750882e-02   0.000000000000e+00  -4.052264690399e-01   1.661418750882e-02   0.000000000000e+00  -4.052264690399e-01   0.000000000000e+00  -2.845480740070e-01  -8.903856277466e-01 
  0.000000000000e+00  -2.845480740070e-01  -8.903856277466e-01  -1.467644423246e-01  -2.969676852226e-01  -9.628064036369e-01  -3.573969379067e-02  -2.841553986073e-01  -1.077573895454e+00 
 -4.753984883428e-02  -2.899245917797e-01  -1.107169985771e+00  -5.195603892207e-02  -2.973866462708e-01  -1.140736341476e+00  -5.700196325779e-02  -3.059186041355e-01  -1.069727063179e+00 
 -4.198385775089e-02  -3.121260106564e-01  -1.008070468903e+00  -3.089851513505e-02  -3.112409710884e-01  -9.064331054688e-01  -3.089851513505e-02  -3.112409710884e-01  -9.064331054688e-01 
  0.000000000000e+00  -2.845480740070e-01  -8.903856277466e-01   0.000000000000e+00  -2.845480740070e-01  -8.903856277466e-01  -1.467644423246e-01  -2.969676852226e-01  -9.628064036369e-01 
 -3.573969379067e-02  -2.841553986073e-01  -1.077573895454e+00  -4.753984883428e-02  -2.899245917797e-01  -1.107169985771e+00  -5.195603892207e-02  -2.973866462708e-01  -1.140736341476e+00 
 -5.700196325779e-02  -3.059186041355e-01  -1.069727063179e+00  -4.198385775089e-02  -3.121260106564e-01  -1.008070468903e+00  -3.089851513505e-02  -3.112409710884e-01  -9.064331054688e-01 
 -3.089851513505e-02  -3.112409710884e-01  -9.064331054688e-01   0.000000000000e+00  -4.688082262874e-02  -1.069715619087e+00   0.000000000000e+00  -4.688082262874e-02  -1.069715619087e+00 
 -1.558736711740e-01  -5.558093637228e-02  -1.033274888992e+00  -3.855690732598e-02  -5.608006566763e-02  -1.034374952316e+00  -4.893142357469e-02  -5.616541206837e-02  -9.705575704575e-01 
 -5.284026637673e-02  -6.337919086218e-02  -1.103219747543e+00  -3.788468241692e-02  -6.887677311897e-02  -1.146612405777e+00  -2.896999008954e-02  -7.678152620792e-02  -1.152017354965e+00 
 -2.132123149931e-02  -7.996515184641e-02  -1.116724014282e+00  -2.132123149931e-02  -7.996515184641e-02  -1.116724014282e+00   0.000000000000e+00   9.483254700899e-02  -9.967349767685e-01 
  0.000000000000e+00   9.483254700899e-02  -9.967349767685e-01  -1.476421654224e-01   9.716099500656e-02  -9.681015014648e-01  -4.863202944398e-02   6.764122843742e-02  -1.121737599373e+00 
 -5.564660951495e-02   6.965146213770e-02  -1.153989315033e+00  -4.790489748120e-02   9.572200477123e-02  -1.116374492645e+00  -3.820066154003e-02   9.789362549782e-02  -9.247742891312e-01 
 -2.564291656017e-02   1.341154575348e-01  -1.044713020325e+00  -1.952227018774e-02   1.410175263882e-01  -1.045385956764e+00  -1.952227018774e-02   1.410175263882e-01  -1.045385956764e+00 
  0.000000000000e+00   3.450626134872e-02  -8.990984559059e-01   0.000000000000e+00   3.450626134872e-02  -8.990984559059e-01  -1.422828286886e-01   3.435226902366e-02  -7.767085433006e-01 
 -4.905412718654e-02   4.039497673512e-02  -1.047926187515e+00  -5.604073405266e-02   3.443922847509e-02  -1.114461421967e+00  -4.413026943803e-02   3.215888515115e-02  -1.152971386909e+00 
 -4.206011071801e-02   3.128202632070e-02  -1.122131466866e+00  -3.170188143849e-02   3.516724705696e-02  -1.057013630867e+00  -3.265161439776e-02   2.797050774097e-02  -8.535434007645e-01 
 -3.265161439776e-02   2.797050774097e-02  -8.535434007645e-01   0.000000000000e+00  -3.213984146714e-02  -1.113402724266e+00   0.000000000000e+00  -3.213984146714e-02  -1.113402724266e+00 
 -1.513946950436e-01  -3.495550528169e-02  -1.096399545670e+00  -4.292342439294e-02  -3.730388358235e-02  -1.092197179794e+00  -6.080694869161e-02  -4.516931250691e-02  -9.042338132858e-01 
 -3.562217205763e-02  -4.011410847306e-02  -1.048255205154e+00  -3.619931265712e-02  -2.656377293169e-02  -1.108189582825e+00  -2.527184225619e-02  -2.482589334249e-02  -1.143080353737e+00 
 -2.376606129110e-02  -2.231999300420e-02  -1.089344620705e+00  -2.376606129110e-02  -2.231999300420e-02  -1.089344620705e+00   0.000000000000e+00   1.469119079411e-02  -9.654279947281e-01 
  0.000000000000e+00   1.469119079411e-02  -9.654279947281e-01  -1.418786346912e-01   2.222990430892e-02  -1.036750912666e+00  -3.452549502254e-02   2.572720125318e-02  -1.175948023796e+00 
 -5.706528946757e-02   3.276579454541e-02  -1.138250946999e+00  -4.440466314554e-02   2.978763170540e-02  -1.047466635704e+00  -5.109449103475e-02   2.159627899528e-02  -9.405689835548e-01 
 -2.985607646406e-02   1.481479592621e-02  -1.056689858437e+00  -1.514813676476e-02   2.067995816469e-02  -1.013891935349e+00  -1.514813676476e-02   2.067995816469e-02  -1.013891935349e+00 
  0.000000000000e+00  -3.676779940724e-02  -8.293267488480e-01   0.000000000000e+00  -3.676779940724e-02  -8.293267488480e-01  -1.489953547716e-01  -3.852910920978e-02  -8.188247680664e-01 
 -2.618201263249e-02  -2.624273113906e-02  -1.073374390602e+00  -3.253370523453e-02   1.158306142315e-03  -1.130715608597e+00  -3.380400687456e-02   2.738574752584e-03  -1.191177010536e+00 
 -5.294770374894e-02  -4.544124007225e-03  -1.170476317406e+00  -3.022112138569e-02  -1.086525712162e-02  -1.066109776497e+00  -3.728261915967e-03  -4.957055673003e-03  -8.747256994247e-01 
 -3.728261915967e-03  -4.957055673003e-03  -8.747256994247e-01   0.000000000000e+00   0.000000000000e+00  -9.297469258308e-01   0.000000000000e+00   0.000000000000e+00  -9.297469258308e-01 
 -1.625147312880e-01   0.000000000000e+00  -9.164258241653e-01  -4.771885275841e-02   0.000000000000e+00  -9.421699047089e-01  -2.598222903907e-02   0.000000000000e+00  -8.192650675774e-01 
 -1.346379704773e-02   0.000000000000e+00  -1.123515725136e+00  -5.509490519762e-02   0.000000000000e+00  -1.263378977776e+00  -2.609248645604e-02   0.000000000000e+00  -1.248067736626e+00 
 -7.429159712046e-03   0.000000000000e+00  -1.193653821945e+00  -7.429159712046e-03   0.000000000000e+00  -1.193653821945e+00   0.000000000000e+00   0.000000000000e+00  -9.297469258308e-01 
  0.000000000000e+00   0.000000000000e+00  -9.297469258308e-01  -1.625147312880e-01   0.000000000000e+00  -9.164258241653e-01  -4.771885275841e-02   0.000000000000e+00  -9.421699047089e-01 
 -2.598222903907e-02   0.000000000000e+00  -8.192650675774e-01  -1.346379704773e-02   0.000000000000e+00  -1.123515725136e+00  -5.509490519762e-02   0.000000000000e+00  -1.263378977776e+00 
 -2.609248645604e-02   0.000000000000e+00  -1.248067736626e+00  -7.429159712046e-03   0.000000000000e+00  -1.193653821945e+00  -7.429159712046e-03   0.000000000000e+00  -1.193653821945e+00 
  0.000000000000e+00  -2.206022292376e-01  -9.444689750671e-01   0.000000000000e+00  -2.206022292376e-01  -9.444689750671e-01  -1.213494837284e-01  -2.346343547106e-01  -9.939787387848e-01 
 -4.741796106100e-02  -2.304914593697e-01  -1.012971162796e+00  -4.143548756838e-02  -2.350037842989e-01  -1.001889705658e+00  -3.810580447316e-02  -2.398596405983e-01  -9.852494001389e-01 
 -3.499569371343e-02  -2.473836839199e-01  -9.829999804497e-01  -3.204463049769e-02  -2.545192241669e-01  -9.742331504822e-01  -1.752332039177e-02  -2.590309977531e-01  -9.667274355888e-01 
 -1.752332039177e-02  -2.590309977531e-01  -9.667274355888e-01   0.000000000000e+00  -2.206022292376e-01  -9.444689750671e-01   0.000000000000e+00  -2.206022292376e-01  -9.444689750671e-01 
 -1.213494837284e-01  -2.346343547106e-01  -9.939787387848e-01  -4.741796106100e-02  -2.304914593697e-01  -1.012971162796e+00  -4.143548756838e-02  -2.350037842989e-01  -1.001889705658e+00 
 -3.810580447316e-02  -2.398596405983e-01  -9.852494001389e-01  -3.499569371343e-02  -2.473836839199e-01  -9.829999804497e-01  -3.204463049769e-02  -2.545192241669e-01  -9.742331504822e-01 
 -1.752332039177e-02  -2.590309977531e-01  -9.667274355888e-01  -1.752332039177e-02  -2.590309977531e-01  -9.667274355888e-01   0.000000000000e+00  -1.260560099036e-02  -8.406416177750e-01 
  0.000000000000e+00  -1.260560099036e-02  -8.406416177750e-01  -1.309609264135e-01  -6.213768851012e-03  -9.687373638153e-01  -5.514631792903e-02  -8.106446824968e-03  -1.011637806892e+00 
 -4.367598146200e-02  -1.037362031639e-02  -1.010414838791e+00  -3.530928492546e-02  -1.585804484785e-02  -9.918567538261e-01  -2.784626372159e-02  -1.777372695506e-02  -9.811217188835e-01 
 -1.995876058936e-02  -1.340644061565e-02  -9.690433144569e-01  -1.096278615296e-02  -1.272225193679e-02  -9.632352590561e-01  -1.096278615296e-02  -1.272225193679e-02  -9.632352590561e-01 
  0.000000000000e+00   2.698830701411e-02  -7.790604233742e-01   0.000000000000e+00   2.698830701411e-02  -7.790604233742e-01  -1.308485865593e-01   1.940386742353e-02  -9.088937044144e-01 
 -4.433218762279e-02   3.597838431597e-02  -9.944164156914e-01  -3.919178619981e-02   3.943879529834e-02  -9.875146150589e-01  -4.362582042813e-02   2.536427043378e-02  -9.902293086052e-01 
 -3.820901364088e-02   2.512244880199e-02  -9.489871859550e-01  -1.879213564098e-02   3.370838984847e-02  -9.717687368393e-01  -1.831150054932e-02   3.468178585172e-02  -9.770613908768e-01 
 -1.831150054932e-02   3.468178585172e-02  -9.770613908768e-01   0.000000000000e+00   4.677397385240e-02  -6.849922537804e-01   0.000000000000e+00   4.677397385240e-02  -6.849922537804e-01 
 -1.271028667688e-01   4.421757534146e-02  -8.596104383469e-01  -4.550099372864e-02   4.103858023882e-02  -9.869378805161e-01  -4.297929629683e-02   3.891497105360e-02  -9.860357642174e-01 
 -3.232520818710e-02   5.183232575655e-02  -9.767782688141e-01  -2.951687201858e-02   5.984217301011e-02  -9.673941135406e-01  -3.174467012286e-02   4.873239621520e-02  -9.710078835487e-01 
 -2.794391475618e-02   3.983638808131e-02  -9.271379113197e-01  -2.794391475618e-02   3.983638808131e-02  -9.271379113197e-01   0.000000000000e+00  -2.650570496917e-02  -7.780104279518e-01 
  0.000000000000e+00  -2.650570496917e-02  -7.780104279518e-01  -1.238152906299e-01  -2.447057142854e-02  -9.294663667679e-01  -6.118932738900e-02  -4.074715450406e-02  -1.006135702133e+00 
 -5.311824008822e-02  -4.998895153403e-02  -9.336231350899e-01  -3.054812178016e-02  -4.556263610721e-02  -9.729397892952e-01  -2.657583169639e-02  -3.972842916846e-02  -9.751335978508e-01 
 -1.912257447839e-02  -2.501083910465e-02  -9.631218314171e-01  -1.227666810155e-02  -9.407537989318e-03  -9.610989093781e-01  -1.227666810155e-02  -9.407537989318e-03  -9.610989093781e-01 
  0.000000000000e+00  -7.146025076509e-03  -8.177632689476e-01   0.000000000000e+00  -7.146025076509e-03  -8.177632689476e-01  -1.145085170865e-01   8.152324706316e-03  -9.416184425354e-01 
 -3.945079445839e-02   2.512743137777e-02  -9.999232888222e-01  -3.951748088002e-02   3.524976968765e-02  -9.996054172516e-01  -4.296193271875e-02   2.551533654332e-02  -1.000807523727e+00 
 -3.489137440920e-02   1.842576824129e-02  -9.673346877098e-01  -2.373886108398e-02   1.448590587825e-02  -9.671542048454e-01  -2.383033186197e-02   9.333283640444e-03  -9.708313941956e-01 
 -2.383033186197e-02   9.333283640444e-03  -9.708313941956e-01   0.000000000000e+00  -2.969161234796e-02  -7.619535326958e-01   0.000000000000e+00  -2.969161234796e-02  -7.619535326958e-01 
 -1.235830858350e-01  -3.489445522428e-02  -8.981682062149e-01  -3.791254386306e-02  -2.415535040200e-02  -9.903271198273e-01  -3.001747094095e-02  -9.723982773721e-03  -1.004687547684e+00 
 -1.751865446568e-02   8.454740047455e-03  -9.967277050018e-01  -2.616987004876e-02   1.344897970557e-02  -9.851761460304e-01  -3.530884161592e-02   1.111895195208e-03  -9.715610146523e-01 
 -2.874431572855e-02  -5.481708794832e-03  -9.159214496613e-01  -2.874431572855e-02  -5.481708794832e-03  -9.159214496613e-01   0.000000000000e+00   0.000000000000e+00  -8.383422493935e-01 
  0.000000000000e+00   0.000000000000e+00  -8.383422493935e-01  -1.328658610582e-01   0.000000000000e+00  -9.642388820648e-01  -6.609882414341e-02   0.000000000000e+00  -1.012791752815e+00 
 -3.559706732631e-02   0.000000000000e+00  -9.689778089523e-01   1.061192527413e-02   0.000000000000e+00  -9.620023965836e-01  -1.940817385912e-02   0.000000000000e+00  -1.002304673195e+00 
 -2.915043756366e-02   0.000000000000e+00  -9.965949058533e-01  -1.104127243161e-02   0.000000000000e+00  -9.551866054535e-01  -1.104127243161e-02   0.000000000000e+00  -9.551866054535e-01 
  0.000000000000e+00   0.000000000000e+00  -8.383422493935e-01   0.000000000000e+00   0.000000000000e+00  -8.383422493935e-01  -1.328658610582e-01   0.000000000000e+00  -9.642388820648e-01 
 -6.609882414341e-02   0.000000000000e+00  -1.012791752815e+00  -3.559706732631e-02   0.000000000000e+00  -9.689778089523e-01   1.061192527413e-02   0.000000000000e+00  -9.620023965836e-01 
 -1.940817385912e-02   0.000000000000e+00  -1.002304673195e+00  -2.915043756366e-02   0.000000000000e+00  -9.965949058533e-01  -1.104127243161e-02   0.000000000000e+00  -9.551866054535e-01 
 -1.104127243161e-02   0.000000000000e+00  -9.551866054535e-01   0.000000000000e+00  -1.177939847112e-01  -3.882311582565e-01   0.000000000000e+00  -1.177939847112e-01  -3.882311582565e-01 
 -8.899653702974e-02  -1.463282704353e-01  -7.755216360092e-01  -6.391387432814e-02  -1.648043692112e-01  -1.028317332268e+00  -3.411699458957e-02  -1.734032481909e-01  -1.020049214363e+00 
 -3.637167066336e-02  -1.807769685984e-01  -1.014876127243e+00  -2.060445956886e-02  -1.849833428860e-01  -1.003765940666e+00  -1.907505653799e-02  -1.894617825747e-01  -9.906905889511e-01 
 -9.138414636254e-03  -1.918407231569e-01  -9.814741611481e-01  -9.138414636254e-03  -1.918407231569e-01  -9.814741611481e-01   0.000000000000e+00  -1.177939847112e-01  -3.882311582565e-01 
  0.000000000000e+00  -1.177939847112e-01  -3.882311582565e-01  -8.899653702974e-02  -1.463282704353e-01  -7.755216360092e-01  -6.391387432814e-02  -1.648043692112e-01  -1.028317332268e+00 
 -3.411699458957e-02  -1.734032481909e-01  -1.020049214363e+00  -3.637167066336e-02  -1.807769685984e-01  -1.014876127243e+00  -2.060445956886e-02  -1.849833428860e-01  -1.003765940666e+00 
 -1.907505653799e-02  -1.894617825747e-01  -9.906905889511e-01  -9.138414636254e-03  -1.918407231569e-01  -9.814741611481e-01  -9.138414636254e-03  -1.918407231569e-01  -9.814741611481e-01 
  0.000000000000e+00  -1.475342578487e-04  -4.492306709290e-01   0.000000000000e+00  -1.475342578487e-04  -4.492306709290e-01  -8.266808837652e-02   4.467463493347e-02  -8.170760869980e-01 
 -6.182091683149e-02   4.675150290132e-02  -1.022842407227e+00  -3.288325667381e-02   4.751390591264e-02  -1.009878754616e+00  -3.783153742552e-02   4.610390216112e-02  -1.007585644722e+00 
 -2.033861912787e-02   4.368272423744e-02  -1.001245975494e+00  -1.680082082748e-02   4.331839457154e-02  -9.953150749207e-01  -8.135668002069e-03   4.361433163285e-02  -9.917892217636e-01 
 -8.135668002069e-03   4.361433163285e-02  -9.917892217636e-01   0.000000000000e+00  -1.958123873919e-03  -3.816370368004e-01   0.000000000000e+00  -1.958123873919e-03  -3.816370368004e-01 
 -8.351562917233e-02  -3.123224340379e-02  -7.764107584953e-01  -5.960933491588e-02  -2.476724050939e-02  -1.013717293739e+00  -3.015759028494e-02  -2.133163250983e-02  -1.005718946457e+00 
 -3.548031672835e-02  -2.573191002011e-02  -9.988709092140e-01  -2.351282164454e-02  -2.493945136666e-02  -9.871706366539e-01  -1.640399917960e-02  -1.913342811167e-02  -9.821303486824e-01 
 -8.204571902752e-03  -1.726054400206e-02  -9.748860597610e-01  -8.204571902752e-03  -1.726054400206e-02  -9.748860597610e-01   0.000000000000e+00   4.017626121640e-02  -5.006713271141e-01 
  0.000000000000e+00   4.017626121640e-02  -5.006713271141e-01  -7.737234234810e-02   3.952178731561e-02  -8.133664727211e-01  -5.730199441314e-02   4.231993108988e-02  -1.015027284622e+00 
 -3.108038753271e-02   4.241278022528e-02  -1.009883165359e+00  -3.248317912221e-02   4.546529054642e-02  -1.004402995110e+00  -1.969276741147e-02   4.898161813617e-02  -9.970622062683e-01 
 -1.789872907102e-02   4.825840517879e-02  -9.857611656189e-01  -1.080750674009e-02   4.577313736081e-02  -9.720133543015e-01  -1.080750674009e-02   4.577313736081e-02  -9.720133543015e-01 
  0.000000000000e+00  -2.255241759121e-02  -3.135977983475e-01   0.000000000000e+00  -2.255241759121e-02  -3.135977983475e-01  -7.745122909546e-02  -3.122700192034e-02  -7.702116370201e-01 
 -6.077959388494e-02  -3.419375419617e-02  -1.019944787025e+00  -3.499561548233e-02  -3.666042163968e-02  -1.000478506088e+00  -3.245299309492e-02  -3.450032323599e-02  -9.938404560089e-01 
 -1.978387683630e-02  -3.239077329636e-02  -9.875727891922e-01  -1.747038215399e-02  -2.856668829918e-02  -9.832310676575e-01  -7.083998993039e-03  -2.421373501420e-02  -9.785530567169e-01 
 -7.083998993039e-03  -2.421373501420e-02  -9.785530567169e-01   0.000000000000e+00   7.258971221745e-03  -3.924000263214e-01   0.000000000000e+00   7.258971221745e-03  -3.924000263214e-01 
 -8.028928190470e-02   1.285124383867e-02  -7.829880714417e-01  -5.851693078876e-02   1.428485754877e-02  -1.020006060600e+00  -2.832924388349e-02   1.935026235878e-02  -1.014955759048e+00 
 -3.429361432791e-02   1.781184598804e-02  -1.005423665047e+00  -2.336680330336e-02   1.470897719264e-02  -9.942108988762e-01  -1.993981935084e-02   1.276103407145e-02  -9.875435829163e-01 
 -7.958803325891e-03   1.221007201821e-02  -9.684201478958e-01  -7.958803325891e-03   1.221007201821e-02  -9.684201478958e-01   0.000000000000e+00  -2.088762819767e-02  -4.242743849754e-01 
  0.000000000000e+00  -2.088762819767e-02  -4.242743849754e-01  -8.061336725950e-02  -1.561976969242e-02  -7.857931852341e-01  -5.705670267344e-02  -1.134521327913e-02  -1.003625988960e+00 
 -2.314303442836e-02  -3.651622217149e-03  -1.001049399376e+00  -2.887642197311e-02   1.813669339754e-03  -1.003717064857e+00  -1.742167025805e-02   5.214675329626e-03  -1.001163363457e+00 
 -2.137628942728e-02   4.007953684777e-03  -9.885647296906e-01  -1.177121512592e-02   1.485733897425e-03  -9.623457193375e-01  -1.177121512592e-02   1.485733897425e-03  -9.623457193375e-01 
  0.000000000000e+00   0.000000000000e+00  -3.602769374847e-01   0.000000000000e+00   0.000000000000e+00  -3.602769374847e-01  -8.519157767296e-02   0.000000000000e+00  -7.838478684425e-01 
 -6.311537325382e-02   0.000000000000e+00  -1.005598068237e+00  -2.732328884304e-02   0.000000000000e+00  -9.804728031158e-01  -2.495080791414e-02   0.000000000000e+00  -9.888608455658e-01 
 -1.094456762075e-02   0.000000000000e+00  -1.003046751022e+00  -2.024793438613e-02   0.000000000000e+00  -9.967817664146e-01  -1.151343621314e-02   0.000000000000e+00  -9.945834875107e-01 
 -1.151343621314e-02   0.000000000000e+00  -9.945834875107e-01   0.000000000000e+00   0.000000000000e+00  -3.602769374847e-01   0.000000000000e+00   0.000000000000e+00  -3.602769374847e-01 
 -8.519157767296e-02   0.000000000000e+00  -7.838478684425e-01  -6.311537325382e-02   0.000000000000e+00  -1.005598068237e+00  -2.732328884304e-02   0.000000000000e+00  -9.804728031158e-01 
 -2.495080791414e-02   0.000000000000e+00  -9.888608455658e-01  -1.094456762075e-02   0.000000000000e+00  -1.003046751022e+00  -2.024793438613e-02   0.000000000000e+00  -9.967817664146e-01 
 -1.151343621314e-02   0.000000000000e+00  -9.945834875107e-01  -1.151343621314e-02   0.000000000000e+00  -9.945834875107e-01   0.000000000000e+00  -9.387238323689e-02  -4.481332600117e-01 
  0.000000000000e+00  -9.387238323689e-02  -4.481332600117e-01  -4.161052405834e-02  -1.147165745497e-01  -8.179172277451e-01  -4.264485090971e-02  -1.304607540369e-01  -1.058428287506e+00 
 -1.892706193030e-02  -1.357205510139e-01  -1.042808175087e+00  -2.637440897524e-02  -1.420924514532e-01  -1.030109643936e+00  -1.047341059893e-02  -1.444708257914e-01  -1.019063115120e+00 
 -1.175990421325e-02  -1.476233750582e-01  -1.010009527206e+00  -3.602540353313e-03  -1.487344801426e-01  -1.003381490707e+00  -3.602540353313e-03  -1.487344801426e-01  -1.003381490707e+00 
  0.000000000000e+00  -9.387238323689e-02  -4.481332600117e-01   0.000000000000e+00  -9.387238323689e-02  -4.481332600117e-01  -4.161052405834e-02  -1.147165745497e-01  -8.179172277451e-01 
 -4.264485090971e-02  -1.304607540369e-01  -1.058428287506e+00  -1.892706193030e-02  -1.357205510139e-01  -1.042808175087e+00  -2.637440897524e-02  -1.420924514532e-01  -1.030109643936e+00 
 -1.047341059893e-02  -1.444708257914e-01  -1.019063115120e+00  -1.175990421325e-02  -1.476233750582e-01  -1.010009527206e+00  -3.602540353313e-03  -1.487344801426e-01  -1.003381490707e+00 
 -3.602540353313e-03  -1.487344801426e-01  -1.003381490707e+00   0.000000000000e+00   4.854393750429e-02  -4.518502652645e-01   0.000000000000e+00   4.854393750429e-02  -4.518502652645e-01 
 -4.428467527032e-02   9.168135374784e-02  -8.221969008446e-01  -4.634043946862e-02   9.082025289536e-02  -1.057383298874e+00  -1.744134351611e-02   9.096374362707e-02  -1.041939020157e+00 
 -2.760000899434e-02   9.159994125366e-02  -1.029911279678e+00  -1.050224155188e-02   9.241884946823e-02  -1.019046068192e+00  -1.096018031240e-02   9.345885366201e-02  -1.010934472084e+00 
 -3.045756136999e-03   9.389635175467e-02  -1.005008459091e+00  -3.045756136999e-03   9.389635175467e-02  -1.005008459091e+00   0.000000000000e+00  -3.398350253701e-02  -4.570815265179e-01 
  0.000000000000e+00  -3.398350253701e-02  -4.570815265179e-01  -4.208612069488e-02  -5.698062106967e-02  -8.068235516548e-01  -4.518171027303e-02  -5.375005677342e-02  -1.026755809784e+00 
 -1.490504015237e-02  -5.354021489620e-02  -1.011081457138e+00  -2.746398746967e-02  -5.201099440455e-02  -1.000650167465e+00  -1.057485118508e-02  -5.066384747624e-02  -9.888367652893e-01 
 -1.160821970552e-02  -4.967266321182e-02  -9.815298318863e-01  -3.372351871803e-03  -4.939385503531e-02  -9.757982492447e-01  -3.372351871803e-03  -4.939385503531e-02  -9.757982492447e-01 
  0.000000000000e+00   4.047807306051e-02  -4.161177575588e-01   0.000000000000e+00   4.047807306051e-02  -4.161177575588e-01  -4.300376400352e-02   3.202412277460e-02  -7.805123925209e-01 
 -4.391409829259e-02   3.232087194920e-02  -1.042971014977e+00  -1.710114814341e-02   3.138991072774e-02  -1.027664542198e+00  -2.574690990150e-02   3.298436477780e-02  -1.018146514893e+00 
 -1.033248938620e-02   3.358003124595e-02  -1.008689999580e+00  -1.147575397044e-02   3.373420611024e-02  -1.001083850861e+00  -3.727902192622e-03   3.340969979763e-02  -9.934210181236e-01 
 -3.727902192622e-03   3.340969979763e-02  -9.934210181236e-01   0.000000000000e+00  -3.113014809787e-02  -4.289653897285e-01   0.000000000000e+00  -3.113014809787e-02  -4.289653897285e-01 
 -3.471921756864e-02  -2.616087906063e-02  -7.971243858337e-01  -4.301400855184e-02  -2.440733090043e-02  -1.037190437317e+00  -1.705903932452e-02  -2.196839265525e-02  -1.018838167191e+00 
 -2.529760450125e-02  -2.000407129526e-02  -1.008877158165e+00  -1.024402212352e-02  -1.921998336911e-02  -9.990206956863e-01  -1.151180919260e-02  -1.902976445854e-02  -9.912278056145e-01 
 -3.837672527879e-03  -1.911887340248e-02  -9.861165285110e-01  -3.837672527879e-03  -1.911887340248e-02  -9.861165285110e-01   0.000000000000e+00   1.099289488047e-02  -4.641886055470e-01 
  0.000000000000e+00   1.099289488047e-02  -4.641886055470e-01  -3.978426754475e-02   7.635212969035e-03  -8.131396174431e-01  -4.334994778037e-02   7.076079957187e-03  -1.043884396553e+00 
 -1.629603840411e-02   7.590111345053e-03  -1.030724048615e+00  -2.461078204215e-02   7.934710010886e-03  -1.020735383034e+00  -1.022194698453e-02   7.809965405613e-03  -1.008428812027e+00 
 -1.198756322265e-02   7.345622405410e-03  -9.985754489899e-01  -5.155678372830e-03   6.380336824805e-03  -9.930881261826e-01  -5.155678372830e-03   6.380336824805e-03  -9.930881261826e-01 
  0.000000000000e+00  -1.236748136580e-02  -4.811885058880e-01   0.000000000000e+00  -1.236748136580e-02  -4.811885058880e-01  -3.820360079408e-02  -6.943145301193e-03  -8.305906057358e-01 
 -4.257151857018e-02  -4.507556091994e-03  -1.038546442986e+00  -1.526860240847e-02  -2.496982226148e-03  -1.027404308319e+00  -2.289671264589e-02  -8.638811414130e-04  -1.021095871925e+00 
 -8.710005320609e-03   2.413729816908e-04  -1.013774514198e+00  -1.204199343920e-02   2.084071456920e-05  -1.004795193672e+00  -5.514738149941e-03  -6.655247416347e-04  -9.975799918175e-01 
 -5.514738149941e-03  -6.655247416347e-04  -9.975799918175e-01   0.000000000000e+00   0.000000000000e+00  -5.216194391251e-01   0.000000000000e+00   0.000000000000e+00  -5.216194391251e-01 
 -3.508873656392e-02   0.000000000000e+00  -8.607993125916e-01  -4.242262989283e-02   0.000000000000e+00  -1.039213180542e+00  -1.672912016511e-02   0.000000000000e+00  -1.024607777596e+00 
 -2.178592421114e-02   0.000000000000e+00  -1.019917845726e+00  -6.954202894121e-03   0.000000000000e+00  -1.017338752747e+00  -1.121411938220e-02   0.000000000000e+00  -1.010800480843e+00 
 -3.600452793762e-03   0.000000000000e+00  -1.003273487091e+00  -3.600452793762e-03   0.000000000000e+00  -1.003273487091e+00   0.000000000000e+00   0.000000000000e+00  -5.216194391251e-01 
  0.000000000000e+00   0.000000000000e+00  -5.216194391251e-01  -3.508873656392e-02   0.000000000000e+00  -8.607993125916e-01  -4.242262989283e-02   0.000000000000e+00  -1.039213180542e+00 
 -1.672912016511e-02   0.000000000000e+00  -1.024607777596e+00  -2.178592421114e-02   0.000000000000e+00  -1.019917845726e+00  -6.954202894121e-03   0.000000000000e+00  -1.017338752747e+00 
 -1.121411938220e-02   0.000000000000e+00  -1.010800480843e+00  -3.600452793762e-03   0.000000000000e+00  -1.003273487091e+00  -3.600452793762e-03   0.000000000000e+00  -1.003273487091e+00 
  0.000000000000e+00  -5.771501734853e-02  -4.833377003670e-01   0.000000000000e+00  -5.771501734853e-02  -4.833377003670e-01  -3.415947034955e-02  -7.813551276922e-02  -8.031452298164e-01 
 -3.351735323668e-02  -8.669803291559e-02  -1.054309725761e+00  -1.062811817974e-02  -8.986696600914e-02  -1.045817255974e+00  -1.889981888235e-02  -9.489398449659e-02  -1.028698921204e+00 
 -6.270515732467e-03  -9.673041850328e-02  -1.018858313560e+00  -8.032407611609e-03  -9.918987005949e-02  -1.010884523392e+00  -2.235746011138e-03  -9.996683150530e-02  -1.006645679474e+00 
 -2.235746011138e-03  -9.996683150530e-02  -1.006645679474e+00   0.000000000000e+00  -5.771501734853e-02  -4.833377003670e-01   0.000000000000e+00  -5.771501734853e-02  -4.833377003670e-01 
 -3.415947034955e-02  -7.813551276922e-02  -8.031452298164e-01  -3.351735323668e-02  -8.669803291559e-02  -1.054309725761e+00  -1.062811817974e-02  -8.986696600914e-02  -1.045817255974e+00 
 -1.889981888235e-02  -9.489398449659e-02  -1.028698921204e+00  -6.270515732467e-03  -9.673041850328e-02  -1.018858313560e+00  -8.032407611609e-03  -9.918987005949e-02  -1.010884523392e+00 
 -2.235746011138e-03  -9.996683150530e-02  -1.006645679474e+00  -2.235746011138e-03  -9.996683150530e-02  -1.006645679474e+00   0.000000000000e+00   3.383080288768e-02  -3.943094611168e-01 
  0.000000000000e+00   3.383080288768e-02  -3.943094611168e-01  -3.457585349679e-02   6.153456866741e-02  -7.627887725830e-01  -3.832143545151e-02   6.139818951488e-02  -1.065427899361e+00 
 -6.535911466926e-03   6.938824057579e-02  -1.049311041832e+00  -1.917453296483e-02   7.168947905302e-02  -1.034769058228e+00  -5.747125018388e-03   7.298412919044e-02  -1.025068402290e+00 
 -7.432464044541e-03   7.428300380707e-02  -1.017623424530e+00  -2.011852804571e-03   7.497726380825e-02  -1.013911247253e+00  -2.011852804571e-03   7.497726380825e-02  -1.013911247253e+00 
  0.000000000000e+00  -3.509090840816e-02  -4.888501465321e-01   0.000000000000e+00  -3.509090840816e-02  -4.888501465321e-01  -3.015455603600e-02  -6.229230388999e-02  -8.029991388321e-01 
 -3.691627085209e-02  -5.855990201235e-02  -1.029132843018e+00  -2.232223981991e-03  -6.003052741289e-02  -1.011623501778e+00  -1.943447254598e-02  -6.303713470697e-02  -9.963563680649e-01 
 -5.412422586232e-03  -6.342977285385e-02  -9.867861270905e-01  -7.592565845698e-03  -6.357242166996e-02  -9.793140888214e-01  -2.087399363518e-03  -6.366164982319e-02  -9.752215743065e-01 
 -2.087399363518e-03  -6.366164982319e-02  -9.752215743065e-01   0.000000000000e+00   3.001385554671e-02  -4.087635278702e-01   0.000000000000e+00   3.001385554671e-02  -4.087635278702e-01 
 -3.231928497553e-02   2.341520600021e-02  -7.721543312073e-01  -3.402839228511e-02   2.478353492916e-02  -1.045503139496e+00  -9.227056987584e-03   2.144329249859e-02  -1.033154726028e+00 
 -1.788296550512e-02   2.459327876568e-02  -1.019854545593e+00  -5.803574807942e-03   2.541485801339e-02  -1.010010361671e+00  -7.521516643465e-03   2.596827037632e-02  -1.002139568329e+00 
 -2.040376653895e-03   2.613360248506e-02  -9.975666999817e-01  -2.040376653895e-03   2.613360248506e-02  -9.975666999817e-01   0.000000000000e+00  -2.399875968695e-02  -4.399496614933e-01 
  0.000000000000e+00  -2.399875968695e-02  -4.399496614933e-01  -2.867484278977e-02  -1.999181509018e-02  -7.837267518044e-01  -3.203015029430e-02  -1.712576672435e-02  -1.038696289062e+00 
 -9.471208788455e-03  -1.554545760155e-02  -1.024929285049e+00  -1.762451976538e-02  -1.546826492995e-02  -1.011669278145e+00  -6.123757921159e-03  -1.526279002428e-02  -1.002404451370e+00 
 -7.688104640692e-03  -1.485676411539e-02  -9.947460889816e-01  -1.956381369382e-03  -1.449052710086e-02  -9.901916980743e-01  -1.956381369382e-03  -1.449052710086e-02  -9.901916980743e-01 
  0.000000000000e+00   1.304914057255e-02  -4.110618829727e-01   0.000000000000e+00   1.304914057255e-02  -4.110618829727e-01  -3.309582918882e-02   6.970214657485e-03  -7.695845961571e-01 
 -3.452083095908e-02   4.561634268612e-03  -1.043672680855e+00  -9.236919693649e-03   4.812418017536e-03  -1.030211091042e+00  -1.555253751576e-02   6.272662431002e-03  -1.016220450401e+00 
 -5.463800393045e-03   6.757516879588e-03  -1.006560921669e+00  -7.789716590196e-03   6.764338351786e-03  -9.987269639969e-01  -2.076888224110e-03   6.751442328095e-03  -9.931954741478e-01 
 -2.076888224110e-03   6.751442328095e-03  -9.931954741478e-01   0.000000000000e+00  -2.246996853501e-03  -4.125732481480e-01   0.000000000000e+00  -2.246996853501e-03  -4.125732481480e-01 
 -3.465509042144e-02  -1.333287567832e-03  -7.712923288345e-01  -3.816760331392e-02  -3.706446383148e-03  -1.040570974350e+00  -8.709649555385e-03  -1.936498912983e-03  -1.028453826904e+00 
 -1.368448603898e-02  -1.283038582187e-04  -1.015166878700e+00  -3.382746595889e-03   1.350090373307e-03  -1.005909919739e+00  -6.789071019739e-03   2.078808378428e-03  -9.973859190941e-01 
 -1.761354855262e-03   2.336309524253e-03  -9.910662174225e-01  -1.761354855262e-03   2.336309524253e-03  -9.910662174225e-01   0.000000000000e+00   0.000000000000e+00  -4.068703055382e-01 
  0.000000000000e+00   0.000000000000e+00  -4.068703055382e-01  -3.767734393477e-02   0.000000000000e+00  -7.695714235306e-01  -4.126146063209e-02   0.000000000000e+00  -1.039989590645e+00 
 -9.168226271868e-03   0.000000000000e+00  -1.027223587036e+00  -1.306687016040e-02   0.000000000000e+00  -1.014475345612e+00  -2.208666410297e-03   0.000000000000e+00  -1.006391048431e+00 
 -6.118088960648e-03   0.000000000000e+00  -9.981542229652e-01  -1.580390729941e-03   0.000000000000e+00  -9.930824041367e-01  -1.580390729941e-03   0.000000000000e+00  -9.930824041367e-01 
  0.000000000000e+00   0.000000000000e+00  -4.068703055382e-01   0.000000000000e+00   0.000000000000e+00  -4.068703055382e-01  -3.767734393477e-02   0.000000000000e+00  -7.695714235306e-01 
 -4.126146063209e-02   0.000000000000e+00  -1.039989590645e+00  -9.168226271868e-03   0.000000000000e+00  -1.027223587036e+00  -1.306687016040e-02   0.000000000000e+00  -1.014475345612e+00 
 -2.208666410297e-03   0.000000000000e+00  -1.006391048431e+00  -6.118088960648e-03   0.000000000000e+00  -9.981542229652e-01  -1.580390729941e-03   0.000000000000e+00  -9.930824041367e-01 
 -1.580390729941e-03   0.000000000000e+00  -9.930824041367e-01   0.000000000000e+00   5.368733778596e-02  -5.229713395238e-02   0.000000000000e+00   5.368733778596e-02  -5.229713395238e-02 
 -4.526102542877e-02   1.660726405680e-02  -4.233625829220e-01  -3.629228845239e-02   8.296294137836e-03  -1.040512204170e+00  -1.147448085248e-02   1.067824102938e-02  -1.044767260551e+00 
 -1.889565028250e-02   1.135618798435e-02  -1.023776531219e+00  -6.270517595112e-03   1.146146468818e-02  -1.013436317444e+00  -8.032407611609e-03   1.158740092069e-02  -1.004464387894e+00 
 -2.235746011138e-03   1.171682868153e-02  -9.997907280922e-01  -2.235746011138e-03   1.171682868153e-02  -9.997907280922e-01   0.000000000000e+00   5.368733778596e-02  -5.229713395238e-02 
  0.000000000000e+00   5.368733778596e-02  -5.229713395238e-02  -4.526102542877e-02   1.660726405680e-02  -4.233625829220e-01  -3.629228845239e-02   8.296294137836e-03  -1.040512204170e+00 
 -1.147448085248e-02   1.067824102938e-02  -1.044767260551e+00  -1.889565028250e-02   1.135618798435e-02  -1.023776531219e+00  -6.270517595112e-03   1.146146468818e-02  -1.013436317444e+00 
 -8.032407611609e-03   1.158740092069e-02  -1.004464387894e+00  -2.235746011138e-03   1.171682868153e-02  -9.997907280922e-01  -2.235746011138e-03   1.171682868153e-02  -9.997907280922e-01 
  0.000000000000e+00   2.800880372524e-02   1.316020637751e-01   0.000000000000e+00   2.800880372524e-02   1.316020637751e-01  -4.373164847493e-02   4.477168619633e-02  -2.707058787346e-01 
 -3.959982469678e-02   5.788459628820e-02  -1.073067665100e+00  -7.626306265593e-03   6.901502609253e-02  -1.054474234581e+00  -1.916804909706e-02   7.168798148632e-02  -1.037218809128e+00 
 -5.747127346694e-03   7.298412919044e-02  -1.027664303780e+00  -7.432464044541e-03   7.428300380707e-02  -1.019144535065e+00  -2.011852804571e-03   7.497726380825e-02  -1.014708280563e+00 
 -2.011852804571e-03   7.497726380825e-02  -1.014708280563e+00   0.000000000000e+00  -1.507279928774e-02   9.057406336069e-03   0.000000000000e+00  -1.507279928774e-02   9.057406336069e-03 
 -3.835919871926e-02  -3.868255391717e-02  -3.821561932564e-01  -3.725722432137e-02  -5.435932427645e-02  -1.028243780136e+00  -3.387292381376e-03  -5.984653532505e-02  -1.005304217339e+00 
 -1.942546293139e-02  -6.303534656763e-02  -9.858506321907e-01  -5.412424448878e-03  -6.342977285385e-02  -9.770036935806e-01  -7.592565845698e-03  -6.357242166996e-02  -9.680973887444e-01 
 -2.087399363518e-03  -6.366164982319e-02  -9.633064866066e-01  -2.087399363518e-03  -6.366164982319e-02  -9.633064866066e-01   0.000000000000e+00   1.822490990162e-02   9.335746616125e-02 
  0.000000000000e+00   1.822490990162e-02   9.335746616125e-02  -4.393224790692e-02   2.082005888224e-02  -3.176353573799e-01  -3.636859729886e-02   2.394595369697e-02  -1.049575328827e+00 
 -1.012214180082e-02   2.152448706329e-02  -1.036928176880e+00  -1.787860877812e-02   2.459155768156e-02  -1.023030996323e+00  -5.803576670587e-03   2.541485801339e-02  -1.013423323631e+00 
 -7.521516643465e-03   2.596827037632e-02  -1.005154728889e+00  -2.040376653895e-03   2.613360248506e-02  -1.000838041306e+00  -2.040376653895e-03   2.613360248506e-02  -1.000838041306e+00 
  0.000000000000e+00  -1.344986725599e-02   6.977088749409e-02   0.000000000000e+00  -1.344986725599e-02   6.977088749409e-02  -4.071513935924e-02  -1.672084070742e-02  -3.356332480907e-01 
 -3.408234566450e-02  -1.704019494355e-02  -1.038652181625e+00  -1.028284430504e-02  -1.559395156801e-02  -1.025568962097e+00  -1.762039959431e-02  -1.546833571047e-02  -1.011493563652e+00 
 -6.123759783804e-03  -1.526279002428e-02  -1.001880049706e+00  -7.688104640692e-03  -1.485676411539e-02  -9.932783246040e-01  -1.956381369382e-03  -1.449052710086e-02  -9.889059662819e-01 
 -1.956381369382e-03  -1.449052710086e-02  -9.889059662819e-01   0.000000000000e+00   5.166105926037e-03   7.170506566763e-02   0.000000000000e+00   5.166105926037e-03   7.170506566763e-02 
 -4.361044988036e-02   6.068160291761e-03  -3.349842131138e-01  -3.666863590479e-02   4.880000837147e-03  -1.044936537743e+00  -1.014157384634e-02   4.814610350877e-03  -1.030877709389e+00 
 -1.554949954152e-02   6.271844264120e-03  -1.018536567688e+00  -5.463802255690e-03   6.757516879588e-03  -1.010465979576e+00  -7.789716590196e-03   6.764338351786e-03  -1.002394556999e+00 
 -2.076888224110e-03   6.751442328095e-03  -9.981136918068e-01  -2.076888224110e-03   6.751442328095e-03  -9.981136918068e-01   0.000000000000e+00  -3.200893290341e-03   7.011491060257e-02 
  0.000000000000e+00  -3.200893290341e-03   7.011491060257e-02  -4.300629720092e-02  -2.267090370879e-03  -3.390764296055e-01  -3.931095078588e-02  -3.402274800465e-03  -1.042795658112e+00 
 -9.718830697238e-03  -1.984053757042e-03  -1.027800440788e+00  -1.368225924671e-02  -1.293453533435e-04  -1.016848802567e+00  -3.382748225704e-03   1.350090140477e-03  -1.011268258095e+00 
 -6.789071019739e-03   2.078808378428e-03  -1.005166888237e+00  -1.761354855262e-03   2.336309524253e-03  -1.001851439476e+00  -1.761354855262e-03   2.336309524253e-03  -1.001851439476e+00 
  0.000000000000e+00   0.000000000000e+00   6.433779746294e-02   0.000000000000e+00   0.000000000000e+00   6.433779746294e-02  -4.400725662708e-02   0.000000000000e+00  -3.474763631821e-01 
 -4.191026836634e-02   0.000000000000e+00  -1.044134378433e+00  -1.024800632149e-02   0.000000000000e+00  -1.027362942696e+00  -1.306528784335e-02   0.000000000000e+00  -1.016547679901e+00 
 -2.208668040112e-03   0.000000000000e+00  -1.012267589569e+00  -6.118088960648e-03   0.000000000000e+00  -1.007356882095e+00  -1.580390729941e-03   0.000000000000e+00  -1.004571676254e+00 
 -1.580390729941e-03   0.000000000000e+00  -1.004571676254e+00   0.000000000000e+00   0.000000000000e+00   6.433779746294e-02   0.000000000000e+00   0.000000000000e+00   6.433779746294e-02 
 -4.400725662708e-02   0.000000000000e+00  -3.474763631821e-01  -4.191026836634e-02   0.000000000000e+00  -1.044134378433e+00  -1.024800632149e-02   0.000000000000e+00  -1.027362942696e+00 
 -1.306528784335e-02   0.000000000000e+00  -1.016547679901e+00  -2.208668040112e-03   0.000000000000e+00  -1.012267589569e+00  -6.118088960648e-03   0.000000000000e+00  -1.007356882095e+00 
 -1.580390729941e-03   0.000000000000e+00  -1.004571676254e+00  -1.580390729941e-03   0.000000000000e+00  -1.004571676254e+00   0.000000000000e+00   7.631998509169e-02   7.068375498056e-02 
  0.000000000000e+00   7.631998509169e-02   7.068375498056e-02  -5.096547678113e-02   3.827634826303e-02  -4.605547338724e-02  -4.501069709659e-02   2.779107168317e-02  -6.369343996048e-01 
 -2.002370543778e-02   2.859473042190e-02  -9.866700768471e-01  -1.894118078053e-02   3.170482069254e-02  -1.023017406464e+00  -6.281253881752e-03   3.235682472587e-02  -1.013440370560e+00 
 -8.032406680286e-03   3.283699229360e-02  -1.004464387894e+00  -2.235746011138e-03   3.313407301903e-02  -9.997907280922e-01  -2.235746011138e-03   3.313407301903e-02  -9.997907280922e-01 
  0.000000000000e+00   7.631998509169e-02   7.068375498056e-02   0.000000000000e+00   7.631998509169e-02   7.068375498056e-02  -5.096547678113e-02   3.827634826303e-02  -4.605547338724e-02 
 -4.501069709659e-02   2.779107168317e-02  -6.369343996048e-01  -2.002370543778e-02   2.859473042190e-02  -9.866700768471e-01  -1.894118078053e-02   3.170482069254e-02  -1.023017406464e+00 
 -6.281253881752e-03   3.235682472587e-02  -1.013440370560e+00  -8.032406680286e-03   3.283699229360e-02  -1.004464387894e+00  -2.235746011138e-03   3.313407301903e-02  -9.997907280922e-01 
 -2.235746011138e-03   3.313407301903e-02  -9.997907280922e-01   0.000000000000e+00   6.925468798727e-03   5.269962549210e-02   0.000000000000e+00   6.925468798727e-03   5.269962549210e-02 
 -3.315155208111e-02   1.492331549525e-02  -2.371853031218e-02  -3.576843813062e-02   3.640395402908e-02  -6.472130417824e-01  -1.480044331402e-02   6.154213473201e-02  -9.964585900307e-01 
 -1.899176090956e-02   7.128645479679e-02  -1.036384940147e+00  -5.758349783719e-03   7.298269122839e-02  -1.027667999268e+00  -7.432463578880e-03   7.428300380707e-02  -1.019144535065e+00 
 -2.011852804571e-03   7.497726380825e-02  -1.014708280563e+00  -2.011852804571e-03   7.497726380825e-02  -1.014708280563e+00   0.000000000000e+00   2.263596281409e-03   9.106562286615e-02 
  0.000000000000e+00   2.263596281409e-03   9.106562286615e-02  -3.949641808867e-02  -6.389343179762e-03  -2.075293287635e-02  -3.858769312501e-02  -3.037433326244e-02  -6.193764209747e-01 
 -1.236075907946e-02  -5.309291929007e-02  -9.503275156021e-01  -1.914031244814e-02  -6.264187395573e-02  -9.851239323616e-01  -5.424056667835e-03  -6.342910230160e-02  -9.770071506500e-01 
 -7.592565380037e-03  -6.357242166996e-02  -9.680973887444e-01  -2.087399363518e-03  -6.366164982319e-02  -9.633064866066e-01  -2.087399363518e-03  -6.366164982319e-02  -9.633064866066e-01 
  0.000000000000e+00   7.243578322232e-03   9.766118973494e-02   0.000000000000e+00   7.243578322232e-03   9.766118973494e-02  -4.022787511349e-02   1.011262647808e-02  -4.700869903900e-04 
 -3.866167366505e-02   1.702928915620e-02  -6.238196492195e-01  -1.739758625627e-02   2.049440331757e-02  -9.780794978142e-01  -1.785919442773e-02   2.442941255867e-02  -1.022111415863e+00 
 -5.813791416585e-03   2.541402354836e-02  -1.013427019119e+00  -7.521515712142e-03   2.596827037632e-02  -1.005154728889e+00  -2.040376653895e-03   2.613360248506e-02  -1.000838041306e+00 
 -2.040376653895e-03   2.613360248506e-02  -1.000838041306e+00   0.000000000000e+00  -7.592952344567e-03   9.704265743494e-02   0.000000000000e+00  -7.592952344567e-03   9.704265743494e-02 
 -3.934394940734e-02  -9.521902538836e-03  -5.195221398026e-03  -3.720864653587e-02  -1.328104920685e-02  -6.192470192909e-01  -1.714690774679e-02  -1.506394520402e-02  -9.676870703697e-01 
 -1.760128699243e-02  -1.545233186334e-02  -1.010597467422e+00  -6.133484654129e-03  -1.526295114309e-02  -1.001883745193e+00  -7.688104175031e-03  -1.485676411539e-02  -9.932783246040e-01 
 -1.956381369382e-03  -1.449052710086e-02  -9.889059662819e-01  -1.956381369382e-03  -1.449052710086e-02  -9.889059662819e-01   0.000000000000e+00   3.175245830789e-03   9.733259677887e-02 
  0.000000000000e+00   3.175245830789e-03   9.733259677887e-02  -4.116051271558e-02   3.786590648815e-03  -4.820430651307e-03  -3.933758661151e-02   4.333295393735e-03  -6.228289008141e-01 
 -1.758437231183e-02   4.704316146672e-03  -9.727497696877e-01  -1.563163287938e-02   6.209808867425e-03  -1.017599940300e+00  -5.472417455167e-03   6.757053080946e-03  -1.010468959808e+00 
 -7.789715658873e-03   6.764338351786e-03  -1.002394556999e+00  -2.076888224110e-03   6.751442328095e-03  -9.981136918068e-01  -2.076888224110e-03   6.751442328095e-03  -9.981136918068e-01 
  0.000000000000e+00  -2.515107626095e-03   9.793876856565e-02   0.000000000000e+00  -2.515107626095e-03   9.793876856565e-02  -4.063299670815e-02  -2.462695585564e-03  -5.324457772076e-03 
 -4.009647294879e-02  -2.932485193014e-03  -6.217614412308e-01  -1.746285520494e-02  -2.201388590038e-03  -9.699588418007e-01  -1.383485551924e-02  -2.113465889124e-04  -1.015889525414e+00 
 -3.391604404896e-03   1.348767662421e-03  -1.011270165443e+00  -6.789070088416e-03   2.078807912767e-03  -1.005166888237e+00  -1.761354855262e-03   2.336309524253e-03  -1.001851439476e+00 
 -1.761354855262e-03   2.336309524253e-03  -1.001851439476e+00   0.000000000000e+00   0.000000000000e+00   9.719132632017e-02   0.000000000000e+00   0.000000000000e+00   9.719132632017e-02 
 -4.137220978737e-02   0.000000000000e+00  -7.880116812885e-03  -4.159056767821e-02   0.000000000000e+00  -6.235939860344e-01  -1.823801361024e-02   0.000000000000e+00  -9.698447585106e-01 
 -1.327407360077e-02   0.000000000000e+00  -1.015592336655e+00  -2.218043897301e-03   0.000000000000e+00  -1.012269020081e+00  -6.118087563664e-03   0.000000000000e+00  -1.007356882095e+00 
 -1.580390729941e-03   0.000000000000e+00  -1.004571676254e+00  -1.580390729941e-03   0.000000000000e+00  -1.004571676254e+00   0.000000000000e+00   0.000000000000e+00   9.719132632017e-02 
  0.000000000000e+00   0.000000000000e+00   9.719132632017e-02  -4.137220978737e-02   0.000000000000e+00  -7.880116812885e-03  -4.159056767821e-02   0.000000000000e+00  -6.235939860344e-01 
 -1.823801361024e-02   0.000000000000e+00  -9.698447585106e-01  -1.327407360077e-02   0.000000000000e+00  -1.015592336655e+00  -2.218043897301e-03   0.000000000000e+00  -1.012269020081e+00 
 -6.118087563664e-03   0.000000000000e+00  -1.007356882095e+00  -1.580390729941e-03   0.000000000000e+00  -1.004571676254e+00  -1.580390729941e-03   0.000000000000e+00  -1.004571676254e+00 
  0.000000000000e+00   7.631998509169e-02   7.068375498056e-02   0.000000000000e+00   7.631998509169e-02   7.068375498056e-02  -5.096547678113e-02   3.827634826303e-02  -4.605547338724e-02 
 -4.501069709659e-02   2.779107168317e-02  -6.369343996048e-01  -2.002370543778e-02   2.859473042190e-02  -9.866700768471e-01  -1.894118078053e-02   3.170482069254e-02  -1.023017406464e+00 
 -6.281253881752e-03   3.235682472587e-02  -1.013440370560e+00  -8.032406680286e-03   3.283699229360e-02  -1.004464387894e+00  -2.235746011138e-03   3.313407301903e-02  -9.997907280922e-01 
 -2.235746011138e-03   3.313407301903e-02  -9.997907280922e-01   0.000000000000e+00   7.631998509169e-02   7.068375498056e-02   0.000000000000e+00   7.631998509169e-02   7.068375498056e-02 
 -5.096547678113e-02   3.827634826303e-02  -4.605547338724e-02  -4.501069709659e-02   2.779107168317e-02  -6.369343996048e-01  -2.002370543778e-02   2.859473042190e-02  -9.866700768471e-01 
 -1.894118078053e-02   3.170482069254e-02  -1.023017406464e+00  -6.281253881752e-03   3.235682472587e-02  -1.013440370560e+00  -8.032406680286e-03   3.283699229360e-02  -1.004464387894e+00 
 -2.235746011138e-03   3.313407301903e-02  -9.997907280922e-01  -2.235746011138e-03   3.313407301903e-02  -9.997907280922e-01   0.000000000000e+00   6.925468798727e-03   5.269962549210e-02 
  0.000000000000e+00   6.925468798727e-03   5.269962549210e-02  -3.315155208111e-02   1.492331549525e-02  -2.371853031218e-02  -3.576843813062e-02   3.640395402908e-02  -6.472130417824e-01 
 -1.480044331402e-02   6.154213473201e-02  -9.964585900307e-01  -1.899176090956e-02   7.128645479679e-02  -1.036384940147e+00  -5.758349783719e-03   7.298269122839e-02  -1.027667999268e+00 
 -7.432463578880e-03   7.428300380707e-02  -1.019144535065e+00  -2.011852804571e-03   7.497726380825e-02  -1.014708280563e+00  -2.011852804571e-03   7.497726380825e-02  -1.014708280563e+00 
  0.000000000000e+00   2.263596281409e-03   9.106562286615e-02   0.000000000000e+00   2.263596281409e-03   9.106562286615e-02  -3.949641808867e-02  -6.389343179762e-03  -2.075293287635e-02 
 -3.858769312501e-02  -3.037433326244e-02  -6.193764209747e-01  -1.236075907946e-02  -5.309291929007e-02  -9.503275156021e-01  -1.914031244814e-02  -6.264187395573e-02  -9.851239323616e-01 
 -5.424056667835e-03  -6.342910230160e-02  -9.770071506500e-01  -7.592565380037e-03  -6.357242166996e-02  -9.680973887444e-01  -2.087399363518e-03  -6.366164982319e-02  -9.633064866066e-01 
 -2.087399363518e-03  -6.366164982319e-02  -9.633064866066e-01   0.000000000000e+00   7.243578322232e-03   9.766118973494e-02   0.000000000000e+00   7.243578322232e-03   9.766118973494e-02 
 -4.022787511349e-02   1.011262647808e-02  -4.700869903900e-04  -3.866167366505e-02   1.702928915620e-02  -6.238196492195e-01  -1.739758625627e-02   2.049440331757e-02  -9.780794978142e-01 
 -1.785919442773e-02   2.442941255867e-02  -1.022111415863e+00  -5.813791416585e-03   2.541402354836e-02  -1.013427019119e+00  -7.521515712142e-03   2.596827037632e-02  -1.005154728889e+00 
 -2.040376653895e-03   2.613360248506e-02  -1.000838041306e+00  -2.040376653895e-03   2.613360248506e-02  -1.000838041306e+00   0.000000000000e+00  -7.592952344567e-03   9.704265743494e-02 
  0.000000000000e+00  -7.592952344567e-03   9.704265743494e-02  -3.934394940734e-02  -9.521902538836e-03  -5.195221398026e-03  -3.720864653587e-02  -1.328104920685e-02  -6.192470192909e-01 
 -1.714690774679e-02  -1.506394520402e-02  -9.676870703697e-01  -1.760128699243e-02  -1.545233186334e-02  -1.010597467422e+00  -6.133484654129e-03  -1.526295114309e-02  -1.001883745193e+00 
 -7.688104175031e-03  -1.485676411539e-02  -9.932783246040e-01  -1.956381369382e-03  -1.449052710086e-02  -9.889059662819e-01  -1.956381369382e-03  -1.449052710086e-02  -9.889059662819e-01 
  0.000000000000e+00   3.175245830789e-03   9.733259677887e-02   0.000000000000e+00   3.175245830789e-03   9.733259677887e-02  -4.116051271558e-02   3.786590648815e-03  -4.820430651307e-03 
 -3.933758661151e-02   4.333295393735e-03  -6.228289008141e-01  -1.758437231183e-02   4.704316146672e-03  -9.727497696877e-01  -1.563163287938e-02   6.209808867425e-03  -1.017599940300e+00 
 -5.472417455167e-03   6.757053080946e-03  -1.010468959808e+00  -7.789715658873e-03   6.764338351786e-03  -1.002394556999e+00  -2.076888224110e-03   6.751442328095e-03  -9.981136918068e-01 
 -2.076888224110e-03   6.751442328095e-03  -9.981136918068e-01   0.000000000000e+00  -2.515107626095e-03   9.793876856565e-02   0.000000000000e+00  -2.515107626095e-03   9.793876856565e-02 
 -4.063299670815e-02  -2.462695585564e-03  -5.324457772076e-03  -4.009647294879e-02  -2.932485193014e-03  -6.217614412308e-01  -1.746285520494e-02  -2.201388590038e-03  -9.699588418007e-01 
 -1.383485551924e-02  -2.113465889124e-04  -1.015889525414e+00  -3.391604404896e-03   1.348767662421e-03  -1.011270165443e+00  -6.789070088416e-03   2.078807912767e-03  -1.005166888237e+00 
 -1.761354855262e-03   2.336309524253e-03  -1.001851439476e+00  -1.761354855262e-03   2.336309524253e-03  -1.001851439476e+00   0.000000000000e+00   0.000000000000e+00   9.719132632017e-02 
  0.000000000000e+00   0.000000000000e+00   9.719132632017e-02  -4.137220978737e-02   0.000000000000e+00  -7.880116812885e-03  -4.159056767821e-02   0.000000000000e+00  -6.235939860344e-01 
 -1.823801361024e-02   0.000000000000e+00  -9.698447585106e-01  -1.327407360077e-02   0.000000000000e+00  -1.015592336655e+00  -2.218043897301e-03   0.000000000000e+00  -1.012269020081e+00 
 -6.118087563664e-03   0.000000000000e+00  -1.007356882095e+00  -1.580390729941e-03   0.000000000000e+00  -1.004571676254e+00  -1.580390729941e-03   0.000000000000e+00  -1.004571676254e+00 
  0.000000000000e+00   0.000000000000e+00   9.719132632017e-02   0.000000000000e+00   0.000000000000e+00   9.719132632017e-02  -4.137220978737e-02   0.000000000000e+00  -7.880116812885e-03 
 -4.159056767821e-02   0.000000000000e+00  -6.235939860344e-01  -1.823801361024e-02   0.000000000000e+00  -9.698447585106e-01  -1.327407360077e-02   0.000000000000e+00  -1.015592336655e+00 
 -2.218043897301e-03   0.000000000000e+00  -1.012269020081e+00  -6.118087563664e-03   0.000000000000e+00  -1.007356882095e+00  -1.580390729941e-03   0.000000000000e+00  -1.004571676254e+00 
 -1.580390729941e-03   0.000000000000e+00  -1.004571676254e+00 

