# vtk DataFile Version 2.0
Written using VisIt writer
ASCII
DATASET RECTILINEAR_GRID
DIMENSIONS 10 10 10
X_COORDINATES 10 float
  0.000000000000e+00   5.000000000000e-01   1.000000000000e+00   1.500000000000e+00   2.000000000000e+00   2.500000000000e+00   3.000000000000e+00   3.500000000000e+00   4.000000000000e+00 
  4.500000000000e+00 
Y_COORDINATES 10 float
  0.000000000000e+00   5.000000000000e-01   1.000000000000e+00   1.500000000000e+00   2.000000000000e+00   2.500000000000e+00   3.000000000000e+00   3.500000000000e+00   4.000000000000e+00 
  4.500000000000e+00 
Z_COORDINATES 10 float
  0.000000000000e+00   5.000000000000e-01   1.000000000000e+00   1.500000000000e+00   2.000000000000e+00   2.500000000000e+00   3.000000000000e+00   3.500000000000e+00   4.000000000000e+00 
  4.500000000000e+00 
CELL_DATA 729
POINT_DATA 1000
VECTORS velocity float
  0.000000000000e+00  -1.073645427823e-01  -2.307919114828e-01   3.251200000000e+04   0.000000000000e+00   0.000000000000e+00   0.000000000000e+00   0.000000000000e+00   0.000000000000e+00 
  1.456865519285e-01  -6.460572779179e-02  -1.510808616877e-01   0.000000000000e+00   0.000000000000e+00   0.000000000000e+00   0.000000000000e+00   1.431655808000e+09   1.070945600000e+09 
  9.948815405369e-02  -9.287314862013e-02  -1.731408834457e-01   1.071994176000e+09   0.000000000000e+00   0.000000000000e+00   0.000000000000e+00   0.000000000000e+00   0.000000000000e+00 
  5.614842101932e-02  -2.256108820438e-01  -1.941488385201e-01   0.000000000000e+00  -1.073645427823e-01  -2.307919114828e-01   1.070945600000e+09   0.000000000000e+00   0.000000000000e+00 
  6.451351940632e-02  -9.337908774614e-02  -1.905332654715e-01   1.456865519285e-01  -6.460572779179e-02  -1.510808616877e-01   1.431655808000e+09   1.070945600000e+09   0.000000000000e+00 
  1.231772899628e-01  -6.587801873684e-02  -1.431828439236e-01   9.948815405369e-02  -9.287314862013e-02  -1.731408834457e-01   0.000000000000e+00   0.000000000000e+00   1.071644672000e+09 
  5.614842101932e-02  -2.256108820438e-01  -1.941488385201e-01   5.614842101932e-02  -2.256108820438e-01  -1.941488385201e-01   0.000000000000e+00   6.607916951180e-02  -1.836874783039e-01 
  0.000000000000e+00   6.607916951180e-02  -1.836874783039e-01  -3.368892893195e-02  -2.389088571072e-01  -2.069357037544e-01   1.966024339199e-01  -2.602897584438e-01  -1.844180822372e-01 
  1.140019595623e-01  -1.406529396772e-01  -1.855173259974e-01   7.752330601215e-02  -5.540859699249e-02  -1.429770439863e-01   9.508030861616e-02   1.600274816155e-02  -1.394565552473e-01 
  7.117640227079e-02  -1.655946671963e-02  -1.387584954500e-01   8.704377710819e-02  -5.053717270494e-02  -1.476174741983e-01   8.704377710819e-02  -5.053717270494e-02  -1.476174741983e-01 
  0.000000000000e+00   4.690327122808e-02  -1.854917109013e-01   0.000000000000e+00   4.690327122808e-02  -1.854917109013e-01   7.454562187195e-02  -8.198664337397e-02  -1.841716766357e-01 
  1.367260813713e-01   1.472152303904e-02  -1.526467800140e-01   7.345706224442e-02   2.345466427505e-02  -1.540794074535e-01   1.358105391264e-01  -8.068775385618e-02  -1.503253877163e-01 
  2.128951847553e-01  -3.623540746048e-03  -1.784551143646e-01   8.832382410765e-02  -6.272959709167e-02  -1.432424038649e-01   1.821908950806e-01  -1.830072514713e-02  -1.304314881563e-01 
  1.821908950806e-01  -1.830072514713e-02  -1.304314881563e-01   0.000000000000e+00   1.314475573599e-02  -2.366252094507e-01   0.000000000000e+00   1.314475573599e-02  -2.366252094507e-01 
 -1.184790804982e-01  -1.111811622977e-01  -2.613495588303e-01   1.442891061306e-01  -1.196710392833e-02  -1.652607470751e-01   1.197197437286e-01  -1.836190931499e-02  -1.521809846163e-01 
  9.414288401604e-02  -3.515049442649e-02  -1.382768005133e-01   8.089798688889e-02   1.368179917336e-02  -1.513805836439e-01   1.178700998425e-01  -6.138180568814e-02  -1.527259796858e-01 
  2.253798991442e-01  -8.421719819307e-02  -1.767940223217e-01   2.253798991442e-01  -8.421719819307e-02  -1.767940223217e-01   0.000000000000e+00  -6.429248023778e-03  -1.926227509975e-01 
  0.000000000000e+00  -6.429248023778e-03  -1.926227509975e-01  -3.656101645902e-03   1.295687252423e-04  -2.014464139938e-01   1.277719885111e-01   4.687968175858e-03  -1.928993314505e-01 
  1.377379000187e-01  -8.933189511299e-02  -2.073169350624e-01   7.104019820690e-02  -1.048496216536e-01  -1.563874930143e-01   6.179251149297e-02  -4.989449307323e-02  -1.410975903273e-01 
  3.231370821595e-02   8.939584717155e-03  -1.327420920134e-01   1.560513079166e-01   3.723845258355e-02  -1.396614015102e-01   1.560513079166e-01   3.723845258355e-02  -1.396614015102e-01 
  0.000000000000e+00   6.186170969158e-03  -1.799538135529e-01   0.000000000000e+00   6.186170969158e-03  -1.799538135529e-01   3.158948943019e-02  -7.300692610443e-03  -1.767823398113e-01 
  3.475902602077e-02   3.352756053209e-02  -1.525493264198e-01   9.953889995813e-02   1.133756935596e-01  -1.608404666185e-01   1.036373749375e-01  -1.818505860865e-02  -1.704565733671e-01 
  1.530942469835e-01  -7.783981412649e-02  -1.779714673758e-01   1.130337789655e-01  -6.538209319115e-02  -1.422228515148e-01   1.262624859810e-01  -3.240536153316e-02  -1.384367048740e-01 
  1.262624859810e-01  -3.240536153316e-02  -1.384367048740e-01   0.000000000000e+00  -8.776375651360e-02  -2.176911532879e-01   0.000000000000e+00  -8.776375651360e-02  -2.176911532879e-01 
 -9.837120771408e-02  -2.909685298800e-02  -2.323184460402e-01   5.741503089666e-02   2.774104848504e-02  -1.613478064537e-01   9.603501856327e-02   9.130787849426e-02  -1.406267881393e-01 
  9.156070649624e-02   4.730929434299e-02  -1.343905031681e-01   1.251520663500e-01   3.649627417326e-02  -1.439290344715e-01   1.562378257513e-01  -3.941373899579e-02  -1.595160961151e-01 
  2.054109275341e-01  -7.229235023260e-02  -1.926071345806e-01   2.054109275341e-01  -7.229235023260e-02  -1.926071345806e-01   0.000000000000e+00   0.000000000000e+00  -1.853612959385e-01 
  0.000000000000e+00   0.000000000000e+00  -1.853612959385e-01  -1.065631955862e-01   0.000000000000e+00  -2.005952447653e-01   8.960621058941e-02   0.000000000000e+00  -1.619757115841e-01 
  1.603030972183e-02   0.000000000000e+00  -1.867584586143e-01   1.413266807795e-01   0.000000000000e+00  -1.375266462564e-01   1.262827068567e-01   0.000000000000e+00  -1.231689527631e-01 
  1.863216608763e-01   0.000000000000e+00  -1.224058941007e-01   2.703915536404e-01   0.000000000000e+00  -1.281992942095e-01   2.703915536404e-01   0.000000000000e+00  -1.281992942095e-01 
  0.000000000000e+00   0.000000000000e+00  -1.853612959385e-01   0.000000000000e+00   0.000000000000e+00  -1.853612959385e-01  -1.065631955862e-01   0.000000000000e+00  -2.005952447653e-01 
  8.960621058941e-02   0.000000000000e+00  -1.619757115841e-01   1.603030972183e-02   0.000000000000e+00  -1.867584586143e-01   1.413266807795e-01   0.000000000000e+00  -1.375266462564e-01 
  1.262827068567e-01   0.000000000000e+00  -1.231689527631e-01   1.863216608763e-01   0.000000000000e+00  -1.224058941007e-01   2.703915536404e-01   0.000000000000e+00  -1.281992942095e-01 
  2.703915536404e-01   0.000000000000e+00  -1.281992942095e-01   0.000000000000e+00  -1.073645427823e-01  -2.307919114828e-01   0.000000000000e+00  -1.073645427823e-01  -2.307919114828e-01 
  6.451351940632e-02  -9.337908774614e-02  -1.905332654715e-01   1.456865519285e-01  -6.460572779179e-02  -1.510808616877e-01   1.872301995754e-01  -5.907328799367e-02  -1.425851732492e-01 
  1.231772899628e-01  -6.587801873684e-02  -1.431828439236e-01   9.948815405369e-02  -9.287314862013e-02  -1.731408834457e-01   1.298499554396e-01  -9.124578535557e-02  -1.719681322575e-01 
  5.614842101932e-02  -2.256108820438e-01  -1.941488385201e-01   5.614842101932e-02  -2.256108820438e-01  -1.941488385201e-01   0.000000000000e+00  -1.073645427823e-01  -2.307919114828e-01 
  0.000000000000e+00  -1.073645427823e-01  -2.307919114828e-01   6.451351940632e-02  -9.337908774614e-02  -1.905332654715e-01   1.456865519285e-01  -6.460572779179e-02  -1.510808616877e-01 
  1.872301995754e-01  -5.907328799367e-02  -1.425851732492e-01   1.231772899628e-01  -6.587801873684e-02  -1.431828439236e-01   9.948815405369e-02  -9.287314862013e-02  -1.731408834457e-01 
  1.298499554396e-01  -9.124578535557e-02  -1.719681322575e-01   5.614842101932e-02  -2.256108820438e-01  -1.941488385201e-01   5.614842101932e-02  -2.256108820438e-01  -1.941488385201e-01 
  0.000000000000e+00   6.607916951180e-02  -1.836874783039e-01   0.000000000000e+00   6.607916951180e-02  -1.836874783039e-01  -3.368892893195e-02  -2.389088571072e-01  -2.069357037544e-01 
  1.966024339199e-01  -2.602897584438e-01  -1.844180822372e-01   1.140019595623e-01  -1.406529396772e-01  -1.855173259974e-01   7.752330601215e-02  -5.540859699249e-02  -1.429770439863e-01 
  9.508030861616e-02   1.600274816155e-02  -1.394565552473e-01   7.117640227079e-02  -1.655946671963e-02  -1.387584954500e-01   8.704377710819e-02  -5.053717270494e-02  -1.476174741983e-01 
  8.704377710819e-02  -5.053717270494e-02  -1.476174741983e-01   0.000000000000e+00   4.690327122808e-02  -1.854917109013e-01   0.000000000000e+00   4.690327122808e-02  -1.854917109013e-01 
  7.454562187195e-02  -8.198664337397e-02  -1.841716766357e-01   1.367260813713e-01   1.472152303904e-02  -1.526467800140e-01   7.345706224442e-02   2.345466427505e-02  -1.540794074535e-01 
  1.358105391264e-01  -8.068775385618e-02  -1.503253877163e-01   2.128951847553e-01  -3.623540746048e-03  -1.784551143646e-01   8.832382410765e-02  -6.272959709167e-02  -1.432424038649e-01 
  1.821908950806e-01  -1.830072514713e-02  -1.304314881563e-01   1.821908950806e-01  -1.830072514713e-02  -1.304314881563e-01   0.000000000000e+00   1.314475573599e-02  -2.366252094507e-01 
  0.000000000000e+00   1.314475573599e-02  -2.366252094507e-01  -1.184790804982e-01  -1.111811622977e-01  -2.613495588303e-01   1.442891061306e-01  -1.196710392833e-02  -1.652607470751e-01 
  1.197197437286e-01  -1.836190931499e-02  -1.521809846163e-01   9.414288401604e-02  -3.515049442649e-02  -1.382768005133e-01   8.089798688889e-02   1.368179917336e-02  -1.513805836439e-01 
  1.178700998425e-01  -6.138180568814e-02  -1.527259796858e-01   2.253798991442e-01  -8.421719819307e-02  -1.767940223217e-01   2.253798991442e-01  -8.421719819307e-02  -1.767940223217e-01 
  0.000000000000e+00  -6.429248023778e-03  -1.926227509975e-01   0.000000000000e+00  -6.429248023778e-03  -1.926227509975e-01  -3.656101645902e-03   1.295687252423e-04  -2.014464139938e-01 
  1.277719885111e-01   4.687968175858e-03  -1.928993314505e-01   1.377379000187e-01  -8.933189511299e-02  -2.073169350624e-01   7.104019820690e-02  -1.048496216536e-01  -1.563874930143e-01 
  6.179251149297e-02  -4.989449307323e-02  -1.410975903273e-01   3.231370821595e-02   8.939584717155e-03  -1.327420920134e-01   1.560513079166e-01   3.723845258355e-02  -1.396614015102e-01 
  1.560513079166e-01   3.723845258355e-02  -1.396614015102e-01   0.000000000000e+00   6.186170969158e-03  -1.799538135529e-01   0.000000000000e+00   6.186170969158e-03  -1.799538135529e-01 
  3.158948943019e-02  -7.300692610443e-03  -1.767823398113e-01   3.475902602077e-02   3.352756053209e-02  -1.525493264198e-01   9.953889995813e-02   1.133756935596e-01  -1.608404666185e-01 
  1.036373749375e-01  -1.818505860865e-02  -1.704565733671e-01   1.530942469835e-01  -7.783981412649e-02  -1.779714673758e-01   1.130337789655e-01  -6.538209319115e-02  -1.422228515148e-01 
  1.262624859810e-01  -3.240536153316e-02  -1.384367048740e-01   1.262624859810e-01  -3.240536153316e-02  -1.384367048740e-01   0.000000000000e+00  -8.776375651360e-02  -2.176911532879e-01 
  0.000000000000e+00  -8.776375651360e-02  -2.176911532879e-01  -9.837120771408e-02  -2.909685298800e-02  -2.323184460402e-01   5.741503089666e-02   2.774104848504e-02  -1.613478064537e-01 
  9.603501856327e-02   9.130787849426e-02  -1.406267881393e-01   9.156070649624e-02   4.730929434299e-02  -1.343905031681e-01   1.251520663500e-01   3.649627417326e-02  -1.439290344715e-01 
  1.562378257513e-01  -3.941373899579e-02  -1.595160961151e-01   2.054109275341e-01  -7.229235023260e-02  -1.926071345806e-01   2.054109275341e-01  -7.229235023260e-02  -1.926071345806e-01 
  0.000000000000e+00   0.000000000000e+00  -1.853612959385e-01   0.000000000000e+00   0.000000000000e+00  -1.853612959385e-01  -1.065631955862e-01   0.000000000000e+00  -2.005952447653e-01 
  8.960621058941e-02   0.000000000000e+00  -1.619757115841e-01   1.603030972183e-02   0.000000000000e+00  -1.867584586143e-01   1.413266807795e-01   0.000000000000e+00  -1.375266462564e-01 
  1.262827068567e-01   0.000000000000e+00  -1.231689527631e-01   1.863216608763e-01   0.000000000000e+00  -1.224058941007e-01   2.703915536404e-01   0.000000000000e+00  -1.281992942095e-01 
  2.703915536404e-01   0.000000000000e+00  -1.281992942095e-01   0.000000000000e+00   0.000000000000e+00  -1.853612959385e-01   0.000000000000e+00   0.000000000000e+00  -1.853612959385e-01 
 -1.065631955862e-01   0.000000000000e+00  -2.005952447653e-01   8.960621058941e-02   0.000000000000e+00  -1.619757115841e-01   1.603030972183e-02   0.000000000000e+00  -1.867584586143e-01 
  1.413266807795e-01   0.000000000000e+00  -1.375266462564e-01   1.262827068567e-01   0.000000000000e+00  -1.231689527631e-01   1.863216608763e-01   0.000000000000e+00  -1.224058941007e-01 
  2.703915536404e-01   0.000000000000e+00  -1.281992942095e-01   2.703915536404e-01   0.000000000000e+00  -1.281992942095e-01   0.000000000000e+00  -1.846822649240e-01  -8.570734858513e-01 
  0.000000000000e+00  -1.846822649240e-01  -8.570734858513e-01  -1.678681969643e-01  -7.758600264788e-02  -1.170564651489e+00   3.620611727238e-01  -1.941559761763e-01  -6.916867494583e-01 
  6.984005570412e-01   2.479964792728e-01  -9.566804766655e-01   3.874598443508e-01   8.969451300800e-03  -3.010592162609e-01   1.173449531198e-01   2.224981971085e-02  -6.865674853325e-01 
  2.048122584820e-01   1.238679885864e-02  -5.765220522881e-01   0.000000000000e+00  -9.346152842045e-02  -5.851157009602e-03   0.000000000000e+00  -9.346152842045e-02  -5.851157009602e-03 
  0.000000000000e+00  -1.846822649240e-01  -8.570734858513e-01   0.000000000000e+00  -1.846822649240e-01  -8.570734858513e-01  -1.678681969643e-01  -7.758600264788e-02  -1.170564651489e+00 
  3.620611727238e-01  -1.941559761763e-01  -6.916867494583e-01   6.984005570412e-01   2.479964792728e-01  -9.566804766655e-01   3.874598443508e-01   8.969451300800e-03  -3.010592162609e-01 
  1.173449531198e-01   2.224981971085e-02  -6.865674853325e-01   2.048122584820e-01   1.238679885864e-02  -5.765220522881e-01   0.000000000000e+00  -9.346152842045e-02  -5.851157009602e-03 
  0.000000000000e+00  -9.346152842045e-02  -5.851157009602e-03   0.000000000000e+00  -1.329455822706e-01  -5.822483897209e-01   0.000000000000e+00  -1.329455822706e-01  -5.822483897209e-01 
 -2.000206112862e-01  -1.662622690201e-01  -9.337218999863e-01   4.222632646561e-01  -1.976563781500e-01  -7.306095957756e-01   5.903209447861e-01   3.557285666466e-01  -6.096808910370e-01 
  2.396657913923e-01   4.856933373958e-03  -4.588013589382e-01   1.051566451788e-01   1.097171232104e-01  -5.177688598633e-01   1.175228729844e-01   2.674813941121e-02  -6.097316741943e-01 
  7.844329625368e-02  -4.135027900338e-02  -5.238252505660e-02   7.844329625368e-02  -4.135027900338e-02  -5.238252505660e-02   0.000000000000e+00   8.788691833615e-03  -1.004940629005e+00 
  0.000000000000e+00   8.788691833615e-03  -1.004940629005e+00  -1.635424047709e-02   1.357350498438e-01  -1.361980199814e+00   3.494193553925e-01  -1.082830429077e-01  -9.194013476372e-01 
  4.412243664265e-01  -3.460440784693e-02  -9.374684095383e-01   7.072305679321e-01  -7.015508413315e-02  -9.216011166573e-01   2.305334210396e-01   0.000000000000e+00  -4.629142582417e-01 
  9.371707588434e-02  -5.119109153748e-02  -5.675759166479e-02   1.820558607578e-01  -1.926055923104e-02  -6.956851482391e-02   1.820558607578e-01  -1.926055923104e-02  -6.956851482391e-02 
  0.000000000000e+00  -6.074602250010e-03  -1.065459728241e+00   0.000000000000e+00  -6.074602250010e-03  -1.065459728241e+00  -5.029095411301e-01  -2.834795415401e-02  -1.497248649597e+00 
  3.127471804619e-01  -1.884812116623e-02  -1.115767002106e+00   4.697171449661e-01  -1.465528458357e-01  -8.353015780449e-01   8.783714175224e-01   1.326746940613e-01  -8.131605386734e-01 
  2.472036331892e-01   4.585913941264e-02  -7.774780988693e-01   1.197077259421e-01  -5.541551113129e-02  -5.929961204529e-01   2.236649096012e-01  -8.412171155214e-02  -2.320597320795e-02 
  2.236649096012e-01  -8.412171155214e-02  -2.320597320795e-02   0.000000000000e+00   2.728876098990e-02  -8.151990771294e-01   0.000000000000e+00   2.728876098990e-02  -8.151990771294e-01 
 -4.220210909843e-01   1.737156063318e-01  -6.483617424965e-01  -2.903418540955e-01   2.967169135809e-02  -6.949490904808e-01   6.510157585144e-01   5.954094976187e-02  -7.647663950920e-01 
  1.073793530464e+00   9.166240692139e-01  -8.126090168953e-01   1.837668195367e-02   3.113821744919e-01  -7.226279377937e-01   5.672648921609e-02   4.721219837666e-02  -6.137704253197e-01 
  1.788741499186e-01   3.731960803270e-02  -6.033860519528e-02   1.788741499186e-01   3.731960803270e-02  -6.033860519528e-02   0.000000000000e+00   5.246547237039e-02  -5.412281155586e-01 
  0.000000000000e+00   5.246547237039e-02  -5.412281155586e-01  -1.054728180170e-01   6.467148661613e-01  -9.769946932793e-01   2.651061713696e-01   1.530567258596e-01  -1.056529521942e+00 
  3.985025286674e-01   2.149664238095e-02  -9.596028327942e-01   5.232236385345e-01   4.776965975761e-01  -9.626208543777e-01  -2.857282459736e-01   1.999283879995e-01  -6.428642272949e-01 
  3.043155372143e-01  -3.673829510808e-02  -1.096553087234e+00   3.772720992565e-01  -3.409053385258e-02  -6.156329065561e-02   3.772720992565e-01  -3.409053385258e-02  -6.156329065561e-02 
  0.000000000000e+00   1.695723682642e-01  -5.941698551178e-01   0.000000000000e+00   1.695723682642e-01  -5.941698551178e-01   1.467606872320e-01   3.027593791485e-01  -9.378273487091e-01 
  4.588194191456e-01   1.581371277571e-01  -2.358875036240e+00   4.188222289085e-01   5.381485819817e-02  -3.776984930038e+00  -4.726041108370e-02   4.898142516613e-01   2.152457088232e-01 
 -7.805459201336e-02   6.058061029762e-03  -7.456832528114e-01   6.868790984154e-01  -5.481836572289e-02  -1.026530146599e+00   8.530172109604e-01  -5.714640766382e-02  -3.091822564602e-01 
  8.530172109604e-01  -5.714640766382e-02  -3.091822564602e-01   0.000000000000e+00   0.000000000000e+00  -5.502400994301e-01   0.000000000000e+00   0.000000000000e+00  -5.502400994301e-01 
  2.329152226448e-01   0.000000000000e+00  -4.268918037415e-01   3.623420000076e-02   0.000000000000e+00  -1.950754523277e+00   1.450618207455e-01   6.354614160955e-03  -4.163936138153e+00 
 -5.554329752922e-01   0.000000000000e+00   2.851753830910e-01  -4.865367114544e-01   0.000000000000e+00   3.052658140659e-01   8.329644203186e-01   0.000000000000e+00  -3.793834745884e-01 
  9.068116545677e-01  -8.791688829660e-03  -3.735900819302e-01   9.068116545677e-01  -8.791688829660e-03  -3.735900819302e-01   0.000000000000e+00   0.000000000000e+00  -5.502400994301e-01 
  0.000000000000e+00   0.000000000000e+00  -5.502400994301e-01   2.329152226448e-01   0.000000000000e+00  -4.268918037415e-01   3.623420000076e-02   0.000000000000e+00  -1.950754523277e+00 
  1.450618207455e-01   6.354614160955e-03  -4.163936138153e+00  -5.554329752922e-01   0.000000000000e+00   2.851753830910e-01  -4.865367114544e-01   0.000000000000e+00   3.052658140659e-01 
  8.329644203186e-01   0.000000000000e+00  -3.793834745884e-01   9.068116545677e-01  -8.791688829660e-03  -3.735900819302e-01   9.068116545677e-01  -8.791688829660e-03  -3.735900819302e-01 
  0.000000000000e+00  -1.315342485905e-01  -3.599804639816e-01   0.000000000000e+00  -1.315342485905e-01  -3.599804639816e-01  -9.016312658787e-02  -7.139842957258e-02  -6.728624105453e-01 
  4.999953508377e-02  -1.582099646330e-01  -4.214224815369e-01   9.421603679657e-01  -1.595902442932e-01  -3.203747570515e-01   9.387466907501e-01   3.655807673931e-02  -3.055424392223e-01 
  1.610786020756e-01   6.598347425461e-02  -6.047565340996e-01   1.610786020756e-01   2.925596199930e-02  -6.484901905060e-01   0.000000000000e+00  -6.031362339854e-02  -1.000000014901e-01 
  0.000000000000e+00  -6.031362339854e-02  -1.000000014901e-01   0.000000000000e+00  -1.315342485905e-01  -3.599804639816e-01   0.000000000000e+00  -1.315342485905e-01  -3.599804639816e-01 
 -9.016312658787e-02  -7.139842957258e-02  -6.728624105453e-01   4.999953508377e-02  -1.582099646330e-01  -4.214224815369e-01   9.421603679657e-01  -1.595902442932e-01  -3.203747570515e-01 
  9.387466907501e-01   3.655807673931e-02  -3.055424392223e-01   1.610786020756e-01   6.598347425461e-02  -6.047565340996e-01   1.610786020756e-01   2.925596199930e-02  -6.484901905060e-01 
  0.000000000000e+00  -6.031362339854e-02  -1.000000014901e-01   0.000000000000e+00  -6.031362339854e-02  -1.000000014901e-01   0.000000000000e+00  -1.180703788996e-01  -3.242804110050e-01 
  0.000000000000e+00  -1.180703788996e-01  -3.242804110050e-01  -3.401898145676e-01  -5.142752453685e-02  -4.032641649246e-01  -6.755336374044e-02  -1.768676042557e-01  -4.021526575089e-01 
  6.052169203758e-01  -1.407879441977e-01  -6.102141737938e-01   5.621300339699e-01   4.261008277535e-02  -5.604649186134e-01   8.467800617218e-01   6.598347425461e-02  -6.484901905060e-01 
  8.524095416069e-01   3.763218969107e-02  -6.002820730209e-01   1.047277972102e-01  -2.750962041318e-02  -1.011514440179e-01   1.047277972102e-01  -2.750962041318e-02  -1.011514440179e-01 
  0.000000000000e+00   4.375648126006e-02  -1.553667038679e-01   0.000000000000e+00   4.375648126006e-02  -1.553667038679e-01   2.207803875208e-01   1.280269399285e-02   3.974847197533e-01 
  4.074116647243e-01   2.739084884524e-02  -2.788508236408e-01   6.287186741829e-01   3.509824573994e-01  -7.430492043495e-01   7.396258711815e-01   1.347815990448e-01  -7.534097433090e-01 
  8.548883795738e-01   7.092348486185e-02  -1.000000014901e-01   8.548883795738e-01   3.610865026712e-02  -1.000000014901e-01   0.000000000000e+00  -2.074758894742e-02  -1.000000014901e-01 
  0.000000000000e+00  -2.074758894742e-02  -1.000000014901e-01   0.000000000000e+00   2.796154469252e-02  -3.767600953579e-01   0.000000000000e+00   2.796154469252e-02  -3.767600953579e-01 
  6.686799973249e-02   4.121873527765e-03  -3.210212886333e-01   4.369539916515e-01   5.898919329047e-02   3.627943694592e-01   3.691831529140e-01  -1.299586296082e-01  -6.730945110321e-01 
  4.292088747025e-01  -5.338663980365e-02  -7.007121443748e-01   4.380237460136e-01   5.226492509246e-02  -7.561050653458e-01   2.212182134390e-01   2.000226080418e-02  -6.211854219437e-01 
  2.259236425161e-01  -7.201938331127e-02  -5.214834958315e-02   2.259236425161e-01  -7.201938331127e-02  -5.214834958315e-02   0.000000000000e+00   1.053176000714e-01  -2.639120221138e-01 
  0.000000000000e+00   1.053176000714e-01  -2.639120221138e-01   1.728358492255e-02   1.321534663439e-01  -1.422978937626e-01   3.455722033978e-01   9.698612242937e-02  -2.579822540283e-01 
  5.100952982903e-01   1.761028170586e-02  -5.977159738541e-01   8.117177486420e-01   4.770831465721e-01  -6.301928162575e-01   3.271011114120e-01   4.229637384415e-01  -8.808776736259e-01 
  1.835133731365e-01   1.278902143240e-01  -5.488284826279e-01   2.668976783752e-01   4.545157030225e-02  -1.114692687988e-01   2.668976783752e-01   4.545157030225e-02  -1.114692687988e-01 
  0.000000000000e+00  -7.255221158266e-02  -3.949654996395e-01   0.000000000000e+00  -7.255221158266e-02  -3.949654996395e-01  -1.400697510689e-02  -2.800107374787e-02  -5.374290943146e-01 
  4.788761138916e-01   1.069489941001e-01  -7.751480340958e-01   6.473442912102e-01   2.325928770006e-02   1.726608537138e-02   5.557312369347e-01   4.203299283981e-01   1.682279258966e-02 
  2.880303747952e-02   2.882418036461e-01  -5.959284901619e-01   5.195280909538e-01  -1.631123200059e-02  -1.000000014901e-01   5.850981473923e-01  -3.122304752469e-02  -1.473056524992e-01 
  5.850981473923e-01  -3.122304752469e-02  -1.473056524992e-01   0.000000000000e+00   4.275358095765e-02  -4.824433326721e-01   0.000000000000e+00   4.275358095765e-02  -4.824433326721e-01 
  2.032744884491e-01   6.234841793776e-02  -7.114657759666e-01   8.230901956558e-01   3.800158575177e-02  -9.273169040680e-01   6.797161102295e-01   1.219952851534e-02  -1.161568760872e+00 
  6.377580761909e-01   3.662550449371e-01  -8.939860761166e-02  -4.520538821816e-02  -7.889725267887e-03  -4.914518892765e-01   8.755742907524e-01  -3.825153782964e-02  -4.710140228271e-01 
  9.138491749763e-01  -3.788882121444e-02  -4.118148386478e-01   9.138491749763e-01  -3.788882121444e-02  -4.118148386478e-01   0.000000000000e+00   0.000000000000e+00  -1.176564097404e-01 
  0.000000000000e+00   0.000000000000e+00  -1.176564097404e-01   1.423694789410e-01   0.000000000000e+00  -2.779352664948e-01   3.507067561150e-01   0.000000000000e+00  -6.026260852814e-01 
  6.538554430008e-01   5.149092990905e-03  -1.431110024452e+00   6.849596500397e-01   0.000000000000e+00   3.165450096130e-01   0.000000000000e+00   0.000000000000e+00   2.820968627930e-01 
  1.063392162323e+00   0.000000000000e+00  -6.105864644051e-01   1.038100123405e+00  -2.621480962262e-03  -8.263153433800e-01   1.038100123405e+00  -2.621480962262e-03  -8.263153433800e-01 
  0.000000000000e+00   0.000000000000e+00  -1.176564097404e-01   0.000000000000e+00   0.000000000000e+00  -1.176564097404e-01   1.423694789410e-01   0.000000000000e+00  -2.779352664948e-01 
  3.507067561150e-01   0.000000000000e+00  -6.026260852814e-01   6.538554430008e-01   5.149092990905e-03  -1.431110024452e+00   6.849596500397e-01   0.000000000000e+00   3.165450096130e-01 
  0.000000000000e+00   0.000000000000e+00   2.820968627930e-01   1.063392162323e+00   0.000000000000e+00  -6.105864644051e-01   1.038100123405e+00  -2.621480962262e-03  -8.263153433800e-01 
  1.038100123405e+00  -2.621480962262e-03  -8.263153433800e-01   0.000000000000e+00   4.088004305959e-02  -4.771342873573e-01   0.000000000000e+00   4.088004305959e-02  -4.771342873573e-01 
  2.252481877804e-02   1.515122945420e-03  -6.543328166008e-01   2.159233689308e-01  -1.854559034109e-01  -3.976571857929e-01   9.971072673798e-01  -1.669235527515e-01  -4.098664224148e-01 
  9.567809700966e-01   0.000000000000e+00  -4.300295412540e-01   0.000000000000e+00   2.067012712359e-02  -6.049312949181e-01   3.150145113468e-01   1.817482337356e-02  -6.387127637863e-01 
  2.019656598568e-01  -2.910372801125e-02  -2.948005497456e-01   2.019656598568e-01  -2.910372801125e-02  -2.948005497456e-01   0.000000000000e+00   4.088004305959e-02  -4.771342873573e-01 
  0.000000000000e+00   4.088004305959e-02  -4.771342873573e-01   2.252481877804e-02   1.515122945420e-03  -6.543328166008e-01   2.159233689308e-01  -1.854559034109e-01  -3.976571857929e-01 
  9.971072673798e-01  -1.669235527515e-01  -4.098664224148e-01   9.567809700966e-01   0.000000000000e+00  -4.300295412540e-01   0.000000000000e+00   2.067012712359e-02  -6.049312949181e-01 
  3.150145113468e-01   1.817482337356e-02  -6.387127637863e-01   2.019656598568e-01  -2.910372801125e-02  -2.948005497456e-01   2.019656598568e-01  -2.910372801125e-02  -2.948005497456e-01 
  0.000000000000e+00   1.877319067717e-01  -3.726752400398e-01   0.000000000000e+00   1.877319067717e-01  -3.726752400398e-01  -2.478940486908e-01   2.622826397419e-02  -2.250232696533e-01 
 -1.422982513905e-01  -2.036722004414e-01  -2.427140027285e-01   9.454060196877e-01  -2.072498351336e-01  -9.828306436539e-01   8.540601730347e-01   0.000000000000e+00  -8.806729316711e-01 
  8.548883795738e-01   0.000000000000e+00  -7.903898358345e-01   8.548883795738e-01   6.780283059925e-03  -7.903898358345e-01   4.395050704479e-01  -9.868434630334e-03  -3.656564652920e-01 
  4.395050704479e-01  -9.868434630334e-03  -3.656564652920e-01   0.000000000000e+00   1.114064902067e-01  -4.819786846638e-01   0.000000000000e+00   1.114064902067e-01  -4.819786846638e-01 
  9.218391031027e-02  -4.910488426685e-02  -4.819773733616e-01   2.199178934097e-01  -3.322868375108e-03  -3.139290511608e-01   6.253194212914e-01   3.213894963264e-01  -1.048468470573e+00 
  7.692188024521e-01   8.125268667936e-02  -1.019675970078e+00   8.380574584007e-01   8.296096324921e-02  -8.072207570076e-01   8.717193007469e-01   0.000000000000e+00  -7.903898358345e-01 
  0.000000000000e+00  -7.193961180747e-03  -1.000000014901e-01   0.000000000000e+00  -7.193961180747e-03  -1.000000014901e-01   0.000000000000e+00  -8.915369957685e-02  -4.098892211914e-01 
  0.000000000000e+00  -8.915369957685e-02  -4.098892211914e-01   2.622673474252e-02  -8.915302902460e-02   6.963812559843e-02   2.679607272148e-01   4.967513307929e-02   3.374347090721e-01 
  3.497838675976e-01  -2.107819914818e-01  -9.566835314035e-02   4.597129523754e-01   7.232996821404e-02  -4.703080356121e-01   4.874101877213e-01   1.166228502989e-01  -7.891491055489e-01 
  0.000000000000e+00   0.000000000000e+00  -7.887733578682e-01   1.974741369486e-02  -1.342035084963e-02  -3.361557424068e-01   1.974741369486e-02  -1.342035084963e-02  -3.361557424068e-01 
  0.000000000000e+00   2.839789688587e-01  -3.051936328411e-01   0.000000000000e+00   2.839789688587e-01  -3.051936328411e-01   6.518793106079e-02   1.698190420866e-01  -9.889951348305e-02 
  2.156692296267e-01   1.304762214422e-01  -1.676363497972e-01   4.174617826939e-01  -2.719455398619e-02  -5.398353934288e-01   6.550500392914e-01   2.170738577843e-02  -5.884599089622e-01 
  4.985218346119e-01   0.000000000000e+00  -7.493978738785e-01   1.622459739447e-01   1.653495244682e-02  -5.008465051651e-01   3.196809291840e-01   2.193149365485e-02  -2.307648658752e-01 
  3.196809291840e-01   2.193149365485e-02  -2.307648658752e-01   0.000000000000e+00  -1.278718095273e-02  -5.619060993195e-01   0.000000000000e+00  -1.278718095273e-02  -5.619060993195e-01 
  1.366754621267e-01  -1.008015708067e-03  -5.354994535446e-01   2.247039079666e-01  -2.301402203739e-02  -6.313049793243e-01   5.731724500656e-01  -4.434132017195e-03  -1.003683567047e+00 
  5.730850100517e-01   2.048252224922e-01  -4.176723361015e-01   3.560630977154e-01   1.918936967850e-01  -5.520146489143e-01   6.960528492928e-01   2.868237905204e-02  -1.000000014901e-01 
  4.622073769569e-01   8.527848869562e-03  -3.176364600658e-01   4.622073769569e-01   8.527848869562e-03  -3.176364600658e-01   0.000000000000e+00  -2.290370017290e-01  -3.662140369415e-01 
  0.000000000000e+00  -2.290370017290e-01  -3.662140369415e-01   2.352650910616e-01   1.060324814171e-02  -1.928300559521e-01   3.382193744183e-01  -1.134736463428e-01  -6.827294230461e-01 
  6.687334179878e-01  -1.109571475536e-02  -1.107107877731e+00   5.794596076012e-01   1.942242868245e-02  -1.015377402306e+00   4.937796592712e-01  -4.166008438915e-03  -5.639216303825e-01 
  9.517427682877e-01   0.000000000000e+00  -9.075258970261e-01   6.754583716393e-01   0.000000000000e+00  -7.061808109283e-01   6.754583716393e-01   0.000000000000e+00  -7.061808109283e-01 
  0.000000000000e+00   0.000000000000e+00  -2.535623610020e-01   0.000000000000e+00   0.000000000000e+00  -2.535623610020e-01   1.652098447084e-01   0.000000000000e+00  -2.784075737000e-01 
 -3.215254843235e-02   0.000000000000e+00  -1.041558146477e+00   7.780047059059e-01   0.000000000000e+00  -9.097659587860e-02   5.878235697746e-01   0.000000000000e+00  -9.051815271378e-01 
  0.000000000000e+00   0.000000000000e+00  -1.000000014901e-01   1.081511974335e+00   0.000000000000e+00  -9.402204155922e-01   1.081511974335e+00   0.000000000000e+00  -9.075258970261e-01 
  1.081511974335e+00   0.000000000000e+00  -9.075258970261e-01   0.000000000000e+00   0.000000000000e+00  -2.535623610020e-01   0.000000000000e+00   0.000000000000e+00  -2.535623610020e-01 
  1.652098447084e-01   0.000000000000e+00  -2.784075737000e-01  -3.215254843235e-02   0.000000000000e+00  -1.041558146477e+00   7.780047059059e-01   0.000000000000e+00  -9.097659587860e-02 
  5.878235697746e-01   0.000000000000e+00  -9.051815271378e-01   0.000000000000e+00   0.000000000000e+00  -1.000000014901e-01   1.081511974335e+00   0.000000000000e+00  -9.402204155922e-01 
  1.081511974335e+00   0.000000000000e+00  -9.075258970261e-01   1.081511974335e+00   0.000000000000e+00  -9.075258970261e-01   0.000000000000e+00   7.458875328302e-02  -7.543888688087e-01 
  0.000000000000e+00   7.458875328302e-02  -7.543888688087e-01   7.922891527414e-03  -1.218307837844e-01  -1.541849613190e+00   8.592801690102e-01  -8.513315767050e-02  -1.040068626404e+00 
  9.769441485405e-01  -1.824662238359e-01  -4.501926898956e-01   9.769441485405e-01  -9.070301055908e-02  -4.300295412540e-01   4.268668889999e-01  -2.057420462370e-02  -6.082383394241e-01 
  3.843322396278e-01   9.738509543240e-04  -6.724995970726e-01   2.931112647057e-01  -1.337289996445e-02  -4.662148058414e-01   2.931112647057e-01  -1.337289996445e-02  -4.662148058414e-01 
  0.000000000000e+00   7.458875328302e-02  -7.543888688087e-01   0.000000000000e+00   7.458875328302e-02  -7.543888688087e-01   7.922891527414e-03  -1.218307837844e-01  -1.541849613190e+00 
  8.592801690102e-01  -8.513315767050e-02  -1.040068626404e+00   9.769441485405e-01  -1.824662238359e-01  -4.501926898956e-01   9.769441485405e-01  -9.070301055908e-02  -4.300295412540e-01 
  4.268668889999e-01  -2.057420462370e-02  -6.082383394241e-01   3.843322396278e-01   9.738509543240e-04  -6.724995970726e-01   2.931112647057e-01  -1.337289996445e-02  -4.662148058414e-01 
  2.931112647057e-01  -1.337289996445e-02  -4.662148058414e-01   0.000000000000e+00   1.992311775684e-01  -5.151386857033e-01   0.000000000000e+00   1.992311775684e-01  -5.151386857033e-01 
  3.443267941475e-02  -2.905497699976e-02  -4.671508669853e-01   2.100668698549e-01  -6.717242300510e-02  -4.824996590614e-01   8.076421618462e-01  -1.853683441877e-01  -4.376520514488e-01 
  7.490672469139e-01  -9.255871921778e-02  -8.468207716942e-01   4.121539890766e-01  -4.756597045343e-04  -7.903898358345e-01   4.227026700974e-01   4.879800602794e-03  -7.903898358345e-01 
  3.060809671879e-01  -7.674529333599e-04  -4.757243096828e-01   3.060809671879e-01  -7.674529333599e-04  -4.757243096828e-01   0.000000000000e+00   3.936430811882e-01  -1.252197176218e-01 
  0.000000000000e+00   3.936430811882e-01  -1.252197176218e-01  -5.998456850648e-03   1.789631992579e-01  -2.778404355049e-01   5.964858084917e-02   6.213162466884e-02  -2.453669160604e-01 
  4.861206710339e-01   1.807100176811e-01  -9.406703114510e-01   2.871128320694e-01   0.000000000000e+00  -8.711090087891e-01   0.000000000000e+00   0.000000000000e+00  -7.735589146614e-01 
  0.000000000000e+00   8.554877713323e-03  -7.903898358345e-01   0.000000000000e+00   3.926286473870e-03  -1.000000014901e-01   0.000000000000e+00   3.926286473870e-03  -1.000000014901e-01 
  0.000000000000e+00  -1.347303390503e-01  -5.312734283507e-04   0.000000000000e+00  -1.347303390503e-01  -5.312734283507e-04   3.303220123053e-02  -1.194576174021e-01  -1.207299679518e-01 
  1.226804032922e-01  -4.244707152247e-02   1.173716858029e-01   0.000000000000e+00  -9.671598672867e-03  -1.000000014901e-01   0.000000000000e+00   0.000000000000e+00  -1.000000014901e-01 
  4.419805705547e-01   2.296349953784e-18  -7.744675874710e-01   1.799693703651e-01   2.758729644120e-02  -7.839776873589e-01   9.021329879761e-02   9.326539933681e-03  -5.854464769363e-01 
  9.021329879761e-02   9.326539933681e-03  -5.854464769363e-01   0.000000000000e+00   1.265858709812e-01  -3.445580899715e-01   0.000000000000e+00   1.265858709812e-01  -3.445580899715e-01 
  3.195860981941e-02   1.358290463686e-01  -2.382721155882e-01   1.063449010253e-01   1.232295706868e-01  -2.791896760464e-01   2.185283005238e-01  -5.560928955674e-02  -6.251847147942e-01 
  2.628406286240e-01   0.000000000000e+00  -1.000000014901e-01   3.852613866329e-01  -4.064156115055e-02  -5.949600338936e-01   2.726286351681e-01  -7.575857918710e-03  -4.860715270042e-01 
 -7.148727774620e-02  -1.731610274874e-03  -1.371724456549e-01  -7.148727774620e-02  -1.731610274874e-03  -1.371724456549e-01   0.000000000000e+00   2.206090539694e-01  -2.882299423218e-01 
  0.000000000000e+00   2.206090539694e-01  -2.882299423218e-01   2.814072929323e-02   1.012060865760e-01  -9.868011623621e-02   5.638035014272e-02   3.441289812326e-02  -6.734215021133e-01 
  4.166386723518e-01  -1.967842318118e-02  -8.239247202873e-01   4.673752486706e-01   0.000000000000e+00  -6.929223537445e-01   3.903882503510e-01  -4.032389819622e-02  -4.613162577152e-01 
 -3.912670165300e-02   2.641829058642e-15  -2.911845147610e-01  -1.296951025724e-01   0.000000000000e+00  -1.000000014901e-01  -1.296951025724e-01   0.000000000000e+00  -1.000000014901e-01 
  0.000000000000e+00  -3.762207180262e-02  -3.802206516266e-01   0.000000000000e+00  -3.762207180262e-02  -3.802206516266e-01   5.354526638985e-02   1.275649014860e-02  -5.957421660423e-01 
 -7.827553898096e-02  -3.354673460126e-02  -1.344524741173e+00   4.922211170197e-01  -1.106013357639e-02  -7.383431792259e-01   5.387619733810e-01  -6.287352181971e-03  -8.615098595619e-01 
  5.050979852676e-01   1.848871056254e-11  -4.379101693630e-01   0.000000000000e+00   7.703968790218e-15  -3.675711154938e-01   0.000000000000e+00   0.000000000000e+00  -1.000000014901e-01 
  0.000000000000e+00   0.000000000000e+00  -1.000000014901e-01   0.000000000000e+00   0.000000000000e+00  -5.022846460342e-01   0.000000000000e+00   0.000000000000e+00  -5.022846460342e-01 
  7.016296684742e-02   0.000000000000e+00  -3.348828256130e-01   1.091053411365e-01   0.000000000000e+00  -6.530385017395e-01   6.199491024017e-01   0.000000000000e+00  -3.190500438213e-01 
  0.000000000000e+00   0.000000000000e+00  -8.938410878181e-01   0.000000000000e+00   1.059387716440e-10  -1.000000014901e-01   0.000000000000e+00   2.484333404143e-14  -1.000000014901e-01 
  0.000000000000e+00   0.000000000000e+00  -1.012818440795e-01   0.000000000000e+00   0.000000000000e+00  -1.012818440795e-01   0.000000000000e+00   0.000000000000e+00  -5.022846460342e-01 
  0.000000000000e+00   0.000000000000e+00  -5.022846460342e-01   7.016296684742e-02   0.000000000000e+00  -3.348828256130e-01   1.091053411365e-01   0.000000000000e+00  -6.530385017395e-01 
  6.199491024017e-01   0.000000000000e+00  -3.190500438213e-01   0.000000000000e+00   0.000000000000e+00  -8.938410878181e-01   0.000000000000e+00   1.059387716440e-10  -1.000000014901e-01 
  0.000000000000e+00   2.484333404143e-14  -1.000000014901e-01   0.000000000000e+00   0.000000000000e+00  -1.012818440795e-01   0.000000000000e+00   0.000000000000e+00  -1.012818440795e-01 
  0.000000000000e+00  -1.118886992335e-01  -4.597710072994e-01   0.000000000000e+00  -1.118886992335e-01  -4.597710072994e-01  -9.476420469582e-03  -6.878618896008e-02  -6.692892909050e-01 
 -6.917112320662e-02  -5.458481609821e-02  -1.256405353546e+00   0.000000000000e+00  -4.488568380475e-02  -1.000000014901e-01   0.000000000000e+00   9.121584892273e-02  -1.000000014901e-01 
  8.254365324974e-01   1.083536446095e-01  -2.226154804230e-01   4.073575735092e-01   8.470288664103e-02  -3.782103657722e-01   2.486982941628e-01   6.105280667543e-02  -3.926658630371e-01 
  2.486982941628e-01   6.105280667543e-02  -3.926658630371e-01   0.000000000000e+00  -1.118886992335e-01  -4.597710072994e-01   0.000000000000e+00  -1.118886992335e-01  -4.597710072994e-01 
 -9.476420469582e-03  -6.878618896008e-02  -6.692892909050e-01  -6.917112320662e-02  -5.458481609821e-02  -1.256405353546e+00   0.000000000000e+00  -4.488568380475e-02  -1.000000014901e-01 
  0.000000000000e+00   9.121584892273e-02  -1.000000014901e-01   8.254365324974e-01   1.083536446095e-01  -2.226154804230e-01   4.073575735092e-01   8.470288664103e-02  -3.782103657722e-01 
  2.486982941628e-01   6.105280667543e-02  -3.926658630371e-01   2.486982941628e-01   6.105280667543e-02  -3.926658630371e-01   0.000000000000e+00  -6.137043982744e-02  -4.476347863674e-01 
  0.000000000000e+00  -6.137043982744e-02  -4.476347863674e-01   1.950351707637e-02  -1.290498226881e-01  -5.110455751419e-01   8.784755482338e-04  -8.251276612282e-02  -6.583001613617e-01 
  8.375734835863e-02  -8.264424279332e-03  -4.801200330257e-01   6.969039440155e-01   0.000000000000e+00  -2.184247374535e-01   6.648159623146e-01   5.067247152328e-02  -1.000000014901e-01 
  4.714671075344e-01   3.612308949232e-02  -3.352541029453e-01   3.231052756310e-01   1.837962307036e-02  -3.171551823616e-01   3.231052756310e-01   1.837962307036e-02  -3.171551823616e-01 
  0.000000000000e+00   8.990191668272e-02  -3.739491701126e-01   0.000000000000e+00   8.990191668272e-02  -3.739491701126e-01   2.890245523304e-03   9.606908261776e-02  -3.909921348095e-01 
  1.028980780393e-02   6.759865581989e-02  -2.134948223829e-01   3.389842212200e-01   2.853750996292e-02  -2.414690405130e-01   8.202258944511e-01   0.000000000000e+00  -2.696957886219e-01 
  7.886478900909e-01  -4.939683154225e-02  -7.735556364059e-01   3.271829485893e-01  -3.766621276736e-02  -1.000000014901e-01   1.496316194534e-01  -2.603343315423e-02  -1.000000014901e-01 
  1.496316194534e-01  -2.603343315423e-02  -1.000000014901e-01   0.000000000000e+00   1.499701589346e-01  -2.546264231205e-01   0.000000000000e+00   1.499701589346e-01  -2.546264231205e-01 
 -1.792507013306e-03   1.329613327980e-01  -2.634155452251e-01   1.850826665759e-02  -1.255494449288e-02  -6.074830144644e-02   0.000000000000e+00   0.000000000000e+00  -1.000000014901e-01 
  4.173226058483e-01  -1.253524571657e-01  -2.658747136593e-01   7.655348777771e-01  -1.204109042883e-01  -5.771943330765e-01   0.000000000000e+00  -7.298459857702e-02  -5.983064770699e-01 
  0.000000000000e+00  -4.254441335797e-02  -4.315938353539e-01   0.000000000000e+00  -4.254441335797e-02  -4.315938353539e-01   0.000000000000e+00   2.756364643574e-01  -4.435179531574e-01 
  0.000000000000e+00   2.756364643574e-01  -4.435179531574e-01   8.750280365348e-03   2.555854916573e-01  -3.838132619858e-01   3.520115092397e-02  -4.972829017788e-03  -3.668456375599e-01 
  1.755541861057e-01  -7.209216058254e-02  -4.446476995945e-01   3.384017944336e-01  -1.101091578603e-01  -1.000000014901e-01   4.315079748631e-01  -1.136660054326e-01  -7.372181415558e-01 
  2.263042628765e-01   0.000000000000e+00  -6.498422622681e-01   0.000000000000e+00   0.000000000000e+00  -1.000000014901e-01   0.000000000000e+00   0.000000000000e+00  -1.000000014901e-01 
  0.000000000000e+00   2.911695241928e-01  -3.996534347534e-01   0.000000000000e+00   2.911695241928e-01  -3.996534347534e-01   2.727933414280e-02   2.375291287899e-01  -2.488838732243e-01 
  4.739771038294e-02   2.520868368447e-02  -4.578741490841e-01   2.036183476448e-01  -8.477567881346e-02  -7.262352108955e-01   2.197686731815e-01  -9.231287986040e-02  -1.000000014901e-01 
  2.485186755657e-01  -7.737476378679e-02  -5.683365464211e-01   0.000000000000e+00   0.000000000000e+00  -4.370565116405e-01  -2.618112564087e-01   0.000000000000e+00  -7.741129994392e-01 
 -2.618112564087e-01   0.000000000000e+00  -7.741129994392e-01   0.000000000000e+00   6.193418800831e-02  -4.188048839569e-01   0.000000000000e+00   6.193418800831e-02  -4.188048839569e-01 
  6.005054339767e-02   3.686871007085e-02  -9.225992858410e-02   2.575524151325e-01   2.105374448001e-02  -5.686792135239e-01   5.304281115532e-01   0.000000000000e+00  -6.522951722145e-01 
  3.476696312428e-01   0.000000000000e+00  -6.905963420868e-01   1.608336865902e-01   0.000000000000e+00  -1.000000014901e-01   0.000000000000e+00   0.000000000000e+00  -1.000000014901e-01 
 -2.994330525398e-01  -4.224240779877e-02  -8.117347955704e-01  -2.994330525398e-01  -4.224240779877e-02  -8.117347955704e-01   0.000000000000e+00   0.000000000000e+00  -3.527913391590e-01 
  0.000000000000e+00   0.000000000000e+00  -3.527913391590e-01   1.546124368906e-02   0.000000000000e+00  -4.934141933918e-01   7.807277441025e-01   0.000000000000e+00   3.570680320263e-01 
  7.807277441025e-01   0.000000000000e+00  -1.000000014901e-01   0.000000000000e+00   0.000000000000e+00  -4.988892674446e-01   1.006807610393e-01   0.000000000000e+00  -1.000000014901e-01 
  0.000000000000e+00   0.000000000000e+00  -1.000000014901e-01   0.000000000000e+00   0.000000000000e+00  -1.000000014901e-01   0.000000000000e+00   0.000000000000e+00  -1.000000014901e-01 
  0.000000000000e+00   0.000000000000e+00  -3.527913391590e-01   0.000000000000e+00   0.000000000000e+00  -3.527913391590e-01   1.546124368906e-02   0.000000000000e+00  -4.934141933918e-01 
  7.807277441025e-01   0.000000000000e+00   3.570680320263e-01   7.807277441025e-01   0.000000000000e+00  -1.000000014901e-01   0.000000000000e+00   0.000000000000e+00  -4.988892674446e-01 
  1.006807610393e-01   0.000000000000e+00  -1.000000014901e-01   0.000000000000e+00   0.000000000000e+00  -1.000000014901e-01   0.000000000000e+00   0.000000000000e+00  -1.000000014901e-01 
  0.000000000000e+00   0.000000000000e+00  -1.000000014901e-01   0.000000000000e+00  -8.514044433832e-02   9.613101184368e-02   0.000000000000e+00  -8.514044433832e-02   9.613101184368e-02 
  5.194010585546e-02   9.514289349318e-02   1.185201480985e-01  -1.113689765334e-01   0.000000000000e+00  -1.574364662170e+00   0.000000000000e+00   7.797749340534e-02  -1.000000014901e-01 
  1.328877210617e+00   1.559662520885e-01  -1.000000014901e-01   1.328877210617e+00   1.559662520885e-01  -1.000000014901e-01   0.000000000000e+00   9.459816664457e-02  -1.000000014901e-01 
  0.000000000000e+00   6.342500448227e-02  -1.000000014901e-01   0.000000000000e+00   6.342500448227e-02  -1.000000014901e-01   0.000000000000e+00  -8.514044433832e-02   9.613101184368e-02 
  0.000000000000e+00  -8.514044433832e-02   9.613101184368e-02   5.194010585546e-02   9.514289349318e-02   1.185201480985e-01  -1.113689765334e-01   0.000000000000e+00  -1.574364662170e+00 
  0.000000000000e+00   7.797749340534e-02  -1.000000014901e-01   1.328877210617e+00   1.559662520885e-01  -1.000000014901e-01   1.328877210617e+00   1.559662520885e-01  -1.000000014901e-01 
  0.000000000000e+00   9.459816664457e-02  -1.000000014901e-01   0.000000000000e+00   6.342500448227e-02  -1.000000014901e-01   0.000000000000e+00   6.342500448227e-02  -1.000000014901e-01 
  0.000000000000e+00  -1.378322541714e-01   2.566756494343e-02   0.000000000000e+00  -1.378322541714e-01   2.566756494343e-02   2.491134032607e-02  -2.765003740788e-01  -2.582674287260e-02 
  0.000000000000e+00   0.000000000000e+00  -5.675995945930e-01   0.000000000000e+00   7.798144966364e-02  -2.537743151188e-01   1.886469870806e-01   1.559662520885e-01  -1.000000014901e-01 
  3.276826143265e-01   1.559662520885e-01  -3.584953248501e-01   2.175708264112e-01   9.460003674030e-02  -4.200875759125e-01   1.570084691048e-01   6.343064457178e-02  -4.094948768616e-01 
  1.570084691048e-01   6.343064457178e-02  -4.094948768616e-01   0.000000000000e+00  -1.183637380600e-01  -5.973434448242e-01   0.000000000000e+00  -1.183637380600e-01  -5.973434448242e-01 
 -3.491709008813e-02  -1.808994710445e-01  -5.012882351875e-01  -3.388183936477e-02   0.000000000000e+00  -4.147213399410e-01   2.462294697762e-01  -1.093280222267e-02  -4.841575920582e-01 
  5.409245491028e-01   0.000000000000e+00  -2.696957886219e-01   5.692020654678e-01  -2.374850027263e-02  -6.874260306358e-01   3.919115960598e-01  -3.614770993590e-02  -5.561674237251e-01 
  2.343986928463e-01  -4.249525442719e-02  -4.582119584084e-01   2.343986928463e-01  -4.249525442719e-02  -4.582119584084e-01   0.000000000000e+00   1.713729947805e-01  -2.917094230652e-01 
  0.000000000000e+00   1.713729947805e-01  -2.917094230652e-01  -6.827756762505e-02   2.058953344822e-01  -2.876254022121e-01  -6.534615159035e-02  -8.395122736692e-02  -7.837036252022e-01 
  1.740522533655e-01  -9.411780536175e-02  -8.377045989037e-01   3.384018242359e-01  -1.291735321283e-01  -1.226724863052e+00   4.315080344677e-01  -1.125910431147e-01  -1.002464890480e+00 
  2.252674698830e-01  -9.198387712240e-02  -9.020566344261e-01   8.288860321045e-02  -6.007028371096e-02  -6.842259168625e-01   8.288860321045e-02  -6.007028371096e-02  -6.842259168625e-01 
  0.000000000000e+00   2.669017314911e-01  -3.991942480206e-02   0.000000000000e+00   2.669017314911e-01  -3.991942480206e-02  -6.246720254421e-02   2.666792571545e-01  -5.498264357448e-02 
 -2.189405076206e-02  -1.094022840261e-01  -6.932712197304e-01   0.000000000000e+00  -1.214231699705e-01  -1.034777164459e+00   1.391890048981e-01  -1.367741525173e-01  -1.527721524239e+00 
  2.177425324917e-01  -8.955062925816e-02  -1.514160513878e+00   0.000000000000e+00  -7.456729561090e-02  -1.120308637619e+00  -7.469789683819e-02  -2.762752771378e-02  -5.825942754745e-01 
 -7.469789683819e-02  -2.762752771378e-02  -5.825942754745e-01   0.000000000000e+00   2.461570799351e-01  -1.788929402828e-01   0.000000000000e+00   2.461570799351e-01  -1.788929402828e-01 
 -1.321982778609e-02   2.452403157949e-01  -1.795371919870e-01   2.517897188663e-01  -5.602701753378e-02   3.018128275871e-01   0.000000000000e+00  -9.231287986040e-02   3.657538443804e-03 
  0.000000000000e+00  -5.303611978889e-02  -1.000000014901e-01   0.000000000000e+00   0.000000000000e+00  -8.224747180939e-01   0.000000000000e+00  -4.225004464388e-02  -4.370564818382e-01 
 -2.593902051449e-01   0.000000000000e+00  -7.741129994392e-01  -2.593902051449e-01   0.000000000000e+00  -7.741129994392e-01   0.000000000000e+00   9.921690821648e-02  -1.531793624163e-01 
  0.000000000000e+00   9.921690821648e-02  -1.531793624163e-01   9.619425050914e-03   8.772685378790e-02  -1.387845873833e-01   7.807277441025e-01   0.000000000000e+00   9.842115044594e-01 
  7.807277441025e-01   0.000000000000e+00   1.183521151543e+00   0.000000000000e+00   0.000000000000e+00   2.611589431763e-01   4.947739187628e-03   0.000000000000e+00  -2.287528961897e-01 
 -1.395523697138e-01  -2.310305600986e-03  -1.000000014901e-01  -2.618112564087e-01  -4.620611201972e-03  -7.364912033081e-01  -2.618112564087e-01  -4.620611201972e-03  -7.364912033081e-01 
  0.000000000000e+00   0.000000000000e+00  -4.322245344520e-02   0.000000000000e+00   0.000000000000e+00  -4.322245344520e-02  -2.188485814258e-03   0.000000000000e+00   6.706009507179e-01 
  8.550873398781e-01   0.000000000000e+00   1.522719264030e+00   7.063682079315e-01   0.000000000000e+00   1.448359608650e+00   0.000000000000e+00   0.000000000000e+00   1.357230067253e+00 
  0.000000000000e+00  -9.942558826879e-04  -1.435098946095e-01  -9.558870643377e-02  -2.310305600986e-03  -1.000000014901e-01  -1.296951025724e-01  -4.620611201972e-03  -1.000000014901e-01 
 -1.296951025724e-01  -4.620611201972e-03  -1.000000014901e-01   0.000000000000e+00   0.000000000000e+00  -4.322245344520e-02   0.000000000000e+00   0.000000000000e+00  -4.322245344520e-02 
 -2.188485814258e-03   0.000000000000e+00   6.706009507179e-01   8.550873398781e-01   0.000000000000e+00   1.522719264030e+00   7.063682079315e-01   0.000000000000e+00   1.448359608650e+00 
  0.000000000000e+00   0.000000000000e+00   1.357230067253e+00   0.000000000000e+00  -9.942558826879e-04  -1.435098946095e-01  -9.558870643377e-02  -2.310305600986e-03  -1.000000014901e-01 
 -1.296951025724e-01  -4.620611201972e-03  -1.000000014901e-01  -1.296951025724e-01  -4.620611201972e-03  -1.000000014901e-01   0.000000000000e+00   5.285227298737e-02  -5.682858824730e-01 
  0.000000000000e+00   5.285227298737e-02  -5.682858824730e-01   1.699979901314e-01   2.460676804185e-02   2.247911877930e-02   0.000000000000e+00   0.000000000000e+00  -1.574364662170e+00 
  0.000000000000e+00   0.000000000000e+00  -1.000000014901e-01   1.492313504219e+00   3.194024860859e-01   2.664498329163e+00   1.165441036224e+00   1.559662520885e-01   2.501061916351e+00 
  0.000000000000e+00   0.000000000000e+00  -1.000000014901e-01   0.000000000000e+00   0.000000000000e+00  -1.000000014901e-01   0.000000000000e+00   0.000000000000e+00  -1.000000014901e-01 
  0.000000000000e+00   5.285227298737e-02  -5.682858824730e-01   0.000000000000e+00   5.285227298737e-02  -5.682858824730e-01   1.699979901314e-01   2.460676804185e-02   2.247911877930e-02 
  0.000000000000e+00   0.000000000000e+00  -1.574364662170e+00   0.000000000000e+00   0.000000000000e+00  -1.000000014901e-01   1.492313504219e+00   3.194024860859e-01   2.664498329163e+00 
  1.165441036224e+00   1.559662520885e-01   2.501061916351e+00   0.000000000000e+00   0.000000000000e+00  -1.000000014901e-01   0.000000000000e+00   0.000000000000e+00  -1.000000014901e-01 
  0.000000000000e+00   0.000000000000e+00  -1.000000014901e-01   0.000000000000e+00   3.339689597487e-02  -1.009395599365e+00   0.000000000000e+00   3.339689597487e-02  -1.009395599365e+00 
  6.845414638519e-02  -6.330844014883e-02  -5.405774712563e-01   4.293471202254e-02   0.000000000000e+00  -8.199341297150e-01   0.000000000000e+00   0.000000000000e+00  -9.011032432318e-02 
  0.000000000000e+00  -7.469966541976e-03  -1.000000014901e-01   0.000000000000e+00   1.559662520885e-01   1.189429283142e+00   0.000000000000e+00   0.000000000000e+00   6.691616773605e-01 
  0.000000000000e+00   0.000000000000e+00   4.052236974239e-01   0.000000000000e+00   0.000000000000e+00   4.052236974239e-01   0.000000000000e+00  -1.205983310938e-01  -7.885300517082e-01 
  0.000000000000e+00  -1.205983310938e-01  -7.885300517082e-01  -4.437187686563e-02   1.294249892235e-01  -6.401155591011e-01   0.000000000000e+00   1.013170108199e-01  -6.504722237587e-01 
  3.573995828629e-02   0.000000000000e+00  -4.768016040325e-01   3.514305949211e-01   0.000000000000e+00  -1.000000014901e-01   3.140401840210e-01   0.000000000000e+00  -6.701643466949e-01 
  3.059958219528e-01   0.000000000000e+00  -7.113987207413e-01   2.419948577881e-01   0.000000000000e+00  -6.332397460938e-01   2.419948577881e-01   0.000000000000e+00  -6.332397460938e-01 
  0.000000000000e+00   2.697397172451e-01   1.982853747904e-02   0.000000000000e+00   2.697397172451e-01   1.982853747904e-02  -1.257022768259e-01   2.413075268269e-01   1.973150670528e-02 
 -1.254503875971e-01   0.000000000000e+00  -8.197338581085e-01   5.944452807307e-02  -4.780703410506e-02  -8.982266783714e-01   2.194544374943e-01   0.000000000000e+00  -1.488444805145e+00 
  2.484174519777e-01  -5.009923130274e-02  -1.305664777756e+00   1.851575970650e-01  -6.241527572274e-02  -9.328173995018e-01   9.287359565496e-02  -5.356197431684e-02  -6.560230255127e-01 
  9.287359565496e-02  -5.356197431684e-02  -6.560230255127e-01   0.000000000000e+00   3.357180356979e-01  -2.866005003452e-01   0.000000000000e+00   3.357180356979e-01  -2.866005003452e-01 
 -2.210372500122e-02   3.356960117817e-01  -2.863148748875e-01  -1.819292269647e-02  -5.213208869100e-02  -4.716582596302e-02   0.000000000000e+00  -5.958540365100e-02  -1.000000014901e-01 
  0.000000000000e+00   0.000000000000e+00  -1.449167966843e+00   0.000000000000e+00  -3.775035962462e-02  -1.488444805145e+00   0.000000000000e+00  -4.631816223264e-02  -1.000000014901e-01 
 -4.588640108705e-02  -2.679021097720e-02  -2.702076435089e-01  -4.588640108705e-02  -2.679021097720e-02  -2.702076435089e-01   0.000000000000e+00   4.274300336838e-01  -1.988409012556e-01 
  0.000000000000e+00   4.274300336838e-01  -1.988409012556e-01   1.900882646441e-02   4.270411431789e-01  -1.938500106335e-01   8.116231113672e-02   3.765443265438e-01   2.809453606606e-01 
  1.039739325643e-01  -5.031944811344e-02  -2.449702024460e-01   0.000000000000e+00   0.000000000000e+00  -1.000000014901e-01   0.000000000000e+00  -1.170512009412e-02  -8.029821515083e-01 
  0.000000000000e+00  -2.138086222112e-02  -2.355764955282e-01  -1.569901406765e-01  -1.242967904545e-03  -1.000000014901e-01  -1.569901406765e-01  -1.242967904545e-03  -1.000000014901e-01 
  0.000000000000e+00   1.263436675072e-01  -2.165338695049e-01   0.000000000000e+00   1.263436675072e-01  -2.165338695049e-01   9.116206318140e-02   1.255906671286e-01   1.242044940591e-01 
  3.082366585732e-01   6.393414735794e-02   1.010818719864e+00   3.597769737244e-01   8.117174729705e-05   1.208448648453e+00   9.183672070503e-02   0.000000000000e+00   2.200868129730e-01 
  2.260870486498e-02  -4.440787248313e-03  -4.036649167538e-01  -7.882547378540e-02  -1.415597856976e-03  -1.000000014901e-01   0.000000000000e+00   0.000000000000e+00  -1.000000014901e-01 
  0.000000000000e+00   0.000000000000e+00  -1.000000014901e-01   0.000000000000e+00   0.000000000000e+00  -2.292063236237e-01   0.000000000000e+00   0.000000000000e+00  -2.292063236237e-01 
  2.682649902999e-02   3.591129556298e-02   9.340926408768e-01   0.000000000000e+00   2.566929673776e-03   1.374000072479e+00   0.000000000000e+00   1.312623498961e-03   1.448359608650e+00 
  0.000000000000e+00   5.979414563626e-04   1.385453939438e+00   3.089801408350e-03  -2.120753284544e-03  -2.111851274967e-01  -8.612711727619e-02  -1.405145158060e-03  -1.000000014901e-01 
 -7.723312079906e-02   0.000000000000e+00  -1.000000014901e-01  -7.723312079906e-02   0.000000000000e+00  -1.000000014901e-01   0.000000000000e+00   0.000000000000e+00  -2.292063236237e-01 
  0.000000000000e+00   0.000000000000e+00  -2.292063236237e-01   2.682649902999e-02   3.591129556298e-02   9.340926408768e-01   0.000000000000e+00   2.566929673776e-03   1.374000072479e+00 
  0.000000000000e+00   1.312623498961e-03   1.448359608650e+00   0.000000000000e+00   5.979414563626e-04   1.385453939438e+00   3.089801408350e-03  -2.120753284544e-03  -2.111851274967e-01 
 -8.612711727619e-02  -1.405145158060e-03  -1.000000014901e-01  -7.723312079906e-02   0.000000000000e+00  -1.000000014901e-01  -7.723312079906e-02   0.000000000000e+00  -1.000000014901e-01 
  0.000000000000e+00   5.285227298737e-02  -5.682858824730e-01   0.000000000000e+00   5.285227298737e-02  -5.682858824730e-01   1.699979901314e-01   2.460676804185e-02   2.247911877930e-02 
  0.000000000000e+00   0.000000000000e+00  -1.574364662170e+00   0.000000000000e+00   0.000000000000e+00  -1.000000014901e-01   1.492313504219e+00   3.194024860859e-01   2.664498329163e+00 
  1.165441036224e+00   1.559662520885e-01   2.501061916351e+00   0.000000000000e+00   0.000000000000e+00  -1.000000014901e-01   0.000000000000e+00   0.000000000000e+00  -1.000000014901e-01 
  0.000000000000e+00   0.000000000000e+00  -1.000000014901e-01   0.000000000000e+00   5.285227298737e-02  -5.682858824730e-01   0.000000000000e+00   5.285227298737e-02  -5.682858824730e-01 
  1.699979901314e-01   2.460676804185e-02   2.247911877930e-02   0.000000000000e+00   0.000000000000e+00  -1.574364662170e+00   0.000000000000e+00   0.000000000000e+00  -1.000000014901e-01 
  1.492313504219e+00   3.194024860859e-01   2.664498329163e+00   1.165441036224e+00   1.559662520885e-01   2.501061916351e+00   0.000000000000e+00   0.000000000000e+00  -1.000000014901e-01 
  0.000000000000e+00   0.000000000000e+00  -1.000000014901e-01   0.000000000000e+00   0.000000000000e+00  -1.000000014901e-01   0.000000000000e+00   3.339689597487e-02  -1.009395599365e+00 
  0.000000000000e+00   3.339689597487e-02  -1.009395599365e+00   6.845414638519e-02  -6.330844014883e-02  -5.405774712563e-01   4.293471202254e-02   0.000000000000e+00  -8.199341297150e-01 
  0.000000000000e+00   0.000000000000e+00  -9.011032432318e-02   0.000000000000e+00  -7.469966541976e-03  -1.000000014901e-01   0.000000000000e+00   1.559662520885e-01   1.189429283142e+00 
  0.000000000000e+00   0.000000000000e+00   6.691616773605e-01   0.000000000000e+00   0.000000000000e+00   4.052236974239e-01   0.000000000000e+00   0.000000000000e+00   4.052236974239e-01 
  0.000000000000e+00  -1.205983310938e-01  -7.885300517082e-01   0.000000000000e+00  -1.205983310938e-01  -7.885300517082e-01  -4.437187686563e-02   1.294249892235e-01  -6.401155591011e-01 
  0.000000000000e+00   1.013170108199e-01  -6.504722237587e-01   3.573995828629e-02   0.000000000000e+00  -4.768016040325e-01   3.514305949211e-01   0.000000000000e+00  -1.000000014901e-01 
  3.140401840210e-01   0.000000000000e+00  -6.701643466949e-01   3.059958219528e-01   0.000000000000e+00  -7.113987207413e-01   2.419948577881e-01   0.000000000000e+00  -6.332397460938e-01 
  2.419948577881e-01   0.000000000000e+00  -6.332397460938e-01   0.000000000000e+00   2.697397172451e-01   1.982853747904e-02   0.000000000000e+00   2.697397172451e-01   1.982853747904e-02 
 -1.257022768259e-01   2.413075268269e-01   1.973150670528e-02  -1.254503875971e-01   0.000000000000e+00  -8.197338581085e-01   5.944452807307e-02  -4.780703410506e-02  -8.982266783714e-01 
  2.194544374943e-01   0.000000000000e+00  -1.488444805145e+00   2.484174519777e-01  -5.009923130274e-02  -1.305664777756e+00   1.851575970650e-01  -6.241527572274e-02  -9.328173995018e-01 
  9.287359565496e-02  -5.356197431684e-02  -6.560230255127e-01   9.287359565496e-02  -5.356197431684e-02  -6.560230255127e-01   0.000000000000e+00   3.357180356979e-01  -2.866005003452e-01 
  0.000000000000e+00   3.357180356979e-01  -2.866005003452e-01  -2.210372500122e-02   3.356960117817e-01  -2.863148748875e-01  -1.819292269647e-02  -5.213208869100e-02  -4.716582596302e-02 
  0.000000000000e+00  -5.958540365100e-02  -1.000000014901e-01   0.000000000000e+00   0.000000000000e+00  -1.449167966843e+00   0.000000000000e+00  -3.775035962462e-02  -1.488444805145e+00 
  0.000000000000e+00  -4.631816223264e-02  -1.000000014901e-01  -4.588640108705e-02  -2.679021097720e-02  -2.702076435089e-01  -4.588640108705e-02  -2.679021097720e-02  -2.702076435089e-01 
  0.000000000000e+00   4.274300336838e-01  -1.988409012556e-01   0.000000000000e+00   4.274300336838e-01  -1.988409012556e-01   1.900882646441e-02   4.270411431789e-01  -1.938500106335e-01 
  8.116231113672e-02   3.765443265438e-01   2.809453606606e-01   1.039739325643e-01  -5.031944811344e-02  -2.449702024460e-01   0.000000000000e+00   0.000000000000e+00  -1.000000014901e-01 
  0.000000000000e+00  -1.170512009412e-02  -8.029821515083e-01   0.000000000000e+00  -2.138086222112e-02  -2.355764955282e-01  -1.569901406765e-01  -1.242967904545e-03  -1.000000014901e-01 
 -1.569901406765e-01  -1.242967904545e-03  -1.000000014901e-01   0.000000000000e+00   1.263436675072e-01  -2.165338695049e-01   0.000000000000e+00   1.263436675072e-01  -2.165338695049e-01 
  9.116206318140e-02   1.255906671286e-01   1.242044940591e-01   3.082366585732e-01   6.393414735794e-02   1.010818719864e+00   3.597769737244e-01   8.117174729705e-05   1.208448648453e+00 
  9.183672070503e-02   0.000000000000e+00   2.200868129730e-01   2.260870486498e-02  -4.440787248313e-03  -4.036649167538e-01  -7.882547378540e-02  -1.415597856976e-03  -1.000000014901e-01 
  0.000000000000e+00   0.000000000000e+00  -1.000000014901e-01   0.000000000000e+00   0.000000000000e+00  -1.000000014901e-01   0.000000000000e+00   0.000000000000e+00  -2.292063236237e-01 
  0.000000000000e+00   0.000000000000e+00  -2.292063236237e-01   2.682649902999e-02   3.591129556298e-02   9.340926408768e-01   0.000000000000e+00   2.566929673776e-03   1.374000072479e+00 
  0.000000000000e+00   1.312623498961e-03   1.448359608650e+00   0.000000000000e+00   5.979414563626e-04   1.385453939438e+00   3.089801408350e-03  -2.120753284544e-03  -2.111851274967e-01 
 -8.612711727619e-02  -1.405145158060e-03  -1.000000014901e-01  -7.723312079906e-02   0.000000000000e+00  -1.000000014901e-01  -7.723312079906e-02   0.000000000000e+00  -1.000000014901e-01 
  0.000000000000e+00   0.000000000000e+00  -2.292063236237e-01   0.000000000000e+00   0.000000000000e+00  -2.292063236237e-01   2.682649902999e-02   3.591129556298e-02   9.340926408768e-01 
  0.000000000000e+00   2.566929673776e-03   1.374000072479e+00   0.000000000000e+00   1.312623498961e-03   1.448359608650e+00   0.000000000000e+00   5.979414563626e-04   1.385453939438e+00 
  3.089801408350e-03  -2.120753284544e-03  -2.111851274967e-01  -8.612711727619e-02  -1.405145158060e-03  -1.000000014901e-01  -7.723312079906e-02   0.000000000000e+00  -1.000000014901e-01 
 -7.723312079906e-02   0.000000000000e+00  -1.000000014901e-01 

