# vtk DataFile Version 2.0
Written using VisIt writer
ASCII
DATASET RECTILINEAR_GRID
DIMENSIONS 10 10 10
X_COORDINATES 10 float
  0.000000000000e+00   5.000000000000e-01   1.000000000000e+00   1.500000000000e+00   2.000000000000e+00   2.500000000000e+00   3.000000000000e+00   3.500000000000e+00   4.000000000000e+00 
  4.500000000000e+00 
Y_COORDINATES 10 float
  0.000000000000e+00   5.000000000000e-01   1.000000000000e+00   1.500000000000e+00   2.000000000000e+00   2.500000000000e+00   3.000000000000e+00   3.500000000000e+00   4.000000000000e+00 
  4.500000000000e+00 
Z_COORDINATES 10 float
  0.000000000000e+00   5.000000000000e-01   1.000000000000e+00   1.500000000000e+00   2.000000000000e+00   2.500000000000e+00   3.000000000000e+00   3.500000000000e+00   4.000000000000e+00 
  4.500000000000e+00 
CELL_DATA 729
POINT_DATA 1000
VECTORS velocity float
  0.000000000000e+00  -1.275750398636e-01  -2.991567254066e-01   1.750000000000e+00   0.000000000000e+00   1.750000000000e+00   1.195810980991e-26   9.657195806503e-01   2.535873889923e+00 
  6.338701397181e-02  -1.212961599231e-01  -2.779658138752e-01  -5.396352635578e-12   1.750061511993e+00   0.000000000000e+00   1.750000000000e+00   0.000000000000e+00   1.750000000000e+00 
 -6.994085758924e-02  -1.228854730725e-01  -3.028083145618e-01  -1.504788994789e+00  -1.820767967103e-37  -1.604723334312e+00  -2.505737949014e+28   1.750046849251e+00   0.000000000000e+00 
 -5.462433397770e-02  -1.492042988539e-01  -3.231670856476e-01   0.000000000000e+00  -1.275750398636e-01  -2.991567254066e-01  -1.503288388252e+00   7.502932846546e-02  -1.706251263618e+00 
 -9.596864692867e-03  -1.450314968824e-01  -3.023130297661e-01   6.338701397181e-02  -1.212961599231e-01  -2.779658138752e-01   1.195810980991e-26   9.657195806503e-01   2.535873889923e+00 
  5.368349142373e-03  -9.777498245239e-02  -2.781110703945e-01  -6.994085758924e-02  -1.228854730725e-01  -3.028083145618e-01   1.750000000000e+00   0.000000000000e+00   1.750000000000e+00 
 -5.462433397770e-02  -1.492042988539e-01  -3.231670856476e-01  -5.462433397770e-02  -1.492042988539e-01  -3.231670856476e-01   0.000000000000e+00   7.959862053394e-02  -2.782804369926e-01 
  0.000000000000e+00   7.959862053394e-02  -2.782804369926e-01  -5.922311171889e-02   4.614824429154e-02  -2.972959280014e-01  -4.475257825106e-03  -2.390126325190e-02  -2.946757376194e-01 
 -2.062565647066e-02  -4.334044829011e-02  -3.032859265804e-01   6.100144609809e-02   5.399126559496e-03  -2.769778370857e-01  -2.200278267264e-02   4.570464044809e-02  -2.836333215237e-01 
  2.057141624391e-02   8.945660293102e-02  -2.847861945629e-01  -4.244965687394e-02   1.006584465504e-01  -3.011378645897e-01  -4.244965687394e-02   1.006584465504e-01  -3.011378645897e-01 
  0.000000000000e+00   1.075382228009e-03  -2.723252475262e-01   0.000000000000e+00   1.075382228009e-03  -2.723252475262e-01  -2.866767160594e-02   2.656640857458e-02  -2.786024510860e-01 
  2.936806902289e-02   5.734343826771e-02  -2.798607349396e-01  -3.301150351763e-02   3.999400883913e-02  -2.946698665619e-01  -2.390250749886e-02  -4.942215606570e-02  -2.927956581116e-01 
 -7.107560336590e-02  -9.302154928446e-02  -3.192103505135e-01   7.409553974867e-02  -2.133251726627e-02  -2.851517796516e-01  -3.235787153244e-02  -1.141881849617e-02  -2.916475832462e-01 
 -3.235787153244e-02  -1.141881849617e-02  -2.916475832462e-01   0.000000000000e+00  -4.891870543361e-02  -2.863137423992e-01   0.000000000000e+00  -4.891870543361e-02  -2.863137423992e-01 
 -8.262821286917e-02  -1.005524992943e-01  -3.183306455612e-01   9.065133333206e-02  -2.410080097616e-02  -2.796311378479e-01  -5.048829596490e-03   2.911760006100e-03  -2.820338308811e-01 
  2.758101560175e-02   4.841712117195e-02  -2.792962789536e-01  -4.147973284125e-02   6.650889664888e-02  -2.982301414013e-01  -3.648458421230e-02  -5.089463293552e-02  -3.006975948811e-01 
 -9.148483723402e-02  -1.052163913846e-01  -3.249017596245e-01  -9.148483723402e-02  -1.052163913846e-01  -3.249017596245e-01   0.000000000000e+00   5.225908756256e-02  -2.727093994617e-01 
  0.000000000000e+00   5.225908756256e-02  -2.727093994617e-01  -4.575197771192e-02   7.688952982426e-02  -2.919312715530e-01  -3.224712237716e-02  -5.242499709129e-02  -2.957351505756e-01 
 -5.572657659650e-02  -9.342446178198e-02  -3.160450756550e-01   8.088165521622e-02  -2.530683204532e-02  -2.800162136555e-01  -1.340722432360e-03   1.417452190071e-02  -2.835130393505e-01 
  2.008797228336e-02   6.141344457865e-02  -2.830184102058e-01  -4.373921081424e-02   9.774782508612e-02  -2.996736764908e-01  -4.373921081424e-02   9.774782508612e-02  -2.996736764908e-01 
  0.000000000000e+00  -2.406713925302e-02  -2.708144485950e-01   0.000000000000e+00  -2.406713925302e-02  -2.708144485950e-01  -1.464286912233e-02   1.021389104426e-02  -2.761248648167e-01 
  2.679371833801e-02   5.968030169606e-02  -2.787056863308e-01  -4.238571971655e-02   6.349267065525e-02  -2.967780828476e-01  -3.383592143655e-02  -5.722785741091e-02  -3.000383377075e-01 
 -3.860016912222e-02  -8.528515696526e-02  -3.136630058289e-01   5.706436187029e-02  -3.396983072162e-02  -2.843544185162e-01  -3.898832947016e-02  -2.496603503823e-02  -2.903197705746e-01 
 -3.898832947016e-02  -2.496603503823e-02  -2.903197705746e-01   0.000000000000e+00  -8.545298129320e-02  -2.969322204590e-01   0.000000000000e+00  -8.545298129320e-02  -2.969322204590e-01 
 -4.876595363021e-02  -1.063284501433e-01  -3.154500722885e-01   9.340716898441e-02  -3.865915350616e-03  -2.793902158737e-01  -2.880120184273e-03   3.399654105306e-02  -2.818646132946e-01 
  3.243933990598e-02   6.721585243940e-02  -2.798620164394e-01  -4.472871124744e-02   4.683311283588e-02  -2.979932129383e-01  -5.612124875188e-02  -8.021818101406e-02  -3.061060309410e-01 
 -9.519295394421e-02  -1.465482562780e-01  -3.357737660408e-01  -9.519295394421e-02  -1.465482562780e-01  -3.357737660408e-01   0.000000000000e+00   0.000000000000e+00  -2.804339826107e-01 
  0.000000000000e+00   0.000000000000e+00  -2.804339826107e-01  -6.468530744314e-02   0.000000000000e+00  -2.992332279682e-01  -1.711497455835e-02   0.000000000000e+00  -2.900415956974e-01 
 -4.828336462379e-02   0.000000000000e+00  -3.066577613354e-01   1.345492899418e-01   0.000000000000e+00  -2.755901217461e-01   1.168752647936e-02   0.000000000000e+00  -2.858506739140e-01 
 -1.611521001905e-03   0.000000000000e+00  -2.854256927967e-01  -9.464508853853e-03   0.000000000000e+00  -2.950675487518e-01  -9.464508853853e-03   0.000000000000e+00  -2.950675487518e-01 
  0.000000000000e+00   0.000000000000e+00  -2.804339826107e-01   0.000000000000e+00   0.000000000000e+00  -2.804339826107e-01  -6.468530744314e-02   0.000000000000e+00  -2.992332279682e-01 
 -1.711497455835e-02   0.000000000000e+00  -2.900415956974e-01  -4.828336462379e-02   0.000000000000e+00  -3.066577613354e-01   1.345492899418e-01   0.000000000000e+00  -2.755901217461e-01 
  1.168752647936e-02   0.000000000000e+00  -2.858506739140e-01  -1.611521001905e-03   0.000000000000e+00  -2.854256927967e-01  -9.464508853853e-03   0.000000000000e+00  -2.950675487518e-01 
 -9.464508853853e-03   0.000000000000e+00  -2.950675487518e-01   0.000000000000e+00  -1.275750398636e-01  -2.991567254066e-01   0.000000000000e+00  -1.275750398636e-01  -2.991567254066e-01 
 -9.596864692867e-03  -1.450314968824e-01  -3.023130297661e-01   6.338701397181e-02  -1.212961599231e-01  -2.779658138752e-01   7.306359708309e-03  -1.168825477362e-01  -2.770925164223e-01 
  5.368349142373e-03  -9.777498245239e-02  -2.781110703945e-01  -6.994085758924e-02  -1.228854730725e-01  -3.028083145618e-01  -1.926655136049e-02  -1.275785565376e-01  -3.068828284740e-01 
 -5.462433397770e-02  -1.492042988539e-01  -3.231670856476e-01  -5.462433397770e-02  -1.492042988539e-01  -3.231670856476e-01   0.000000000000e+00  -1.275750398636e-01  -2.991567254066e-01 
  0.000000000000e+00  -1.275750398636e-01  -2.991567254066e-01  -9.596864692867e-03  -1.450314968824e-01  -3.023130297661e-01   6.338701397181e-02  -1.212961599231e-01  -2.779658138752e-01 
  7.306359708309e-03  -1.168825477362e-01  -2.770925164223e-01   5.368349142373e-03  -9.777498245239e-02  -2.781110703945e-01  -6.994085758924e-02  -1.228854730725e-01  -3.028083145618e-01 
 -1.926655136049e-02  -1.275785565376e-01  -3.068828284740e-01  -5.462433397770e-02  -1.492042988539e-01  -3.231670856476e-01  -5.462433397770e-02  -1.492042988539e-01  -3.231670856476e-01 
  0.000000000000e+00   7.959862053394e-02  -2.782804369926e-01   0.000000000000e+00   7.959862053394e-02  -2.782804369926e-01  -5.922311171889e-02   4.614824429154e-02  -2.972959280014e-01 
 -4.475257825106e-03  -2.390126325190e-02  -2.946757376194e-01  -2.062565647066e-02  -4.334044829011e-02  -3.032859265804e-01   6.100144609809e-02   5.399126559496e-03  -2.769778370857e-01 
 -2.200278267264e-02   4.570464044809e-02  -2.836333215237e-01   2.057141624391e-02   8.945660293102e-02  -2.847861945629e-01  -4.244965687394e-02   1.006584465504e-01  -3.011378645897e-01 
 -4.244965687394e-02   1.006584465504e-01  -3.011378645897e-01   0.000000000000e+00   1.075382228009e-03  -2.723252475262e-01   0.000000000000e+00   1.075382228009e-03  -2.723252475262e-01 
 -2.866767160594e-02   2.656640857458e-02  -2.786024510860e-01   2.936806902289e-02   5.734343826771e-02  -2.798607349396e-01  -3.301150351763e-02   3.999400883913e-02  -2.946698665619e-01 
 -2.390250749886e-02  -4.942215606570e-02  -2.927956581116e-01  -7.107560336590e-02  -9.302154928446e-02  -3.192103505135e-01   7.409553974867e-02  -2.133251726627e-02  -2.851517796516e-01 
 -3.235787153244e-02  -1.141881849617e-02  -2.916475832462e-01  -3.235787153244e-02  -1.141881849617e-02  -2.916475832462e-01   0.000000000000e+00  -4.891870543361e-02  -2.863137423992e-01 
  0.000000000000e+00  -4.891870543361e-02  -2.863137423992e-01  -8.262821286917e-02  -1.005524992943e-01  -3.183306455612e-01   9.065133333206e-02  -2.410080097616e-02  -2.796311378479e-01 
 -5.048829596490e-03   2.911760006100e-03  -2.820338308811e-01   2.758101560175e-02   4.841712117195e-02  -2.792962789536e-01  -4.147973284125e-02   6.650889664888e-02  -2.982301414013e-01 
 -3.648458421230e-02  -5.089463293552e-02  -3.006975948811e-01  -9.148483723402e-02  -1.052163913846e-01  -3.249017596245e-01  -9.148483723402e-02  -1.052163913846e-01  -3.249017596245e-01 
  0.000000000000e+00   5.225908756256e-02  -2.727093994617e-01   0.000000000000e+00   5.225908756256e-02  -2.727093994617e-01  -4.575197771192e-02   7.688952982426e-02  -2.919312715530e-01 
 -3.224712237716e-02  -5.242499709129e-02  -2.957351505756e-01  -5.572657659650e-02  -9.342446178198e-02  -3.160450756550e-01   8.088165521622e-02  -2.530683204532e-02  -2.800162136555e-01 
 -1.340722432360e-03   1.417452190071e-02  -2.835130393505e-01   2.008797228336e-02   6.141344457865e-02  -2.830184102058e-01  -4.373921081424e-02   9.774782508612e-02  -2.996736764908e-01 
 -4.373921081424e-02   9.774782508612e-02  -2.996736764908e-01   0.000000000000e+00  -2.406713925302e-02  -2.708144485950e-01   0.000000000000e+00  -2.406713925302e-02  -2.708144485950e-01 
 -1.464286912233e-02   1.021389104426e-02  -2.761248648167e-01   2.679371833801e-02   5.968030169606e-02  -2.787056863308e-01  -4.238571971655e-02   6.349267065525e-02  -2.967780828476e-01 
 -3.383592143655e-02  -5.722785741091e-02  -3.000383377075e-01  -3.860016912222e-02  -8.528515696526e-02  -3.136630058289e-01   5.706436187029e-02  -3.396983072162e-02  -2.843544185162e-01 
 -3.898832947016e-02  -2.496603503823e-02  -2.903197705746e-01  -3.898832947016e-02  -2.496603503823e-02  -2.903197705746e-01   0.000000000000e+00  -8.545298129320e-02  -2.969322204590e-01 
  0.000000000000e+00  -8.545298129320e-02  -2.969322204590e-01  -4.876595363021e-02  -1.063284501433e-01  -3.154500722885e-01   9.340716898441e-02  -3.865915350616e-03  -2.793902158737e-01 
 -2.880120184273e-03   3.399654105306e-02  -2.818646132946e-01   3.243933990598e-02   6.721585243940e-02  -2.798620164394e-01  -4.472871124744e-02   4.683311283588e-02  -2.979932129383e-01 
 -5.612124875188e-02  -8.021818101406e-02  -3.061060309410e-01  -9.519295394421e-02  -1.465482562780e-01  -3.357737660408e-01  -9.519295394421e-02  -1.465482562780e-01  -3.357737660408e-01 
  0.000000000000e+00   0.000000000000e+00  -2.804339826107e-01   0.000000000000e+00   0.000000000000e+00  -2.804339826107e-01  -6.468530744314e-02   0.000000000000e+00  -2.992332279682e-01 
 -1.711497455835e-02   0.000000000000e+00  -2.900415956974e-01  -4.828336462379e-02   0.000000000000e+00  -3.066577613354e-01   1.345492899418e-01   0.000000000000e+00  -2.755901217461e-01 
  1.168752647936e-02   0.000000000000e+00  -2.858506739140e-01  -1.611521001905e-03   0.000000000000e+00  -2.854256927967e-01  -9.464508853853e-03   0.000000000000e+00  -2.950675487518e-01 
 -9.464508853853e-03   0.000000000000e+00  -2.950675487518e-01   0.000000000000e+00   0.000000000000e+00  -2.804339826107e-01   0.000000000000e+00   0.000000000000e+00  -2.804339826107e-01 
 -6.468530744314e-02   0.000000000000e+00  -2.992332279682e-01  -1.711497455835e-02   0.000000000000e+00  -2.900415956974e-01  -4.828336462379e-02   0.000000000000e+00  -3.066577613354e-01 
  1.345492899418e-01   0.000000000000e+00  -2.755901217461e-01   1.168752647936e-02   0.000000000000e+00  -2.858506739140e-01  -1.611521001905e-03   0.000000000000e+00  -2.854256927967e-01 
 -9.464508853853e-03   0.000000000000e+00  -2.950675487518e-01  -9.464508853853e-03   0.000000000000e+00  -2.950675487518e-01   0.000000000000e+00  -1.246922984719e-01  -2.031111568213e-01 
  0.000000000000e+00  -1.246922984719e-01  -2.031111568213e-01   1.417182065779e-04  -1.258369535208e-01  -1.897631734610e-01   9.181959554553e-03  -1.194734126329e-01  -2.605193555355e-01 
  3.165022237226e-03  -1.183394640684e-01  -2.714607417583e-01  -3.363261464983e-03  -1.190382763743e-01  -2.914645969868e-01  -1.517654675990e-02  -1.262501925230e-01  -2.371862381697e-01 
 -1.055836398154e-02  -1.296986788511e-01  -2.168668061495e-01  -1.160194259137e-02  -1.353496164083e-01  -1.753541827202e-01  -1.160194259137e-02  -1.353496164083e-01  -1.753541827202e-01 
  0.000000000000e+00  -1.246922984719e-01  -2.031111568213e-01   0.000000000000e+00  -1.246922984719e-01  -2.031111568213e-01   1.417182065779e-04  -1.258369535208e-01  -1.897631734610e-01 
  9.181959554553e-03  -1.194734126329e-01  -2.605193555355e-01   3.165022237226e-03  -1.183394640684e-01  -2.714607417583e-01  -3.363261464983e-03  -1.190382763743e-01  -2.914645969868e-01 
 -1.517654675990e-02  -1.262501925230e-01  -2.371862381697e-01  -1.055836398154e-02  -1.296986788511e-01  -2.168668061495e-01  -1.160194259137e-02  -1.353496164083e-01  -1.753541827202e-01 
 -1.160194259137e-02  -1.353496164083e-01  -1.753541827202e-01   0.000000000000e+00   2.850828692317e-02  -2.771047651768e-01   0.000000000000e+00   2.850828692317e-02  -2.771047651768e-01 
 -7.341678719968e-03   1.927795261145e-02  -2.281691879034e-01   2.155823167413e-03   2.206145413220e-02  -2.237834483385e-01  -1.600542454980e-03   1.870689913630e-02  -1.906538605690e-01 
  7.577831856906e-04   2.437185309827e-02  -2.649085819721e-01  -7.094786036760e-03   2.392008155584e-02  -2.557088434696e-01  -4.755915142596e-03   2.981733530760e-02  -2.855571508408e-01 
 -8.000445552170e-03   3.281024843454e-02  -2.673686444759e-01  -8.000445552170e-03   3.281024843454e-02  -2.673686444759e-01   0.000000000000e+00   1.634003594518e-03  -2.687970399857e-01 
  0.000000000000e+00   1.634003594518e-03  -2.687970399857e-01  -7.091783452779e-03   5.712055717595e-04  -2.425768077374e-01  -5.183776374906e-04  -1.796951517463e-03  -2.871643900871e-01 
 -3.895609406754e-03  -3.977986518294e-03  -2.713169157505e-01  -2.537944354117e-03  -7.990629412234e-03  -2.534472644329e-01  -1.029145251960e-02  -1.128259021789e-02  -1.663570553064e-01 
 -8.891306351870e-04  -4.036678466946e-03  -2.487708777189e-01  -5.110774654895e-03  -8.664043853059e-04  -2.461693435907e-01  -5.110774654895e-03  -8.664043853059e-04  -2.461693435907e-01 
  0.000000000000e+00  -5.247517954558e-03  -2.341888993979e-01   0.000000000000e+00  -5.247517954558e-03  -2.341888993979e-01  -1.098267640918e-02  -9.250886738300e-03  -1.507693678141e-01 
  3.365397918969e-03  -2.498080721125e-03  -2.491217255592e-01   3.923756303266e-04   1.478507765569e-03  -2.544909715652e-01  -1.183929736726e-03   1.871499349363e-03  -2.888949811459e-01 
 -8.168609812856e-03   2.918151440099e-03  -2.692637443542e-01  -5.368737503886e-03  -2.599191153422e-03  -2.379222065210e-01  -1.183376181871e-02  -9.216124191880e-03  -1.551146954298e-01 
 -1.183376181871e-02  -9.216124191880e-03  -1.551146954298e-01   0.000000000000e+00   3.557678777725e-03  -2.857443094254e-01   0.000000000000e+00   3.557678777725e-03  -2.857443094254e-01 
 -1.010571606457e-02   2.641296247020e-03  -2.590862810612e-01  -1.837663585320e-03  -3.714779857546e-03  -2.378880381584e-01  -6.139118690044e-03  -9.489841759205e-03  -1.613468229771e-01 
  3.440363332629e-03  -2.171356463805e-03  -2.458162307739e-01  -1.450404291973e-03   4.115410614759e-03  -2.582500874996e-01  -3.581563476473e-03   4.216849338263e-03  -2.890773713589e-01 
 -8.926656097174e-03   5.577067378908e-03  -2.682498693466e-01  -8.926656097174e-03   5.577067378908e-03  -2.682498693466e-01   0.000000000000e+00  -2.573159988970e-03  -2.551752328873e-01 
  0.000000000000e+00  -2.573159988970e-03  -2.551752328873e-01  -5.069946870208e-03   2.280209911987e-03  -2.423197925091e-01  -8.097904501483e-04   1.702175242826e-03  -2.880841195583e-01 
 -5.349865183234e-03   2.147513208911e-03  -2.662452757359e-01  -8.987357141450e-04  -3.150988370180e-03  -2.278233170509e-01  -6.294844672084e-03  -7.572562433779e-03  -1.721975803375e-01 
 -1.532105263323e-03  -2.928259782493e-03  -2.429597824812e-01  -6.635820958763e-03   4.292204685044e-04  -2.305121719837e-01  -6.635820958763e-03   4.292204685044e-04  -2.305121719837e-01 
  0.000000000000e+00  -1.226179115474e-02  -1.990028470755e-01   0.000000000000e+00  -1.226179115474e-02  -1.990028470755e-01  -6.349836476147e-03  -1.232782937586e-02  -1.423453688622e-01 
  6.211254745722e-03  -2.855728846043e-03  -2.503328919411e-01   2.833620877936e-03   4.052608273923e-03  -2.579763829708e-01   2.709483262151e-03   5.167718045413e-03  -2.943428158760e-01 
 -6.608308292925e-03   4.015780519694e-03  -2.740249633789e-01  -8.893615566194e-03  -4.065203480422e-03  -2.224895954132e-01  -1.351579744369e-02  -1.114958338439e-02  -1.384538859129e-01 
 -1.351579744369e-02  -1.114958338439e-02  -1.384538859129e-01   0.000000000000e+00   0.000000000000e+00  -2.810871303082e-01   0.000000000000e+00   0.000000000000e+00  -2.810871303082e-01 
 -9.829517453909e-03   0.000000000000e+00  -2.313424348831e-01   2.621956169605e-03   0.000000000000e+00  -2.214981913567e-01   5.162421148270e-04   0.000000000000e+00  -1.354857087135e-01 
  1.090116892010e-02   0.000000000000e+00  -2.710556089878e-01   2.588134258986e-03   0.000000000000e+00  -3.197958171368e-01  -6.854324135929e-03   0.000000000000e+00  -3.199702799320e-01 
 -9.402383118868e-03   0.000000000000e+00  -3.181311786175e-01  -9.402383118868e-03   0.000000000000e+00  -3.181311786175e-01   0.000000000000e+00   0.000000000000e+00  -2.810871303082e-01 
  0.000000000000e+00   0.000000000000e+00  -2.810871303082e-01  -9.829517453909e-03   0.000000000000e+00  -2.313424348831e-01   2.621956169605e-03   0.000000000000e+00  -2.214981913567e-01 
  5.162421148270e-04   0.000000000000e+00  -1.354857087135e-01   1.090116892010e-02   0.000000000000e+00  -2.710556089878e-01   2.588134258986e-03   0.000000000000e+00  -3.197958171368e-01 
 -6.854324135929e-03   0.000000000000e+00  -3.199702799320e-01  -9.402383118868e-03   0.000000000000e+00  -3.181311786175e-01  -9.402383118868e-03   0.000000000000e+00  -3.181311786175e-01 
  0.000000000000e+00  -1.111126989126e-01  -2.440927773714e-01   0.000000000000e+00  -1.111126989126e-01  -2.440927773714e-01  -5.272762500681e-04  -1.120902150869e-01  -2.519218623638e-01 
  3.982441499829e-03  -1.092866957188e-01  -2.631032168865e-01   1.426888629794e-03  -1.083552092314e-01  -2.654075920582e-01  -1.423578592949e-03  -1.082313284278e-01  -2.644132971764e-01 
 -7.651817984879e-03  -1.122105494142e-01  -2.590916156769e-01  -6.216071080416e-03  -1.152261197567e-01  -2.549395263195e-01  -5.833487026393e-03  -1.185757815838e-01  -2.503314614296e-01 
 -5.833487026393e-03  -1.185757815838e-01  -2.503314614296e-01   0.000000000000e+00  -1.111126989126e-01  -2.440927773714e-01   0.000000000000e+00  -1.111126989126e-01  -2.440927773714e-01 
 -5.272762500681e-04  -1.120902150869e-01  -2.519218623638e-01   3.982441499829e-03  -1.092866957188e-01  -2.631032168865e-01   1.426888629794e-03  -1.083552092314e-01  -2.654075920582e-01 
 -1.423578592949e-03  -1.082313284278e-01  -2.644132971764e-01  -7.651817984879e-03  -1.122105494142e-01  -2.590916156769e-01  -6.216071080416e-03  -1.152261197567e-01  -2.549395263195e-01 
 -5.833487026393e-03  -1.185757815838e-01  -2.503314614296e-01  -5.833487026393e-03  -1.185757815838e-01  -2.503314614296e-01   0.000000000000e+00   2.043917216361e-02  -2.488985210657e-01 
  0.000000000000e+00   2.043917216361e-02  -2.488985210657e-01  -3.677301108837e-03   1.545470859855e-02  -2.534853518009e-01   3.699917870108e-04   2.227311953902e-02  -2.617601454258e-01 
 -1.102266018279e-03   2.126503735781e-02  -2.628288865089e-01   3.860658762278e-05   2.454428933561e-02  -2.638826370239e-01  -4.700527060777e-03   1.741022057831e-02  -2.618243992329e-01 
 -2.126227132976e-03   2.073347754776e-02  -2.591668367386e-01  -3.534045768902e-03   2.296311594546e-02  -2.554730176926e-01  -3.534045768902e-03   2.296311594546e-02  -2.554730176926e-01 
  0.000000000000e+00  -1.279589137994e-03  -2.521806657314e-01   0.000000000000e+00  -1.279589137994e-03  -2.521806657314e-01  -3.805705113336e-03  -1.672489685006e-03  -2.570534646511e-01 
  5.536000244319e-04  -1.387569005601e-03  -2.620697915554e-01  -1.677377033047e-03  -1.833025482483e-03  -2.602736353874e-01  -2.601209795102e-03  -4.683581646532e-03  -2.613968849182e-01 
 -5.757277831435e-03  -5.924543831497e-03  -2.594600021839e-01  -8.879991946742e-04  -3.982855472714e-03  -2.602940797806e-01  -2.945209387690e-03  -3.317988710478e-03  -2.580802440643e-01 
 -2.945209387690e-03  -3.317988710478e-03  -2.580802440643e-01   0.000000000000e+00  -1.462110551074e-03  -2.497217059135e-01   0.000000000000e+00  -1.462110551074e-03  -2.497217059135e-01 
 -5.374944768846e-03  -3.073246683925e-03  -2.541069388390e-01   1.265936996788e-03  -1.940897898749e-03  -2.630638778210e-01  -4.629317263607e-04  -6.975962314755e-04  -2.631683051586e-01 
  7.602879486512e-05   1.893624197692e-03  -2.623782753944e-01  -3.637267509475e-03   3.930566366762e-03  -2.582553923130e-01  -4.057978279889e-03   6.622408400290e-04  -2.582629621029e-01 
 -6.145696155727e-03  -2.615004545078e-03  -2.547129988670e-01  -6.145696155727e-03  -2.615004545078e-03  -2.547129988670e-01   0.000000000000e+00   2.441799268126e-03  -2.517113387585e-01 
  0.000000000000e+00   2.441799268126e-03  -2.517113387585e-01  -4.396823700517e-03   3.240893827751e-03  -2.534514963627e-01  -2.052974188700e-03  -4.036694299430e-04  -2.606172561646e-01 
 -3.601585980505e-03  -3.523035906255e-03  -2.601959109306e-01   1.241055317223e-03  -1.931530190632e-03  -2.629126310349e-01  -1.109669916332e-03   5.011277389713e-04  -2.623290419579e-01 
 -1.162532134913e-03   3.177168313414e-03  -2.601127624512e-01  -3.710299497470e-03   5.397175904363e-03  -2.556919753551e-01  -3.710299497470e-03   5.397175904363e-03  -2.556919753551e-01 
  0.000000000000e+00  -3.170428797603e-03  -2.523413002491e-01   0.000000000000e+00  -3.170428797603e-03  -2.523413002491e-01  -2.773788291961e-03  -1.441225525923e-03  -2.575209736824e-01 
  1.026105601341e-03   1.555831520818e-03  -2.618737220764e-01  -1.642893417738e-03   3.461279673502e-03  -2.586019337177e-01  -1.507191220298e-03   4.537374188658e-04  -2.605085968971e-01 
 -3.705433569849e-03  -2.165704267099e-03  -2.601688802242e-01  -1.154205063358e-03  -1.701290137134e-03  -2.604570984840e-01  -3.554707625881e-03  -1.361122238450e-03  -2.579750120640e-01 
 -3.554707625881e-03  -1.361122238450e-03  -2.579750120640e-01   0.000000000000e+00  -4.985684528947e-03  -2.464848607779e-01   0.000000000000e+00  -4.985684528947e-03  -2.464848607779e-01 
 -3.662190400064e-03  -5.636619869620e-03  -2.522206306458e-01   3.053313121200e-03  -2.965175081044e-03  -2.619042992592e-01   1.627706689760e-03   7.375654968200e-05  -2.629335224628e-01 
  3.237647935748e-03   4.105424974114e-03  -2.628324329853e-01  -1.887633930892e-03   5.501728504896e-03  -2.594112753868e-01  -5.319039802998e-03   1.173390541226e-03  -2.578450441360e-01 
 -6.368308328092e-03  -1.879204879515e-03  -2.526645660400e-01  -6.368308328092e-03  -1.879204879515e-03  -2.526645660400e-01   0.000000000000e+00   0.000000000000e+00  -2.461215853691e-01 
  0.000000000000e+00   0.000000000000e+00  -2.461215853691e-01  -5.188391543925e-03   0.000000000000e+00  -2.494998127222e-01  -1.165126916021e-03   0.000000000000e+00  -2.598369419575e-01 
 -6.653894088231e-04   0.000000000000e+00  -2.631210386753e-01   8.598199114203e-03   0.000000000000e+00  -2.659566700459e-01   3.596930531785e-03   0.000000000000e+00  -2.637110352516e-01 
 -2.813522936776e-03   0.000000000000e+00  -2.607709467411e-01  -3.240845864639e-03   0.000000000000e+00  -2.546009719372e-01  -3.240845864639e-03   0.000000000000e+00  -2.546009719372e-01 
  0.000000000000e+00   0.000000000000e+00  -2.461215853691e-01   0.000000000000e+00   0.000000000000e+00  -2.461215853691e-01  -5.188391543925e-03   0.000000000000e+00  -2.494998127222e-01 
 -1.165126916021e-03   0.000000000000e+00  -2.598369419575e-01  -6.653894088231e-04   0.000000000000e+00  -2.631210386753e-01   8.598199114203e-03   0.000000000000e+00  -2.659566700459e-01 
  3.596930531785e-03   0.000000000000e+00  -2.637110352516e-01  -2.813522936776e-03   0.000000000000e+00  -2.607709467411e-01  -3.240845864639e-03   0.000000000000e+00  -2.546009719372e-01 
 -3.240845864639e-03   0.000000000000e+00  -2.546009719372e-01   0.000000000000e+00  -9.222216904163e-02  -2.430155426264e-01   0.000000000000e+00  -9.222216904163e-02  -2.430155426264e-01 
 -4.689910929301e-05  -9.238781780005e-02  -2.489351183176e-01   8.791835862212e-04  -9.171212464571e-02  -2.584267556667e-01   1.001974669634e-04  -9.149120748043e-02  -2.599474191666e-01 
 -1.499348552898e-03  -9.199412167072e-02  -2.606214582920e-01  -3.400506684557e-03  -9.370288252831e-02  -2.570008635521e-01  -3.152042627335e-03  -9.532877057791e-02  -2.537937462330e-01 
 -2.364651998505e-03  -9.666625410318e-02  -2.504652738571e-01  -2.364651998505e-03  -9.666625410318e-02  -2.504652738571e-01   0.000000000000e+00  -9.222216904163e-02  -2.430155426264e-01 
  0.000000000000e+00  -9.222216904163e-02  -2.430155426264e-01  -4.689910929301e-05  -9.238781780005e-02  -2.489351183176e-01   8.791835862212e-04  -9.171212464571e-02  -2.584267556667e-01 
  1.001974669634e-04  -9.149120748043e-02  -2.599474191666e-01  -1.499348552898e-03  -9.199412167072e-02  -2.606214582920e-01  -3.400506684557e-03  -9.370288252831e-02  -2.570008635521e-01 
 -3.152042627335e-03  -9.532877057791e-02  -2.537937462330e-01  -2.364651998505e-03  -9.666625410318e-02  -2.504652738571e-01  -2.364651998505e-03  -9.666625410318e-02  -2.504652738571e-01 
  0.000000000000e+00   1.343817077577e-02  -2.476568222046e-01   0.000000000000e+00   1.343817077577e-02  -2.476568222046e-01  -9.874320821837e-04   1.049336045980e-02  -2.516642510891e-01 
  1.523792889202e-04   1.774520613253e-02  -2.582115530968e-01  -4.581276734825e-04   1.971179805696e-02  -2.577918469906e-01  -1.289183273911e-03   1.853007450700e-02  -2.594067156315e-01 
 -2.705594059080e-03   1.278076227754e-02  -2.576342523098e-01  -2.071809954941e-03   1.384552195668e-02  -2.574228942394e-01  -1.697277300991e-03   1.450142543763e-02  -2.558872997761e-01 
 -1.697277300991e-03   1.450142543763e-02  -2.558872997761e-01   0.000000000000e+00  -1.383311930113e-03  -2.476225793362e-01   0.000000000000e+00  -1.383311930113e-03  -2.476225793362e-01 
 -1.248226966709e-03  -1.731443568133e-03  -2.517170011997e-01  -7.141579408199e-04  -2.564681228250e-03  -2.593535780907e-01  -1.014432869852e-03  -3.093949751928e-03  -2.590911984444e-01 
 -1.360004069284e-03  -3.193034324795e-03  -2.581359148026e-01  -2.141673583537e-03  -2.637180732563e-03  -2.548433244228e-01  -1.624489086680e-03  -2.076827222481e-03  -2.554906606674e-01 
 -1.494977972470e-03  -1.855978276581e-03  -2.542154192924e-01  -1.494977972470e-03  -1.855978276581e-03  -2.542154192924e-01   0.000000000000e+00  -1.127220366470e-05  -2.464791983366e-01 
  0.000000000000e+00  -1.127220366470e-05  -2.464791983366e-01  -1.546806306578e-03  -3.312846820336e-04  -2.495704889297e-01  -5.203175824136e-04  -6.974215648370e-05  -2.577945590019e-01 
 -7.348693907261e-04   2.391310554231e-04  -2.580166459084e-01  -8.794001769274e-04   6.257162312977e-04  -2.591693103313e-01  -1.813179231249e-03   9.283197578043e-04  -2.578398585320e-01 
 -1.890541519970e-03   7.041823701002e-04  -2.558616995811e-01  -1.962085487321e-03   2.483306452632e-04  -2.519890666008e-01  -1.962085487321e-03   2.483306452632e-04  -2.519890666008e-01 
  0.000000000000e+00   3.004271129612e-04  -2.487300634384e-01   0.000000000000e+00   3.004271129612e-04  -2.487300634384e-01  -1.526100793853e-03   2.933506038971e-04  -2.526898086071e-01 
 -8.924585999921e-04  -7.802042091498e-05  -2.579317390919e-01  -1.079084235243e-03  -4.346326168161e-04  -2.555209696293e-01  -5.223790649325e-04   1.701879341454e-06  -2.572934627533e-01 
 -1.144066220149e-03   6.736722425558e-04  -2.574024796486e-01  -1.363666495308e-03   1.119628315791e-03  -2.577624022961e-01  -1.562032266520e-03   1.443876535632e-03  -2.559946775436e-01 
 -1.562032266520e-03   1.443876535632e-03  -2.559946775436e-01   0.000000000000e+00  -1.089908531867e-03  -2.466423511505e-01   0.000000000000e+00  -1.089908531867e-03  -2.466423511505e-01 
 -1.033887732774e-03  -5.781656363979e-04  -2.514879405499e-01  -2.495241933502e-04   5.257650627755e-05  -2.592135965824e-01  -5.362527444959e-04   5.650023231283e-04  -2.584306597710e-01 
 -4.775483685080e-04   6.096874712966e-04  -2.575811445713e-01  -1.324953162111e-03   4.318514547776e-04  -2.555590569973e-01  -1.387102180161e-03   4.769398656208e-04  -2.558932900429e-01 
 -1.515927608125e-03   5.428823060356e-04  -2.540446817875e-01  -1.515927608125e-03   5.428823060356e-04  -2.540446817875e-01   0.000000000000e+00  -1.550939981826e-03  -2.437141686678e-01 
  0.000000000000e+00  -1.550939981826e-03  -2.437141686678e-01  -1.026882207952e-03  -1.503834035248e-03  -2.477459907532e-01   3.064496850129e-04  -8.166070911102e-04  -2.567644715309e-01 
  5.548503249884e-04   1.915386383189e-04  -2.575765252113e-01   7.367852958851e-04   1.208364381455e-03  -2.603284418583e-01  -7.149674347602e-04   1.702406443655e-03  -2.601618468761e-01 
 -1.888907630928e-03   1.226007589139e-03  -2.571917474270e-01  -1.988850533962e-03   7.401278126054e-04  -2.529296278954e-01  -1.988850533962e-03   7.401278126054e-04  -2.529296278954e-01 
  0.000000000000e+00   0.000000000000e+00  -2.469703257084e-01   0.000000000000e+00   0.000000000000e+00  -2.469703257084e-01  -1.453018048778e-03   0.000000000000e+00  -2.500516176224e-01 
 -1.855609007180e-04   0.000000000000e+00  -2.550514340401e-01   5.589449428953e-04   0.000000000000e+00  -2.532178163528e-01   1.993989571929e-03   0.000000000000e+00  -2.599141299725e-01 
  6.917818100192e-04   0.000000000000e+00  -2.637841403484e-01  -1.348112360574e-03   0.000000000000e+00  -2.631236016750e-01  -1.570593798533e-03   0.000000000000e+00  -2.615077793598e-01 
 -1.570593798533e-03   0.000000000000e+00  -2.615077793598e-01   0.000000000000e+00   0.000000000000e+00  -2.469703257084e-01   0.000000000000e+00   0.000000000000e+00  -2.469703257084e-01 
 -1.453018048778e-03   0.000000000000e+00  -2.500516176224e-01  -1.855609007180e-04   0.000000000000e+00  -2.550514340401e-01   5.589449428953e-04   0.000000000000e+00  -2.532178163528e-01 
  1.993989571929e-03   0.000000000000e+00  -2.599141299725e-01   6.917818100192e-04   0.000000000000e+00  -2.637841403484e-01  -1.348112360574e-03   0.000000000000e+00  -2.631236016750e-01 
 -1.570593798533e-03   0.000000000000e+00  -2.615077793598e-01  -1.570593798533e-03   0.000000000000e+00  -2.615077793598e-01   0.000000000000e+00  -7.346203178167e-02  -2.438982427120e-01 
  0.000000000000e+00  -7.346203178167e-02  -2.438982427120e-01  -1.112044046749e-04  -7.355561852455e-02  -2.505474686623e-01   7.201336120488e-05  -7.343313843012e-02  -2.579206228256e-01 
 -3.163711226080e-04  -7.349070906639e-02  -2.584078609943e-01  -1.086415140890e-03  -7.395856827497e-02  -2.582025527954e-01  -1.747080823407e-03  -7.483583688736e-02  -2.567603290081e-01 
 -1.622457872145e-03  -7.569511234760e-02  -2.551941573620e-01  -1.104251598008e-03  -7.631254941225e-02  -2.539176940918e-01  -1.104251598008e-03  -7.631254941225e-02  -2.539176940918e-01 
  0.000000000000e+00  -7.346203178167e-02  -2.438982427120e-01   0.000000000000e+00  -7.346203178167e-02  -2.438982427120e-01  -1.112044046749e-04  -7.355561852455e-02  -2.505474686623e-01 
  7.201336120488e-05  -7.343313843012e-02  -2.579206228256e-01  -3.163711226080e-04  -7.349070906639e-02  -2.584078609943e-01  -1.086415140890e-03  -7.395856827497e-02  -2.582025527954e-01 
 -1.747080823407e-03  -7.483583688736e-02  -2.567603290081e-01  -1.622457872145e-03  -7.569511234760e-02  -2.551941573620e-01  -1.104251598008e-03  -7.631254941225e-02  -2.539176940918e-01 
 -1.104251598008e-03  -7.631254941225e-02  -2.539176940918e-01   0.000000000000e+00   9.506970643997e-03  -2.453405112028e-01   0.000000000000e+00   9.506970643997e-03  -2.453405112028e-01 
 -4.677389515564e-04   6.359507329762e-03  -2.515279948711e-01  -1.138811421697e-04   9.942106902599e-03  -2.583631575108e-01  -4.174899077043e-04   1.302682887763e-02  -2.584074735641e-01 
 -1.141590415500e-03   7.637195289135e-03  -2.583620846272e-01  -1.484367065132e-03   7.964312098920e-03  -2.572466731071e-01  -1.229521003552e-03   9.867739863694e-03  -2.563039958477e-01 
 -8.726339437999e-04   1.014935690910e-02  -2.554564476013e-01  -8.726339437999e-04   1.014935690910e-02  -2.554564476013e-01   0.000000000000e+00  -1.341072842479e-03  -2.452823370695e-01 
  0.000000000000e+00  -1.341072842479e-03  -2.452823370695e-01  -4.779537266586e-04  -1.388895441778e-03  -2.512481212616e-01  -5.963827716187e-04  -1.839570351876e-03  -2.576031386852e-01 
 -7.476897444576e-04  -2.126289065927e-03  -2.573608458042e-01  -7.841539918445e-04  -1.816997886635e-03  -2.569101452827e-01  -1.243978622369e-03  -1.550966175273e-03  -2.561829388142e-01 
 -1.156044658273e-03  -1.459702383727e-03  -2.556625604630e-01  -8.083311258815e-04  -1.398417516612e-03  -2.549849152565e-01  -8.083311258815e-04  -1.398417516612e-03  -2.549849152565e-01 
  0.000000000000e+00   1.237218675669e-04  -2.451876550913e-01   0.000000000000e+00   1.237218675669e-04  -2.451876550913e-01  -6.232935702428e-04  -1.961243833648e-05  -2.510647177696e-01 
 -5.334252491593e-04   5.805999535369e-05  -2.575706839561e-01  -6.186911487021e-04   1.822114281822e-04  -2.574282586575e-01  -7.169845048338e-04   2.153475506930e-04  -2.572863996029e-01 
 -1.044987933710e-03   4.080775834154e-04  -2.566091120243e-01  -1.056286622770e-03   5.110043566674e-04  -2.558366358280e-01  -8.387817069888e-04   4.825190117117e-04  -2.548502385616e-01 
 -8.387817069888e-04   4.825190117117e-04  -2.548502385616e-01   0.000000000000e+00  -2.461635267537e-05  -2.455106228590e-01   0.000000000000e+00  -2.461635267537e-05  -2.455106228590e-01 
 -6.161266937852e-04  -2.045414476015e-05  -2.513265907764e-01  -5.305057275109e-04  -2.100484198309e-05  -2.575131654739e-01  -5.745531525463e-04   1.322339994658e-05  -2.570898234844e-01 
 -5.548987537622e-04   1.800056197681e-04  -2.571491003036e-01  -8.005959680304e-04   4.225087759551e-04  -2.568613588810e-01  -8.589678909630e-04   6.217176560313e-04  -2.563531696796e-01 
 -7.157317013480e-04   7.375573622994e-04  -2.555591464043e-01  -7.157317013480e-04   7.375573622994e-04  -2.555591464043e-01   0.000000000000e+00  -4.937236662954e-04  -2.449792921543e-01 
  0.000000000000e+00  -4.937236662954e-04  -2.449792921543e-01  -4.575428029057e-04  -3.289041633252e-04  -2.510768771172e-01  -2.749214181677e-04  -6.844966992503e-05  -2.575736045837e-01 
 -2.932419592980e-04   2.008283336181e-04  -2.573365867138e-01  -3.464871260803e-04   4.091262526345e-04  -2.573122680187e-01  -6.909334915690e-04   5.218301084824e-04  -2.568947970867e-01 
 -8.229810628109e-04   5.686581716873e-04  -2.563844621181e-01  -7.015564478934e-04   5.885583232157e-04  -2.556235194206e-01  -7.015564478934e-04   5.885583232157e-04  -2.556235194206e-01 
  0.000000000000e+00  -5.541093414649e-04  -2.440419495106e-01   0.000000000000e+00  -5.541093414649e-04  -2.440419495106e-01  -4.061181971338e-04  -4.978657234460e-04  -2.501272261143e-01 
 -7.106795965228e-05  -2.839098451659e-04  -2.569903433323e-01   9.884715109365e-05   7.771301170578e-05  -2.573597431183e-01   1.359224115731e-04   5.046849255450e-04  -2.580019831657e-01 
 -3.648431447800e-04   7.947334088385e-04  -2.578823864460e-01  -8.263628114946e-04   7.907987455837e-04  -2.570458352566e-01  -7.711168727838e-04   7.268955814652e-04  -2.559454739094e-01 
 -7.711168727838e-04   7.268955814652e-04  -2.559454739094e-01   0.000000000000e+00   0.000000000000e+00  -2.442721724510e-01   0.000000000000e+00   0.000000000000e+00  -2.442721724510e-01 
 -4.978135111742e-04   0.000000000000e+00  -2.500531375408e-01  -1.402549096383e-04   0.000000000000e+00  -2.564998865128e-01   2.075067168334e-04   0.000000000000e+00  -2.568470537663e-01 
  5.459581734613e-04   0.000000000000e+00  -2.582928240299e-01   8.644493209431e-05   0.000000000000e+00  -2.589819431305e-01  -6.221190560609e-04   0.000000000000e+00  -2.584876418114e-01 
 -6.581643829122e-04   0.000000000000e+00  -2.576013207436e-01  -6.581643829122e-04   0.000000000000e+00  -2.576013207436e-01   0.000000000000e+00   0.000000000000e+00  -2.442721724510e-01 
  0.000000000000e+00   0.000000000000e+00  -2.442721724510e-01  -4.978135111742e-04   0.000000000000e+00  -2.500531375408e-01  -1.402549096383e-04   0.000000000000e+00  -2.564998865128e-01 
  2.075067168334e-04   0.000000000000e+00  -2.568470537663e-01   5.459581734613e-04   0.000000000000e+00  -2.582928240299e-01   8.644493209431e-05   0.000000000000e+00  -2.589819431305e-01 
 -6.221190560609e-04   0.000000000000e+00  -2.584876418114e-01  -6.581643829122e-04   0.000000000000e+00  -2.576013207436e-01  -6.581643829122e-04   0.000000000000e+00  -2.576013207436e-01 
  0.000000000000e+00  -5.491235107183e-02  -2.442598640919e-01   0.000000000000e+00  -5.491235107183e-02  -2.442598640919e-01  -1.317651331192e-04  -5.498958751559e-02  -2.508881092072e-01 
 -1.447197573725e-04  -5.503562465310e-02  -2.577088177204e-01  -3.535942814779e-04  -5.517305806279e-02  -2.577930986881e-01  -7.068013073877e-04  -5.551000311971e-02  -2.575023770332e-01 
 -9.330786997452e-04  -5.598479136825e-02  -2.567675113678e-01  -8.348803967237e-04  -5.643282830715e-02  -2.559600770473e-01  -5.386812263168e-04  -5.673328414559e-02  -2.553729712963e-01 
 -5.386812263168e-04  -5.673328414559e-02  -2.553729712963e-01   0.000000000000e+00  -5.491235107183e-02  -2.442598640919e-01   0.000000000000e+00  -5.491235107183e-02  -2.442598640919e-01 
 -1.317651331192e-04  -5.498958751559e-02  -2.508881092072e-01  -1.447197573725e-04  -5.503562465310e-02  -2.577088177204e-01  -3.535942814779e-04  -5.517305806279e-02  -2.577930986881e-01 
 -7.068013073877e-04  -5.551000311971e-02  -2.575023770332e-01  -9.330786997452e-04  -5.598479136825e-02  -2.567675113678e-01  -8.348803967237e-04  -5.643282830715e-02  -2.559600770473e-01 
 -5.386812263168e-04  -5.673328414559e-02  -2.553729712963e-01  -5.386812263168e-04  -5.673328414559e-02  -2.553729712963e-01   0.000000000000e+00   6.364487111568e-03  -2.449161857367e-01 
  0.000000000000e+00   6.364487111568e-03  -2.449161857367e-01  -2.890169853345e-04   3.913302905858e-03  -2.513877749443e-01  -2.298220206285e-04   4.181694705039e-03  -2.581109702587e-01 
 -3.773113421630e-04   5.145185161382e-03  -2.581091225147e-01  -7.303269812837e-04   3.055752022192e-03  -2.577534019947e-01  -8.162168087438e-04   3.693022998050e-03  -2.571313381195e-01 
 -6.577396416105e-04   6.017785985023e-03  -2.565197944641e-01  -4.522181116045e-04   6.272900383919e-03  -2.560732960701e-01  -4.522181116045e-04   6.272900383919e-03  -2.560732960701e-01 
  0.000000000000e+00  -1.026918878779e-03  -2.445900440216e-01   0.000000000000e+00  -1.026918878779e-03  -2.445900440216e-01  -1.872872380773e-04  -9.329277090728e-04  -2.509653270245e-01 
 -3.470197843853e-04  -1.026608515531e-03  -2.572976648808e-01  -4.816873115487e-04  -1.128056552261e-03  -2.570439279079e-01  -5.282328347676e-04  -9.415430831723e-04  -2.568374872208e-01 
 -7.444454822689e-04  -8.676977013238e-04  -2.563935816288e-01  -7.287933840416e-04  -9.249780559912e-04  -2.559450268745e-01  -4.446087696124e-04  -9.199882624671e-04  -2.555710673332e-01 
 -4.446087696124e-04  -9.199882624671e-04  -2.555710673332e-01   0.000000000000e+00   7.270540663740e-05  -2.446477860212e-01   0.000000000000e+00   7.270540663740e-05  -2.446477860212e-01 
 -2.778848574962e-04  -1.886771133286e-05  -2.509827613831e-01  -3.488009679131e-04  -1.710432115942e-05  -2.573814392090e-01  -4.247899341863e-04   2.928329377028e-05  -2.571840584278e-01 
 -4.998334916309e-04   5.252011396806e-05  -2.569813430309e-01  -6.263267132454e-04   1.684267481323e-04  -2.565968334675e-01  -6.010115612298e-04   2.964885788970e-04  -2.561479806900e-01 
 -4.075618635397e-04   3.314082568977e-04  -2.557377815247e-01  -4.075618635397e-04   3.314082568977e-04  -2.557377815247e-01   0.000000000000e+00  -7.267567707459e-05  -2.446789741516e-01 
  0.000000000000e+00  -7.267567707459e-05  -2.446789741516e-01  -2.761755895335e-04  -7.061444193823e-05  -2.510019242764e-01  -3.126431547571e-04  -3.447302879067e-05  -2.573769390583e-01 
 -3.527051012497e-04   3.489718073979e-05  -2.571678757668e-01  -4.021962522529e-04   1.303411700064e-04  -2.570283412933e-01  -5.033595953137e-04   2.517052053008e-04  -2.567625045776e-01 
 -5.022118566558e-04   3.514229319990e-04  -2.564041316509e-01  -3.577610477805e-04   3.995002480224e-04  -2.560478448868e-01  -3.577610477805e-04   3.995002480224e-04  -2.560478448868e-01 
  0.000000000000e+00  -2.266534138471e-04  -2.444375902414e-01   0.000000000000e+00  -2.266534138471e-04  -2.444375902414e-01  -2.159931318602e-04  -1.638834510231e-04  -2.508350312710e-01 
 -2.050971525023e-04  -5.457064980874e-05  -2.573254406452e-01  -2.107925683958e-04   8.510635234416e-05  -2.572332620621e-01  -2.578264975455e-04   2.256411826238e-04  -2.571765184402e-01 
 -3.936765424442e-04   3.354094515089e-04  -2.569546103477e-01  -4.450272535905e-04   3.957138105761e-04  -2.566066682339e-01  -3.333661588840e-04   4.205777950119e-04  -2.562520802021e-01 
 -3.333661588840e-04   4.205777950119e-04  -2.562520802021e-01   0.000000000000e+00  -2.232832048321e-04  -2.441067993641e-01   0.000000000000e+00  -2.232832048321e-04  -2.441067993641e-01 
 -1.770275121089e-04  -1.873666769825e-04  -2.505203187466e-01  -1.078058558051e-04  -9.664573735790e-05  -2.571139633656e-01  -4.583815098158e-05   5.585021426668e-05  -2.572265267372e-01 
 -5.820137448609e-05   2.367885172134e-04  -2.574321031570e-01  -2.419695956632e-04   3.736707440112e-04  -2.573807835579e-01  -3.891482774634e-04   4.258673870936e-04  -2.570222318172e-01 
 -3.232760936953e-04   4.356845747679e-04  -2.566151320934e-01  -3.232760936953e-04   4.356845747679e-04  -2.566151320934e-01   0.000000000000e+00   0.000000000000e+00  -2.440892904997e-01 
  0.000000000000e+00   0.000000000000e+00  -2.440892904997e-01  -1.855513110058e-04   0.000000000000e+00  -2.504330873489e-01  -8.898453233996e-05   0.000000000000e+00  -2.569553256035e-01 
  3.198911872460e-05   0.000000000000e+00  -2.571186423302e-01   8.721064659767e-05   0.000000000000e+00  -2.575739920139e-01  -9.611919813324e-05   0.000000000000e+00  -2.577801644802e-01 
 -3.124222566839e-04   0.000000000000e+00  -2.575448155403e-01  -2.894801145885e-04   0.000000000000e+00  -2.571973800659e-01  -2.894801145885e-04   0.000000000000e+00  -2.571973800659e-01 
  0.000000000000e+00   0.000000000000e+00  -2.440892904997e-01   0.000000000000e+00   0.000000000000e+00  -2.440892904997e-01  -1.855513110058e-04   0.000000000000e+00  -2.504330873489e-01 
 -8.898453233996e-05   0.000000000000e+00  -2.569553256035e-01   3.198911872460e-05   0.000000000000e+00  -2.571186423302e-01   8.721064659767e-05   0.000000000000e+00  -2.575739920139e-01 
 -9.611919813324e-05   0.000000000000e+00  -2.577801644802e-01  -3.124222566839e-04   0.000000000000e+00  -2.575448155403e-01  -2.894801145885e-04   0.000000000000e+00  -2.571973800659e-01 
 -2.894801145885e-04   0.000000000000e+00  -2.571973800659e-01   0.000000000000e+00  -3.642737865448e-02  -2.443410605192e-01   0.000000000000e+00  -3.642737865448e-02  -2.443410605192e-01 
 -1.034555607475e-04  -3.648597002029e-02  -2.509303689003e-01  -1.508600980742e-04  -3.656123951077e-02  -2.575490176678e-01  -2.539287670515e-04  -3.668283671141e-02  -2.574769258499e-01 
 -3.996202431154e-04  -3.688757121563e-02  -2.572106122971e-01  -4.782011383213e-04  -3.714257851243e-02  -2.567852139473e-01  -4.163729317952e-04  -3.737678006291e-02  -2.563511431217e-01 
 -2.588687639218e-04  -3.752607107162e-02  -2.560547292233e-01  -2.588687639218e-04  -3.752607107162e-02  -2.560547292233e-01   0.000000000000e+00  -3.642737865448e-02  -2.443410605192e-01 
  0.000000000000e+00  -3.642737865448e-02  -2.443410605192e-01  -1.034555607475e-04  -3.648597002029e-02  -2.509303689003e-01  -1.508600980742e-04  -3.656123951077e-02  -2.575490176678e-01 
 -2.539287670515e-04  -3.668283671141e-02  -2.574769258499e-01  -3.996202431154e-04  -3.688757121563e-02  -2.572106122971e-01  -4.782011383213e-04  -3.714257851243e-02  -2.567852139473e-01 
 -4.163729317952e-04  -3.737678006291e-02  -2.563511431217e-01  -2.588687639218e-04  -3.752607107162e-02  -2.560547292233e-01  -2.588687639218e-04  -3.752607107162e-02  -2.560547292233e-01 
  0.000000000000e+00   3.526050830260e-03  -2.447185516357e-01   0.000000000000e+00   3.526050830260e-03  -2.447185516357e-01  -1.711121294647e-04   2.206539968029e-03  -2.512317299843e-01 
 -1.956484775292e-04   1.728952047415e-03  -2.578163743019e-01  -2.628971706145e-04   1.825787476264e-03  -2.577243745327e-01  -3.896794223692e-04   1.707105897367e-03  -2.574128806591e-01 
 -4.341698368080e-04   1.785247237422e-03  -2.570492327213e-01  -3.635180182755e-04   1.935855601914e-03  -2.567341923714e-01  -2.301662316313e-04   1.972434809431e-03  -2.564945518970e-01 
 -2.301662316313e-04   1.972434809431e-03  -2.564945518970e-01   0.000000000000e+00  -6.388389738277e-04  -2.443219870329e-01   0.000000000000e+00  -6.388389738277e-04  -2.443219870329e-01 
 -8.196004637284e-05  -5.451366887428e-04  -2.508558034897e-01  -1.752890384523e-04  -5.226801149547e-04  -2.572966217995e-01  -2.712255518418e-04  -5.308609688655e-04  -2.570986747742e-01 
 -3.338202368468e-04  -4.776023561135e-04  -2.569268047810e-01  -4.003062786069e-04  -4.453766741790e-04  -2.566007673740e-01  -3.656350600068e-04  -4.483925295062e-04  -2.562235295773e-01 
 -2.225230709882e-04  -4.428012180142e-04  -2.559901177883e-01  -2.225230709882e-04  -4.428012180142e-04  -2.559901177883e-01   0.000000000000e+00   2.328409027541e-05  -2.443773895502e-01 
  0.000000000000e+00   2.328409027541e-05  -2.443773895502e-01  -1.289661158808e-04  -2.507474528102e-05  -2.508701384068e-01  -1.908673730213e-04  -4.167016231804e-05  -2.573231160641e-01 
 -2.481989795342e-04  -2.086697168124e-05  -2.571522891521e-01  -2.985835017171e-04   1.257946223632e-05  -2.569625079632e-01  -3.441919398028e-04   6.749925523764e-05  -2.566930949688e-01 
 -3.140729968436e-04   1.188132373500e-04  -2.564004659653e-01  -1.995505735977e-04   1.403195637977e-04  -2.561895251274e-01  -1.995505735977e-04   1.403195637977e-04  -2.561895251274e-01 
  0.000000000000e+00  -5.230625174590e-05  -2.443535327911e-01   0.000000000000e+00  -5.230625174590e-05  -2.443535327911e-01  -1.283578021685e-04  -5.116282409290e-05  -2.508408725262e-01 
 -1.709544740152e-04  -3.087097138632e-05  -2.573080360889e-01  -2.048288006335e-04   1.160167266789e-05  -2.571661174297e-01  -2.419105294393e-04   6.668596324744e-05  -2.570157051086e-01 
 -2.813992032316e-04   1.287131744903e-04  -2.568074464798e-01  -2.650501264725e-04   1.780030579539e-04  -2.565670311451e-01  -1.747193746269e-04   2.017855731538e-04  -2.563802599907e-01 
 -1.747193746269e-04   2.017855731538e-04  -2.563802599907e-01   0.000000000000e+00  -1.031484862324e-04  -2.442397028208e-01   0.000000000000e+00  -1.031484862324e-04  -2.442397028208e-01 
 -1.038964037434e-04  -7.779279985698e-05  -2.507519721985e-01  -1.241415593540e-04  -3.027821003343e-05  -2.572665512562e-01  -1.366651413264e-04   3.715157799888e-05  -2.571887969971e-01 
 -1.657940301811e-04   1.117081192206e-04  -2.571084201336e-01  -2.166104823118e-04   1.763670006767e-04  -2.569570541382e-01  -2.248952660011e-04   2.174751134589e-04  -2.567470073700e-01 
 -1.559781667311e-04   2.358811179874e-04  -2.565720379353e-01  -1.559781667311e-04   2.358811179874e-04  -2.565720379353e-01   0.000000000000e+00  -9.412274084752e-05  -2.441029846668e-01 
  0.000000000000e+00  -9.412274084752e-05  -2.441029846668e-01  -8.272132981801e-05  -7.483820809284e-05  -2.506294548512e-01  -7.892091525719e-05  -3.396164538572e-05  -2.571897804737e-01 
 -6.436239345931e-05   3.187381298630e-05  -2.571980953217e-01  -8.116005483316e-05   1.088820281439e-04  -2.572240829468e-01  -1.471941068303e-04   1.728645002004e-04  -2.571548223495e-01 
 -1.871320419014e-04   2.087126777042e-04  -2.569763064384e-01  -1.413160352968e-04   2.224526979262e-04  -2.568052113056e-01  -1.413160352968e-04   2.224526979262e-04  -2.568052113056e-01 
  0.000000000000e+00   0.000000000000e+00  -2.440567165613e-01   0.000000000000e+00   0.000000000000e+00  -2.440567165613e-01  -7.719382847426e-05   0.000000000000e+00  -2.505722939968e-01 
 -5.945775046712e-05   0.000000000000e+00  -2.571358382702e-01  -2.426818718959e-05   0.000000000000e+00  -2.571869790554e-01  -2.447360930091e-05   0.000000000000e+00  -2.572981715202e-01 
 -9.454379323870e-05   0.000000000000e+00  -2.573129534721e-01  -1.559864758747e-04   0.000000000000e+00  -2.571794688702e-01  -1.279601856368e-04   0.000000000000e+00  -2.570256292820e-01 
 -1.279601856368e-04   0.000000000000e+00  -2.570256292820e-01   0.000000000000e+00   0.000000000000e+00  -2.440567165613e-01   0.000000000000e+00   0.000000000000e+00  -2.440567165613e-01 
 -7.719382847426e-05   0.000000000000e+00  -2.505722939968e-01  -5.945775046712e-05   0.000000000000e+00  -2.571358382702e-01  -2.426818718959e-05   0.000000000000e+00  -2.571869790554e-01 
 -2.447360930091e-05   0.000000000000e+00  -2.572981715202e-01  -9.454379323870e-05   0.000000000000e+00  -2.573129534721e-01  -1.559864758747e-04   0.000000000000e+00  -2.571794688702e-01 
 -1.279601856368e-04   0.000000000000e+00  -2.570256292820e-01  -1.279601856368e-04   0.000000000000e+00  -2.570256292820e-01   0.000000000000e+00  -1.816188357770e-02  -2.442391514778e-01 
  0.000000000000e+00  -1.816188357770e-02  -2.442391514778e-01  -5.789133138023e-05  -1.819414272904e-02  -2.508473396301e-01  -9.319181845058e-05  -1.824628561735e-02  -2.574504315853e-01 
 -1.306761259912e-04  -1.831448078156e-02  -2.573275268078e-01  -1.776405406417e-04  -1.841030642390e-02  -2.570986747742e-01  -1.967219577637e-04  -1.852030493319e-02  -2.567928135395e-01 
 -1.648651086725e-04  -1.861695013940e-02  -2.564945220947e-01  -1.009263723972e-04  -1.867806911469e-02  -2.563030421734e-01  -1.009263723972e-04  -1.867806911469e-02  -2.563030421734e-01 
  0.000000000000e+00  -1.816188357770e-02  -2.442391514778e-01   0.000000000000e+00  -1.816188357770e-02  -2.442391514778e-01  -5.789133138023e-05  -1.819414272904e-02  -2.508473396301e-01 
 -9.319181845058e-05  -1.824628561735e-02  -2.574504315853e-01  -1.306761259912e-04  -1.831448078156e-02  -2.573275268078e-01  -1.776405406417e-04  -1.841030642390e-02  -2.570986747742e-01 
 -1.967219577637e-04  -1.852030493319e-02  -2.567928135395e-01  -1.648651086725e-04  -1.861695013940e-02  -2.564945220947e-01  -1.009263723972e-04  -1.867806911469e-02  -2.563030421734e-01 
 -1.009263723972e-04  -1.867806911469e-02  -2.563030421734e-01   0.000000000000e+00   1.838387339376e-03  -2.444788217545e-01   0.000000000000e+00   1.838387339376e-03  -2.444788217545e-01 
 -7.526962872362e-05   1.599307870492e-03  -2.510409057140e-01  -1.193268981297e-04   8.428707951680e-04  -2.576255202293e-01  -1.344054617221e-04   7.850627298467e-04  -2.574932277203e-01 
 -1.703207235551e-04   7.948217098601e-04  -2.572630941868e-01  -1.759222359397e-04   1.046764198691e-03  -2.569795846939e-01  -1.328440412180e-04   1.824580482207e-03  -2.567049860954e-01 
 -8.976220124168e-05   1.893878448755e-03  -2.565339803696e-01  -8.976220124168e-05   1.893878448755e-03  -2.565339803696e-01   0.000000000000e+00  -3.268266736995e-04  -2.441535741091e-01 
  0.000000000000e+00  -3.268266736995e-04  -2.441535741091e-01  -4.184353383607e-05  -2.922683488578e-04  -2.507734298706e-01  -6.695254705846e-05  -2.359558275202e-04  -2.573226690292e-01 
 -1.206652450492e-04  -2.222948096460e-04  -2.571638524532e-01  -1.558249350637e-04  -2.085443702526e-04  -2.569732367992e-01  -1.819760655053e-04  -2.151519147446e-04  -2.567322552204e-01 
 -1.736723206704e-04  -2.557340776548e-04  -2.565028965473e-01  -9.519948071102e-05  -2.619564183988e-04  -2.563499510288e-01  -9.519948071102e-05  -2.619564183988e-04  -2.563499510288e-01 
  0.000000000000e+00   1.532637543278e-05  -2.441691011190e-01   0.000000000000e+00   1.532637543278e-05  -2.441691011190e-01  -5.418274668045e-05   1.456403424527e-07  -2.507540583611e-01 
 -8.506351150572e-05  -1.923985291796e-05  -2.573040723801e-01  -1.134153935709e-04  -1.265212995349e-05  -2.571590542793e-01  -1.376804721076e-04   4.847361196880e-06  -2.569848299026e-01 
 -1.523947867099e-04   3.393153747311e-05  -2.567736506462e-01  -1.360341120744e-04   7.129468576750e-05  -2.565657794476e-01  -8.190354128601e-05   8.386158151552e-05  -2.564278841019e-01 
 -8.190354128601e-05   8.386158151552e-05  -2.564278841019e-01   0.000000000000e+00  -2.338885497011e-05  -2.441346794367e-01   0.000000000000e+00  -2.338885497011e-05  -2.441346794367e-01 
 -5.308562322170e-05  -2.174380460929e-05  -2.507161498070e-01  -7.820818427717e-05  -1.488154248364e-05  -2.572781145573e-01  -9.503665205557e-05   3.138138708891e-06  -2.571596503258e-01 
 -1.125417184085e-04   2.765348472167e-05  -2.570204734802e-01  -1.245630846824e-04   5.519848491531e-05  -2.568503320217e-01  -1.124486007029e-04   7.887072570156e-05  -2.566746771336e-01 
 -7.033484143903e-05   9.000798308989e-05  -2.565533518791e-01  -7.033484143903e-05   9.000798308989e-05  -2.565533518791e-01   0.000000000000e+00  -3.834202652797e-05  -2.440640926361e-01 
  0.000000000000e+00  -3.834202652797e-05  -2.440640926361e-01  -4.460480340640e-05  -2.928958201664e-05  -2.506568431854e-01  -6.132631096989e-05  -1.195475761051e-05  -2.572457194328e-01 
 -6.866442708997e-05   1.421764591214e-05  -2.571699321270e-01  -8.144023740897e-05   4.486851685215e-05  -2.570811808109e-01  -9.601756755728e-05   7.329828076763e-05  -2.569564282894e-01 
 -9.257113561034e-05   9.335314825876e-05  -2.568102180958e-01  -6.069966184441e-05   1.028478582157e-04  -2.567023634911e-01  -6.069966184441e-05   1.028478582157e-04  -2.567023634911e-01 
  0.000000000000e+00  -3.362590359757e-05  -2.439896315336e-01   0.000000000000e+00  -3.362590359757e-05  -2.439896315336e-01  -3.584431760828e-05  -2.587474591564e-05  -2.505924403667e-01 
 -4.424810322234e-05  -1.039795733959e-05  -2.572082877159e-01  -4.272309524822e-05   1.371614325762e-05  -2.571794986725e-01  -5.153021629667e-05   4.175540743745e-05  -2.571474015713e-01 
 -6.946721259737e-05   6.685660628136e-05  -2.570710182190e-01  -7.516542245867e-05   8.348301344085e-05  -2.569529712200e-01  -5.331129432307e-05   9.094533015741e-05  -2.568559348583e-01 
 -5.331129432307e-05   9.094533015741e-05  -2.568559348583e-01   0.000000000000e+00   0.000000000000e+00  -2.439534813166e-01   0.000000000000e+00   0.000000000000e+00  -2.439534813166e-01 
 -3.155456579407e-05   0.000000000000e+00  -2.505577802658e-01  -3.485560228000e-05   0.000000000000e+00  -2.571848928928e-01  -2.744560697465e-05   0.000000000000e+00  -2.571831047535e-01 
 -3.290068343631e-05   0.000000000000e+00  -2.571897208691e-01  -5.232656258158e-05   0.000000000000e+00  -2.571498751640e-01  -6.397941615433e-05   0.000000000000e+00  -2.570541799068e-01 
 -4.842851194553e-05   0.000000000000e+00  -2.569662034512e-01  -4.842851194553e-05   0.000000000000e+00  -2.569662034512e-01   0.000000000000e+00   0.000000000000e+00  -2.439534813166e-01 
  0.000000000000e+00   0.000000000000e+00  -2.439534813166e-01  -3.155456579407e-05   0.000000000000e+00  -2.505577802658e-01  -3.485560228000e-05   0.000000000000e+00  -2.571848928928e-01 
 -2.744560697465e-05   0.000000000000e+00  -2.571831047535e-01  -3.290068343631e-05   0.000000000000e+00  -2.571897208691e-01  -5.232656258158e-05   0.000000000000e+00  -2.571498751640e-01 
 -6.397941615433e-05   0.000000000000e+00  -2.570541799068e-01  -4.842851194553e-05   0.000000000000e+00  -2.569662034512e-01  -4.842851194553e-05   0.000000000000e+00  -2.569662034512e-01 
  0.000000000000e+00  -1.816188357770e-02  -2.442391514778e-01   0.000000000000e+00  -1.816188357770e-02  -2.442391514778e-01  -5.789133138023e-05  -1.819414272904e-02  -2.508473396301e-01 
 -9.319181845058e-05  -1.824628561735e-02  -2.574504315853e-01  -1.306761259912e-04  -1.831448078156e-02  -2.573275268078e-01  -1.776405406417e-04  -1.841030642390e-02  -2.570986747742e-01 
 -1.967219577637e-04  -1.852030493319e-02  -2.567928135395e-01  -1.648651086725e-04  -1.861695013940e-02  -2.564945220947e-01  -1.009263723972e-04  -1.867806911469e-02  -2.563030421734e-01 
 -1.009263723972e-04  -1.867806911469e-02  -2.563030421734e-01   0.000000000000e+00  -1.816188357770e-02  -2.442391514778e-01   0.000000000000e+00  -1.816188357770e-02  -2.442391514778e-01 
 -5.789133138023e-05  -1.819414272904e-02  -2.508473396301e-01  -9.319181845058e-05  -1.824628561735e-02  -2.574504315853e-01  -1.306761259912e-04  -1.831448078156e-02  -2.573275268078e-01 
 -1.776405406417e-04  -1.841030642390e-02  -2.570986747742e-01  -1.967219577637e-04  -1.852030493319e-02  -2.567928135395e-01  -1.648651086725e-04  -1.861695013940e-02  -2.564945220947e-01 
 -1.009263723972e-04  -1.867806911469e-02  -2.563030421734e-01  -1.009263723972e-04  -1.867806911469e-02  -2.563030421734e-01   0.000000000000e+00   1.838387339376e-03  -2.444788217545e-01 
  0.000000000000e+00   1.838387339376e-03  -2.444788217545e-01  -7.526962872362e-05   1.599307870492e-03  -2.510409057140e-01  -1.193268981297e-04   8.428707951680e-04  -2.576255202293e-01 
 -1.344054617221e-04   7.850627298467e-04  -2.574932277203e-01  -1.703207235551e-04   7.948217098601e-04  -2.572630941868e-01  -1.759222359397e-04   1.046764198691e-03  -2.569795846939e-01 
 -1.328440412180e-04   1.824580482207e-03  -2.567049860954e-01  -8.976220124168e-05   1.893878448755e-03  -2.565339803696e-01  -8.976220124168e-05   1.893878448755e-03  -2.565339803696e-01 
  0.000000000000e+00  -3.268266736995e-04  -2.441535741091e-01   0.000000000000e+00  -3.268266736995e-04  -2.441535741091e-01  -4.184353383607e-05  -2.922683488578e-04  -2.507734298706e-01 
 -6.695254705846e-05  -2.359558275202e-04  -2.573226690292e-01  -1.206652450492e-04  -2.222948096460e-04  -2.571638524532e-01  -1.558249350637e-04  -2.085443702526e-04  -2.569732367992e-01 
 -1.819760655053e-04  -2.151519147446e-04  -2.567322552204e-01  -1.736723206704e-04  -2.557340776548e-04  -2.565028965473e-01  -9.519948071102e-05  -2.619564183988e-04  -2.563499510288e-01 
 -9.519948071102e-05  -2.619564183988e-04  -2.563499510288e-01   0.000000000000e+00   1.532637543278e-05  -2.441691011190e-01   0.000000000000e+00   1.532637543278e-05  -2.441691011190e-01 
 -5.418274668045e-05   1.456403424527e-07  -2.507540583611e-01  -8.506351150572e-05  -1.923985291796e-05  -2.573040723801e-01  -1.134153935709e-04  -1.265212995349e-05  -2.571590542793e-01 
 -1.376804721076e-04   4.847361196880e-06  -2.569848299026e-01  -1.523947867099e-04   3.393153747311e-05  -2.567736506462e-01  -1.360341120744e-04   7.129468576750e-05  -2.565657794476e-01 
 -8.190354128601e-05   8.386158151552e-05  -2.564278841019e-01  -8.190354128601e-05   8.386158151552e-05  -2.564278841019e-01   0.000000000000e+00  -2.338885497011e-05  -2.441346794367e-01 
  0.000000000000e+00  -2.338885497011e-05  -2.441346794367e-01  -5.308562322170e-05  -2.174380460929e-05  -2.507161498070e-01  -7.820818427717e-05  -1.488154248364e-05  -2.572781145573e-01 
 -9.503665205557e-05   3.138138708891e-06  -2.571596503258e-01  -1.125417184085e-04   2.765348472167e-05  -2.570204734802e-01  -1.245630846824e-04   5.519848491531e-05  -2.568503320217e-01 
 -1.124486007029e-04   7.887072570156e-05  -2.566746771336e-01  -7.033484143903e-05   9.000798308989e-05  -2.565533518791e-01  -7.033484143903e-05   9.000798308989e-05  -2.565533518791e-01 
  0.000000000000e+00  -3.834202652797e-05  -2.440640926361e-01   0.000000000000e+00  -3.834202652797e-05  -2.440640926361e-01  -4.460480340640e-05  -2.928958201664e-05  -2.506568431854e-01 
 -6.132631096989e-05  -1.195475761051e-05  -2.572457194328e-01  -6.866442708997e-05   1.421764591214e-05  -2.571699321270e-01  -8.144023740897e-05   4.486851685215e-05  -2.570811808109e-01 
 -9.601756755728e-05   7.329828076763e-05  -2.569564282894e-01  -9.257113561034e-05   9.335314825876e-05  -2.568102180958e-01  -6.069966184441e-05   1.028478582157e-04  -2.567023634911e-01 
 -6.069966184441e-05   1.028478582157e-04  -2.567023634911e-01   0.000000000000e+00  -3.362590359757e-05  -2.439896315336e-01   0.000000000000e+00  -3.362590359757e-05  -2.439896315336e-01 
 -3.584431760828e-05  -2.587474591564e-05  -2.505924403667e-01  -4.424810322234e-05  -1.039795733959e-05  -2.572082877159e-01  -4.272309524822e-05   1.371614325762e-05  -2.571794986725e-01 
 -5.153021629667e-05   4.175540743745e-05  -2.571474015713e-01  -6.946721259737e-05   6.685660628136e-05  -2.570710182190e-01  -7.516542245867e-05   8.348301344085e-05  -2.569529712200e-01 
 -5.331129432307e-05   9.094533015741e-05  -2.568559348583e-01  -5.331129432307e-05   9.094533015741e-05  -2.568559348583e-01   0.000000000000e+00   0.000000000000e+00  -2.439534813166e-01 
  0.000000000000e+00   0.000000000000e+00  -2.439534813166e-01  -3.155456579407e-05   0.000000000000e+00  -2.505577802658e-01  -3.485560228000e-05   0.000000000000e+00  -2.571848928928e-01 
 -2.744560697465e-05   0.000000000000e+00  -2.571831047535e-01  -3.290068343631e-05   0.000000000000e+00  -2.571897208691e-01  -5.232656258158e-05   0.000000000000e+00  -2.571498751640e-01 
 -6.397941615433e-05   0.000000000000e+00  -2.570541799068e-01  -4.842851194553e-05   0.000000000000e+00  -2.569662034512e-01  -4.842851194553e-05   0.000000000000e+00  -2.569662034512e-01 
  0.000000000000e+00   0.000000000000e+00  -2.439534813166e-01   0.000000000000e+00   0.000000000000e+00  -2.439534813166e-01  -3.155456579407e-05   0.000000000000e+00  -2.505577802658e-01 
 -3.485560228000e-05   0.000000000000e+00  -2.571848928928e-01  -2.744560697465e-05   0.000000000000e+00  -2.571831047535e-01  -3.290068343631e-05   0.000000000000e+00  -2.571897208691e-01 
 -5.232656258158e-05   0.000000000000e+00  -2.571498751640e-01  -6.397941615433e-05   0.000000000000e+00  -2.570541799068e-01  -4.842851194553e-05   0.000000000000e+00  -2.569662034512e-01 
 -4.842851194553e-05   0.000000000000e+00  -2.569662034512e-01 

