# vtk DataFile Version 2.0
Written using VisIt writer
ASCII
DATASET RECTILINEAR_GRID
DIMENSIONS 10 10 10
X_COORDINATES 10 float
  0.000000000000e+00   5.000000000000e-01   1.000000000000e+00   1.500000000000e+00   2.000000000000e+00   2.500000000000e+00   3.000000000000e+00   3.500000000000e+00   4.000000000000e+00 
  4.500000000000e+00 
Y_COORDINATES 10 float
  0.000000000000e+00   5.000000000000e-01   1.000000000000e+00   1.500000000000e+00   2.000000000000e+00   2.500000000000e+00   3.000000000000e+00   3.500000000000e+00   4.000000000000e+00 
  4.500000000000e+00 
Z_COORDINATES 10 float
  0.000000000000e+00   5.000000000000e-01   1.000000000000e+00   1.500000000000e+00   2.000000000000e+00   2.500000000000e+00   3.000000000000e+00   3.500000000000e+00   4.000000000000e+00 
  4.500000000000e+00 
CELL_DATA 729
POINT_DATA 1000
VECTORS velocity float
  0.000000000000e+00  -1.049569398165e-01  -2.150690853596e-01   3.251200000000e+04   0.000000000000e+00   0.000000000000e+00   0.000000000000e+00   0.000000000000e+00   0.000000000000e+00 
  1.688836887479e-02  -7.572990655899e-02  -1.481142491102e-01   0.000000000000e+00   0.000000000000e+00   0.000000000000e+00   0.000000000000e+00   1.431655808000e+09   1.070945600000e+09 
 -1.053593158722e-01  -8.562590181828e-02  -1.623987108469e-01   1.071994176000e+09   0.000000000000e+00   0.000000000000e+00   0.000000000000e+00   0.000000000000e+00   0.000000000000e+00 
 -5.338043719530e-02  -1.466086655855e-01  -1.852416843176e-01   0.000000000000e+00  -1.049569398165e-01  -2.150690853596e-01   1.070945600000e+09   0.000000000000e+00   0.000000000000e+00 
  5.490241455846e-04  -1.253958642483e-01  -1.977746784687e-01   1.688836887479e-02  -7.572990655899e-02  -1.481142491102e-01   1.431655808000e+09   1.070945600000e+09   0.000000000000e+00 
 -9.718294441700e-02  -6.080859899521e-02  -1.360999941826e-01  -1.053593158722e-01  -8.562590181828e-02  -1.623987108469e-01   0.000000000000e+00   0.000000000000e+00   1.071644672000e+09 
 -5.338043719530e-02  -1.466086655855e-01  -1.852416843176e-01  -5.338043719530e-02  -1.466086655855e-01  -1.852416843176e-01   0.000000000000e+00   3.061900846660e-02  -1.811004728079e-01 
  0.000000000000e+00   3.061900846660e-02  -1.811004728079e-01  -3.287350013852e-02  -1.997547037899e-02  -1.964845061302e-01   6.530013401061e-03  -1.700936257839e-01  -1.780943274498e-01 
 -9.038890153170e-02  -2.172790169716e-01  -1.919661611319e-01   2.015734091401e-02  -8.195545524359e-02  -1.392828971148e-01   5.467489361763e-02  -2.667448855937e-02  -1.388338804245e-01 
  5.531829316169e-03  -1.825757324696e-02  -1.385830938816e-01  -5.966753885150e-02  -2.729477593675e-03  -1.516032516956e-01  -5.966753885150e-02  -2.729477593675e-03  -1.516032516956e-01 
  0.000000000000e+00   1.740914885886e-03  -1.817740350962e-01   0.000000000000e+00   1.740914885886e-03  -1.817740350962e-01   5.743862595409e-03   5.789142102003e-02  -1.694511175156e-01 
  1.699436269701e-02   7.432866841555e-02  -1.434348523617e-01   8.510273881257e-03  -6.082813814282e-02  -1.496688723564e-01  -6.615804135799e-02  -1.364689320326e-01  -1.540737003088e-01 
 -1.564330309629e-01  -8.483888953924e-02  -1.843250393867e-01   2.590206451714e-02   2.088120765984e-02  -1.356826573610e-01  -4.103339463472e-02  -4.902963340282e-02  -1.437751501799e-01 
 -4.103339463472e-02  -4.902963340282e-02  -1.437751501799e-01   0.000000000000e+00  -4.342290386558e-02  -2.293968349695e-01   0.000000000000e+00  -4.342290386558e-02  -2.293968349695e-01 
 -5.601076036692e-02  -6.170900911093e-02  -2.391563951969e-01   1.449213325977e-01  -5.931775271893e-02  -1.702882498503e-01   1.195783689618e-01  -4.088648781180e-02  -1.440666466951e-01 
 -5.702923983335e-02   2.553667686880e-02  -1.366082727909e-01  -1.066391468048e-01   3.946836665273e-02  -1.501276940107e-01  -1.820125430822e-02   2.057743072510e-02  -1.524551212788e-01 
 -1.315400749445e-01  -2.872092835605e-02  -2.056840211153e-01  -1.315400749445e-01  -2.872092835605e-02  -2.056840211153e-01   0.000000000000e+00  -3.279251279309e-03  -1.903349012136e-01 
  0.000000000000e+00  -3.279251279309e-03  -1.903349012136e-01   3.730865428224e-03  -2.482398040593e-02  -2.039171159267e-01   8.820255100727e-02  -6.900434941053e-02  -2.234789133072e-01 
 -6.585589144379e-04  -1.620397716761e-02  -1.907162815332e-01   2.073627710342e-02   1.755393110216e-02  -1.420335769653e-01   5.261013284326e-02  -5.275805294514e-02  -1.409707069397e-01 
 -3.317422792315e-02  -6.470693647861e-02  -1.437772363424e-01  -5.212191864848e-02  -3.579545300454e-03  -1.590934842825e-01  -5.212191864848e-02  -3.579545300454e-03  -1.590934842825e-01 
  0.000000000000e+00   6.984110176563e-02  -1.838001906872e-01   0.000000000000e+00   6.984110176563e-02  -1.838001906872e-01  -2.948374114931e-02  -3.324449434876e-02  -1.761138290167e-01 
 -2.044736593962e-02   4.145137593150e-02  -1.688377708197e-01   7.070935331285e-03   3.250246867537e-02  -1.574163436890e-01  -2.249073982239e-02   2.948428876698e-02  -1.619420349598e-01 
 -2.093030698597e-02  -2.595562301576e-02  -1.779019534588e-01   2.834103815258e-02  -5.649418017128e-05  -1.429186612368e-01   6.138651818037e-02  -1.198974251747e-01  -1.600411534309e-01 
  6.138651818037e-02  -1.198974251747e-01  -1.600411534309e-01   0.000000000000e+00   1.094541102648e-01  -2.383524179459e-01   0.000000000000e+00   1.094541102648e-01  -2.383524179459e-01 
 -3.981966525316e-02  -1.218182314187e-02  -2.366907298565e-01   7.980060577393e-02   8.596230298281e-03  -1.677724123001e-01   4.857728630304e-02  -6.655894219875e-02  -1.471198946238e-01 
 -4.530563578010e-02   9.042633697391e-03  -1.437391787767e-01   1.884076930583e-02   8.513575047255e-02  -1.463745534420e-01   8.041302859783e-02   6.259761005640e-02  -1.580484062433e-01 
  2.277714572847e-02  -7.822468131781e-02  -2.147085368633e-01   2.277714572847e-02  -7.822468131781e-02  -2.147085368633e-01   0.000000000000e+00   0.000000000000e+00  -2.035525143147e-01 
  0.000000000000e+00   0.000000000000e+00  -2.035525143147e-01   2.241896698251e-03   0.000000000000e+00  -1.840232610703e-01  -5.942543968558e-02   0.000000000000e+00  -1.770381331444e-01 
  7.084836065769e-02   0.000000000000e+00  -1.971276104450e-01   5.994365084916e-03   0.000000000000e+00  -1.586005836725e-01   1.112631559372e-01   0.000000000000e+00  -1.318609863520e-01 
  1.435687541962e-01   0.000000000000e+00  -1.286091953516e-01   8.196458965540e-02   0.000000000000e+00  -1.377804428339e-01   8.196458965540e-02   0.000000000000e+00  -1.377804428339e-01 
  0.000000000000e+00   0.000000000000e+00  -2.035525143147e-01   0.000000000000e+00   0.000000000000e+00  -2.035525143147e-01   2.241896698251e-03   0.000000000000e+00  -1.840232610703e-01 
 -5.942543968558e-02   0.000000000000e+00  -1.770381331444e-01   7.084836065769e-02   0.000000000000e+00  -1.971276104450e-01   5.994365084916e-03   0.000000000000e+00  -1.586005836725e-01 
  1.112631559372e-01   0.000000000000e+00  -1.318609863520e-01   1.435687541962e-01   0.000000000000e+00  -1.286091953516e-01   8.196458965540e-02   0.000000000000e+00  -1.377804428339e-01 
  8.196458965540e-02   0.000000000000e+00  -1.377804428339e-01   0.000000000000e+00  -1.049569398165e-01  -2.150690853596e-01   0.000000000000e+00  -1.049569398165e-01  -2.150690853596e-01 
  5.490241455846e-04  -1.253958642483e-01  -1.977746784687e-01   1.688836887479e-02  -7.572990655899e-02  -1.481142491102e-01   4.579931963235e-03  -4.698128625751e-02  -1.374349147081e-01 
 -9.718294441700e-02  -6.080859899521e-02  -1.360999941826e-01  -1.053593158722e-01  -8.562590181828e-02  -1.623987108469e-01  -1.035833209753e-01  -8.213349431753e-02  -1.691182851791e-01 
 -5.338043719530e-02  -1.466086655855e-01  -1.852416843176e-01  -5.338043719530e-02  -1.466086655855e-01  -1.852416843176e-01   0.000000000000e+00  -1.049569398165e-01  -2.150690853596e-01 
  0.000000000000e+00  -1.049569398165e-01  -2.150690853596e-01   5.490241455846e-04  -1.253958642483e-01  -1.977746784687e-01   1.688836887479e-02  -7.572990655899e-02  -1.481142491102e-01 
  4.579931963235e-03  -4.698128625751e-02  -1.374349147081e-01  -9.718294441700e-02  -6.080859899521e-02  -1.360999941826e-01  -1.053593158722e-01  -8.562590181828e-02  -1.623987108469e-01 
 -1.035833209753e-01  -8.213349431753e-02  -1.691182851791e-01  -5.338043719530e-02  -1.466086655855e-01  -1.852416843176e-01  -5.338043719530e-02  -1.466086655855e-01  -1.852416843176e-01 
  0.000000000000e+00   3.061900846660e-02  -1.811004728079e-01   0.000000000000e+00   3.061900846660e-02  -1.811004728079e-01  -3.287350013852e-02  -1.997547037899e-02  -1.964845061302e-01 
  6.530013401061e-03  -1.700936257839e-01  -1.780943274498e-01  -9.038890153170e-02  -2.172790169716e-01  -1.919661611319e-01   2.015734091401e-02  -8.195545524359e-02  -1.392828971148e-01 
  5.467489361763e-02  -2.667448855937e-02  -1.388338804245e-01   5.531829316169e-03  -1.825757324696e-02  -1.385830938816e-01  -5.966753885150e-02  -2.729477593675e-03  -1.516032516956e-01 
 -5.966753885150e-02  -2.729477593675e-03  -1.516032516956e-01   0.000000000000e+00   1.740914885886e-03  -1.817740350962e-01   0.000000000000e+00   1.740914885886e-03  -1.817740350962e-01 
  5.743862595409e-03   5.789142102003e-02  -1.694511175156e-01   1.699436269701e-02   7.432866841555e-02  -1.434348523617e-01   8.510273881257e-03  -6.082813814282e-02  -1.496688723564e-01 
 -6.615804135799e-02  -1.364689320326e-01  -1.540737003088e-01  -1.564330309629e-01  -8.483888953924e-02  -1.843250393867e-01   2.590206451714e-02   2.088120765984e-02  -1.356826573610e-01 
 -4.103339463472e-02  -4.902963340282e-02  -1.437751501799e-01  -4.103339463472e-02  -4.902963340282e-02  -1.437751501799e-01   0.000000000000e+00  -4.342290386558e-02  -2.293968349695e-01 
  0.000000000000e+00  -4.342290386558e-02  -2.293968349695e-01  -5.601076036692e-02  -6.170900911093e-02  -2.391563951969e-01   1.449213325977e-01  -5.931775271893e-02  -1.702882498503e-01 
  1.195783689618e-01  -4.088648781180e-02  -1.440666466951e-01  -5.702923983335e-02   2.553667686880e-02  -1.366082727909e-01  -1.066391468048e-01   3.946836665273e-02  -1.501276940107e-01 
 -1.820125430822e-02   2.057743072510e-02  -1.524551212788e-01  -1.315400749445e-01  -2.872092835605e-02  -2.056840211153e-01  -1.315400749445e-01  -2.872092835605e-02  -2.056840211153e-01 
  0.000000000000e+00  -3.279251279309e-03  -1.903349012136e-01   0.000000000000e+00  -3.279251279309e-03  -1.903349012136e-01   3.730865428224e-03  -2.482398040593e-02  -2.039171159267e-01 
  8.820255100727e-02  -6.900434941053e-02  -2.234789133072e-01  -6.585589144379e-04  -1.620397716761e-02  -1.907162815332e-01   2.073627710342e-02   1.755393110216e-02  -1.420335769653e-01 
  5.261013284326e-02  -5.275805294514e-02  -1.409707069397e-01  -3.317422792315e-02  -6.470693647861e-02  -1.437772363424e-01  -5.212191864848e-02  -3.579545300454e-03  -1.590934842825e-01 
 -5.212191864848e-02  -3.579545300454e-03  -1.590934842825e-01   0.000000000000e+00   6.984110176563e-02  -1.838001906872e-01   0.000000000000e+00   6.984110176563e-02  -1.838001906872e-01 
 -2.948374114931e-02  -3.324449434876e-02  -1.761138290167e-01  -2.044736593962e-02   4.145137593150e-02  -1.688377708197e-01   7.070935331285e-03   3.250246867537e-02  -1.574163436890e-01 
 -2.249073982239e-02   2.948428876698e-02  -1.619420349598e-01  -2.093030698597e-02  -2.595562301576e-02  -1.779019534588e-01   2.834103815258e-02  -5.649418017128e-05  -1.429186612368e-01 
  6.138651818037e-02  -1.198974251747e-01  -1.600411534309e-01   6.138651818037e-02  -1.198974251747e-01  -1.600411534309e-01   0.000000000000e+00   1.094541102648e-01  -2.383524179459e-01 
  0.000000000000e+00   1.094541102648e-01  -2.383524179459e-01  -3.981966525316e-02  -1.218182314187e-02  -2.366907298565e-01   7.980060577393e-02   8.596230298281e-03  -1.677724123001e-01 
  4.857728630304e-02  -6.655894219875e-02  -1.471198946238e-01  -4.530563578010e-02   9.042633697391e-03  -1.437391787767e-01   1.884076930583e-02   8.513575047255e-02  -1.463745534420e-01 
  8.041302859783e-02   6.259761005640e-02  -1.580484062433e-01   2.277714572847e-02  -7.822468131781e-02  -2.147085368633e-01   2.277714572847e-02  -7.822468131781e-02  -2.147085368633e-01 
  0.000000000000e+00   0.000000000000e+00  -2.035525143147e-01   0.000000000000e+00   0.000000000000e+00  -2.035525143147e-01   2.241896698251e-03   0.000000000000e+00  -1.840232610703e-01 
 -5.942543968558e-02   0.000000000000e+00  -1.770381331444e-01   7.084836065769e-02   0.000000000000e+00  -1.971276104450e-01   5.994365084916e-03   0.000000000000e+00  -1.586005836725e-01 
  1.112631559372e-01   0.000000000000e+00  -1.318609863520e-01   1.435687541962e-01   0.000000000000e+00  -1.286091953516e-01   8.196458965540e-02   0.000000000000e+00  -1.377804428339e-01 
  8.196458965540e-02   0.000000000000e+00  -1.377804428339e-01   0.000000000000e+00   0.000000000000e+00  -2.035525143147e-01   0.000000000000e+00   0.000000000000e+00  -2.035525143147e-01 
  2.241896698251e-03   0.000000000000e+00  -1.840232610703e-01  -5.942543968558e-02   0.000000000000e+00  -1.770381331444e-01   7.084836065769e-02   0.000000000000e+00  -1.971276104450e-01 
  5.994365084916e-03   0.000000000000e+00  -1.586005836725e-01   1.112631559372e-01   0.000000000000e+00  -1.318609863520e-01   1.435687541962e-01   0.000000000000e+00  -1.286091953516e-01 
  8.196458965540e-02   0.000000000000e+00  -1.377804428339e-01   8.196458965540e-02   0.000000000000e+00  -1.377804428339e-01   0.000000000000e+00  -5.958138406277e-02  -4.505978226662e-01 
  0.000000000000e+00  -5.958138406277e-02  -4.505978226662e-01   3.125444054604e-01  -9.428692050278e-03  -4.706528782845e-01   5.822271108627e-01  -2.514873072505e-02  -5.627235174179e-01 
  1.407466977835e-01  -4.878302291036e-02  -5.226733088493e-01   0.000000000000e+00   9.927706420422e-02  -6.390000134706e-02  -7.621454447508e-02   2.634299695492e-01  -2.956978976727e-01 
 -4.886634647846e-02   1.094643846154e-01  -2.753042280674e-01   2.825148701668e-01   4.129714667797e-01  -1.475831680000e-02   2.825148701668e-01   4.129714667797e-01  -1.475831680000e-02 
  0.000000000000e+00  -5.958138406277e-02  -4.505978226662e-01   0.000000000000e+00  -5.958138406277e-02  -4.505978226662e-01   3.125444054604e-01  -9.428692050278e-03  -4.706528782845e-01 
  5.822271108627e-01  -2.514873072505e-02  -5.627235174179e-01   1.407466977835e-01  -4.878302291036e-02  -5.226733088493e-01   0.000000000000e+00   9.927706420422e-02  -6.390000134706e-02 
 -7.621454447508e-02   2.634299695492e-01  -2.956978976727e-01  -4.886634647846e-02   1.094643846154e-01  -2.753042280674e-01   2.825148701668e-01   4.129714667797e-01  -1.475831680000e-02 
  2.825148701668e-01   4.129714667797e-01  -1.475831680000e-02   0.000000000000e+00   2.093856967986e-02  -5.405437946320e-01   0.000000000000e+00   2.093856967986e-02  -5.405437946320e-01 
  2.308983355761e-01  -1.044075470418e-02  -5.749340057373e-01   4.087797701359e-01  -9.002322703600e-02  -5.735223293304e-01   4.470324516296e-02  -1.818389147520e-01  -7.573957443237e-01 
  1.769191585481e-02   6.061374023557e-02  -4.639274477959e-01   4.220184404403e-03   2.907781600952e-01  -6.116612255573e-02   1.409840025008e-02   9.555616229773e-02  -2.508015036583e-01 
  3.060472905636e-01   2.928205132484e-01  -5.292734503746e-01   3.060472905636e-01   2.928205132484e-01  -5.292734503746e-01   0.000000000000e+00   6.768603622913e-02  -8.871809840202e-01 
  0.000000000000e+00   6.768603622913e-02  -8.871809840202e-01   3.442971408367e-01  -1.351725459099e-01  -6.864364147186e-01   4.939123094082e-01  -2.720583230257e-02  -7.129583358765e-01 
  2.435275018215e-01  -5.151396617293e-02  -6.991922259331e-01  -3.223593533039e-02  -1.103333011270e-01  -4.480658769608e-01  -1.106103286147e-01  -9.552544914186e-03  -6.012991070747e-01 
  1.324440538883e-01   6.752512603998e-02  -9.745544940233e-02   8.737617731094e-01   1.013356633484e-02  -2.928467690945e-01   8.737617731094e-01   1.013356633484e-02  -2.928467690945e-01 
  0.000000000000e+00  -1.000663731247e-02  -8.271930813789e-01   0.000000000000e+00  -1.000663731247e-02  -8.271930813789e-01   4.583336710930e-01  -3.152428194880e-03  -4.735857844353e-01 
  5.585838556290e-01   5.892736837268e-03  -4.860492050648e-01   4.736514389515e-01  -2.075129933655e-02  -5.704823732376e-01   4.902356863022e-02   2.287335880101e-02  -5.632292628288e-01 
 -1.194555871189e-02   4.371393099427e-02  -5.380523204803e-01  -2.174360156059e-01   2.366816550493e-01   4.141404628754e-01  -4.424177706242e-01   3.275607228279e-01  -2.408377379179e-01 
 -4.424177706242e-01   3.275607228279e-01  -2.408377379179e-01   0.000000000000e+00  -8.734001964331e-02  -1.099490165710e+00   0.000000000000e+00  -8.734001964331e-02  -1.099490165710e+00 
  3.226512372494e-01  -5.169508978724e-03  -7.666045427322e-01   3.884969651699e-01  -2.358619123697e-03  -1.108760118484e+00   6.020893454552e-01  -1.838400028646e-02  -2.927798628807e-01 
  4.593968391418e-01  -7.133664190769e-02  -6.380690336227e-01   3.450970053673e-01  -2.187861055136e-01   8.567897230387e-02   1.133201956749e+00   1.611020416021e-01  -8.568233251572e-02 
  2.903070673347e-02   3.442641794682e-01  -1.416488647461e+00   2.903070673347e-02   3.442641794682e-01  -1.416488647461e+00   0.000000000000e+00   1.440947353840e-01  -7.775084972382e-01 
  0.000000000000e+00   1.440947353840e-01  -7.775084972382e-01   2.506594657898e-01   4.146704450250e-02  -4.760594964027e-01   4.012104272842e-01  -8.601796627045e-02  -1.323234915733e+00 
  8.070414066315e-01  -7.144701480865e-02  -8.180932998657e-01  -2.249073982239e-02  -4.757516831160e-02  -2.213954031467e-01   1.006971821189e-01  -1.246346309781e-01   2.067824453115e-01 
  2.782033383846e-01   8.295416831970e-02  -1.490223705769e-01  -1.043958663940e-01  -7.105673849583e-02  -2.851391136646e-01  -1.043958663940e-01  -7.105673849583e-02  -2.851391136646e-01 
  0.000000000000e+00   5.411040782928e-02  -9.087713956833e-01   0.000000000000e+00   5.411040782928e-02  -9.087713956833e-01   3.310208320618e-01   3.025795891881e-02  -1.168518185616e+00 
  5.009463429451e-01   7.902932912111e-02  -1.063110709190e+00   1.354047656059e+00  -6.655894219875e-02  -4.701495170593e-01   1.833017915487e-03   3.932321444154e-03  -3.144690394402e-01 
 -6.441334635019e-02  -6.288303062320e-03  -3.134219348431e-01   1.793081909418e-01   1.534272432327e-01  -3.939553797245e-01  -4.080935940146e-02   1.446453481913e-01  -2.608946263790e-01 
 -4.080935940146e-02   1.446453481913e-01  -2.608946263790e-01   0.000000000000e+00   0.000000000000e+00  -8.403241634369e-01   0.000000000000e+00   0.000000000000e+00  -8.403241634369e-01 
  2.800805866718e-01   0.000000000000e+00  -1.041148781776e+00   8.262870907784e-01   0.000000000000e+00  -5.382516384125e-01   1.321116924286e+00   0.000000000000e+00  -4.334972798824e-01 
  9.611032158136e-02   0.000000000000e+00  -9.228684306145e-01  -2.309215813875e-01   0.000000000000e+00  -1.252916693687e+00   7.224463671446e-02   3.068544901907e-02  -9.288756251335e-01 
  5.699830874801e-02   3.412432223558e-02  -9.197368025780e-01   5.699830874801e-02   3.412432223558e-02  -9.197368025780e-01   0.000000000000e+00   0.000000000000e+00  -8.403241634369e-01 
  0.000000000000e+00   0.000000000000e+00  -8.403241634369e-01   2.800805866718e-01   0.000000000000e+00  -1.041148781776e+00   8.262870907784e-01   0.000000000000e+00  -5.382516384125e-01 
  1.321116924286e+00   0.000000000000e+00  -4.334972798824e-01   9.611032158136e-02   0.000000000000e+00  -9.228684306145e-01  -2.309215813875e-01   0.000000000000e+00  -1.252916693687e+00 
  7.224463671446e-02   3.068544901907e-02  -9.288756251335e-01   5.699830874801e-02   3.412432223558e-02  -9.197368025780e-01   5.699830874801e-02   3.412432223558e-02  -9.197368025780e-01 
  0.000000000000e+00   1.151037402451e-02  -6.999673843384e-01   0.000000000000e+00   1.151037402451e-02  -6.999673843384e-01   2.339323163033e-01   4.998040199280e-02  -5.477778911591e-01 
  2.935256659985e-01   1.195104885846e-02  -5.526936650276e-01   2.309942394495e-01  -4.854480922222e-02  -4.333471953869e-01   0.000000000000e+00   1.598974764347e-01  -1.000000014901e-01 
 -6.254044175148e-02   2.823224663734e-01  -3.307484090328e-01  -6.254044175148e-02   4.401031434536e-01  -3.444225192070e-01   5.100106000900e-01   6.361131668091e-01   3.127425611019e-01 
  5.100106000900e-01   6.361131668091e-01   3.127425611019e-01   0.000000000000e+00   1.151037402451e-02  -6.999673843384e-01   0.000000000000e+00   1.151037402451e-02  -6.999673843384e-01 
  2.339323163033e-01   4.998040199280e-02  -5.477778911591e-01   2.935256659985e-01   1.195104885846e-02  -5.526936650276e-01   2.309942394495e-01  -4.854480922222e-02  -4.333471953869e-01 
  0.000000000000e+00   1.598974764347e-01  -1.000000014901e-01  -6.254044175148e-02   2.823224663734e-01  -3.307484090328e-01  -6.254044175148e-02   4.401031434536e-01  -3.444225192070e-01 
  5.100106000900e-01   6.361131668091e-01   3.127425611019e-01   5.100106000900e-01   6.361131668091e-01   3.127425611019e-01   0.000000000000e+00   6.456220895052e-02  -2.038540840149e-01 
  0.000000000000e+00   6.456220895052e-02  -2.038540840149e-01   1.614329367876e-01  -1.077260263264e-02  -2.772917151451e-01   2.901976704597e-01  -2.764903753996e-02  -1.009705781937e+00 
  0.000000000000e+00  -1.086543202400e-01  -8.413180708885e-01   1.859886571765e-02   1.400635987520e-01  -3.282191753387e-01  -1.952102780342e-02   2.892207503319e-01  -1.000000014901e-01 
 -2.763567492366e-02   3.788910508156e-01  -3.687629699707e-01   3.033500313759e-01   4.951212704182e-01  -7.988384366035e-01   3.033500313759e-01   4.951212704182e-01  -7.988384366035e-01 
  0.000000000000e+00   1.795583516359e-01  -3.260963261127e-01   0.000000000000e+00   1.795583516359e-01  -3.260963261127e-01   1.783284097910e-01  -4.864560812712e-02  -2.992047369480e-01 
  3.372538387775e-01  -5.174169689417e-02  -4.532122612000e-01   3.399800062180e-01  -4.561025276780e-02  -5.099955201149e-01   1.619920879602e-01  -7.353131473064e-02  -3.196073770523e-01 
  8.181169629097e-02   5.153925344348e-02  -3.365293145180e-01   1.430442929268e-01   5.926343053579e-02   3.430502861738e-02   6.300420165062e-01   0.000000000000e+00  -2.753858268261e-01 
  6.300420165062e-01   0.000000000000e+00  -2.753858268261e-01   0.000000000000e+00  -2.129179425538e-02  -1.560640931129e-01   0.000000000000e+00  -2.129179425538e-02  -1.560640931129e-01 
  2.364002466202e-01  -5.141497030854e-02  -1.296537667513e-01   3.457667231560e-01  -1.949171721935e-02  -3.248333334923e-01   4.516342580318e-01  -4.132325574756e-02  -2.621941268444e-01 
  3.582066297531e-01  -6.936379242688e-03   2.128155976534e-01   5.316223502159e-01   2.667197957635e-02  -2.836663462222e-02  -2.919418513775e-01   2.390667498112e-01   5.660197734833e-01 
 -4.624255299568e-01   3.582410514355e-01  -4.689076542854e-02  -4.624255299568e-01   3.582410514355e-01  -4.689076542854e-02   0.000000000000e+00  -6.482366472483e-02  -3.911023139954e-01 
  0.000000000000e+00  -6.482366472483e-02  -3.911023139954e-01   2.791027128696e-01  -1.886259950697e-02  -2.898314893246e-01   3.649768829346e-01  -1.838453114033e-02  -4.823478162289e-01 
  4.825505018234e-01  -6.646014004946e-02  -4.541080445051e-02   4.593968391418e-01  -7.988495379686e-02   1.582464337349e+00   1.547201514244e+00  -2.391805201769e-01   2.352571189404e-01 
  1.164916515350e+00   1.848209500313e-01  -1.142917852849e-02   1.263196319342e-01   3.421294987202e-01  -7.406347393990e-01   1.263196319342e-01   3.421294987202e-01  -7.406347393990e-01 
  0.000000000000e+00   3.254455700517e-02  -3.394999504089e-01   0.000000000000e+00   3.254455700517e-02  -3.394999504089e-01   2.831826210022e-01  -5.022778734565e-02  -2.726329676807e-02 
  2.764957249165e-01  -8.183013647795e-02  -5.314555168152e-01   5.695928335190e-01  -7.144701480865e-02  -3.944354355335e-01   3.537702560425e-01  -7.436638325453e-02   1.996240168810e-01 
  4.481265246868e-01  -1.272437870502e-01   1.674127131701e-01   5.426284074783e-01   7.374318689108e-02  -1.332365572453e-01   0.000000000000e+00  -3.562138648704e-03   1.786920428276e-02 
  0.000000000000e+00  -3.562138648704e-03   1.786920428276e-02   0.000000000000e+00   4.695211723447e-02  -5.043237209320e-01   0.000000000000e+00   4.695211723447e-02  -5.043237209320e-01 
  2.471248507500e-01  -4.756457358599e-02  -7.024763524532e-02   8.980516344309e-02  -1.279454976320e-01  -4.012241959572e-01   6.475303769112e-01  -1.821163482964e-02  -6.214497685432e-01 
  9.471183419228e-01  -6.000021845102e-02  -4.155009686947e-01  -5.851176977158e-01  -9.920276701450e-02   2.672975659370e-01  -6.189596056938e-01  -1.837168186903e-01  -2.513635158539e-01 
 -5.488997101784e-01   1.023068428040e-01  -1.557715833187e-01  -5.488997101784e-01   1.023068428040e-01  -1.557715833187e-01   0.000000000000e+00   0.000000000000e+00  -4.548117220402e-01 
  0.000000000000e+00   0.000000000000e+00  -4.548117220402e-01   1.321844756603e-01   0.000000000000e+00  -5.934231877327e-01   1.731320470572e-01   0.000000000000e+00  -1.029590010643e+00 
  1.080466866493e+00   0.000000000000e+00  -1.491453170776e+00   9.852408766747e-01   0.000000000000e+00  -8.008717894554e-01  -4.796366095543e-01  -2.863308601081e-02  -8.183758258820e-01 
 -6.315144896507e-01   2.216148655862e-03  -1.000000014901e-01  -3.868156969547e-01   1.694321818650e-02  -5.596903562546e-01  -3.868156969547e-01   1.694321818650e-02  -5.596903562546e-01 
  0.000000000000e+00   0.000000000000e+00  -4.548117220402e-01   0.000000000000e+00   0.000000000000e+00  -4.548117220402e-01   1.321844756603e-01   0.000000000000e+00  -5.934231877327e-01 
  1.731320470572e-01   0.000000000000e+00  -1.029590010643e+00   1.080466866493e+00   0.000000000000e+00  -1.491453170776e+00   9.852408766747e-01   0.000000000000e+00  -8.008717894554e-01 
 -4.796366095543e-01  -2.863308601081e-02  -8.183758258820e-01  -6.315144896507e-01   2.216148655862e-03  -1.000000014901e-01  -3.868156969547e-01   1.694321818650e-02  -5.596903562546e-01 
 -3.868156969547e-01   1.694321818650e-02  -5.596903562546e-01   0.000000000000e+00   6.143058463931e-02  -3.095717728138e-01   0.000000000000e+00   6.143058463931e-02  -3.095717728138e-01 
  5.099599063396e-02   3.081449493766e-02  -3.411599397659e-01   1.960921138525e-01  -5.649529024959e-02  -5.253548622131e-01   4.583429545164e-02  -6.184361129999e-02  -4.522853791714e-01 
  2.180422097445e-02   1.841924488544e-01  -1.000000014901e-01   0.000000000000e+00   2.628714442253e-01  -1.000000014901e-01   0.000000000000e+00   1.961432956159e-02  -1.000000014901e-01 
  2.322199106216e+00   0.000000000000e+00   1.717506796122e-01   2.322199106216e+00   0.000000000000e+00   1.717506796122e-01   0.000000000000e+00   6.143058463931e-02  -3.095717728138e-01 
  0.000000000000e+00   6.143058463931e-02  -3.095717728138e-01   5.099599063396e-02   3.081449493766e-02  -3.411599397659e-01   1.960921138525e-01  -5.649529024959e-02  -5.253548622131e-01 
  4.583429545164e-02  -6.184361129999e-02  -4.522853791714e-01   2.180422097445e-02   1.841924488544e-01  -1.000000014901e-01   0.000000000000e+00   2.628714442253e-01  -1.000000014901e-01 
  0.000000000000e+00   1.961432956159e-02  -1.000000014901e-01   2.322199106216e+00   0.000000000000e+00   1.717506796122e-01   2.322199106216e+00   0.000000000000e+00   1.717506796122e-01 
  0.000000000000e+00  -6.661294400692e-02  -4.315198063850e-01   0.000000000000e+00  -6.661294400692e-02  -4.315198063850e-01   1.006421521306e-01   1.818044111133e-02  -2.651590406895e-01 
  2.307530343533e-01  -1.624482870102e-01  -1.060538172722e+00   0.000000000000e+00  -1.073608025908e-01  -1.000000014901e-01   0.000000000000e+00   1.214577555656e-01  -2.541513741016e-01 
  0.000000000000e+00   2.613290250301e-01  -1.096798032522e-01   2.718164920807e-01   5.915339570493e-03  -2.464963942766e-01   1.159774541855e+00   0.000000000000e+00  -1.000000014901e-01 
  1.159774541855e+00   0.000000000000e+00  -1.000000014901e-01   0.000000000000e+00   1.056150496006e-01  -3.583138883114e-01   0.000000000000e+00   1.056150496006e-01  -3.583138883114e-01 
 -6.125716026872e-03  -2.438357025385e-01  -2.669862210751e-01   5.711185559630e-02  -2.168445885181e-01  -2.832742035389e-01   7.419383525848e-02  -1.285008788109e-01  -6.436111778021e-02 
  1.083974987268e-01  -7.452918589115e-02   5.621514096856e-02   1.635073721409e-01   8.264622092247e-02  -1.863547116518e-01   1.644209325314e-01   7.934000459500e-04  -2.555463835597e-02 
  5.452124476433e-01   0.000000000000e+00  -1.000000014901e-01   5.452124476433e-01   0.000000000000e+00  -1.000000014901e-01   0.000000000000e+00   8.483234792948e-02  -2.928762733936e-01 
  0.000000000000e+00   8.483234792948e-02  -2.928762733936e-01  -7.778935250826e-04   2.495654113591e-02  -8.909392356873e-02   1.964120864868e-01   1.570549793541e-02  -2.207794189453e-01 
  2.413992583752e-01  -3.417261689901e-02   5.627963542938e-01   2.090200781822e-01  -3.268025070429e-02   7.923566102982e-01   6.071969270706e-01   8.113740012050e-03   1.227534003556e-02 
 -1.360464543104e-01   1.601339578629e-01  -1.000000014901e-01   0.000000000000e+00   0.000000000000e+00  -4.806039482355e-02   0.000000000000e+00   0.000000000000e+00  -4.806039482355e-02 
  0.000000000000e+00   1.065299101174e-02  -3.120545148849e-01   0.000000000000e+00   1.065299101174e-02  -3.120545148849e-01   1.151449456811e-01  -6.756220012903e-02  -3.559135198593e-01 
  3.142947256565e-01  -6.457953155041e-02   4.828518033028e-01   0.000000000000e+00  -7.288049906492e-02   1.570145964622e+00   0.000000000000e+00  -6.237672641873e-02   1.582464337349e+00 
  7.477115392685e-01  -1.388876736164e-01   1.624046415091e-01   2.069316059351e-01   0.000000000000e+00  -4.011291265488e-01  -1.559583544731e-01   2.323249131441e-01  -5.251452326775e-01 
 -1.559583544731e-01   2.323249131441e-01  -5.251452326775e-01   0.000000000000e+00   8.583919703960e-02  -4.789004623890e-01   0.000000000000e+00   8.583919703960e-02  -4.789004623890e-01 
  1.884615868330e-01  -5.847441405058e-02  -1.963297128677e-01   3.912588059902e-01  -1.202564835548e-01  -5.674241185188e-01   6.314112544060e-01  -8.395071327686e-02  -6.318199038506e-01 
  8.121069669724e-01  -3.853851184249e-02  -8.934620022774e-01  -5.521509647369e-01   0.000000000000e+00  -1.000000014901e-01  -6.189596056938e-01  -1.202523559332e-01  -9.385172128677e-01 
 -5.392420887947e-01  -6.952785700560e-02  -3.259788453579e-01  -5.392420887947e-01  -6.952785700560e-02  -3.259788453579e-01   0.000000000000e+00   1.452394872904e-01  -5.360541343689e-01 
  0.000000000000e+00   1.452394872904e-01  -5.360541343689e-01   1.254320442677e-01   3.486837819219e-02  -1.475570648909e-01   3.974401652813e-01  -3.633204400539e-01  -1.196700453758e+00 
  8.795217871666e-01   0.000000000000e+00  -1.353422760963e+00   1.017780303955e+00  -4.892959725112e-03  -2.121449232101e+00  -5.696040987968e-01  -1.421778947115e-01  -1.041510224342e+00 
 -6.189596652985e-01  -1.837168335915e-01  -9.385173320770e-01  -6.782611608505e-01  -9.769539535046e-02  -7.053366303444e-01  -6.782611608505e-01  -9.769539535046e-02  -7.053366303444e-01 
  0.000000000000e+00   0.000000000000e+00  -5.987005233765e-01   0.000000000000e+00   0.000000000000e+00  -5.987005233765e-01   1.815385520458e-01   0.000000000000e+00  -5.122359991074e-01 
  4.182875156403e-01   0.000000000000e+00  -1.459954380989e+00   4.010168313980e-01   0.000000000000e+00  -1.632432103157e+00   1.050159692764e+00   0.000000000000e+00  -2.201809167862e+00 
  5.617664456367e-01   0.000000000000e+00  -8.249978423119e-01  -7.618293762207e-01   0.000000000000e+00  -6.029887795448e-01  -6.139962077141e-01   0.000000000000e+00  -6.175595521927e-01 
 -6.139962077141e-01   0.000000000000e+00  -6.175595521927e-01   0.000000000000e+00   0.000000000000e+00  -5.987005233765e-01   0.000000000000e+00   0.000000000000e+00  -5.987005233765e-01 
  1.815385520458e-01   0.000000000000e+00  -5.122359991074e-01   4.182875156403e-01   0.000000000000e+00  -1.459954380989e+00   4.010168313980e-01   0.000000000000e+00  -1.632432103157e+00 
  1.050159692764e+00   0.000000000000e+00  -2.201809167862e+00   5.617664456367e-01   0.000000000000e+00  -8.249978423119e-01  -7.618293762207e-01   0.000000000000e+00  -6.029887795448e-01 
 -6.139962077141e-01   0.000000000000e+00  -6.175595521927e-01  -6.139962077141e-01   0.000000000000e+00  -6.175595521927e-01   0.000000000000e+00  -4.127509146929e-02  -8.780982345343e-02 
  0.000000000000e+00  -4.127509146929e-02  -8.780982345343e-02   1.161559075117e-01   8.087532967329e-02   1.398409456015e-01   3.344168365002e-01   0.000000000000e+00  -9.374857693911e-02 
 -1.408227980137e-01   0.000000000000e+00   2.129875719547e-01   0.000000000000e+00   1.683459989727e-02  -1.000000014901e-01   0.000000000000e+00   1.311227586120e-02  -1.000000014901e-01 
  0.000000000000e+00   0.000000000000e+00  -1.000000014901e-01   2.360853910446e+00   3.865459188819e-02  -1.268206238747e+00   2.360853910446e+00   3.865459188819e-02  -1.268206238747e+00 
  0.000000000000e+00  -4.127509146929e-02  -8.780982345343e-02   0.000000000000e+00  -4.127509146929e-02  -8.780982345343e-02   1.161559075117e-01   8.087532967329e-02   1.398409456015e-01 
  3.344168365002e-01   0.000000000000e+00  -9.374857693911e-02  -1.408227980137e-01   0.000000000000e+00   2.129875719547e-01   0.000000000000e+00   1.683459989727e-02  -1.000000014901e-01 
  0.000000000000e+00   1.311227586120e-02  -1.000000014901e-01   0.000000000000e+00   0.000000000000e+00  -1.000000014901e-01   2.360853910446e+00   3.865459188819e-02  -1.268206238747e+00 
  2.360853910446e+00   3.865459188819e-02  -1.268206238747e+00   0.000000000000e+00  -7.281883060932e-02  -4.865450859070e-01   0.000000000000e+00  -7.281883060932e-02  -4.865450859070e-01 
  2.024908065796e-01  -6.425864249468e-02  -1.687129884958e-01   1.752593368292e-01  -3.153581917286e-01  -4.090495407581e-01  -1.532525271177e-01   0.000000000000e+00   6.857503652573e-01 
  0.000000000000e+00   0.000000000000e+00  -1.000000014901e-01   0.000000000000e+00   1.850647106767e-02  -1.010695919394e-01   0.000000000000e+00   0.000000000000e+00  -1.000000014901e-01 
  0.000000000000e+00  -3.865459188819e-02  -1.000000014901e-01   0.000000000000e+00  -3.865459188819e-02  -1.000000014901e-01   0.000000000000e+00   3.760533034801e-02  -3.578588664532e-01 
  0.000000000000e+00   3.760533034801e-02  -3.578588664532e-01  -2.068089693785e-02  -6.431023776531e-02  -3.586041331291e-01   2.070394754410e-01  -3.402176201344e-01  -3.393945395947e-01 
  0.000000000000e+00   0.000000000000e+00   7.785630226135e-02   0.000000000000e+00   0.000000000000e+00   8.390981703997e-02   0.000000000000e+00   4.528547171503e-03  -1.240303665400e-01 
  2.119781821966e-02   0.000000000000e+00  -7.624734938145e-02   8.278119564056e-02   0.000000000000e+00  -1.000000014901e-01   8.278119564056e-02   0.000000000000e+00  -1.000000014901e-01 
  0.000000000000e+00   1.136106252670e-01  -4.006038904190e-01   0.000000000000e+00   1.136106252670e-01  -4.006038904190e-01   5.119675770402e-04   8.442682772875e-02  -3.744222819805e-01 
  8.886297792196e-02   0.000000000000e+00  -3.627339601517e-01   1.978892087936e-01  -3.927174489945e-03   3.558992967010e-02   1.789250373840e-01  -2.440597862005e-02   3.439400494099e-01 
  9.386769682169e-02   2.451222203672e-02  -1.244392171502e-01  -4.166366159916e-01   8.321881294250e-02  -1.000000014901e-01  -2.256346791983e-01   0.000000000000e+00  -6.619199365377e-02 
 -2.256346791983e-01   0.000000000000e+00  -6.619199365377e-02   0.000000000000e+00  -4.336626827717e-02  -5.069680213928e-01   0.000000000000e+00  -4.336626827717e-02  -5.069680213928e-01 
  5.477768182755e-02  -3.308390080929e-02  -4.277737140656e-01   2.146398127079e-01  -3.885429352522e-02  -4.218626618385e-01   4.831817150116e-01  -1.171742752194e-01  -1.000000014901e-01 
  2.724538147449e-01  -7.296696305275e-02   6.601626873016e-01  -2.079432755709e-01  -5.878645181656e-02  -2.956374883652e-01  -5.142059922218e-01   0.000000000000e+00  -1.000000014901e-01 
 -5.803454518318e-01   8.024730533361e-02  -3.461202383041e-01  -5.803454518318e-01   8.024730533361e-02  -3.461202383041e-01   0.000000000000e+00   1.585684567690e-01  -4.835884869099e-01 
  0.000000000000e+00   1.585684567690e-01  -4.835884869099e-01   7.632516324520e-02   9.270926564932e-02  -4.261188954115e-02   3.674043416977e-01   1.525160670280e-02  -4.311116337776e-01 
  4.777535498142e-01  -1.934595522471e-03  -7.309045791626e-01   6.714295744896e-01  -5.023365840316e-02  -1.654404640198e+00  -1.204321980476e-01  -9.621688723564e-02  -6.444412469864e-01 
 -7.664709687233e-01   0.000000000000e+00  -1.000000014901e-01  -7.157734036446e-01  -1.960787922144e-01  -4.216531217098e-01  -7.157734036446e-01  -1.960787922144e-01  -4.216531217098e-01 
  0.000000000000e+00   1.691254973412e-01  -8.099282532930e-02   0.000000000000e+00   1.691254973412e-01  -8.099282532930e-02   9.601958841085e-02   1.411365419626e-01   5.059236288071e-01 
  3.495010435581e-01  -3.655905649066e-02  -1.042830348015e+00   6.196098923683e-01  -1.652850769460e-02  -1.229987978935e+00   1.037208080292e+00  -7.444436103106e-02  -2.896818876266e+00 
  5.953320264816e-01  -1.859791576862e-01  -1.075098752975e+00  -8.320999741554e-01  -6.159544587135e-01  -8.217136859894e-01  -6.869000792503e-01  -3.765449821949e-01  -7.618991136551e-01 
 -6.869000792503e-01  -3.765449821949e-01  -7.618991136551e-01   0.000000000000e+00   0.000000000000e+00  -2.081178575754e-01   0.000000000000e+00   0.000000000000e+00  -2.081178575754e-01 
  1.474571079016e-01   0.000000000000e+00   2.865077257156e-01   5.195151567459e-01  -4.963862244040e-03  -1.256433367729e+00   6.229286193848e-01  -1.540699391626e-03  -1.316593050957e+00 
  1.072865724564e+00  -1.061110757291e-02  -6.167913436890e+00   6.880844235420e-01  -8.513055741787e-02  -8.292716741562e-01  -7.655268311501e-01   0.000000000000e+00  -5.873354673386e-01 
 -6.955856680870e-01  -1.109250709414e-01  -6.219214797020e-01  -6.955856680870e-01  -1.109250709414e-01  -6.219214797020e-01   0.000000000000e+00   0.000000000000e+00  -2.081178575754e-01 
  0.000000000000e+00   0.000000000000e+00  -2.081178575754e-01   1.474571079016e-01   0.000000000000e+00   2.865077257156e-01   5.195151567459e-01  -4.963862244040e-03  -1.256433367729e+00 
  6.229286193848e-01  -1.540699391626e-03  -1.316593050957e+00   1.072865724564e+00  -1.061110757291e-02  -6.167913436890e+00   6.880844235420e-01  -8.513055741787e-02  -8.292716741562e-01 
 -7.655268311501e-01   0.000000000000e+00  -5.873354673386e-01  -6.955856680870e-01  -1.109250709414e-01  -6.219214797020e-01  -6.955856680870e-01  -1.109250709414e-01  -6.219214797020e-01 
  0.000000000000e+00  -1.793508604169e-02  -5.202533602715e-01   0.000000000000e+00  -1.793508604169e-02  -5.202533602715e-01  -2.526690624654e-02  -3.605384612456e-03  -6.159378960729e-02 
  1.821271032095e-01  -8.232467621565e-02  -2.702018618584e-02  -3.733915742487e-03  -7.270694524050e-02   2.324955165386e-01  -1.781011233106e-03   6.812919396907e-03  -1.000000014901e-01 
  0.000000000000e+00   5.358621478081e-03  -1.000000014901e-01   0.000000000000e+00   0.000000000000e+00  -1.000000014901e-01   0.000000000000e+00   0.000000000000e+00  -1.345515370369e+00 
  0.000000000000e+00   0.000000000000e+00  -1.345515370369e+00   0.000000000000e+00  -1.793508604169e-02  -5.202533602715e-01   0.000000000000e+00  -1.793508604169e-02  -5.202533602715e-01 
 -2.526690624654e-02  -3.605384612456e-03  -6.159378960729e-02   1.821271032095e-01  -8.232467621565e-02  -2.702018618584e-02  -3.733915742487e-03  -7.270694524050e-02   2.324955165386e-01 
 -1.781011233106e-03   6.812919396907e-03  -1.000000014901e-01   0.000000000000e+00   5.358621478081e-03  -1.000000014901e-01   0.000000000000e+00   0.000000000000e+00  -1.000000014901e-01 
  0.000000000000e+00   0.000000000000e+00  -1.345515370369e+00   0.000000000000e+00   0.000000000000e+00  -1.345515370369e+00   0.000000000000e+00  -3.544621914625e-02  -1.067016482353e+00 
  0.000000000000e+00  -3.544621914625e-02  -1.067016482353e+00   7.101673632860e-02  -5.405282229185e-02  -1.153627112508e-01   3.431729078293e-01  -2.211791425943e-01   9.472327679396e-02 
 -1.408227980137e-01  -1.206885352731e-01   6.857503652573e-01   0.000000000000e+00  -5.443102493882e-02  -1.000000014901e-01   3.697073552758e-03   0.000000000000e+00  -1.000000014901e-01 
  2.889530034736e-03   0.000000000000e+00  -1.000000014901e-01   0.000000000000e+00   0.000000000000e+00  -1.000000014901e-01   0.000000000000e+00   0.000000000000e+00  -1.000000014901e-01 
  0.000000000000e+00  -1.846871711314e-02  -5.424919724464e-01   0.000000000000e+00  -1.846871711314e-02  -5.424919724464e-01  -1.426970772445e-02  -6.405600905418e-02  -2.968055605888e-01 
  9.247859567404e-02  -2.257274389267e-01  -1.725995093584e-01   1.495628058910e-01  -1.240411102772e-01  -1.054799035192e-01   8.150003105402e-02  -8.271537721157e-02  -1.358743757010e-01 
  0.000000000000e+00   0.000000000000e+00  -1.000000014901e-01   0.000000000000e+00  -2.717866748571e-02  -1.000000014901e-01   0.000000000000e+00   0.000000000000e+00  -1.000000014901e-01 
  0.000000000000e+00   0.000000000000e+00  -1.000000014901e-01   0.000000000000e+00   1.036764010787e-01  -1.215093806386e-01   0.000000000000e+00   1.036764010787e-01  -1.215093806386e-01 
  2.253829687834e-02   2.766341716051e-02   1.907928436995e-01   1.815700381994e-01  -7.379448506981e-03  -6.156812887639e-03   2.459047436714e-01  -8.290233463049e-02  -7.383840680122e-01 
  1.013348102570e-01  -9.966840595007e-02  -1.394760489464e+00  -5.884635448456e-02   0.000000000000e+00  -3.751440644264e-01  -1.536304503679e-01  -3.592123091221e-02  -1.612538844347e-01 
 -2.063188701868e-01  -1.095717493445e-02  -1.596587151289e-01  -2.063188701868e-01  -1.095717493445e-02  -1.596587151289e-01   0.000000000000e+00  -7.208436727524e-02  -5.535367727280e-01 
  0.000000000000e+00  -7.208436727524e-02  -5.535367727280e-01  -2.923230826855e-02  -6.445994228125e-02  -3.895736336708e-01   2.800083458424e-01  -7.615979015827e-02  -2.658910453320e-01 
  7.863268852234e-01  -2.269337922335e-01  -1.000000014901e-01   0.000000000000e+00  -8.744172751904e-02  -1.227737069130e+00  -2.119812667370e-01  -2.878644131124e-02   2.758636325598e-02 
 -4.234543144703e-01  -6.212351471186e-02  -1.500416696072e-01  -4.302685558796e-01  -3.888522461057e-02  -3.389265835285e-01  -4.302685558796e-01  -3.888522461057e-02  -3.389265835285e-01 
  0.000000000000e+00   1.947496086359e-01  -3.671148717403e-01   0.000000000000e+00   1.947496086359e-01  -3.671148717403e-01  -5.688184872270e-02   1.569436639547e-01  -9.909029118717e-03 
  7.863268852234e-01   6.459330767393e-02   7.023363723420e-04   7.940144538879e-01  -1.864191330969e-02  -5.609986782074e-01   2.259574681520e-01   0.000000000000e+00   8.886305987835e-02 
 -4.788522720337e-01   0.000000000000e+00   4.340254068375e-01  -5.051801800728e-01  -9.126827120781e-02  -1.778893023729e-01  -3.685296773911e-01  -1.659312993288e-01  -4.655635654926e-01 
 -3.685296773911e-01  -1.659312993288e-01  -4.655635654926e-01   0.000000000000e+00   1.115879565477e-01  -3.819661438465e-01   0.000000000000e+00   1.115879565477e-01  -3.819661438465e-01 
  4.085674136877e-02   7.436817884445e-02  -1.720681637526e-01   3.068065643311e-01   7.218815386295e-02  -5.785328149796e-01   3.539589643478e-01   4.722299519926e-03  -5.325427651405e-01 
  0.000000000000e+00   0.000000000000e+00  -1.000000014901e-01  -4.386406540871e-01   1.137010753155e-01   4.742370545864e-01  -5.190639495850e-01  -1.769404560328e-01  -2.189633548260e-01 
  0.000000000000e+00  -2.110914736986e-01  -8.011769056320e-01   0.000000000000e+00  -2.110914736986e-01  -8.011769056320e-01   0.000000000000e+00   0.000000000000e+00  -8.906024694443e-02 
  0.000000000000e+00   0.000000000000e+00  -8.906024694443e-02   6.901966035366e-02   0.000000000000e+00   1.360326260328e-01   5.011958479881e-01   0.000000000000e+00  -7.747052311897e-01 
  0.000000000000e+00  -3.416225954425e-04  -1.000000014901e-01   0.000000000000e+00  -7.647215388715e-04  -4.265233993530e+00  -3.565551340580e-01   0.000000000000e+00   2.210447192192e-01 
 -5.094037652016e-01  -6.209991872311e-02  -8.011769056320e-01  -4.136511087418e-01  -1.176973357797e-01  -7.431129217148e-01  -4.136511087418e-01  -1.176973357797e-01  -7.431129217148e-01 
  0.000000000000e+00   0.000000000000e+00  -8.906024694443e-02   0.000000000000e+00   0.000000000000e+00  -8.906024694443e-02   6.901966035366e-02   0.000000000000e+00   1.360326260328e-01 
  5.011958479881e-01   0.000000000000e+00  -7.747052311897e-01   0.000000000000e+00  -3.416225954425e-04  -1.000000014901e-01   0.000000000000e+00  -7.647215388715e-04  -4.265233993530e+00 
 -3.565551340580e-01   0.000000000000e+00   2.210447192192e-01  -5.094037652016e-01  -6.209991872311e-02  -8.011769056320e-01  -4.136511087418e-01  -1.176973357797e-01  -7.431129217148e-01 
 -4.136511087418e-01  -1.176973357797e-01  -7.431129217148e-01   0.000000000000e+00   1.008277311921e-01   6.391017884016e-02   0.000000000000e+00   1.008277311921e-01   6.391017884016e-02 
 -7.654304057360e-02  -3.866286203265e-02   1.605021655560e-01  -8.122857660055e-02  -8.133827149868e-02   6.036981344223e-01  -4.473193734884e-02  -9.577985107899e-02   3.368233144283e-01 
 -1.894977688789e-02  -2.549062855542e-02  -2.038472592831e-01   3.478871891275e-03  -6.794222281314e-04  -1.000000014901e-01   3.665823256597e-03  -5.210548173636e-03  -1.000000014901e-01 
  0.000000000000e+00   0.000000000000e+00  -1.000000014901e-01   0.000000000000e+00   0.000000000000e+00  -1.000000014901e-01   0.000000000000e+00   1.008277311921e-01   6.391017884016e-02 
  0.000000000000e+00   1.008277311921e-01   6.391017884016e-02  -7.654304057360e-02  -3.866286203265e-02   1.605021655560e-01  -8.122857660055e-02  -8.133827149868e-02   6.036981344223e-01 
 -4.473193734884e-02  -9.577985107899e-02   3.368233144283e-01  -1.894977688789e-02  -2.549062855542e-02  -2.038472592831e-01   3.478871891275e-03  -6.794222281314e-04  -1.000000014901e-01 
  3.665823256597e-03  -5.210548173636e-03  -1.000000014901e-01   0.000000000000e+00   0.000000000000e+00  -1.000000014901e-01   0.000000000000e+00   0.000000000000e+00  -1.000000014901e-01 
  0.000000000000e+00  -7.396264374256e-02  -4.020045977086e-03   0.000000000000e+00  -7.396264374256e-02  -4.020045977086e-03  -3.768557682633e-02  -9.126602858305e-02   3.536861240864e-01 
 -1.248284578323e-01  -1.186229065061e-01   1.550521850586e+00   0.000000000000e+00  -1.238625794649e-01  -1.000000014901e-01   6.449466571212e-03  -5.012296885252e-02  -2.985146641731e-01 
  5.591216962785e-03   0.000000000000e+00  -1.000000014901e-01   5.591216962785e-03  -2.238636277616e-02  -1.000000014901e-01   1.683813869022e-03   0.000000000000e+00  -1.000000014901e-01 
  1.683813869022e-03   0.000000000000e+00  -1.000000014901e-01   0.000000000000e+00  -2.641474604607e-01  -5.151704549789e-01   0.000000000000e+00  -2.641474604607e-01  -5.151704549789e-01 
  3.273054212332e-02  -1.552305966616e-01  -4.420417249203e-01   4.841832816601e-02  -1.452512890100e-01  -4.040240645409e-01   0.000000000000e+00  -1.371147930622e-01  -1.339432358742e+00 
  1.503988634795e-02  -1.232800185680e-01  -2.954753935337e-01   5.591216962785e-03  -1.232800185680e-01  -1.000000014901e-01   5.591216962785e-03  -6.164000928402e-02  -1.000000014901e-01 
  0.000000000000e+00  -4.041362926364e-02  -1.000000014901e-01   0.000000000000e+00  -4.041362926364e-02  -1.000000014901e-01   0.000000000000e+00   9.496213495731e-02  -6.076514124870e-01 
  0.000000000000e+00   9.496213495731e-02  -6.076514124870e-01  -3.229865431786e-02   7.252923399210e-02  -2.957842350006e-01   1.725153774023e-01  -3.055733628571e-03  -3.806045055389e-01 
  3.031437098980e-02   0.000000000000e+00  -2.044892787933e+00   3.031437098980e-02  -1.232800185680e-01  -2.289322614670e+00   0.000000000000e+00  -1.232800185680e-01  -4.907063245773e-01 
  2.795608481392e-03  -6.164000928402e-02  -4.952434003353e-01   1.150950323790e-03  -3.820126876235e-02  -4.364691972733e-01   1.150950323790e-03  -3.820126876235e-02  -4.364691972733e-01 
  0.000000000000e+00   1.250488683581e-02  -3.192005157471e-01   0.000000000000e+00   1.250488683581e-02  -3.192005157471e-01  -6.197664886713e-02  -2.084238920361e-03  -3.011510372162e-01 
  7.863268852234e-01  -3.173487782478e-01  -1.748242139816e+00   3.216514885426e-01  -4.006381928921e-01  -1.983237504959e+00   1.136038005352e-01   0.000000000000e+00  -2.434695482254e+00 
  0.000000000000e+00  -2.902360074222e-02  -9.958512783051e-01  -1.552436798811e-01  -3.093297407031e-02  -2.796795070171e-01  -1.965084522963e-01  -2.589151076972e-02  -2.321451306343e-01 
 -1.965084522963e-01  -2.589151076972e-02  -2.321451306343e-01   0.000000000000e+00   1.365311443806e-01  -1.414633095264e-01   0.000000000000e+00   1.365311443806e-01  -1.414633095264e-01 
 -4.855750501156e-02   3.470398485661e-02  -3.602251112461e-01   7.739703059196e-01   8.422824554145e-03  -1.523773074150e+00   7.986835241318e-01   8.012049645185e-02  -1.748405814171e+00 
  0.000000000000e+00   0.000000000000e+00  -1.822660267353e-01  -3.737201690674e-01   1.663254946470e-02   4.340254068375e-01  -4.629940092564e-01  -4.342656582594e-02   2.045958042145e-01 
 -2.890946269035e-01  -1.075827032328e-01  -1.152977719903e-01  -2.890946269035e-01  -1.075827032328e-01  -1.152977719903e-01   0.000000000000e+00   8.725973963737e-02  -1.281596422195e-01 
  0.000000000000e+00   8.725973963737e-02  -1.281596422195e-01   9.117271751165e-02   2.345012128353e-02   2.565127313137e-01   4.294863641262e-01   3.419195488095e-02   9.566740691662e-02 
  7.170476317406e-01   2.183533832431e-02  -1.208167057484e-02   3.836058676243e-01   2.867740578949e-02  -1.000000014901e-01  -4.788522720337e-01   7.348943501711e-02   3.938137590885e-01 
 -4.788522720337e-01  -6.172100454569e-02   4.340254068375e-01   0.000000000000e+00  -1.225469708443e-01  -1.000000014901e-01   0.000000000000e+00  -1.225469708443e-01  -1.000000014901e-01 
  0.000000000000e+00   0.000000000000e+00  -1.770369261503e-01   0.000000000000e+00   0.000000000000e+00  -1.770369261503e-01   2.054711580276e-01   0.000000000000e+00   3.116791546345e-01 
  6.309654116631e-01   0.000000000000e+00  -6.458789855242e-02   6.757925152779e-01   0.000000000000e+00   8.014530874789e-03   0.000000000000e+00   3.293467313051e-02  -1.348831057549e+00 
 -4.253835678101e-01   7.348943501711e-02  -1.000000014901e-01  -4.794368445873e-01  -2.694098837674e-02  -2.111244201660e-01  -3.205969631672e-01  -8.592877537012e-02  -3.829869925976e-01 
 -3.205969631672e-01  -8.592877537012e-02  -3.829869925976e-01   0.000000000000e+00   0.000000000000e+00  -1.770369261503e-01   0.000000000000e+00   0.000000000000e+00  -1.770369261503e-01 
  2.054711580276e-01   0.000000000000e+00   3.116791546345e-01   6.309654116631e-01   0.000000000000e+00  -6.458789855242e-02   6.757925152779e-01   0.000000000000e+00   8.014530874789e-03 
  0.000000000000e+00   3.293467313051e-02  -1.348831057549e+00  -4.253835678101e-01   7.348943501711e-02  -1.000000014901e-01  -4.794368445873e-01  -2.694098837674e-02  -2.111244201660e-01 
 -3.205969631672e-01  -8.592877537012e-02  -3.829869925976e-01  -3.205969631672e-01  -8.592877537012e-02  -3.829869925976e-01   0.000000000000e+00   6.149966269732e-02  -1.826909743249e-02 
  0.000000000000e+00   6.149966269732e-02  -1.826909743249e-02  -7.405998557806e-02  -1.751445978880e-02   3.108065724373e-01  -8.109965175390e-02  -6.069757416844e-02   6.926781535149e-01 
 -6.944523006678e-02  -8.730451762676e-02   6.058022379875e-01   0.000000000000e+00   0.000000000000e+00  -3.603728413582e-01   0.000000000000e+00   0.000000000000e+00  -1.000000014901e-01 
  0.000000000000e+00  -6.737384828739e-04  -8.011506199837e-01   0.000000000000e+00  -7.486982212868e-05  -1.000000014901e-01   0.000000000000e+00  -7.486982212868e-05  -1.000000014901e-01 
  0.000000000000e+00   6.149966269732e-02  -1.826909743249e-02   0.000000000000e+00   6.149966269732e-02  -1.826909743249e-02  -7.405998557806e-02  -1.751445978880e-02   3.108065724373e-01 
 -8.109965175390e-02  -6.069757416844e-02   6.926781535149e-01  -6.944523006678e-02  -8.730451762676e-02   6.058022379875e-01   0.000000000000e+00   0.000000000000e+00  -3.603728413582e-01 
  0.000000000000e+00   0.000000000000e+00  -1.000000014901e-01   0.000000000000e+00  -6.737384828739e-04  -8.011506199837e-01   0.000000000000e+00  -7.486982212868e-05  -1.000000014901e-01 
  0.000000000000e+00  -7.486982212868e-05  -1.000000014901e-01   0.000000000000e+00  -7.820811122656e-03   9.379825741053e-02   0.000000000000e+00  -7.820811122656e-03   9.379825741053e-02 
 -7.685495913029e-02  -6.973326951265e-02   9.618411660194e-01  -1.046884506941e-01  -1.056283190846e-01   1.550521850586e+00  -6.252613663673e-02  -7.929955422878e-02  -5.068428516388e-01 
  0.000000000000e+00   0.000000000000e+00  -5.352808237076e-01   5.591216962785e-03   0.000000000000e+00  -9.805539250374e-01   5.591216962785e-03   0.000000000000e+00  -9.714863896370e-01 
  0.000000000000e+00   0.000000000000e+00  -6.581547856331e-01   0.000000000000e+00   0.000000000000e+00  -6.581547856331e-01   0.000000000000e+00  -3.433298170567e-01   5.611985456198e-03 
  0.000000000000e+00  -3.433298170567e-01   5.611985456198e-03  -3.278668969870e-02  -2.433613836765e-01   2.642727196217e-01  -1.387760229409e-02  -1.912677586079e-01   3.538678586483e-02 
  3.547700867057e-02  -1.264234781265e-01  -1.245708465576e+00   0.000000000000e+00  -1.232800185680e-01  -1.000000014901e-01  -2.768354117870e-02  -1.565547734499e-01  -1.013828754425e+00 
  3.886597603559e-02   0.000000000000e+00  -9.805539250374e-01   0.000000000000e+00   0.000000000000e+00  -1.000000014901e-01   0.000000000000e+00   0.000000000000e+00  -1.000000014901e-01 
  0.000000000000e+00   2.208536863327e-02   6.818310171366e-02   0.000000000000e+00   2.208536863327e-02   6.818310171366e-02  -1.032478660345e-01   2.730293758214e-02  -1.485451124609e-02 
  7.833264768124e-03   1.402437221259e-02  -1.370891332626e+00   1.143677756190e-01  -1.268383413553e-01  -2.434695482254e+00   3.031437098980e-02  -1.232800185680e-01  -1.267347812653e+00 
  0.000000000000e+00  -9.000526368618e-02  -1.000000014901e-01   0.000000000000e+00   0.000000000000e+00  -5.306571125984e-01   0.000000000000e+00   0.000000000000e+00  -3.442514836788e-01 
  0.000000000000e+00   0.000000000000e+00  -3.442514836788e-01   0.000000000000e+00   3.640433028340e-02   2.408212274313e-01   0.000000000000e+00   3.640433028340e-02   2.408212274313e-01 
 -1.033513322473e-01   3.099844977260e-02   1.719803214073e-01   2.395878583193e-01  -2.189183086157e-01  -1.745717644691e+00   2.211340218782e-01  -3.173487782478e-01  -1.989519476891e+00 
  3.031437098980e-02   0.000000000000e+00  -2.434695482254e+00   7.157185114920e-03   0.000000000000e+00  -1.266951799393e+00   0.000000000000e+00   0.000000000000e+00  -1.102308392525e+00 
  0.000000000000e+00   0.000000000000e+00  -8.744437694550e-01   0.000000000000e+00   0.000000000000e+00  -8.744437694550e-01   0.000000000000e+00   9.504839777946e-02  -2.629402875900e-01 
  0.000000000000e+00   9.504839777946e-02  -2.629402875900e-01  -4.768507927656e-02   9.781473875046e-02  -5.086344480515e-01   0.000000000000e+00   3.470465168357e-02  -1.499059796333e+00 
  0.000000000000e+00  -5.697006359696e-02  -1.745781064034e+00   7.539175916463e-03  -6.088110059500e-02  -1.423870325089e+00  -1.004439406097e-02  -9.729458019137e-03  -4.441314190626e-02 
 -2.168273031712e-01  -1.525341719389e-02   4.938925430179e-02  -1.924838125706e-01  -3.670084849000e-02  -5.659008771181e-02  -1.924838125706e-01  -3.670084849000e-02  -5.659008771181e-02 
  0.000000000000e+00   1.648151129484e-01  -1.650292128325e-01   0.000000000000e+00   1.648151129484e-01  -1.650292128325e-01  -1.796732284129e-02   9.800913184881e-02   1.015202999115e-01 
  2.381439954042e-01   4.898829758167e-02   7.532156258821e-02   5.260850787163e-01   6.432109978050e-03   2.891452983022e-02   7.694066762924e-01  -1.299745403230e-03  -3.035692274570e-01 
  3.680197715759e+00   0.000000000000e+00  -1.000000014901e-01   0.000000000000e+00  -3.588457778096e-02  -1.000000014901e-01   0.000000000000e+00  -7.993327081203e-02  -1.000000014901e-01 
  0.000000000000e+00  -7.993327081203e-02  -1.000000014901e-01   0.000000000000e+00   0.000000000000e+00  -9.356498718262e-02   0.000000000000e+00   0.000000000000e+00  -9.356498718262e-02 
  3.675977513194e-02   1.330723892897e-02   1.528363078833e-01   7.170476317406e-01   4.091953393072e-03   1.719104684889e-02   7.170476317406e-01   2.077956916764e-03   8.014530874789e-03 
  3.680197715759e+00   2.425345219672e-02  -1.058709502220e+00   8.354501724243e-01   0.000000000000e+00  -1.000000014901e-01  -5.428005009890e-02  -2.317131869495e-02  -1.529661864042e-01 
 -1.595812141895e-01  -6.418710201979e-02  -2.391389161348e-01  -1.595812141895e-01  -6.418710201979e-02  -2.391389161348e-01   0.000000000000e+00   0.000000000000e+00  -9.356498718262e-02 
  0.000000000000e+00   0.000000000000e+00  -9.356498718262e-02   3.675977513194e-02   1.330723892897e-02   1.528363078833e-01   7.170476317406e-01   4.091953393072e-03   1.719104684889e-02 
  7.170476317406e-01   2.077956916764e-03   8.014530874789e-03   3.680197715759e+00   2.425345219672e-02  -1.058709502220e+00   8.354501724243e-01   0.000000000000e+00  -1.000000014901e-01 
 -5.428005009890e-02  -2.317131869495e-02  -1.529661864042e-01  -1.595812141895e-01  -6.418710201979e-02  -2.391389161348e-01  -1.595812141895e-01  -6.418710201979e-02  -2.391389161348e-01 
  0.000000000000e+00   6.149966269732e-02  -1.826909743249e-02   0.000000000000e+00   6.149966269732e-02  -1.826909743249e-02  -7.405998557806e-02  -1.751445978880e-02   3.108065724373e-01 
 -8.109965175390e-02  -6.069757416844e-02   6.926781535149e-01  -6.944523006678e-02  -8.730451762676e-02   6.058022379875e-01   0.000000000000e+00   0.000000000000e+00  -3.603728413582e-01 
  0.000000000000e+00   0.000000000000e+00  -1.000000014901e-01   0.000000000000e+00  -6.737384828739e-04  -8.011506199837e-01   0.000000000000e+00  -7.486982212868e-05  -1.000000014901e-01 
  0.000000000000e+00  -7.486982212868e-05  -1.000000014901e-01   0.000000000000e+00   6.149966269732e-02  -1.826909743249e-02   0.000000000000e+00   6.149966269732e-02  -1.826909743249e-02 
 -7.405998557806e-02  -1.751445978880e-02   3.108065724373e-01  -8.109965175390e-02  -6.069757416844e-02   6.926781535149e-01  -6.944523006678e-02  -8.730451762676e-02   6.058022379875e-01 
  0.000000000000e+00   0.000000000000e+00  -3.603728413582e-01   0.000000000000e+00   0.000000000000e+00  -1.000000014901e-01   0.000000000000e+00  -6.737384828739e-04  -8.011506199837e-01 
  0.000000000000e+00  -7.486982212868e-05  -1.000000014901e-01   0.000000000000e+00  -7.486982212868e-05  -1.000000014901e-01   0.000000000000e+00  -7.820811122656e-03   9.379825741053e-02 
  0.000000000000e+00  -7.820811122656e-03   9.379825741053e-02  -7.685495913029e-02  -6.973326951265e-02   9.618411660194e-01  -1.046884506941e-01  -1.056283190846e-01   1.550521850586e+00 
 -6.252613663673e-02  -7.929955422878e-02  -5.068428516388e-01   0.000000000000e+00   0.000000000000e+00  -5.352808237076e-01   5.591216962785e-03   0.000000000000e+00  -9.805539250374e-01 
  5.591216962785e-03   0.000000000000e+00  -9.714863896370e-01   0.000000000000e+00   0.000000000000e+00  -6.581547856331e-01   0.000000000000e+00   0.000000000000e+00  -6.581547856331e-01 
  0.000000000000e+00  -3.433298170567e-01   5.611985456198e-03   0.000000000000e+00  -3.433298170567e-01   5.611985456198e-03  -3.278668969870e-02  -2.433613836765e-01   2.642727196217e-01 
 -1.387760229409e-02  -1.912677586079e-01   3.538678586483e-02   3.547700867057e-02  -1.264234781265e-01  -1.245708465576e+00   0.000000000000e+00  -1.232800185680e-01  -1.000000014901e-01 
 -2.768354117870e-02  -1.565547734499e-01  -1.013828754425e+00   3.886597603559e-02   0.000000000000e+00  -9.805539250374e-01   0.000000000000e+00   0.000000000000e+00  -1.000000014901e-01 
  0.000000000000e+00   0.000000000000e+00  -1.000000014901e-01   0.000000000000e+00   2.208536863327e-02   6.818310171366e-02   0.000000000000e+00   2.208536863327e-02   6.818310171366e-02 
 -1.032478660345e-01   2.730293758214e-02  -1.485451124609e-02   7.833264768124e-03   1.402437221259e-02  -1.370891332626e+00   1.143677756190e-01  -1.268383413553e-01  -2.434695482254e+00 
  3.031437098980e-02  -1.232800185680e-01  -1.267347812653e+00   0.000000000000e+00  -9.000526368618e-02  -1.000000014901e-01   0.000000000000e+00   0.000000000000e+00  -5.306571125984e-01 
  0.000000000000e+00   0.000000000000e+00  -3.442514836788e-01   0.000000000000e+00   0.000000000000e+00  -3.442514836788e-01   0.000000000000e+00   3.640433028340e-02   2.408212274313e-01 
  0.000000000000e+00   3.640433028340e-02   2.408212274313e-01  -1.033513322473e-01   3.099844977260e-02   1.719803214073e-01   2.395878583193e-01  -2.189183086157e-01  -1.745717644691e+00 
  2.211340218782e-01  -3.173487782478e-01  -1.989519476891e+00   3.031437098980e-02   0.000000000000e+00  -2.434695482254e+00   7.157185114920e-03   0.000000000000e+00  -1.266951799393e+00 
  0.000000000000e+00   0.000000000000e+00  -1.102308392525e+00   0.000000000000e+00   0.000000000000e+00  -8.744437694550e-01   0.000000000000e+00   0.000000000000e+00  -8.744437694550e-01 
  0.000000000000e+00   9.504839777946e-02  -2.629402875900e-01   0.000000000000e+00   9.504839777946e-02  -2.629402875900e-01  -4.768507927656e-02   9.781473875046e-02  -5.086344480515e-01 
  0.000000000000e+00   3.470465168357e-02  -1.499059796333e+00   0.000000000000e+00  -5.697006359696e-02  -1.745781064034e+00   7.539175916463e-03  -6.088110059500e-02  -1.423870325089e+00 
 -1.004439406097e-02  -9.729458019137e-03  -4.441314190626e-02  -2.168273031712e-01  -1.525341719389e-02   4.938925430179e-02  -1.924838125706e-01  -3.670084849000e-02  -5.659008771181e-02 
 -1.924838125706e-01  -3.670084849000e-02  -5.659008771181e-02   0.000000000000e+00   1.648151129484e-01  -1.650292128325e-01   0.000000000000e+00   1.648151129484e-01  -1.650292128325e-01 
 -1.796732284129e-02   9.800913184881e-02   1.015202999115e-01   2.381439954042e-01   4.898829758167e-02   7.532156258821e-02   5.260850787163e-01   6.432109978050e-03   2.891452983022e-02 
  7.694066762924e-01  -1.299745403230e-03  -3.035692274570e-01   3.680197715759e+00   0.000000000000e+00  -1.000000014901e-01   0.000000000000e+00  -3.588457778096e-02  -1.000000014901e-01 
  0.000000000000e+00  -7.993327081203e-02  -1.000000014901e-01   0.000000000000e+00  -7.993327081203e-02  -1.000000014901e-01   0.000000000000e+00   0.000000000000e+00  -9.356498718262e-02 
  0.000000000000e+00   0.000000000000e+00  -9.356498718262e-02   3.675977513194e-02   1.330723892897e-02   1.528363078833e-01   7.170476317406e-01   4.091953393072e-03   1.719104684889e-02 
  7.170476317406e-01   2.077956916764e-03   8.014530874789e-03   3.680197715759e+00   2.425345219672e-02  -1.058709502220e+00   8.354501724243e-01   0.000000000000e+00  -1.000000014901e-01 
 -5.428005009890e-02  -2.317131869495e-02  -1.529661864042e-01  -1.595812141895e-01  -6.418710201979e-02  -2.391389161348e-01  -1.595812141895e-01  -6.418710201979e-02  -2.391389161348e-01 
  0.000000000000e+00   0.000000000000e+00  -9.356498718262e-02   0.000000000000e+00   0.000000000000e+00  -9.356498718262e-02   3.675977513194e-02   1.330723892897e-02   1.528363078833e-01 
  7.170476317406e-01   4.091953393072e-03   1.719104684889e-02   7.170476317406e-01   2.077956916764e-03   8.014530874789e-03   3.680197715759e+00   2.425345219672e-02  -1.058709502220e+00 
  8.354501724243e-01   0.000000000000e+00  -1.000000014901e-01  -5.428005009890e-02  -2.317131869495e-02  -1.529661864042e-01  -1.595812141895e-01  -6.418710201979e-02  -2.391389161348e-01 
 -1.595812141895e-01  -6.418710201979e-02  -2.391389161348e-01 

