# vtk DataFile Version 2.0
Written using VisIt writer
ASCII
DATASET RECTILINEAR_GRID
DIMENSIONS 10 10 10
X_COORDINATES 10 float
  0.000000000000e+00   5.000000000000e-01   1.000000000000e+00   1.500000000000e+00   2.000000000000e+00   2.500000000000e+00   3.000000000000e+00   3.500000000000e+00   4.000000000000e+00 
  4.500000000000e+00 
Y_COORDINATES 10 float
  0.000000000000e+00   5.000000000000e-01   1.000000000000e+00   1.500000000000e+00   2.000000000000e+00   2.500000000000e+00   3.000000000000e+00   3.500000000000e+00   4.000000000000e+00 
  4.500000000000e+00 
Z_COORDINATES 10 float
  0.000000000000e+00   5.000000000000e-01   1.000000000000e+00   1.500000000000e+00   2.000000000000e+00   2.500000000000e+00   3.000000000000e+00   3.500000000000e+00   4.000000000000e+00 
  4.500000000000e+00 
CELL_DATA 729
POINT_DATA 1000
VECTORS velocity float
  0.000000000000e+00  -1.044972911477e-01  -2.277285903692e-01   3.251200000000e+04   0.000000000000e+00   0.000000000000e+00   0.000000000000e+00   0.000000000000e+00   0.000000000000e+00 
  2.234086953104e-02  -6.077845394611e-02  -1.502200961113e-01   0.000000000000e+00   0.000000000000e+00   0.000000000000e+00   0.000000000000e+00   1.431655808000e+09   1.070945600000e+09 
 -1.193309724331e-01  -7.870114594698e-02  -1.617095023394e-01   1.071994176000e+09   0.000000000000e+00   0.000000000000e+00   0.000000000000e+00   0.000000000000e+00   0.000000000000e+00 
 -1.364915966988e-01  -1.051100715995e-01  -2.033731639385e-01   0.000000000000e+00  -1.044972911477e-01  -2.277285903692e-01   1.070945600000e+09   0.000000000000e+00   0.000000000000e+00 
 -1.302805822343e-02  -1.150141879916e-01  -2.230789810419e-01   2.234086953104e-02  -6.077845394611e-02  -1.502200961113e-01   1.431655808000e+09   1.070945600000e+09   0.000000000000e+00 
 -6.083768978715e-02  -4.602371156216e-02  -1.324172765017e-01  -1.193309724331e-01  -7.870114594698e-02  -1.617095023394e-01   0.000000000000e+00   0.000000000000e+00   1.071644672000e+09 
 -1.364915966988e-01  -1.051100715995e-01  -2.033731639385e-01  -1.364915966988e-01  -1.051100715995e-01  -2.033731639385e-01   0.000000000000e+00   4.916415363550e-02  -1.868944317102e-01 
  0.000000000000e+00   4.916415363550e-02  -1.868944317102e-01  -1.061559319496e-01   3.716735541821e-02  -1.894483119249e-01  -6.414704769850e-02  -1.140716746449e-01  -1.690446585417e-01 
 -1.400005966425e-01  -2.273472398520e-01  -1.891572028399e-01   4.871384054422e-02  -8.309946954250e-02  -1.350433081388e-01   3.450511023402e-02  -6.441105157137e-02  -1.407770365477e-01 
  1.487690676004e-02  -4.649895802140e-02  -1.403763443232e-01  -5.205768719316e-02  -7.525129476562e-04  -1.665768027306e-01  -5.205768719316e-02  -7.525129476562e-04  -1.665768027306e-01 
  0.000000000000e+00   2.611218951643e-02  -1.741855442524e-01   0.000000000000e+00   2.611218951643e-02  -1.741855442524e-01  -3.948010876775e-02   9.056135267019e-02  -1.682752072811e-01 
 -1.838486269116e-02   5.998392403126e-02  -1.387760341167e-01  -4.177497699857e-02  -5.218710750341e-02  -1.490771025419e-01  -8.297118544579e-02  -1.201132386923e-01  -1.538570821285e-01 
 -1.812759190798e-01  -4.617470875382e-02  -2.011063247919e-01   6.090880837291e-03   2.441854961216e-02  -1.352804005146e-01   3.203647583723e-02   3.302441537380e-02  -1.394263803959e-01 
  3.203647583723e-02   3.302441537380e-02  -1.394263803959e-01   0.000000000000e+00  -9.864763170481e-02  -2.191658169031e-01   0.000000000000e+00  -9.864763170481e-02  -2.191658169031e-01 
 -1.954729668796e-02   1.883627264760e-03  -2.576647102833e-01   1.584278792143e-01   9.972072206438e-03  -1.560091078281e-01   3.847705945373e-02  -3.519464749843e-03  -1.424851119518e-01 
 -8.160962164402e-02   2.131512016058e-02  -1.345282346010e-01  -2.047034651041e-01  -3.937458153814e-03  -1.573281735182e-01  -1.175666376948e-01  -8.201783150434e-02  -1.567701846361e-01 
 -4.021052271128e-02  -1.365242004395e-01  -2.038075625896e-01  -4.021052271128e-02  -1.365242004395e-01  -2.038075625896e-01   0.000000000000e+00   5.629004165530e-02  -1.775941699743e-01 
  0.000000000000e+00   5.629004165530e-02  -1.775941699743e-01  -4.747437685728e-02  -1.821977458894e-02  -1.901956796646e-01   4.119522124529e-02   2.523377165198e-02  -1.745864599943e-01 
 -1.237198263407e-01   3.789901360869e-02  -1.977038234472e-01   1.311504002661e-02   7.688658684492e-02  -1.391376852989e-01  -4.105683788657e-02   4.688339307904e-02  -1.369309574366e-01 
 -9.949270635843e-03  -3.155895043164e-03  -1.321218013763e-01   6.376489531249e-03  -7.618514448404e-02  -1.526049971581e-01   6.376489531249e-03  -7.618514448404e-02  -1.526049971581e-01 
  0.000000000000e+00   4.924670234323e-02  -1.785542964935e-01   0.000000000000e+00   4.924670234323e-02  -1.785542964935e-01  -8.924916386604e-03  -3.057739883661e-02  -1.733140498400e-01 
 -2.675340510905e-02   2.434000000358e-02  -1.573712229729e-01  -1.023932844400e-01   8.485302329063e-02  -1.622796058655e-01  -1.638861447573e-01   1.915815845132e-02  -1.725735813379e-01 
 -7.676119357347e-02  -2.960367826745e-03  -2.094676494598e-01   1.071775108576e-01   1.955791935325e-02  -1.397481113672e-01   1.260561645031e-01  -1.067005097866e-01  -1.489140689373e-01 
  1.260561645031e-01  -1.067005097866e-01  -1.489140689373e-01   0.000000000000e+00   9.793257713318e-02  -2.472033500671e-01   0.000000000000e+00   9.793257713318e-02  -2.472033500671e-01 
 -4.333817958832e-02  -1.096719689667e-02  -2.293862402439e-01   4.940540716052e-02  -1.844742521644e-02  -1.642722636461e-01  -1.279558427632e-02   2.715772204101e-02  -1.490754336119e-01 
 -7.361180335283e-02   8.531663566828e-02  -1.407978385687e-01  -4.519014433026e-02   1.010714322329e-01  -1.523354500532e-01   5.463248491287e-02   2.651108428836e-02  -1.702986359596e-01 
  4.987649992108e-02  -1.541118025780e-01  -2.570223212242e-01   4.987649992108e-02  -1.541118025780e-01  -2.570223212242e-01   0.000000000000e+00   0.000000000000e+00  -2.194651961327e-01 
  0.000000000000e+00   0.000000000000e+00  -2.194651961327e-01   1.970501057804e-02   0.000000000000e+00  -2.027342468500e-01  -2.693571709096e-02   0.000000000000e+00  -1.814409494400e-01 
 -5.476358532906e-02   0.000000000000e+00  -1.984840333462e-01   5.556055158377e-02   0.000000000000e+00  -1.417103707790e-01   8.631373755634e-03   0.000000000000e+00  -1.476704031229e-01 
  7.829866558313e-02   0.000000000000e+00  -1.328577995300e-01   8.786030113697e-02   0.000000000000e+00  -1.480566561222e-01   8.786030113697e-02   0.000000000000e+00  -1.480566561222e-01 
  0.000000000000e+00   0.000000000000e+00  -2.194651961327e-01   0.000000000000e+00   0.000000000000e+00  -2.194651961327e-01   1.970501057804e-02   0.000000000000e+00  -2.027342468500e-01 
 -2.693571709096e-02   0.000000000000e+00  -1.814409494400e-01  -5.476358532906e-02   0.000000000000e+00  -1.984840333462e-01   5.556055158377e-02   0.000000000000e+00  -1.417103707790e-01 
  8.631373755634e-03   0.000000000000e+00  -1.476704031229e-01   7.829866558313e-02   0.000000000000e+00  -1.328577995300e-01   8.786030113697e-02   0.000000000000e+00  -1.480566561222e-01 
  8.786030113697e-02   0.000000000000e+00  -1.480566561222e-01   0.000000000000e+00  -1.044972911477e-01  -2.277285903692e-01   0.000000000000e+00  -1.044972911477e-01  -2.277285903692e-01 
 -1.302805822343e-02  -1.150141879916e-01  -2.230789810419e-01   2.234086953104e-02  -6.077845394611e-02  -1.502200961113e-01  -5.442938581109e-02  -4.966856539249e-02  -1.415390372276e-01 
 -6.083768978715e-02  -4.602371156216e-02  -1.324172765017e-01  -1.193309724331e-01  -7.870114594698e-02  -1.617095023394e-01  -1.059848517179e-01  -8.562038838863e-02  -1.742421835661e-01 
 -1.364915966988e-01  -1.051100715995e-01  -2.033731639385e-01  -1.364915966988e-01  -1.051100715995e-01  -2.033731639385e-01   0.000000000000e+00  -1.044972911477e-01  -2.277285903692e-01 
  0.000000000000e+00  -1.044972911477e-01  -2.277285903692e-01  -1.302805822343e-02  -1.150141879916e-01  -2.230789810419e-01   2.234086953104e-02  -6.077845394611e-02  -1.502200961113e-01 
 -5.442938581109e-02  -4.966856539249e-02  -1.415390372276e-01  -6.083768978715e-02  -4.602371156216e-02  -1.324172765017e-01  -1.193309724331e-01  -7.870114594698e-02  -1.617095023394e-01 
 -1.059848517179e-01  -8.562038838863e-02  -1.742421835661e-01  -1.364915966988e-01  -1.051100715995e-01  -2.033731639385e-01  -1.364915966988e-01  -1.051100715995e-01  -2.033731639385e-01 
  0.000000000000e+00   4.916415363550e-02  -1.868944317102e-01   0.000000000000e+00   4.916415363550e-02  -1.868944317102e-01  -1.061559319496e-01   3.716735541821e-02  -1.894483119249e-01 
 -6.414704769850e-02  -1.140716746449e-01  -1.690446585417e-01  -1.400005966425e-01  -2.273472398520e-01  -1.891572028399e-01   4.871384054422e-02  -8.309946954250e-02  -1.350433081388e-01 
  3.450511023402e-02  -6.441105157137e-02  -1.407770365477e-01   1.487690676004e-02  -4.649895802140e-02  -1.403763443232e-01  -5.205768719316e-02  -7.525129476562e-04  -1.665768027306e-01 
 -5.205768719316e-02  -7.525129476562e-04  -1.665768027306e-01   0.000000000000e+00   2.611218951643e-02  -1.741855442524e-01   0.000000000000e+00   2.611218951643e-02  -1.741855442524e-01 
 -3.948010876775e-02   9.056135267019e-02  -1.682752072811e-01  -1.838486269116e-02   5.998392403126e-02  -1.387760341167e-01  -4.177497699857e-02  -5.218710750341e-02  -1.490771025419e-01 
 -8.297118544579e-02  -1.201132386923e-01  -1.538570821285e-01  -1.812759190798e-01  -4.617470875382e-02  -2.011063247919e-01   6.090880837291e-03   2.441854961216e-02  -1.352804005146e-01 
  3.203647583723e-02   3.302441537380e-02  -1.394263803959e-01   3.203647583723e-02   3.302441537380e-02  -1.394263803959e-01   0.000000000000e+00  -9.864763170481e-02  -2.191658169031e-01 
  0.000000000000e+00  -9.864763170481e-02  -2.191658169031e-01  -1.954729668796e-02   1.883627264760e-03  -2.576647102833e-01   1.584278792143e-01   9.972072206438e-03  -1.560091078281e-01 
  3.847705945373e-02  -3.519464749843e-03  -1.424851119518e-01  -8.160962164402e-02   2.131512016058e-02  -1.345282346010e-01  -2.047034651041e-01  -3.937458153814e-03  -1.573281735182e-01 
 -1.175666376948e-01  -8.201783150434e-02  -1.567701846361e-01  -4.021052271128e-02  -1.365242004395e-01  -2.038075625896e-01  -4.021052271128e-02  -1.365242004395e-01  -2.038075625896e-01 
  0.000000000000e+00   5.629004165530e-02  -1.775941699743e-01   0.000000000000e+00   5.629004165530e-02  -1.775941699743e-01  -4.747437685728e-02  -1.821977458894e-02  -1.901956796646e-01 
  4.119522124529e-02   2.523377165198e-02  -1.745864599943e-01  -1.237198263407e-01   3.789901360869e-02  -1.977038234472e-01   1.311504002661e-02   7.688658684492e-02  -1.391376852989e-01 
 -4.105683788657e-02   4.688339307904e-02  -1.369309574366e-01  -9.949270635843e-03  -3.155895043164e-03  -1.321218013763e-01   6.376489531249e-03  -7.618514448404e-02  -1.526049971581e-01 
  6.376489531249e-03  -7.618514448404e-02  -1.526049971581e-01   0.000000000000e+00   4.924670234323e-02  -1.785542964935e-01   0.000000000000e+00   4.924670234323e-02  -1.785542964935e-01 
 -8.924916386604e-03  -3.057739883661e-02  -1.733140498400e-01  -2.675340510905e-02   2.434000000358e-02  -1.573712229729e-01  -1.023932844400e-01   8.485302329063e-02  -1.622796058655e-01 
 -1.638861447573e-01   1.915815845132e-02  -1.725735813379e-01  -7.676119357347e-02  -2.960367826745e-03  -2.094676494598e-01   1.071775108576e-01   1.955791935325e-02  -1.397481113672e-01 
  1.260561645031e-01  -1.067005097866e-01  -1.489140689373e-01   1.260561645031e-01  -1.067005097866e-01  -1.489140689373e-01   0.000000000000e+00   9.793257713318e-02  -2.472033500671e-01 
  0.000000000000e+00   9.793257713318e-02  -2.472033500671e-01  -4.333817958832e-02  -1.096719689667e-02  -2.293862402439e-01   4.940540716052e-02  -1.844742521644e-02  -1.642722636461e-01 
 -1.279558427632e-02   2.715772204101e-02  -1.490754336119e-01  -7.361180335283e-02   8.531663566828e-02  -1.407978385687e-01  -4.519014433026e-02   1.010714322329e-01  -1.523354500532e-01 
  5.463248491287e-02   2.651108428836e-02  -1.702986359596e-01   4.987649992108e-02  -1.541118025780e-01  -2.570223212242e-01   4.987649992108e-02  -1.541118025780e-01  -2.570223212242e-01 
  0.000000000000e+00   0.000000000000e+00  -2.194651961327e-01   0.000000000000e+00   0.000000000000e+00  -2.194651961327e-01   1.970501057804e-02   0.000000000000e+00  -2.027342468500e-01 
 -2.693571709096e-02   0.000000000000e+00  -1.814409494400e-01  -5.476358532906e-02   0.000000000000e+00  -1.984840333462e-01   5.556055158377e-02   0.000000000000e+00  -1.417103707790e-01 
  8.631373755634e-03   0.000000000000e+00  -1.476704031229e-01   7.829866558313e-02   0.000000000000e+00  -1.328577995300e-01   8.786030113697e-02   0.000000000000e+00  -1.480566561222e-01 
  8.786030113697e-02   0.000000000000e+00  -1.480566561222e-01   0.000000000000e+00   0.000000000000e+00  -2.194651961327e-01   0.000000000000e+00   0.000000000000e+00  -2.194651961327e-01 
  1.970501057804e-02   0.000000000000e+00  -2.027342468500e-01  -2.693571709096e-02   0.000000000000e+00  -1.814409494400e-01  -5.476358532906e-02   0.000000000000e+00  -1.984840333462e-01 
  5.556055158377e-02   0.000000000000e+00  -1.417103707790e-01   8.631373755634e-03   0.000000000000e+00  -1.476704031229e-01   7.829866558313e-02   0.000000000000e+00  -1.328577995300e-01 
  8.786030113697e-02   0.000000000000e+00  -1.480566561222e-01   8.786030113697e-02   0.000000000000e+00  -1.480566561222e-01   0.000000000000e+00  -7.539584487677e-02  -6.506857872009e-01 
  0.000000000000e+00  -7.539584487677e-02  -6.506857872009e-01   2.566637396812e-01  -4.531469941139e-02  -4.652179777622e-01   6.940014362335e-01  -1.109398156404e-02  -7.036679983139e-01 
  1.207686513662e-01  -6.655529141426e-02  -6.224085688591e-01  -1.652527973056e-02   1.971486210823e-02  -8.695619106293e-01   2.049314789474e-02  -1.096763648093e-02  -6.454510688782e-01 
 -2.275757864118e-02  -2.482307553291e-01  -5.838389992714e-01  -6.333760917187e-02   0.000000000000e+00  -4.038921892643e-01  -6.333760917187e-02   0.000000000000e+00  -4.038921892643e-01 
  0.000000000000e+00  -7.539584487677e-02  -6.506857872009e-01   0.000000000000e+00  -7.539584487677e-02  -6.506857872009e-01   2.566637396812e-01  -4.531469941139e-02  -4.652179777622e-01 
  6.940014362335e-01  -1.109398156404e-02  -7.036679983139e-01   1.207686513662e-01  -6.655529141426e-02  -6.224085688591e-01  -1.652527973056e-02   1.971486210823e-02  -8.695619106293e-01 
  2.049314789474e-02  -1.096763648093e-02  -6.454510688782e-01  -2.275757864118e-02  -2.482307553291e-01  -5.838389992714e-01  -6.333760917187e-02   0.000000000000e+00  -4.038921892643e-01 
 -6.333760917187e-02   0.000000000000e+00  -4.038921892643e-01   0.000000000000e+00   7.655303925276e-02  -6.324163675308e-01   0.000000000000e+00   7.655303925276e-02  -6.324163675308e-01 
  1.630368381739e-01   5.987374857068e-02  -3.371697068214e-01   4.685595631599e-01  -2.684492990375e-02  -6.074509024620e-01   4.556954838336e-03  -1.924006044865e-01  -4.256669878960e-01 
  2.861053347588e-01   5.989384651184e-02  -1.691033840179e-01   2.361471503973e-01  -7.797888666391e-02  -1.062786057591e-01   2.592297829688e-02  -5.633084177971e-01  -5.962365493178e-02 
  6.458423286676e-02  -1.514640688896e+00   4.022513031960e-01   6.458423286676e-02  -1.514640688896e+00   4.022513031960e-01   0.000000000000e+00  -2.305040322244e-02  -7.855508327484e-01 
  0.000000000000e+00  -2.305040322244e-02  -7.855508327484e-01   2.712832987309e-01   8.323321118951e-03  -5.118098855019e-01   4.215068817139e-01   3.856542333961e-02  -8.660943508148e-01 
  4.526790603995e-02  -3.510928899050e-02  -5.329553484917e-01   7.266204357147e-01  -5.854268744588e-02  -2.286016792059e-01   5.640417933464e-01  -3.849503770471e-02  -4.996582567692e-01 
  1.300799697638e-01  -4.694768190384e-01  -4.981101751328e-01   7.019278407097e-02  -1.286877870560e+00   1.117060780525e-01   7.019278407097e-02  -1.286877870560e+00   1.117060780525e-01 
  0.000000000000e+00   5.144630745053e-02  -5.901142358780e-01   0.000000000000e+00   5.144630745053e-02  -5.901142358780e-01   2.284236699343e-01   1.154933273792e-01  -3.370926976204e-01 
  4.608285427094e-01   8.396946638823e-02  -5.257661342621e-01   6.980054080486e-02   7.186895608902e-02  -3.485108017921e-01   1.544827520847e-01   2.226458042860e-01  -2.366662323475e-01 
 -4.473578929901e-02  -1.161618810147e-02  -5.155246853828e-01  -5.223988741636e-02  -2.569843456149e-02  -3.011279106140e-01   1.370745152235e-01   5.196405947208e-02   1.658131927252e-01 
  1.370745152235e-01   5.196405947208e-02   1.658131927252e-01   0.000000000000e+00   3.328791633248e-02  -6.669196486473e-01   0.000000000000e+00   3.328791633248e-02  -6.669196486473e-01 
  2.536897957325e-01   8.586817979813e-02  -5.649521350861e-01   4.076459705830e-01   7.750124484301e-02  -6.278648376465e-01   3.055994212627e-01  -3.475242480636e-02   2.735533053055e-03 
  6.266604065895e-01  -1.371955778450e-02  -8.263254165649e-02   1.355983763933e-01   2.582153305411e-02  -1.982239931822e-01   2.641854807734e-02   1.609445549548e-02  -6.394449472427e-01 
  7.539001293480e-03   3.534480556846e-02  -6.606501340866e-01   7.539001293480e-03   3.534480556846e-02  -6.606501340866e-01   0.000000000000e+00  -4.837726056576e-02  -5.047821998596e-01 
  0.000000000000e+00  -4.837726056576e-02  -5.047821998596e-01   2.261845171452e-01  -4.390157014132e-02  -5.115287303925e-01   4.652346074581e-01  -3.364730998874e-02  -9.445361495018e-01 
  8.593927621841e-01  -2.044631913304e-02  -8.209939002991e-01   2.789128124714e-01  -8.310251682997e-02  -4.602042138577e-01   6.243916600943e-02  -4.303144291043e-02  -2.071092128754e-01 
  8.047751337290e-02   2.159875780344e-01  -4.359201788902e-01   7.676392793655e-02   6.596860289574e-01  -4.217487573624e-01   7.676392793655e-02   6.596860289574e-01  -4.217487573624e-01 
  0.000000000000e+00   1.067374199629e-01  -5.145468711853e-01   0.000000000000e+00   1.067374199629e-01  -5.145468711853e-01   3.147405982018e-01  -2.852425724268e-02  -3.633230030537e-01 
  2.356002330780e-01  -5.970940925181e-03  -6.377341747284e-01   9.615321643651e-03   5.205990746617e-02  -4.459067881107e-01   6.075034663081e-02   1.296363174915e-01  -5.279391407967e-01 
 -1.570465117693e-01   1.106409952044e-01  -4.948582351208e-01  -7.033901661634e-02  -4.217807948589e-02  -6.288582682610e-01  -9.379173628986e-03  -1.834731549025e-01  -7.332462072372e-01 
 -9.379173628986e-03  -1.834731549025e-01  -7.332462072372e-01   0.000000000000e+00   0.000000000000e+00  -8.117108345032e-01   0.000000000000e+00   0.000000000000e+00  -8.117108345032e-01 
  5.664640069008e-01   0.000000000000e+00  -4.948737025261e-01   7.805367112160e-01   0.000000000000e+00  -4.412449896336e-01   2.298167645931e-01   0.000000000000e+00  -1.890385597944e-01 
  3.834679424763e-01   6.686920532957e-04  -5.747646689415e-01  -3.850280642509e-01   0.000000000000e+00  -7.974759936333e-01  -3.202812671661e-01   0.000000000000e+00  -5.548418164253e-01 
  5.544714257121e-02   0.000000000000e+00  -8.597407937050e-01   5.544714257121e-02   0.000000000000e+00  -8.597407937050e-01   0.000000000000e+00   0.000000000000e+00  -8.117108345032e-01 
  0.000000000000e+00   0.000000000000e+00  -8.117108345032e-01   5.664640069008e-01   0.000000000000e+00  -4.948737025261e-01   7.805367112160e-01   0.000000000000e+00  -4.412449896336e-01 
  2.298167645931e-01   0.000000000000e+00  -1.890385597944e-01   3.834679424763e-01   6.686920532957e-04  -5.747646689415e-01  -3.850280642509e-01   0.000000000000e+00  -7.974759936333e-01 
 -3.202812671661e-01   0.000000000000e+00  -5.548418164253e-01   5.544714257121e-02   0.000000000000e+00  -8.597407937050e-01   5.544714257121e-02   0.000000000000e+00  -8.597407937050e-01 
  0.000000000000e+00   6.664323806763e-02  -1.827248036861e-01   0.000000000000e+00   6.664323806763e-02  -1.827248036861e-01   1.448363512754e-01   3.560407832265e-02   2.623676881194e-02 
  2.783896923065e-01   6.831805221736e-03  -3.390130698681e-01   1.337359696627e-01  -2.677176892757e-02  -4.432385563850e-01   0.000000000000e+00   5.915920063853e-02  -1.000000014901e-01 
 -4.718303307891e-02   5.283948406577e-02  -9.094144701958e-01  -3.307431563735e-02  -3.053733520210e-02  -9.023600816727e-01   1.129677668214e-01  -5.585444569588e-01  -9.337469190359e-02 
  1.129677668214e-01  -5.585444569588e-01  -9.337469190359e-02   0.000000000000e+00   6.664323806763e-02  -1.827248036861e-01   0.000000000000e+00   6.664323806763e-02  -1.827248036861e-01 
  1.448363512754e-01   3.560407832265e-02   2.623676881194e-02   2.783896923065e-01   6.831805221736e-03  -3.390130698681e-01   1.337359696627e-01  -2.677176892757e-02  -4.432385563850e-01 
  0.000000000000e+00   5.915920063853e-02  -1.000000014901e-01  -4.718303307891e-02   5.283948406577e-02  -9.094144701958e-01  -3.307431563735e-02  -3.053733520210e-02  -9.023600816727e-01 
  1.129677668214e-01  -5.585444569588e-01  -9.337469190359e-02   1.129677668214e-01  -5.585444569588e-01  -9.337469190359e-02   0.000000000000e+00   7.843346893787e-02  -6.993348151445e-02 
  0.000000000000e+00   7.843346893787e-02  -6.993348151445e-02   1.410939246416e-01   5.629182606936e-02   1.077647786587e-02   4.222019910812e-01  -9.061806835234e-03  -5.485776662827e-01 
  0.000000000000e+00   2.417734637856e-02  -3.221834599972e-01   5.031695365906e-01   6.292807310820e-02   1.110875885934e-02   3.909122571349e-02   6.694820523262e-02   2.096998393536e-01 
  2.756514120847e-03  -1.209583505988e-01   8.556815236807e-02   6.370172649622e-02  -1.496928811073e+00   4.656930863857e-01   6.370172649622e-02  -1.496928811073e+00   4.656930863857e-01 
  0.000000000000e+00   9.241272509098e-02  -2.828187942505e-01   0.000000000000e+00   9.241272509098e-02  -2.828187942505e-01   1.550104171038e-01  -6.931495666504e-02  -1.868501007557e-01 
  4.548954963684e-01  -5.759122595191e-02  -4.735421538353e-01   2.614669799805e-01  -2.603813633323e-02  -2.544557750225e-01   6.809679269791e-01  -5.914228782058e-02   2.051210403442e-01 
  6.040341854095e-01   0.000000000000e+00  -1.605778932571e-01   2.026252001524e-01  -6.275495886803e-01  -2.987876534462e-01   9.032534807920e-02  -1.466257214546e+00   3.264823257923e-01 
  9.032534807920e-02  -1.466257214546e+00   3.264823257923e-01   0.000000000000e+00  -4.436857253313e-02  -3.132387101650e-01   0.000000000000e+00  -4.436857253313e-02  -3.132387101650e-01 
  1.998548060656e-01  -1.951077580452e-02  -1.202521994710e-01   3.098618090153e-01   2.351686358452e-02  -6.783905029297e-01   5.431475583464e-03   1.995257334784e-03  -5.053589940071e-01 
  5.779049396515e-01  -6.036956608295e-02  -1.717276722193e-01   1.103998273611e-01   1.373865455389e-02  -4.544459581375e-01  -1.029448397458e-02   8.431131951511e-03  -2.343274801970e-01 
  1.344387680292e-01   5.677069351077e-02  -1.449119597673e-01   1.344387680292e-01   5.677069351077e-02  -1.449119597673e-01   0.000000000000e+00   2.195618301630e-02  -3.491332828999e-01 
  0.000000000000e+00   2.195618301630e-02  -3.491332828999e-01   3.275384008884e-01   2.569599077106e-02  -3.632253408432e-01   5.241997838020e-01   5.499581620097e-02  -5.009795427322e-01 
 -1.883118450642e-01  -6.624104827642e-02  -4.095154404640e-01   1.108564734459e+00  -3.058668226004e-02  -8.572206832469e-03  -5.470109730959e-02   1.417488325387e-02  -4.556699991226e-01 
  0.000000000000e+00   4.409779608250e-02  -5.737690329552e-01   7.394036743790e-03   8.714158087969e-02  -4.858587086201e-01   7.394036743790e-03   8.714158087969e-02  -4.858587086201e-01 
  0.000000000000e+00  -4.204508289695e-02  -2.266731113195e-01   0.000000000000e+00  -4.204508289695e-02  -2.266731113195e-01   3.295569121838e-01  -5.801745504141e-02  -1.394034475088e-01 
  6.374306082726e-01   2.776461769827e-04  -5.364343523979e-01   7.784963250160e-01   1.042238846421e-01  -4.329333305359e-01   7.096891403198e-01  -1.738347299397e-02  -4.590849280357e-01 
  2.722940146923e-01  -1.476878393441e-02  -3.470555245876e-01  -5.888355374336e-01   8.552786894143e-03  -4.231397807598e-01  -4.053100347519e-01   0.000000000000e+00  -2.677659690380e-01 
 -4.053100347519e-01   0.000000000000e+00  -2.677659690380e-01   0.000000000000e+00   4.418792948127e-02  -2.551591098309e-01   0.000000000000e+00   4.418792948127e-02  -2.551591098309e-01 
  1.392102837563e-01   5.989923328161e-02  -2.483219802380e-01   3.750375509262e-01   1.615010946989e-02  -6.837661266327e-01   3.730615377426e-01   5.319255962968e-02  -5.320462584496e-01 
  3.263137042522e-01   7.149150222540e-02  -4.984756112099e-01  -6.025146842003e-01   7.033519446850e-02  -5.067517757416e-01  -7.312393784523e-01   4.704511165619e-02  -4.635914564133e-01 
 -1.596059352160e-01   8.302579633892e-03  -1.183792114258e+00  -1.596059352160e-01   8.302579633892e-03  -1.183792114258e+00   0.000000000000e+00   0.000000000000e+00  -5.769472122192e-01 
  0.000000000000e+00   0.000000000000e+00  -5.769472122192e-01  -2.269957773387e-02   0.000000000000e+00  -3.791725933552e-01   3.776248991489e-01   5.383369978517e-03  -5.318227410316e-01 
  2.692137062550e-01   1.196670229547e-03  -4.350276291370e-01   3.416291773319e-01   9.409368038177e-03  -5.012086629868e-01  -3.888247311115e-01   0.000000000000e+00  -4.031091928482e-01 
 -4.824145734310e-01  -2.530446741730e-03  -4.511262774467e-01  -6.114535927773e-01   8.302579633892e-03  -1.000000014901e-01  -6.114535927773e-01   8.302579633892e-03  -1.000000014901e-01 
  0.000000000000e+00   0.000000000000e+00  -5.769472122192e-01   0.000000000000e+00   0.000000000000e+00  -5.769472122192e-01  -2.269957773387e-02   0.000000000000e+00  -3.791725933552e-01 
  3.776248991489e-01   5.383369978517e-03  -5.318227410316e-01   2.692137062550e-01   1.196670229547e-03  -4.350276291370e-01   3.416291773319e-01   9.409368038177e-03  -5.012086629868e-01 
 -3.888247311115e-01   0.000000000000e+00  -4.031091928482e-01  -4.824145734310e-01  -2.530446741730e-03  -4.511262774467e-01  -6.114535927773e-01   8.302579633892e-03  -1.000000014901e-01 
 -6.114535927773e-01   8.302579633892e-03  -1.000000014901e-01   0.000000000000e+00   5.006122216582e-02  -2.266241312027e-01   0.000000000000e+00   5.006122216582e-02  -2.266241312027e-01 
  1.308658421040e-01   1.710249111056e-02  -1.723334640265e-01   3.930768668652e-01   0.000000000000e+00  -2.621442675591e-01   0.000000000000e+00  -2.789356745780e-02  -2.544758021832e-01 
  1.461220145226e+00  -1.498629599810e-01  -1.000000014901e-01   0.000000000000e+00   0.000000000000e+00  -8.953057527542e-01   0.000000000000e+00  -2.867932058871e-02  -9.023600816727e-01 
  0.000000000000e+00  -5.328921079636e-01  -3.418435156345e-01   0.000000000000e+00  -5.328921079636e-01  -3.418435156345e-01   0.000000000000e+00   5.006122216582e-02  -2.266241312027e-01 
  0.000000000000e+00   5.006122216582e-02  -2.266241312027e-01   1.308658421040e-01   1.710249111056e-02  -1.723334640265e-01   3.930768668652e-01   0.000000000000e+00  -2.621442675591e-01 
  0.000000000000e+00  -2.789356745780e-02  -2.544758021832e-01   1.461220145226e+00  -1.498629599810e-01  -1.000000014901e-01   0.000000000000e+00   0.000000000000e+00  -8.953057527542e-01 
  0.000000000000e+00  -2.867932058871e-02  -9.023600816727e-01   0.000000000000e+00  -5.328921079636e-01  -3.418435156345e-01   0.000000000000e+00  -5.328921079636e-01  -3.418435156345e-01 
  0.000000000000e+00   9.318863041699e-03  -1.501183807850e-01   0.000000000000e+00   9.318863041699e-03  -1.501183807850e-01   1.427357643843e-01   5.884513724595e-03  -1.566319316626e-01 
  2.275443673134e-01  -4.768417030573e-02  -3.466891348362e-01   5.946456640959e-02   0.000000000000e+00  -3.708356320858e-01   0.000000000000e+00  -1.558688431978e-01  -5.144774913788e-02 
  1.956093870103e-02   0.000000000000e+00  -1.000000014901e-01   6.351882126182e-03  -5.604608356953e-02  -2.603197991848e-01   5.584200099111e-02  -1.014338254929e+00  -1.000000014901e-01 
  5.584200099111e-02  -1.014338254929e+00  -1.000000014901e-01   0.000000000000e+00   9.828351438046e-02  -1.822867691517e-01   0.000000000000e+00   9.828351438046e-02  -1.822867691517e-01 
  1.099532544613e-01  -1.194253712893e-01  -1.830816566944e-01   3.291046321392e-01  -6.567101180553e-02  -1.960606426001e-01   6.845799088478e-02   0.000000000000e+00  -2.028889358044e-01 
  3.689305186272e-01  -3.008394688368e-02  -1.000000014901e-01   5.131242275238e-01  -1.757588470355e-03  -1.280680000782e-01   2.628656625748e-01  -3.646450638771e-01  -2.381564527750e-01 
  6.415365636349e-02   0.000000000000e+00  -1.000000014901e-01   6.415365636349e-02   0.000000000000e+00  -1.000000014901e-01   0.000000000000e+00   1.835724338889e-02  -3.008520901203e-01 
  0.000000000000e+00   1.835724338889e-02  -3.008520901203e-01   1.087078601122e-01  -6.358287483454e-02  -2.536811828613e-01   2.535594701767e-01  -6.385196745396e-02  -4.763345718384e-01 
 -2.800047397614e-01   1.017802804708e-01  -1.974101811647e-01   2.421918809414e-01   4.751724749804e-02  -1.902003586292e-01   2.536914646626e-01   2.732499502599e-02  -2.816261649132e-01 
 -1.574848294258e-01   9.181888774037e-03  -1.703955978155e-01   3.748219693080e-03   0.000000000000e+00  -1.000000014901e-01   3.748219693080e-03   0.000000000000e+00  -1.000000014901e-01 
  0.000000000000e+00   4.737239703536e-02  -4.418031275272e-01   0.000000000000e+00   4.737239703536e-02  -4.418031275272e-01   2.469421029091e-01   5.837715696543e-03  -4.150325059891e-01 
  2.894200086594e-01   2.050974220037e-01  -6.156786680222e-01  -3.642992675304e-01   2.576015591621e-01  -1.343833506107e-01   5.799764394760e-01   1.991011202335e-01  -1.928000003099e-01 
  3.533553481102e-01   7.769925892353e-02  -1.198909059167e-01  -3.988048732281e-01   2.090597897768e-02  -8.273950964212e-02  -4.045384526253e-01   0.000000000000e+00  -1.000000014901e-01 
 -4.045384526253e-01   0.000000000000e+00  -1.000000014901e-01   0.000000000000e+00   6.729031354189e-02  -5.742719769478e-01   0.000000000000e+00   6.729031354189e-02  -5.742719769478e-01 
  3.515178859234e-01  -6.979854404926e-02  -3.743209540844e-01   4.510716497898e-01   2.266723960638e-01  -6.135609745979e-01   1.265865564346e-01   3.693831264973e-01  -3.457682430744e-01 
  4.516612589359e-01   2.236886769533e-01  -4.439689815044e-01  -6.030493974686e-01   0.000000000000e+00   3.093269467354e-01  -7.803829908371e-01   0.000000000000e+00   3.763340413570e-01 
 -7.734122276306e-01  -1.258394215256e-02   2.380897402763e-01  -7.734122276306e-01  -1.258394215256e-02   2.380897402763e-01   0.000000000000e+00   7.384597510099e-02  -3.654170632362e-01 
  0.000000000000e+00   7.384597510099e-02  -3.654170632362e-01   1.718511134386e-01   4.756731539965e-02  -9.142617695034e-03   2.789123952389e-01   7.603219151497e-02  -3.318340480328e-01 
  2.513885498047e-01   2.031204253435e-01  -3.807725608349e-01   0.000000000000e+00   6.774954497814e-02  -1.000000014901e-01  -5.565222501755e-01   1.137137040496e-01   2.594858109951e-01 
 -6.007453799248e-01   8.922410011292e-02   2.887035310268e-01  -7.464304566383e-01  -2.131172455847e-02   1.964324861765e-01  -7.464304566383e-01  -2.131172455847e-02   1.964324861765e-01 
  0.000000000000e+00   0.000000000000e+00  -3.773726522923e-01   0.000000000000e+00   0.000000000000e+00  -3.773726522923e-01   6.589584052563e-02   0.000000000000e+00  -1.932576298714e-01 
  3.223207890987e-01   2.492066286504e-02  -2.912150919437e-01   3.426504433155e-01   4.590922966599e-02  -4.115258157253e-01   7.883337885141e-02   0.000000000000e+00   3.239835845307e-03 
 -5.013468265533e-01   0.000000000000e+00   1.802205294371e-01  -4.462854266167e-01   0.000000000000e+00   1.993655860424e-01  -7.364431619644e-01   0.000000000000e+00   2.342742122710e-02 
 -7.364431619644e-01   0.000000000000e+00   2.342742122710e-02   0.000000000000e+00   0.000000000000e+00  -3.773726522923e-01   0.000000000000e+00   0.000000000000e+00  -3.773726522923e-01 
  6.589584052563e-02   0.000000000000e+00  -1.932576298714e-01   3.223207890987e-01   2.492066286504e-02  -2.912150919437e-01   3.426504433155e-01   4.590922966599e-02  -4.115258157253e-01 
  7.883337885141e-02   0.000000000000e+00   3.239835845307e-03  -5.013468265533e-01   0.000000000000e+00   1.802205294371e-01  -4.462854266167e-01   0.000000000000e+00   1.993655860424e-01 
 -7.364431619644e-01   0.000000000000e+00   2.342742122710e-02  -7.364431619644e-01   0.000000000000e+00   2.342742122710e-02   0.000000000000e+00   2.042302861810e-02  -4.056110680103e-01 
  0.000000000000e+00   2.042302861810e-02  -4.056110680103e-01   9.025351703167e-02   3.178741782904e-02  -1.559335887432e-01   2.110646516085e-01   1.619393355213e-03  -1.825590878725e-01 
  9.869757294655e-02  -1.500241607428e-01  -2.498276233673e-01   2.601293087006e+00  -3.128349184990e-01  -1.000000014901e-01   2.601293087006e+00  -2.991755604744e-01  -1.000000014901e-01 
  0.000000000000e+00  -1.775128394365e-01  -1.000000014901e-01   0.000000000000e+00  -3.933415710926e-01  -2.242928296328e-01   0.000000000000e+00  -3.933415710926e-01  -2.242928296328e-01 
  0.000000000000e+00   2.042302861810e-02  -4.056110680103e-01   0.000000000000e+00   2.042302861810e-02  -4.056110680103e-01   9.025351703167e-02   3.178741782904e-02  -1.559335887432e-01 
  2.110646516085e-01   1.619393355213e-03  -1.825590878725e-01   9.869757294655e-02  -1.500241607428e-01  -2.498276233673e-01   2.601293087006e+00  -3.128349184990e-01  -1.000000014901e-01 
  2.601293087006e+00  -2.991755604744e-01  -1.000000014901e-01   0.000000000000e+00  -1.775128394365e-01  -1.000000014901e-01   0.000000000000e+00  -3.933415710926e-01  -2.242928296328e-01 
  0.000000000000e+00  -3.933415710926e-01  -2.242928296328e-01   0.000000000000e+00  -6.173259392381e-02  -3.872012794018e-01   0.000000000000e+00  -6.173259392381e-02  -3.872012794018e-01 
  2.058186084032e-01   5.747439712286e-02   9.387128055096e-02   2.734392583370e-01  -1.724052801728e-02  -1.589201539755e-01   6.845799088478e-02  -1.367885023355e-01  -3.708356320858e-01 
  1.030119299889e+00  -3.128349184990e-01  -2.227194309235e-01   1.215704798698e+00  -3.086172044277e-01  -1.174091249704e-01   4.597819447517e-01  -1.908164173365e-01  -1.920815557241e-01 
  1.001252830029e-01  -7.336935997009e-01  -1.000000014901e-01   1.001252830029e-01  -7.336935997009e-01  -1.000000014901e-01   0.000000000000e+00  -5.568623915315e-02  -4.539041817188e-01 
  0.000000000000e+00  -5.568623915315e-02  -4.539041817188e-01   1.333489865065e-01  -1.134658753872e-01  -3.549692630768e-01   2.342297583818e-01  -6.947658210993e-02  -2.427869141102e-01 
  1.927152723074e-01  -6.701213121414e-02  -2.152515798807e-01   1.054592505097e-01  -1.564202457666e-01  -1.194661930203e-01   6.726904213428e-02  -1.694094836712e-01  -1.223046481609e-01 
 -1.078500524163e-01  -1.487609744072e-01  -1.109010055661e-01  -1.543603986502e-01  -1.686371862888e-01  -1.000000014901e-01  -1.543603986502e-01  -1.686371862888e-01  -1.000000014901e-01 
  0.000000000000e+00   3.577216714621e-02  -3.169455826283e-01   0.000000000000e+00   3.577216714621e-02  -3.169455826283e-01   1.837087050080e-02  -6.778443604708e-02  -2.536819279194e-01 
  1.208128407598e-01  -8.787751197815e-02  -3.155238926411e-01   3.339507058263e-02   3.989692404866e-02  -1.534078270197e-01   5.431070178747e-02   5.253085494041e-02   1.142602507025e-02 
  1.347401887178e-01   3.475676104426e-02  -2.047220943496e-03  -4.717806875706e-01  -6.206084415317e-02   1.262341141701e-01  -4.719821810722e-01   0.000000000000e+00  -1.000000014901e-01 
 -4.719821810722e-01   0.000000000000e+00  -1.000000014901e-01   0.000000000000e+00   7.107890397310e-02  -3.438984453678e-01   0.000000000000e+00   7.107890397310e-02  -3.438984453678e-01 
  7.552398741245e-02   3.972761705518e-02  -1.495662033558e-01   2.523031234741e-01   1.245598793030e-01  -2.291714549065e-01   0.000000000000e+00   2.515418231487e-01  -9.055367112160e-02 
  0.000000000000e+00   2.196932137012e-01   3.652363419533e-01   9.651149064302e-02  -1.458813901991e-02   1.958074420691e-01  -7.229664325714e-01  -1.635843664408e-01   4.388393759727e-01 
 -8.371142148972e-01   0.000000000000e+00  -1.000000014901e-01  -8.371142148972e-01   0.000000000000e+00  -1.000000014901e-01   0.000000000000e+00   6.404545158148e-02  -4.681090414524e-01 
  0.000000000000e+00   6.404545158148e-02  -4.681090414524e-01   2.107410281897e-01  -3.309753164649e-02  -4.273676574230e-01   3.736408650875e-01   9.678743034601e-02  -4.339500069618e-01 
  2.108345031738e-01   2.779907882214e-01  -2.660240828991e-01   3.086727559566e-01   2.039007693529e-01  -8.595983684063e-02  -6.090805530548e-01  -7.435565441847e-02   2.824781239033e-01 
 -8.129839301109e-01  -2.414460778236e-01   4.972774386406e-01  -8.821772933006e-01   0.000000000000e+00   2.991971671581e-01  -8.821772933006e-01   0.000000000000e+00   2.991971671581e-01 
  0.000000000000e+00   1.399095654488e-01  -5.177492499352e-01   0.000000000000e+00   1.399095654488e-01  -5.177492499352e-01   2.008871436119e-01   5.956187471747e-02  -4.008474647999e-01 
  5.367143750191e-01   6.432400643826e-02  -4.003378152847e-01   4.396798014641e-01   1.539650857449e-01  -2.356332689524e-01   0.000000000000e+00  -1.750828232616e-03  -1.000000014901e-01 
 -4.180050492287e-01  -4.971412941813e-02   2.116836607456e-01  -7.850914597511e-01  -2.529325485229e-01   2.886161208153e-01  -7.763600349426e-01  -1.677312105894e-01   2.515748441219e-01 
 -7.763600349426e-01  -1.677312105894e-01   2.515748441219e-01   0.000000000000e+00   0.000000000000e+00  -2.355095446110e-01   0.000000000000e+00   0.000000000000e+00  -2.355095446110e-01 
  3.190040290356e-01   0.000000000000e+00  -1.345305889845e-01   7.998834848404e-01   0.000000000000e+00  -2.007522284985e-01   6.951811313629e-01   4.659825190902e-02  -2.538510560989e-01 
  1.728899925947e-01  -8.431469090283e-03   5.035303905606e-02  -5.495697259903e-01  -1.891614869237e-02   2.150890231133e-01  -7.070350646973e-01   0.000000000000e+00   2.663942873478e-01 
 -7.614180445671e-01   0.000000000000e+00   2.610203921795e-01  -7.614180445671e-01   0.000000000000e+00   2.610203921795e-01   0.000000000000e+00   0.000000000000e+00  -2.355095446110e-01 
  0.000000000000e+00   0.000000000000e+00  -2.355095446110e-01   3.190040290356e-01   0.000000000000e+00  -1.345305889845e-01   7.998834848404e-01   0.000000000000e+00  -2.007522284985e-01 
  6.951811313629e-01   4.659825190902e-02  -2.538510560989e-01   1.728899925947e-01  -8.431469090283e-03   5.035303905606e-02  -5.495697259903e-01  -1.891614869237e-02   2.150890231133e-01 
 -7.070350646973e-01   0.000000000000e+00   2.663942873478e-01  -7.614180445671e-01   0.000000000000e+00   2.610203921795e-01  -7.614180445671e-01   0.000000000000e+00   2.610203921795e-01 
  0.000000000000e+00  -6.230569910258e-03  -2.158594876528e-01   0.000000000000e+00  -6.230569910258e-03  -2.158594876528e-01  -1.530467625707e-02  -8.188115432858e-03  -1.521636098623e-01 
 -1.206656470895e-01  -3.177899122238e-02   1.697015315294e-01   0.000000000000e+00   0.000000000000e+00  -1.000000014901e-01   2.675321578979e+00  -2.388064265251e-01  -4.637175202370e-01 
  2.527264833450e+00  -3.128349184990e-01  -5.377460122108e-01   0.000000000000e+00   0.000000000000e+00  -1.000000014901e-01   0.000000000000e+00   0.000000000000e+00  -1.000000014901e-01 
  0.000000000000e+00   0.000000000000e+00  -1.000000014901e-01   0.000000000000e+00  -6.230569910258e-03  -2.158594876528e-01   0.000000000000e+00  -6.230569910258e-03  -2.158594876528e-01 
 -1.530467625707e-02  -8.188115432858e-03  -1.521636098623e-01  -1.206656470895e-01  -3.177899122238e-02   1.697015315294e-01   0.000000000000e+00   0.000000000000e+00  -1.000000014901e-01 
  2.675321578979e+00  -2.388064265251e-01  -4.637175202370e-01   2.527264833450e+00  -3.128349184990e-01  -5.377460122108e-01   0.000000000000e+00   0.000000000000e+00  -1.000000014901e-01 
  0.000000000000e+00   0.000000000000e+00  -1.000000014901e-01   0.000000000000e+00   0.000000000000e+00  -1.000000014901e-01   0.000000000000e+00  -7.903879880905e-02  -3.153339922428e-01 
  0.000000000000e+00  -7.903879880905e-02  -3.153339922428e-01   7.260601967573e-02  -6.531199812889e-02  -4.965482652187e-02   2.079465985298e-01  -8.027864992619e-02   3.638386428356e-01 
  1.344082206488e-01   0.000000000000e+00  -1.594620198011e-01   0.000000000000e+00  -3.868634104729e-01  -1.000000014901e-01   0.000000000000e+00  -3.128349184990e-01  -3.183283507824e-01 
  0.000000000000e+00   0.000000000000e+00  -2.290546447039e-01   2.645913977176e-03  -8.769746869802e-02  -1.597364842892e-01   2.645913977176e-03  -8.769746869802e-02  -1.597364842892e-01 
  0.000000000000e+00   1.597426272929e-02  -1.991124749184e-01   0.000000000000e+00   1.597426272929e-02  -1.991124749184e-01   1.606868207455e-02  -1.741023063660e-01  -1.523830443621e-01 
  3.444127142429e-01  -1.643949598074e-01  -3.803589567542e-02   0.000000000000e+00  -5.734810139984e-03  -2.395428717136e-02   0.000000000000e+00   0.000000000000e+00   1.294783502817e-01 
  0.000000000000e+00   0.000000000000e+00  -1.344485729933e-01   0.000000000000e+00   0.000000000000e+00  -1.204355899245e-02  -1.310706138611e-01  -7.378117740154e-02  -8.380014449358e-02 
 -1.310706138611e-01  -7.378117740154e-02  -8.380014449358e-02   0.000000000000e+00  -2.800290938467e-03  -3.172952532768e-01   0.000000000000e+00  -2.800290938467e-03  -3.172952532768e-01 
  1.278711110353e-02  -2.058476656675e-01  -1.764853298664e-01   1.392187774181e-01  -1.931860148907e-01  -1.768806576729e-01   1.036163344979e-01  -1.243597939610e-01  -1.012158393860e-01 
  9.500564634800e-02  -5.961934104562e-02  -9.868036210537e-02   3.892591968179e-02  -3.436689451337e-02  -1.327959634364e-02  -3.732768297195e-01  -3.700605407357e-02   3.603414297104e-01 
 -7.019557952881e-01  -7.513446267694e-03  -1.000000014901e-01  -7.019557952881e-01  -7.513446267694e-03  -1.000000014901e-01   0.000000000000e+00   5.787671729922e-02  -4.712716639042e-01 
  0.000000000000e+00   5.787671729922e-02  -4.712716639042e-01   2.073081996059e-04  -2.231158129871e-02  -3.610532879829e-01   3.102606534958e-01  -1.531379222870e-01  -2.181122153997e-01 
  9.089181572199e-02  -1.409348845482e-01  -1.000000014901e-01   9.089181572199e-02  -7.473493367434e-02  -1.000000014901e-01   0.000000000000e+00  -5.484722182155e-02   2.362719029188e-01 
 -7.054777145386e-01  -1.868235170841e-01   5.487552285194e-01  -8.643230795860e-01   0.000000000000e+00  -1.000000014901e-01  -8.643230795860e-01   0.000000000000e+00  -1.000000014901e-01 
  0.000000000000e+00   1.833957619965e-02  -4.855105280876e-01   0.000000000000e+00   1.833957619965e-02  -4.855105280876e-01   9.426506608725e-02   3.549734130502e-02  -3.294992744923e-01 
  3.805568218231e-01   4.659000784159e-03  -4.408413171768e-01   1.543326973915e-01  -1.409348845482e-01  -2.470349520445e-01   6.133181974292e-02  -8.268909901381e-02   4.674765467644e-02 
 -2.092870920897e-01  -1.135422736406e-01   2.219177633524e-01  -8.552137613297e-01  -2.047615051270e-01   6.156439185143e-01  -8.821772933006e-01   0.000000000000e+00   3.084444403648e-01 
 -8.821772933006e-01   0.000000000000e+00   3.084444403648e-01   0.000000000000e+00   1.753126531839e-01  -4.723627865314e-01   0.000000000000e+00   1.753126531839e-01  -4.723627865314e-01 
  1.758968979120e-01   4.064227640629e-02  -1.319223195314e-01   4.472638964653e-01   3.391250222921e-02  -1.056749224663e+00   4.002103507519e-01  -1.152607705444e-02  -1.583722531796e-01 
  3.534116446972e-01  -5.196146667004e-02  -1.000000014901e-01   0.000000000000e+00  -8.642249554396e-02  -1.000000014901e-01  -8.821772933006e-01  -1.773553937674e-01   7.137018442154e-01 
 -8.821772933006e-01  -2.237354069948e-01   3.161015212536e-01  -8.821772933006e-01  -2.237354069948e-01   3.161015212536e-01   0.000000000000e+00   0.000000000000e+00  -6.002857685089e-01 
  0.000000000000e+00   0.000000000000e+00  -6.002857685089e-01  -1.579489745200e-02   0.000000000000e+00  -2.275873273611e-01   7.298610806465e-01   7.522576765950e-07  -2.303527146578e-01 
  0.000000000000e+00   4.801448767466e-07  -1.000000014901e-01   0.000000000000e+00  -3.580895811319e-02   4.248512536287e-02  -2.874507308006e-01  -5.839884653687e-02   1.452652364969e-01 
 -7.954244017601e-01  -8.612568676472e-02   3.836029469967e-01  -8.139690756798e-01  -2.913384735584e-01  -6.151443123817e-01  -8.139690756798e-01  -2.913384735584e-01  -6.151443123817e-01 
  0.000000000000e+00   0.000000000000e+00  -6.002857685089e-01   0.000000000000e+00   0.000000000000e+00  -6.002857685089e-01  -1.579489745200e-02   0.000000000000e+00  -2.275873273611e-01 
  7.298610806465e-01   7.522576765950e-07  -2.303527146578e-01   0.000000000000e+00   4.801448767466e-07  -1.000000014901e-01   0.000000000000e+00  -3.580895811319e-02   4.248512536287e-02 
 -2.874507308006e-01  -5.839884653687e-02   1.452652364969e-01  -7.954244017601e-01  -8.612568676472e-02   3.836029469967e-01  -8.139690756798e-01  -2.913384735584e-01  -6.151443123817e-01 
 -8.139690756798e-01  -2.913384735584e-01  -6.151443123817e-01   0.000000000000e+00   9.293063730001e-02  -2.266349941492e-01   0.000000000000e+00   9.293063730001e-02  -2.266349941492e-01 
 -4.318549856544e-02   9.938514977694e-02   2.597248554230e-01  -3.527628183365e-01   0.000000000000e+00   4.845543801785e-01   0.000000000000e+00   0.000000000000e+00  -1.000000014901e-01 
  0.000000000000e+00   0.000000000000e+00  -6.117745041847e-01   0.000000000000e+00  -1.564040780067e-01  -5.377460122108e-01   0.000000000000e+00  -9.484154731035e-02  -1.000000014901e-01 
  0.000000000000e+00  -6.906690448523e-02  -1.000000014901e-01   0.000000000000e+00  -6.906690448523e-02  -1.000000014901e-01   0.000000000000e+00   9.293063730001e-02  -2.266349941492e-01 
  0.000000000000e+00   9.293063730001e-02  -2.266349941492e-01  -4.318549856544e-02   9.938514977694e-02   2.597248554230e-01  -3.527628183365e-01   0.000000000000e+00   4.845543801785e-01 
  0.000000000000e+00   0.000000000000e+00  -1.000000014901e-01   0.000000000000e+00   0.000000000000e+00  -6.117745041847e-01   0.000000000000e+00  -1.564040780067e-01  -5.377460122108e-01 
  0.000000000000e+00  -9.484154731035e-02  -1.000000014901e-01   0.000000000000e+00  -6.906690448523e-02  -1.000000014901e-01   0.000000000000e+00  -6.906690448523e-02  -1.000000014901e-01 
  0.000000000000e+00   2.715965360403e-02   1.560388207436e-01   0.000000000000e+00   2.715965360403e-02   1.560388207436e-01  -1.597864739597e-02   1.193063799292e-02   1.687418967485e-01 
  3.392754122615e-02   0.000000000000e+00   2.044490277767e-01   7.310038059950e-02   0.000000000000e+00  -9.705855697393e-02   0.000000000000e+00   0.000000000000e+00  -1.000000014901e-01 
  0.000000000000e+00  -1.564133018255e-01  -3.187040984631e-01   0.000000000000e+00  -9.486373513937e-02  -2.316873520613e-01   7.185917347670e-04  -8.704092353582e-02  -1.816055327654e-01 
  7.185917347670e-04  -8.704092353582e-02  -1.816055327654e-01   0.000000000000e+00  -1.519029438496e-01  -1.653759926558e-01   0.000000000000e+00  -1.519029438496e-01  -1.653759926558e-01 
 -1.226110570133e-02  -1.438966989517e-01   2.692647874355e-01   1.277698576450e-01  -1.401378512383e-01   1.754000931978e-01   9.321211278439e-02  -7.292945683002e-02   7.771621346474e-01 
  8.131372183561e-02  -1.116180093959e-03   6.849941015244e-01   2.891574427485e-02  -6.203145533800e-02  -1.333986371756e-01   1.343478448689e-02  -5.834369733930e-02  -5.081844329834e-02 
 -1.237844377756e-01  -7.108075916767e-02  -3.070768341422e-02  -1.237844377756e-01  -7.108075916767e-02  -3.070768341422e-02   0.000000000000e+00  -9.796408936381e-03  -2.515150904655e-01 
  0.000000000000e+00  -9.796408936381e-03  -2.515150904655e-01   4.561981558800e-02  -1.743186451495e-02   1.505986005068e-01   1.469044685364e-01  -5.515562742949e-02  -9.944167733192e-02 
  9.089181572199e-02   0.000000000000e+00   1.517308592796e+00   9.089181572199e-02   0.000000000000e+00   1.633276581764e+00   0.000000000000e+00   0.000000000000e+00   9.403206706047e-01 
  0.000000000000e+00  -1.691382750869e-02   4.719824492931e-01  -3.808322548866e-01  -2.029337733984e-02   4.789622873068e-02  -3.808322548866e-01  -2.029337733984e-02   4.789622873068e-02 
  0.000000000000e+00   2.267924882472e-02  -4.705243110657e-01   0.000000000000e+00   2.267924882472e-02  -4.705243110657e-01   2.155032567680e-02  -2.457527071238e-02  -1.897281259298e-01 
  8.190978169441e-01  -1.409348845482e-01   1.517814874649e+00   1.236186102033e-01  -1.082080900669e-01   1.783671617508e+00   5.816501751542e-02   0.000000000000e+00   1.750944733620e+00 
  0.000000000000e+00   0.000000000000e+00  -1.000000014901e-01   0.000000000000e+00  -4.976153001189e-02   5.750551074743e-02  -5.260140299797e-01  -3.899067640305e-02   2.716496400535e-02 
 -5.260140299797e-01  -3.899067640305e-02   2.716496400535e-02   0.000000000000e+00   7.231152057648e-02  -4.174117445946e-01   0.000000000000e+00   7.231152057648e-02  -4.174117445946e-01 
  1.672692745924e-01   6.426454335451e-02   1.322524547577e-01   7.942768931389e-01   3.753113374114e-02   1.613771915436e+00   0.000000000000e+00  -1.736616790295e-01   1.724212646484e+00 
  0.000000000000e+00   0.000000000000e+00   1.722334027290e+00   0.000000000000e+00   0.000000000000e+00   3.140365704894e-02  -5.410274863243e-01  -8.676113933325e-02  -1.000000014901e-01 
 -5.345233678818e-01  -6.805323064327e-02   1.337233632803e-01  -5.345233678818e-01  -6.805323064327e-02   1.337233632803e-01   0.000000000000e+00   1.147892177105e-01  -2.643572688103e-01 
  0.000000000000e+00   1.147892177105e-01  -2.643572688103e-01   8.654102683067e-02  -3.306496515870e-02   6.512463837862e-02   3.274743855000e-01  -1.120663899928e-02  -2.823967635632e-01 
  2.666315138340e-01   0.000000000000e+00  -4.140651822090e-01   3.342766761780e-01   0.000000000000e+00  -1.000000014901e-01   8.794726431370e-02  -6.196287646890e-02  -1.000000014901e-01 
  0.000000000000e+00   0.000000000000e+00  -1.000000014901e-01   0.000000000000e+00  -1.403824388981e-01  -1.000000014901e-01   0.000000000000e+00  -1.403824388981e-01  -1.000000014901e-01 
  0.000000000000e+00   0.000000000000e+00  -7.654833793640e-01   0.000000000000e+00   0.000000000000e+00  -7.654833793640e-01   3.533222973347e-01   0.000000000000e+00   2.487407997251e-02 
  6.133538484573e-01   1.343173465784e-07  -3.140481710434e-01   0.000000000000e+00   1.779963021420e-08  -1.000000014901e-01   0.000000000000e+00   8.409309693036e-09  -1.000000014901e-01 
  0.000000000000e+00  -3.362556546926e-02   6.655522435904e-02  -2.610511891544e-02  -5.359161645174e-02   1.651076823473e-01  -5.243396759033e-01   0.000000000000e+00  -1.000000014901e-01 
 -5.243396759033e-01   0.000000000000e+00  -1.000000014901e-01   0.000000000000e+00   0.000000000000e+00  -7.654833793640e-01   0.000000000000e+00   0.000000000000e+00  -7.654833793640e-01 
  3.533222973347e-01   0.000000000000e+00   2.487407997251e-02   6.133538484573e-01   1.343173465784e-07  -3.140481710434e-01   0.000000000000e+00   1.779963021420e-08  -1.000000014901e-01 
  0.000000000000e+00   8.409309693036e-09  -1.000000014901e-01   0.000000000000e+00  -3.362556546926e-02   6.655522435904e-02  -2.610511891544e-02  -5.359161645174e-02   1.651076823473e-01 
 -5.243396759033e-01   0.000000000000e+00  -1.000000014901e-01  -5.243396759033e-01   0.000000000000e+00  -1.000000014901e-01   0.000000000000e+00   1.024747788906e-01   2.753955423832e-01 
  0.000000000000e+00   1.024747788906e-01   2.753955423832e-01  -5.629760026932e-02   5.769634246826e-02   5.278875827789e-01   0.000000000000e+00   3.311086073518e-02   4.845543801785e-01 
  0.000000000000e+00   0.000000000000e+00  -1.000000014901e-01   0.000000000000e+00   0.000000000000e+00  -1.000000014901e-01   0.000000000000e+00  -9.484154731035e-02  -1.000000014901e-01 
  0.000000000000e+00  -9.479506313801e-02  -1.000000014901e-01   0.000000000000e+00  -8.493446558714e-02  -1.000000014901e-01   0.000000000000e+00  -8.493446558714e-02  -1.000000014901e-01 
  0.000000000000e+00   1.024747788906e-01   2.753955423832e-01   0.000000000000e+00   1.024747788906e-01   2.753955423832e-01  -5.629760026932e-02   5.769634246826e-02   5.278875827789e-01 
  0.000000000000e+00   3.311086073518e-02   4.845543801785e-01   0.000000000000e+00   0.000000000000e+00  -1.000000014901e-01   0.000000000000e+00   0.000000000000e+00  -1.000000014901e-01 
  0.000000000000e+00  -9.484154731035e-02  -1.000000014901e-01   0.000000000000e+00  -9.479506313801e-02  -1.000000014901e-01   0.000000000000e+00  -8.493446558714e-02  -1.000000014901e-01 
  0.000000000000e+00  -8.493446558714e-02  -1.000000014901e-01   0.000000000000e+00   2.184567786753e-02   3.673550784588e-01   0.000000000000e+00   2.184567786753e-02   3.673550784588e-01 
 -2.580252103508e-02   2.427263930440e-02   2.930251359940e-01  -1.018075179309e-02   1.936452649534e-02   2.405285090208e-01   2.281295135617e-02   0.000000000000e+00   1.727834343910e-01 
  0.000000000000e+00   0.000000000000e+00  -1.000000014901e-01   0.000000000000e+00  -9.486373513937e-02  -1.900452971458e-01   0.000000000000e+00  -9.484763443470e-02  -1.825708895922e-01 
  2.528278855607e-04  -9.009846299887e-02  -1.644016355276e-01   2.528278855607e-04  -9.009846299887e-02  -1.644016355276e-01   0.000000000000e+00  -1.901140362024e-01  -2.162130624056e-01 
  0.000000000000e+00  -1.901140362024e-01  -2.162130624056e-01  -2.720579132438e-02  -1.766280829906e-01  -1.252935826778e-01   4.140505567193e-02  -1.626264750957e-01  -1.620444655418e-01 
  6.819970905781e-02  -1.031966581941e-01   8.237555623055e-01   6.708336621523e-02  -1.851578429341e-02   1.101155757904e+00   4.045875743032e-02  -5.832265317440e-02   6.297671198845e-01 
  2.319760620594e-02  -6.932428479195e-02   3.704223334789e-01  -8.147455006838e-02  -7.562617212534e-02   1.975669860840e-01  -8.147455006838e-02  -7.562617212534e-02   1.975669860840e-01 
  0.000000000000e+00  -8.060827851295e-02  -5.205724239349e-01   0.000000000000e+00  -8.060827851295e-02  -5.205724239349e-01  -8.428650908172e-03  -5.479693785310e-02  -2.930973172188e-01 
  1.651835143566e-01  -6.117506325245e-02  -6.680029034615e-01   7.714387774467e-02  -1.359891425818e-02   1.519145250320e+00   5.540026351810e-02  -4.430006723851e-03   1.634218096733e+00 
  2.288958244026e-02  -1.736538717523e-03   9.494326710701e-01   1.078404299915e-02  -1.182723883539e-02   5.635014176369e-01  -2.018244862556e-01  -2.337864786386e-02   2.044758796692e-01 
 -2.018244862556e-01  -2.337864786386e-02   2.044758796692e-01   0.000000000000e+00  -5.963116884232e-02  -1.333154924214e-02   0.000000000000e+00  -5.963116884232e-02  -1.333154924214e-02 
 -2.846963889897e-02  -4.810102283955e-02   1.310527771711e-01   3.160252273083e-01  -9.402417391539e-02   1.147207856178e+00   0.000000000000e+00   0.000000000000e+00   1.718217968941e+00 
  0.000000000000e+00   0.000000000000e+00   1.750944733620e+00   0.000000000000e+00   0.000000000000e+00  -1.000000014901e-01   0.000000000000e+00  -2.458561584353e-02  -3.215762227774e-02 
 -2.959500551224e-01  -4.464216157794e-02   2.008887007833e-02  -2.959500551224e-01  -4.464216157794e-02   2.008887007833e-02   0.000000000000e+00   4.108004644513e-02  -2.269559651613e-01 
  0.000000000000e+00   4.108004644513e-02  -2.269559651613e-01   1.801282167435e-01   4.771396890283e-02   5.441105365753e-01   4.423399567604e-01   2.206216380000e-02   1.613771915436e+00 
  2.900106310844e-01   0.000000000000e+00   1.674393296242e+00   3.425443768501e-01   0.000000000000e+00   1.688022017479e+00   1.389965713024e-01   0.000000000000e+00   9.028451442719e-01 
 -2.096176892519e-01  -4.462248831987e-02   3.433998301625e-02  -3.451103568077e-01  -7.304252684116e-02   5.015338212252e-02  -3.451103568077e-01  -7.304252684116e-02   5.015338212252e-02 
  0.000000000000e+00   7.996670156717e-02  -2.845550179482e-01   0.000000000000e+00   7.996670156717e-02  -2.845550179482e-01   1.212672144175e-01   3.783218190074e-02  -9.124654531479e-02 
  3.644964396954e-01  -7.043918129057e-03   1.697147786617e-01   7.331897616386e-01   0.000000000000e+00  -1.289015173912e+00   7.331897616386e-01   0.000000000000e+00  -1.277737498283e+00 
  0.000000000000e+00  -9.731499478221e-03  -1.000000014901e-01   0.000000000000e+00  -9.222482331097e-03  -1.000000014901e-01   0.000000000000e+00  -9.894469380379e-02  -1.000000014901e-01 
  0.000000000000e+00  -9.894469380379e-02  -1.000000014901e-01   0.000000000000e+00   0.000000000000e+00  -1.118518352509e+00   0.000000000000e+00   0.000000000000e+00  -1.118518352509e+00 
  4.595042467117e-01   0.000000000000e+00   7.167350500822e-02   7.001242041588e-01   1.016782302798e-08   7.002414464951e-01   6.862823367119e-01   0.000000000000e+00  -1.335922598839e+00 
  7.800971269608e-01   0.000000000000e+00  -1.289015173912e+00   0.000000000000e+00   0.000000000000e+00  -1.000000014901e-01   0.000000000000e+00  -2.700172737241e-02  -4.744376521558e-03 
 -2.805401086807e-01  -2.515909634531e-02  -8.940628916025e-02  -2.805401086807e-01  -2.515909634531e-02  -8.940628916025e-02   0.000000000000e+00   0.000000000000e+00  -1.118518352509e+00 
  0.000000000000e+00   0.000000000000e+00  -1.118518352509e+00   4.595042467117e-01   0.000000000000e+00   7.167350500822e-02   7.001242041588e-01   1.016782302798e-08   7.002414464951e-01 
  6.862823367119e-01   0.000000000000e+00  -1.335922598839e+00   7.800971269608e-01   0.000000000000e+00  -1.289015173912e+00   0.000000000000e+00   0.000000000000e+00  -1.000000014901e-01 
  0.000000000000e+00  -2.700172737241e-02  -4.744376521558e-03  -2.805401086807e-01  -2.515909634531e-02  -8.940628916025e-02  -2.805401086807e-01  -2.515909634531e-02  -8.940628916025e-02 
  0.000000000000e+00   1.024747788906e-01   2.753955423832e-01   0.000000000000e+00   1.024747788906e-01   2.753955423832e-01  -5.629760026932e-02   5.769634246826e-02   5.278875827789e-01 
  0.000000000000e+00   3.311086073518e-02   4.845543801785e-01   0.000000000000e+00   0.000000000000e+00  -1.000000014901e-01   0.000000000000e+00   0.000000000000e+00  -1.000000014901e-01 
  0.000000000000e+00  -9.484154731035e-02  -1.000000014901e-01   0.000000000000e+00  -9.479506313801e-02  -1.000000014901e-01   0.000000000000e+00  -8.493446558714e-02  -1.000000014901e-01 
  0.000000000000e+00  -8.493446558714e-02  -1.000000014901e-01   0.000000000000e+00   1.024747788906e-01   2.753955423832e-01   0.000000000000e+00   1.024747788906e-01   2.753955423832e-01 
 -5.629760026932e-02   5.769634246826e-02   5.278875827789e-01   0.000000000000e+00   3.311086073518e-02   4.845543801785e-01   0.000000000000e+00   0.000000000000e+00  -1.000000014901e-01 
  0.000000000000e+00   0.000000000000e+00  -1.000000014901e-01   0.000000000000e+00  -9.484154731035e-02  -1.000000014901e-01   0.000000000000e+00  -9.479506313801e-02  -1.000000014901e-01 
  0.000000000000e+00  -8.493446558714e-02  -1.000000014901e-01   0.000000000000e+00  -8.493446558714e-02  -1.000000014901e-01   0.000000000000e+00   2.184567786753e-02   3.673550784588e-01 
  0.000000000000e+00   2.184567786753e-02   3.673550784588e-01  -2.580252103508e-02   2.427263930440e-02   2.930251359940e-01  -1.018075179309e-02   1.936452649534e-02   2.405285090208e-01 
  2.281295135617e-02   0.000000000000e+00   1.727834343910e-01   0.000000000000e+00   0.000000000000e+00  -1.000000014901e-01   0.000000000000e+00  -9.486373513937e-02  -1.900452971458e-01 
  0.000000000000e+00  -9.484763443470e-02  -1.825708895922e-01   2.528278855607e-04  -9.009846299887e-02  -1.644016355276e-01   2.528278855607e-04  -9.009846299887e-02  -1.644016355276e-01 
  0.000000000000e+00  -1.901140362024e-01  -2.162130624056e-01   0.000000000000e+00  -1.901140362024e-01  -2.162130624056e-01  -2.720579132438e-02  -1.766280829906e-01  -1.252935826778e-01 
  4.140505567193e-02  -1.626264750957e-01  -1.620444655418e-01   6.819970905781e-02  -1.031966581941e-01   8.237555623055e-01   6.708336621523e-02  -1.851578429341e-02   1.101155757904e+00 
  4.045875743032e-02  -5.832265317440e-02   6.297671198845e-01   2.319760620594e-02  -6.932428479195e-02   3.704223334789e-01  -8.147455006838e-02  -7.562617212534e-02   1.975669860840e-01 
 -8.147455006838e-02  -7.562617212534e-02   1.975669860840e-01   0.000000000000e+00  -8.060827851295e-02  -5.205724239349e-01   0.000000000000e+00  -8.060827851295e-02  -5.205724239349e-01 
 -8.428650908172e-03  -5.479693785310e-02  -2.930973172188e-01   1.651835143566e-01  -6.117506325245e-02  -6.680029034615e-01   7.714387774467e-02  -1.359891425818e-02   1.519145250320e+00 
  5.540026351810e-02  -4.430006723851e-03   1.634218096733e+00   2.288958244026e-02  -1.736538717523e-03   9.494326710701e-01   1.078404299915e-02  -1.182723883539e-02   5.635014176369e-01 
 -2.018244862556e-01  -2.337864786386e-02   2.044758796692e-01  -2.018244862556e-01  -2.337864786386e-02   2.044758796692e-01   0.000000000000e+00  -5.963116884232e-02  -1.333154924214e-02 
  0.000000000000e+00  -5.963116884232e-02  -1.333154924214e-02  -2.846963889897e-02  -4.810102283955e-02   1.310527771711e-01   3.160252273083e-01  -9.402417391539e-02   1.147207856178e+00 
  0.000000000000e+00   0.000000000000e+00   1.718217968941e+00   0.000000000000e+00   0.000000000000e+00   1.750944733620e+00   0.000000000000e+00   0.000000000000e+00  -1.000000014901e-01 
  0.000000000000e+00  -2.458561584353e-02  -3.215762227774e-02  -2.959500551224e-01  -4.464216157794e-02   2.008887007833e-02  -2.959500551224e-01  -4.464216157794e-02   2.008887007833e-02 
  0.000000000000e+00   4.108004644513e-02  -2.269559651613e-01   0.000000000000e+00   4.108004644513e-02  -2.269559651613e-01   1.801282167435e-01   4.771396890283e-02   5.441105365753e-01 
  4.423399567604e-01   2.206216380000e-02   1.613771915436e+00   2.900106310844e-01   0.000000000000e+00   1.674393296242e+00   3.425443768501e-01   0.000000000000e+00   1.688022017479e+00 
  1.389965713024e-01   0.000000000000e+00   9.028451442719e-01  -2.096176892519e-01  -4.462248831987e-02   3.433998301625e-02  -3.451103568077e-01  -7.304252684116e-02   5.015338212252e-02 
 -3.451103568077e-01  -7.304252684116e-02   5.015338212252e-02   0.000000000000e+00   7.996670156717e-02  -2.845550179482e-01   0.000000000000e+00   7.996670156717e-02  -2.845550179482e-01 
  1.212672144175e-01   3.783218190074e-02  -9.124654531479e-02   3.644964396954e-01  -7.043918129057e-03   1.697147786617e-01   7.331897616386e-01   0.000000000000e+00  -1.289015173912e+00 
  7.331897616386e-01   0.000000000000e+00  -1.277737498283e+00   0.000000000000e+00  -9.731499478221e-03  -1.000000014901e-01   0.000000000000e+00  -9.222482331097e-03  -1.000000014901e-01 
  0.000000000000e+00  -9.894469380379e-02  -1.000000014901e-01   0.000000000000e+00  -9.894469380379e-02  -1.000000014901e-01   0.000000000000e+00   0.000000000000e+00  -1.118518352509e+00 
  0.000000000000e+00   0.000000000000e+00  -1.118518352509e+00   4.595042467117e-01   0.000000000000e+00   7.167350500822e-02   7.001242041588e-01   1.016782302798e-08   7.002414464951e-01 
  6.862823367119e-01   0.000000000000e+00  -1.335922598839e+00   7.800971269608e-01   0.000000000000e+00  -1.289015173912e+00   0.000000000000e+00   0.000000000000e+00  -1.000000014901e-01 
  0.000000000000e+00  -2.700172737241e-02  -4.744376521558e-03  -2.805401086807e-01  -2.515909634531e-02  -8.940628916025e-02  -2.805401086807e-01  -2.515909634531e-02  -8.940628916025e-02 
  0.000000000000e+00   0.000000000000e+00  -1.118518352509e+00   0.000000000000e+00   0.000000000000e+00  -1.118518352509e+00   4.595042467117e-01   0.000000000000e+00   7.167350500822e-02 
  7.001242041588e-01   1.016782302798e-08   7.002414464951e-01   6.862823367119e-01   0.000000000000e+00  -1.335922598839e+00   7.800971269608e-01   0.000000000000e+00  -1.289015173912e+00 
  0.000000000000e+00   0.000000000000e+00  -1.000000014901e-01   0.000000000000e+00  -2.700172737241e-02  -4.744376521558e-03  -2.805401086807e-01  -2.515909634531e-02  -8.940628916025e-02 
 -2.805401086807e-01  -2.515909634531e-02  -8.940628916025e-02 

