# vtk DataFile Version 2.0
Written using VisIt writer
ASCII
DATASET RECTILINEAR_GRID
DIMENSIONS 10 10 10
X_COORDINATES 10 float
  0.000000000000e+00   5.000000000000e-01   1.000000000000e+00   1.500000000000e+00   2.000000000000e+00   2.500000000000e+00   3.000000000000e+00   3.500000000000e+00   4.000000000000e+00 
  4.500000000000e+00 
Y_COORDINATES 10 float
  0.000000000000e+00   5.000000000000e-01   1.000000000000e+00   1.500000000000e+00   2.000000000000e+00   2.500000000000e+00   3.000000000000e+00   3.500000000000e+00   4.000000000000e+00 
  4.500000000000e+00 
Z_COORDINATES 10 float
  0.000000000000e+00   5.000000000000e-01   1.000000000000e+00   1.500000000000e+00   2.000000000000e+00   2.500000000000e+00   3.000000000000e+00   3.500000000000e+00   4.000000000000e+00 
  4.500000000000e+00 
CELL_DATA 729
POINT_DATA 1000
VECTORS velocity float
  0.000000000000e+00  -1.338108479977e-01  -2.425878047943e-01   3.251200000000e+04   0.000000000000e+00   0.000000000000e+00   0.000000000000e+00   0.000000000000e+00   0.000000000000e+00 
  1.515868455172e-01  -6.441646814346e-02  -1.607370525599e-01   0.000000000000e+00   0.000000000000e+00   0.000000000000e+00   0.000000000000e+00   1.431655808000e+09   1.070945600000e+09 
 -3.976660594344e-02  -9.281090646982e-02  -1.631369739771e-01   1.071994176000e+09   0.000000000000e+00   0.000000000000e+00   0.000000000000e+00   0.000000000000e+00   0.000000000000e+00 
  7.589834183455e-02  -1.563926935196e-01  -1.838091462851e-01   0.000000000000e+00  -1.338108479977e-01  -2.425878047943e-01   1.070945600000e+09   0.000000000000e+00   0.000000000000e+00 
  1.789481751621e-02  -1.210429295897e-01  -2.192774713039e-01   1.515868455172e-01  -6.441646814346e-02  -1.607370525599e-01   1.431655808000e+09   1.070945600000e+09   0.000000000000e+00 
  5.163484439254e-02  -4.871869087219e-02  -1.376085728407e-01  -3.976660594344e-02  -9.281090646982e-02  -1.631369739771e-01   0.000000000000e+00   0.000000000000e+00   1.071644672000e+09 
  7.589834183455e-02  -1.563926935196e-01  -1.838091462851e-01   7.589834183455e-02  -1.563926935196e-01  -1.838091462851e-01   0.000000000000e+00   4.072805866599e-02  -2.016538530588e-01 
  0.000000000000e+00   4.072805866599e-02  -2.016538530588e-01  -9.644581587054e-05  -1.238862276077e-01  -2.088675051928e-01   1.126778200269e-01  -2.552535831928e-01  -1.877614557743e-01 
  9.295656532049e-02  -1.914734244347e-01  -1.894683539867e-01   6.051519513130e-02  -4.679529741406e-02  -1.430750638247e-01   3.940265998244e-02  -1.617811247706e-02  -1.412045508623e-01 
  4.555535316467e-02  -1.503620762378e-02  -1.356886625290e-01   1.010290160775e-01   6.724471226335e-03  -1.451236754656e-01   1.010290160775e-01   6.724471226335e-03  -1.451236754656e-01 
  0.000000000000e+00   8.820384740829e-03  -1.941842734814e-01   0.000000000000e+00   8.820384740829e-03  -1.941842734814e-01   1.236833333969e-01  -3.844788298011e-02  -1.842858195305e-01 
  5.600434169173e-02   3.584312973544e-03  -1.599771231413e-01   3.689976781607e-02  -6.687410920858e-02  -1.641792058945e-01   9.723218530416e-02  -1.334466338158e-01  -1.565356999636e-01 
  7.048075646162e-02  -1.194265186787e-01  -1.874166876078e-01   1.816731542349e-01  -1.045106053352e-01  -1.412894129753e-01   1.069038659334e-01  -6.970694661140e-02  -1.424815207720e-01 
  1.069038659334e-01  -6.970694661140e-02  -1.424815207720e-01   0.000000000000e+00   4.060055594891e-03  -2.393466532230e-01   0.000000000000e+00   4.060055594891e-03  -2.393466532230e-01 
 -9.167576581240e-02  -7.538075000048e-02  -2.392209470272e-01   2.153128013015e-02  -9.122998453677e-03  -1.808671504259e-01   5.394100397825e-02  -6.825616955757e-02  -1.632255017757e-01 
  2.557934820652e-02  -6.784487515688e-02  -1.519173681736e-01   3.725096955895e-02   9.023489430547e-03  -1.674221605062e-01   1.299737989902e-01  -4.295478761196e-02  -1.544066667557e-01 
  6.093699485064e-02  -1.424404233694e-01  -1.904185116291e-01   6.093699485064e-02  -1.424404233694e-01  -1.904185116291e-01   0.000000000000e+00  -6.927529349923e-03  -1.955919414759e-01 
  0.000000000000e+00  -6.927529349923e-03  -1.955919414759e-01  -7.450468838215e-03  -2.195908455178e-03  -1.917961239815e-01   1.067039817572e-01   4.966233670712e-02  -1.849058419466e-01 
  1.302399039268e-01  -2.363318577409e-02  -2.080625891685e-01   1.129784584045e-01   4.490063712001e-02  -1.465726345778e-01  -4.818989837077e-04  -2.086112275720e-02  -1.468476504087e-01 
 -4.181902855635e-02  -2.106256596744e-02  -1.388294249773e-01  -4.211279004812e-02  -5.111658480018e-03  -1.504603177309e-01  -4.211279004812e-02  -5.111658480018e-03  -1.504603177309e-01 
  0.000000000000e+00  -2.071992121637e-02  -1.925255805254e-01   0.000000000000e+00  -2.071992121637e-02  -1.925255805254e-01   4.555095359683e-02  -5.724761635065e-02  -1.741256415844e-01 
  5.250158160925e-02   5.752696841955e-02  -1.543509662151e-01   9.783264994621e-02   7.148465514183e-02  -1.572649925947e-01   1.679228544235e-01   6.535036116838e-02  -1.631204187870e-01 
  9.686882048845e-02  -3.879117593169e-02  -1.872176676989e-01   9.105931967497e-02  -2.257404848933e-02  -1.446796059608e-01   7.543596625328e-02   5.620681867003e-02  -1.523394435644e-01 
  7.543596625328e-02   5.620681867003e-02  -1.523394435644e-01   0.000000000000e+00  -4.579219222069e-02  -2.191713750362e-01   0.000000000000e+00  -4.579219222069e-02  -2.191713750362e-01 
  5.597040522844e-03  -1.190973967314e-01  -2.303759157658e-01   1.028692796826e-01  -1.387279015034e-02  -1.694455593824e-01   9.728597849607e-02   2.001705951989e-02  -1.445304453373e-01 
  1.563556194305e-01   1.158864423633e-02  -1.378992050886e-01   5.339436978102e-02   6.486147642136e-02  -1.512826383114e-01   1.087693870068e-01   2.037952840328e-02  -1.593337506056e-01 
  2.234940081835e-01  -2.604623138905e-02  -1.956981122494e-01   2.234940081835e-01  -2.604623138905e-02  -1.956981122494e-01   0.000000000000e+00   0.000000000000e+00  -1.925664097071e-01 
  0.000000000000e+00   0.000000000000e+00  -1.925664097071e-01  -1.023034472018e-02   0.000000000000e+00  -2.091896981001e-01   6.024228408933e-02   0.000000000000e+00  -1.826267838478e-01 
 -3.110741823912e-02   0.000000000000e+00  -2.074130922556e-01   1.943488717079e-01   0.000000000000e+00  -1.270743906498e-01   1.321635842323e-01   0.000000000000e+00  -1.266181319952e-01 
  1.458707302809e-01   0.000000000000e+00  -1.271924227476e-01   3.271388411522e-01   0.000000000000e+00  -1.275777816772e-01   3.271388411522e-01   0.000000000000e+00  -1.275777816772e-01 
  0.000000000000e+00   0.000000000000e+00  -1.925664097071e-01   0.000000000000e+00   0.000000000000e+00  -1.925664097071e-01  -1.023034472018e-02   0.000000000000e+00  -2.091896981001e-01 
  6.024228408933e-02   0.000000000000e+00  -1.826267838478e-01  -3.110741823912e-02   0.000000000000e+00  -2.074130922556e-01   1.943488717079e-01   0.000000000000e+00  -1.270743906498e-01 
  1.321635842323e-01   0.000000000000e+00  -1.266181319952e-01   1.458707302809e-01   0.000000000000e+00  -1.271924227476e-01   3.271388411522e-01   0.000000000000e+00  -1.275777816772e-01 
  3.271388411522e-01   0.000000000000e+00  -1.275777816772e-01   0.000000000000e+00  -1.338108479977e-01  -2.425878047943e-01   0.000000000000e+00  -1.338108479977e-01  -2.425878047943e-01 
  1.789481751621e-02  -1.210429295897e-01  -2.192774713039e-01   1.515868455172e-01  -6.441646814346e-02  -1.607370525599e-01   1.247536167502e-01  -4.575733467937e-02  -1.497157663107e-01 
  5.163484439254e-02  -4.871869087219e-02  -1.376085728407e-01  -3.976660594344e-02  -9.281090646982e-02  -1.631369739771e-01   3.287805616856e-02  -1.080196052790e-01  -1.668724715710e-01 
  7.589834183455e-02  -1.563926935196e-01  -1.838091462851e-01   7.589834183455e-02  -1.563926935196e-01  -1.838091462851e-01   0.000000000000e+00  -1.338108479977e-01  -2.425878047943e-01 
  0.000000000000e+00  -1.338108479977e-01  -2.425878047943e-01   1.789481751621e-02  -1.210429295897e-01  -2.192774713039e-01   1.515868455172e-01  -6.441646814346e-02  -1.607370525599e-01 
  1.247536167502e-01  -4.575733467937e-02  -1.497157663107e-01   5.163484439254e-02  -4.871869087219e-02  -1.376085728407e-01  -3.976660594344e-02  -9.281090646982e-02  -1.631369739771e-01 
  3.287805616856e-02  -1.080196052790e-01  -1.668724715710e-01   7.589834183455e-02  -1.563926935196e-01  -1.838091462851e-01   7.589834183455e-02  -1.563926935196e-01  -1.838091462851e-01 
  0.000000000000e+00   4.072805866599e-02  -2.016538530588e-01   0.000000000000e+00   4.072805866599e-02  -2.016538530588e-01  -9.644581587054e-05  -1.238862276077e-01  -2.088675051928e-01 
  1.126778200269e-01  -2.552535831928e-01  -1.877614557743e-01   9.295656532049e-02  -1.914734244347e-01  -1.894683539867e-01   6.051519513130e-02  -4.679529741406e-02  -1.430750638247e-01 
  3.940265998244e-02  -1.617811247706e-02  -1.412045508623e-01   4.555535316467e-02  -1.503620762378e-02  -1.356886625290e-01   1.010290160775e-01   6.724471226335e-03  -1.451236754656e-01 
  1.010290160775e-01   6.724471226335e-03  -1.451236754656e-01   0.000000000000e+00   8.820384740829e-03  -1.941842734814e-01   0.000000000000e+00   8.820384740829e-03  -1.941842734814e-01 
  1.236833333969e-01  -3.844788298011e-02  -1.842858195305e-01   5.600434169173e-02   3.584312973544e-03  -1.599771231413e-01   3.689976781607e-02  -6.687410920858e-02  -1.641792058945e-01 
  9.723218530416e-02  -1.334466338158e-01  -1.565356999636e-01   7.048075646162e-02  -1.194265186787e-01  -1.874166876078e-01   1.816731542349e-01  -1.045106053352e-01  -1.412894129753e-01 
  1.069038659334e-01  -6.970694661140e-02  -1.424815207720e-01   1.069038659334e-01  -6.970694661140e-02  -1.424815207720e-01   0.000000000000e+00   4.060055594891e-03  -2.393466532230e-01 
  0.000000000000e+00   4.060055594891e-03  -2.393466532230e-01  -9.167576581240e-02  -7.538075000048e-02  -2.392209470272e-01   2.153128013015e-02  -9.122998453677e-03  -1.808671504259e-01 
  5.394100397825e-02  -6.825616955757e-02  -1.632255017757e-01   2.557934820652e-02  -6.784487515688e-02  -1.519173681736e-01   3.725096955895e-02   9.023489430547e-03  -1.674221605062e-01 
  1.299737989902e-01  -4.295478761196e-02  -1.544066667557e-01   6.093699485064e-02  -1.424404233694e-01  -1.904185116291e-01   6.093699485064e-02  -1.424404233694e-01  -1.904185116291e-01 
  0.000000000000e+00  -6.927529349923e-03  -1.955919414759e-01   0.000000000000e+00  -6.927529349923e-03  -1.955919414759e-01  -7.450468838215e-03  -2.195908455178e-03  -1.917961239815e-01 
  1.067039817572e-01   4.966233670712e-02  -1.849058419466e-01   1.302399039268e-01  -2.363318577409e-02  -2.080625891685e-01   1.129784584045e-01   4.490063712001e-02  -1.465726345778e-01 
 -4.818989837077e-04  -2.086112275720e-02  -1.468476504087e-01  -4.181902855635e-02  -2.106256596744e-02  -1.388294249773e-01  -4.211279004812e-02  -5.111658480018e-03  -1.504603177309e-01 
 -4.211279004812e-02  -5.111658480018e-03  -1.504603177309e-01   0.000000000000e+00  -2.071992121637e-02  -1.925255805254e-01   0.000000000000e+00  -2.071992121637e-02  -1.925255805254e-01 
  4.555095359683e-02  -5.724761635065e-02  -1.741256415844e-01   5.250158160925e-02   5.752696841955e-02  -1.543509662151e-01   9.783264994621e-02   7.148465514183e-02  -1.572649925947e-01 
  1.679228544235e-01   6.535036116838e-02  -1.631204187870e-01   9.686882048845e-02  -3.879117593169e-02  -1.872176676989e-01   9.105931967497e-02  -2.257404848933e-02  -1.446796059608e-01 
  7.543596625328e-02   5.620681867003e-02  -1.523394435644e-01   7.543596625328e-02   5.620681867003e-02  -1.523394435644e-01   0.000000000000e+00  -4.579219222069e-02  -2.191713750362e-01 
  0.000000000000e+00  -4.579219222069e-02  -2.191713750362e-01   5.597040522844e-03  -1.190973967314e-01  -2.303759157658e-01   1.028692796826e-01  -1.387279015034e-02  -1.694455593824e-01 
  9.728597849607e-02   2.001705951989e-02  -1.445304453373e-01   1.563556194305e-01   1.158864423633e-02  -1.378992050886e-01   5.339436978102e-02   6.486147642136e-02  -1.512826383114e-01 
  1.087693870068e-01   2.037952840328e-02  -1.593337506056e-01   2.234940081835e-01  -2.604623138905e-02  -1.956981122494e-01   2.234940081835e-01  -2.604623138905e-02  -1.956981122494e-01 
  0.000000000000e+00   0.000000000000e+00  -1.925664097071e-01   0.000000000000e+00   0.000000000000e+00  -1.925664097071e-01  -1.023034472018e-02   0.000000000000e+00  -2.091896981001e-01 
  6.024228408933e-02   0.000000000000e+00  -1.826267838478e-01  -3.110741823912e-02   0.000000000000e+00  -2.074130922556e-01   1.943488717079e-01   0.000000000000e+00  -1.270743906498e-01 
  1.321635842323e-01   0.000000000000e+00  -1.266181319952e-01   1.458707302809e-01   0.000000000000e+00  -1.271924227476e-01   3.271388411522e-01   0.000000000000e+00  -1.275777816772e-01 
  3.271388411522e-01   0.000000000000e+00  -1.275777816772e-01   0.000000000000e+00   0.000000000000e+00  -1.925664097071e-01   0.000000000000e+00   0.000000000000e+00  -1.925664097071e-01 
 -1.023034472018e-02   0.000000000000e+00  -2.091896981001e-01   6.024228408933e-02   0.000000000000e+00  -1.826267838478e-01  -3.110741823912e-02   0.000000000000e+00  -2.074130922556e-01 
  1.943488717079e-01   0.000000000000e+00  -1.270743906498e-01   1.321635842323e-01   0.000000000000e+00  -1.266181319952e-01   1.458707302809e-01   0.000000000000e+00  -1.271924227476e-01 
  3.271388411522e-01   0.000000000000e+00  -1.275777816772e-01   3.271388411522e-01   0.000000000000e+00  -1.275777816772e-01   0.000000000000e+00  -1.617660522461e-01  -1.124733328819e+00 
  0.000000000000e+00  -1.617660522461e-01  -1.124733328819e+00   2.171738147736e-01  -1.033998727798e-01  -1.500859737396e+00   6.157441139221e-01   1.598913222551e-02  -9.668930768967e-01 
  1.007015824318e+00  -8.156178146601e-02  -8.276895284653e-01   1.275107413530e-01  -3.899502009153e-02  -4.417038857937e-01  -3.549055755138e-02  -3.451119735837e-02  -3.686302155256e-02 
 -7.978532910347e-01  -1.423103511333e-01  -3.312753140926e-02  -7.558616995811e-01  -5.420538783073e-02  -1.619085110724e-02  -7.558616995811e-01  -5.420538783073e-02  -1.619085110724e-02 
  0.000000000000e+00  -1.617660522461e-01  -1.124733328819e+00   0.000000000000e+00  -1.617660522461e-01  -1.124733328819e+00   2.171738147736e-01  -1.033998727798e-01  -1.500859737396e+00 
  6.157441139221e-01   1.598913222551e-02  -9.668930768967e-01   1.007015824318e+00  -8.156178146601e-02  -8.276895284653e-01   1.275107413530e-01  -3.899502009153e-02  -4.417038857937e-01 
 -3.549055755138e-02  -3.451119735837e-02  -3.686302155256e-02  -7.978532910347e-01  -1.423103511333e-01  -3.312753140926e-02  -7.558616995811e-01  -5.420538783073e-02  -1.619085110724e-02 
 -7.558616995811e-01  -5.420538783073e-02  -1.619085110724e-02   0.000000000000e+00   2.332827746868e-01  -1.225794315338e+00   0.000000000000e+00   2.332827746868e-01  -1.225794315338e+00 
  2.303606718779e-01   1.476054042578e-01  -7.661955356598e-01   3.233155906200e-01   6.905425339937e-02  -6.832285523415e-01   3.697029054165e-01  -2.245256602764e-01  -1.553261429071e-01 
  5.450470447540e-01  -8.049894124269e-02  -3.670977950096e-01   2.747442759573e-02  -2.163272537291e-02  -5.879544839263e-02   4.920391365886e-02  -1.047421991825e-01  -5.700675249100e-01 
  1.009573042393e-01   6.680458784103e-03  -5.606439709663e-01   1.009573042393e-01   6.680458784103e-03  -5.606439709663e-01   0.000000000000e+00  -2.832392975688e-02  -9.344878196716e-01 
  0.000000000000e+00  -2.832392975688e-02  -9.344878196716e-01   1.987669169903e-01  -7.902523130178e-02  -7.731133699417e-01   2.839641273022e-01   6.979003548622e-02  -8.243633508682e-01 
  6.554639339447e-01  -4.759250283241e-01  -6.473446488380e-01   1.370762109756e+00  -2.426030486822e-01  -4.936775863171e-01  -9.205003082752e-02  -1.294848024845e-01  -6.466786861420e-01 
  7.420881837606e-02  -1.045380160213e-01  -5.146490335464e-01   1.036965027452e-01  -7.140906155109e-02  -5.642226934433e-01   1.036965027452e-01  -7.140906155109e-02  -5.642226934433e-01 
  0.000000000000e+00   4.221765697002e-02  -1.118088126183e+00   0.000000000000e+00   4.221765697002e-02  -1.118088126183e+00   2.451773136854e-01   1.229472383857e-01  -7.430707812309e-01 
  4.206615984440e-01   1.249645128846e-01  -7.031451463699e-01   1.654451340437e-01  -2.194854468107e-01  -8.507525324821e-01  -1.162888184190e-01  -2.105281800032e-01  -1.079319834709e+00 
 -5.388565659523e-01  -1.243266463280e-01  -7.783751487732e-01  -2.434217557311e-02  -6.644149869680e-02  -5.534665584564e-01   9.996606409550e-02  -1.197377890348e-01  -7.659380435944e-01 
  9.996606409550e-02  -1.197377890348e-01  -7.659380435944e-01   0.000000000000e+00   1.606068015099e-02  -8.908519744873e-01   0.000000000000e+00   1.606068015099e-02  -8.908519744873e-01 
  2.245056629181e-01   2.345771044493e-01  -6.106668710709e-01   2.847815454006e-01   2.287062630057e-02  -9.848076701164e-01   5.409069824964e-03   1.446403414011e-01  -6.971663832664e-01 
  7.586246728897e-01   1.570444256067e-01  -3.665545582771e-01   5.368096753955e-02   2.938365750015e-02  -2.748921215534e-01   3.563271164894e-01  -5.056151747704e-02  -4.477970600128e-01 
  2.522702515125e-01  -8.275342173874e-03  -6.963565945625e-01   2.522702515125e-01  -8.275342173874e-03  -6.963565945625e-01   0.000000000000e+00  -1.535546127707e-02  -7.707282304764e-01 
  0.000000000000e+00  -1.535546127707e-02  -7.707282304764e-01   2.551820874214e-01   9.861957281828e-02  -5.837269425392e-01   4.792293906212e-01   6.698102504015e-02  -5.578492879868e-01 
  4.903973042965e-01   4.327639937401e-01  -8.404622673988e-01   7.965492606163e-01   3.280729427934e-02  -4.780156314373e-01   1.620067059994e-01  -3.227883949876e-02   1.404171735048e-01 
  1.918341219425e-01   3.598356246948e-02   2.608163356781e-01  -1.867567300797e-01   4.406012222171e-02  -1.708618164062e+00  -1.867567300797e-01   4.406012222171e-02  -1.708618164062e+00 
  0.000000000000e+00  -2.308949083090e-02  -6.810801029205e-01   0.000000000000e+00  -2.308949083090e-02  -6.810801029205e-01  -6.543711572886e-02  -9.974168986082e-02  -5.973277688026e-01 
  5.141180753708e-01  -6.723161041737e-02  -9.254703521729e-01   6.625470519066e-01   3.597353771329e-02  -1.049082994461e+00   1.496647596359e+00  -2.011841628700e-03  -1.282147765160e+00 
  1.528781890869e+00   2.999593876302e-02  -1.396646976471e+00   4.334739744663e-01   7.335570454597e-02  -3.759686350822e-01   6.346894055605e-02   2.063157856464e-01  -4.440159201622e-01 
  6.346894055605e-02   2.063157856464e-01  -4.440159201622e-01   0.000000000000e+00   0.000000000000e+00  -8.037620782852e-01   0.000000000000e+00   0.000000000000e+00  -8.037620782852e-01 
  3.140819966793e-01   0.000000000000e+00  -9.120809435844e-01   2.093044817448e-01   0.000000000000e+00  -8.633740544319e-01   2.180072814226e-01   1.385614183391e-07  -8.003790378571e-01 
  6.284527778625e-01   0.000000000000e+00   3.924600407481e-02   6.725777983665e-01   6.880638655275e-03  -7.338186353445e-02   2.280795425177e-01   6.276129744947e-03  -7.280758023262e-02 
  2.864768803120e-01   0.000000000000e+00  -7.242222130299e-02   2.864768803120e-01   0.000000000000e+00  -7.242222130299e-02   0.000000000000e+00   0.000000000000e+00  -8.037620782852e-01 
  0.000000000000e+00   0.000000000000e+00  -8.037620782852e-01   3.140819966793e-01   0.000000000000e+00  -9.120809435844e-01   2.093044817448e-01   0.000000000000e+00  -8.633740544319e-01 
  2.180072814226e-01   1.385614183391e-07  -8.003790378571e-01   6.284527778625e-01   0.000000000000e+00   3.924600407481e-02   6.725777983665e-01   6.880638655275e-03  -7.338186353445e-02 
  2.280795425177e-01   6.276129744947e-03  -7.280758023262e-02   2.864768803120e-01   0.000000000000e+00  -7.242222130299e-02   2.864768803120e-01   0.000000000000e+00  -7.242222130299e-02 
  0.000000000000e+00   7.829616963863e-02  -2.451557219028e-01   0.000000000000e+00   7.829616963863e-02  -2.451557219028e-01   7.420631498098e-02  -1.950860954821e-02  -2.412074655294e-01 
  5.937865376472e-01  -2.460863033775e-04   1.353043764830e-01   1.657451152802e+00  -7.059553265572e-02   1.023950576782e+00   0.000000000000e+00  -1.077619642019e-01  -3.463118970394e-01 
  0.000000000000e+00  -1.338421106339e-01  -1.000000014901e-01  -8.321009874344e-01  -1.805073469877e-01  -1.094755083323e-01  -7.590950131416e-01  -1.334728747606e-01  -7.297251373529e-02 
 -7.590950131416e-01  -1.334728747606e-01  -7.297251373529e-02   0.000000000000e+00   7.829616963863e-02  -2.451557219028e-01   0.000000000000e+00   7.829616963863e-02  -2.451557219028e-01 
  7.420631498098e-02  -1.950860954821e-02  -2.412074655294e-01   5.937865376472e-01  -2.460863033775e-04   1.353043764830e-01   1.657451152802e+00  -7.059553265572e-02   1.023950576782e+00 
  0.000000000000e+00  -1.077619642019e-01  -3.463118970394e-01   0.000000000000e+00  -1.338421106339e-01  -1.000000014901e-01  -8.321009874344e-01  -1.805073469877e-01  -1.094755083323e-01 
 -7.590950131416e-01  -1.334728747606e-01  -7.297251373529e-02  -7.590950131416e-01  -1.334728747606e-01  -7.297251373529e-02   0.000000000000e+00   1.786176562309e-01  -8.388226032257e-01 
  0.000000000000e+00   1.786176562309e-01  -8.388226032257e-01   5.676309019327e-02   2.849393337965e-02  -5.237534642220e-01   9.432071447372e-02  -1.052729487419e-01  -5.733924508095e-01 
  2.424884140491e-01  -1.249134987593e-01  -4.331282377243e-01   1.664618402719e-01  -1.949626803398e-01  -4.821899235249e-01  -4.447068274021e-01  -1.008952856064e-01  -1.902042031288e-01 
 -2.697672545910e-01  -1.075013503432e-01  -7.297251373529e-02  -4.377458095551e-01  -9.664228558540e-02  -3.164281845093e-01  -4.377458095551e-01  -9.664228558540e-02  -3.164281845093e-01 
  0.000000000000e+00  -1.096584349871e-01  -1.549647301435e-01   0.000000000000e+00  -1.096584349871e-01  -1.549647301435e-01   1.465884745121e-01  -5.374144390225e-02  -4.954012036324e-01 
  3.261285424232e-01  -7.973040454090e-03  -6.360707283020e-01   4.597077965736e-01  -3.484287858009e-01  -6.534817814827e-01  -8.990988731384e-01  -5.028970241547e-01  -6.173449754715e-01 
 -5.937933921814e-01  -1.040166616440e-01  -4.362282454967e-01  -3.059987723827e-01  -1.063759177923e-01  -4.612460136414e-01  -5.148049443960e-02  -8.743087947369e-02  -5.623100399971e-01 
 -5.148049443960e-02  -8.743087947369e-02  -5.623100399971e-01   0.000000000000e+00   7.734188437462e-02  -4.862127602100e-01   0.000000000000e+00   7.734188437462e-02  -4.862127602100e-01 
  1.293411403894e-01   7.399151474237e-02  -2.456677407026e-01   3.376606702805e-01   9.043343365192e-02  -3.230165243149e-01  -1.004756540060e-01  -1.064110398293e-01  -2.226918488741e-01 
 -7.133365273476e-01   4.590231983457e-04  -6.319676637650e-01  -6.293829679489e-01   5.350981839001e-03  -3.351291716099e-01  -2.948442101479e-01  -1.613126695156e-02  -4.133725166321e-01 
 -1.008699089289e-01  -6.477167457342e-02  -6.749702095985e-01  -1.008699089289e-01  -6.477167457342e-02  -6.749702095985e-01   0.000000000000e+00   2.340261591598e-03  -4.025990664959e-01 
  0.000000000000e+00   2.340261591598e-03  -4.025990664959e-01   4.199390113354e-02   8.757571130991e-02  -3.577772080898e-01   4.750823229551e-02  -2.648901892826e-03  -3.870952725410e-01 
 -3.663964271545e-01   1.880469731987e-02  -9.780981391668e-02  -3.497982621193e-01   1.000183224678e-01  -3.650362491608e-01  -3.495576605201e-02   6.296317279339e-02  -4.653195440769e-01 
  2.527961432934e-01  -2.624845597893e-03  -4.487825036049e-01   2.146478593349e-01   3.936768509448e-03  -9.216506481171e-01   2.146478593349e-01   3.936768509448e-03  -9.216506481171e-01 
  0.000000000000e+00   4.379795119166e-02  -2.829800248146e-01   0.000000000000e+00   4.379795119166e-02  -2.829800248146e-01   1.600629538298e-01   9.656840562820e-02  -3.096394538879e-01 
  3.746272325516e-01   4.972352087498e-02  -4.252458214760e-01   4.155928194523e-01   1.700235456228e-01  -6.739704608917e-01   1.278389692307e-01   3.005956113338e-02  -7.143275737762e-01 
  9.903660416603e-02  -1.452484168112e-02  -5.572262406349e-01   1.579409986734e-01   1.520248129964e-02  -5.487784743309e-01   0.000000000000e+00   6.639160960913e-02  -1.774363517761e+00 
  0.000000000000e+00   6.639160960913e-02  -1.774363517761e+00   0.000000000000e+00  -7.189263706096e-04  -5.457087159157e-01   0.000000000000e+00  -7.189263706096e-04  -5.457087159157e-01 
  5.084977671504e-02   3.816685639322e-03  -3.748798370361e-01   2.705882489681e-01  -3.748435899615e-02  -9.564661979675e-01   4.902009367943e-01   9.432007372379e-02  -1.014117360115e+00 
  8.695576190948e-01   2.035186067224e-02  -1.461204290390e+00   3.159269094467e-01   4.437955841422e-02  -8.291197419167e-01   4.870700836182e-01   3.183116018772e-02  -4.967631995678e-01 
  9.358552843332e-02   1.468781679869e-01  -1.853521347046e+00   9.358552843332e-02   1.468781679869e-01  -1.853521347046e+00   0.000000000000e+00   0.000000000000e+00  -4.100728332996e-01 
  0.000000000000e+00   0.000000000000e+00  -4.100728332996e-01   1.701547205448e-01   3.380139824003e-04  -1.418250054121e-01   2.445961534977e-01  -1.664390228689e-02  -1.076756358147e+00 
  3.533684313297e-01   3.261041641235e-02  -9.155530929565e-01   6.922315955162e-01   1.209711562842e-02  -6.250033378601e-01   3.701756000519e-01   0.000000000000e+00  -4.577855467796e-01 
  5.398821830750e-01   1.112170424312e-02  -2.219574302435e-01   2.197191864252e-01   4.019157961011e-02  -5.118245482445e-01   2.197191864252e-01   4.019157961011e-02  -5.118245482445e-01 
  0.000000000000e+00   0.000000000000e+00  -4.100728332996e-01   0.000000000000e+00   0.000000000000e+00  -4.100728332996e-01   1.701547205448e-01   3.380139824003e-04  -1.418250054121e-01 
  2.445961534977e-01  -1.664390228689e-02  -1.076756358147e+00   3.533684313297e-01   3.261041641235e-02  -9.155530929565e-01   6.922315955162e-01   1.209711562842e-02  -6.250033378601e-01 
  3.701756000519e-01   0.000000000000e+00  -4.577855467796e-01   5.398821830750e-01   1.112170424312e-02  -2.219574302435e-01   2.197191864252e-01   4.019157961011e-02  -5.118245482445e-01 
  2.197191864252e-01   4.019157961011e-02  -5.118245482445e-01   0.000000000000e+00   7.885928452015e-02  -1.426856517792e-01   0.000000000000e+00   7.885928452015e-02  -1.426856517792e-01 
  7.932147383690e-02  -2.946749515831e-02   3.212980329990e-01   2.704769000411e-02  -2.617327868938e-01  -2.843679487705e-01   0.000000000000e+00  -1.114510893822e-01   1.023950576782e+00 
  0.000000000000e+00  -1.766744256020e-02  -1.439288854599e-01   0.000000000000e+00  -6.785576045513e-02  -1.000000014901e-01   0.000000000000e+00   0.000000000000e+00  -3.646952286363e-02 
  0.000000000000e+00  -6.591371446848e-02  -7.297251373529e-02   0.000000000000e+00  -6.591371446848e-02  -7.297251373529e-02   0.000000000000e+00   7.885928452015e-02  -1.426856517792e-01 
  0.000000000000e+00   7.885928452015e-02  -1.426856517792e-01   7.932147383690e-02  -2.946749515831e-02   3.212980329990e-01   2.704769000411e-02  -2.617327868938e-01  -2.843679487705e-01 
  0.000000000000e+00  -1.114510893822e-01   1.023950576782e+00   0.000000000000e+00  -1.766744256020e-02  -1.439288854599e-01   0.000000000000e+00  -6.785576045513e-02  -1.000000014901e-01 
  0.000000000000e+00   0.000000000000e+00  -3.646952286363e-02   0.000000000000e+00  -6.591371446848e-02  -7.297251373529e-02   0.000000000000e+00  -6.591371446848e-02  -7.297251373529e-02 
  0.000000000000e+00   2.697594836354e-02  -3.467918336391e-01   0.000000000000e+00   2.697594836354e-02  -3.467918336391e-01   1.264958679676e-01  -2.991586364806e-02  -4.457718431950e-01 
  3.407872021198e-01  -1.743946224451e-01  -3.832041025162e-01   2.381615936756e-01  -1.942942291498e-02  -6.078270822763e-02   0.000000000000e+00   0.000000000000e+00  -1.000000014901e-01 
  0.000000000000e+00  -5.867944285274e-02   8.780892938375e-03  -6.638741493225e-01   0.000000000000e+00  -7.297251373529e-02  -2.059040218592e-01  -5.512392893434e-02  -1.638987511396e-01 
 -2.059040218592e-01  -5.512392893434e-02  -1.638987511396e-01   0.000000000000e+00  -1.186362206936e-01  -1.604815721512e-01   0.000000000000e+00  -1.186362206936e-01  -1.604815721512e-01 
  9.748940914869e-02  -8.071887493134e-02  -3.304119706154e-01   2.612882852554e-01  -6.595572084188e-02  -4.035270214081e-01   0.000000000000e+00  -3.784569501877e-01   1.652068793774e-01 
 -1.410670638084e+00  -5.281831622124e-01   4.237514734268e-01  -1.057372570038e+00  -3.421480357647e-01   8.916319161654e-02  -9.347507357597e-01  -1.798525005579e-01  -1.499275714159e-01 
 -6.192130446434e-01  -1.158021464944e-01  -4.047704339027e-01  -6.192130446434e-01  -1.158021464944e-01  -4.047704339027e-01   0.000000000000e+00   6.645176559687e-02  -4.798715114594e-01 
  0.000000000000e+00   6.645176559687e-02  -4.798715114594e-01   4.510930180550e-02   3.487285226583e-02  -6.216594576836e-02   1.700782477856e-01   9.990364560508e-06  -4.901106357574e-01 
 -2.192281484604e-01  -1.982084661722e-01  -2.761003077030e-01  -5.885040760040e-01  -2.463259994984e-01  -2.719614468515e-02  -9.444851279259e-01  -1.302572637796e-01  -2.738921940327e-01 
 -7.753481864929e-01  -7.330423593521e-02  -2.863759100437e-01   0.000000000000e+00  -5.947892740369e-02  -5.044422745705e-01   0.000000000000e+00  -5.947892740369e-02  -5.044422745705e-01 
  0.000000000000e+00   3.039306961000e-02  -3.557150065899e-01   0.000000000000e+00   3.039306961000e-02  -3.557150065899e-01   4.110128432512e-02   5.898439139128e-02  -6.568899750710e-01 
  7.591980695724e-02  -9.277705103159e-03  -7.396684288979e-01  -1.597026586533e-01  -7.104567438364e-02  -4.314906597137e-01  -1.329915076494e-01  -7.197568565607e-02  -2.973542809486e-01 
 -4.684999585152e-02  -1.643944159150e-02  -7.377781867981e-01   1.890909373760e-01  -1.569833979011e-02  -6.188769936562e-01   1.808379739523e-01  -5.007878062315e-04  -6.559028029442e-01 
  1.808379739523e-01  -5.007878062315e-04  -6.559028029442e-01   0.000000000000e+00   2.636747993529e-02  -5.433474183083e-01   0.000000000000e+00   2.636747993529e-02  -5.433474183083e-01 
  1.498892903328e-01   9.563826769590e-02  -6.894259452820e-01   1.547788679600e-01   4.410308972001e-02  -7.454568743706e-01   2.238276600838e-01   3.286223113537e-02  -4.778955280781e-01 
  8.284211158752e-02  -3.435930935666e-03  -8.455281257629e-01   2.681379318237e-01   1.492735743523e-02  -1.098096489906e+00   2.849058806896e-01   8.073024451733e-03  -1.127548694611e+00 
  9.409615397453e-02   5.040865764022e-02  -1.000000014901e-01   9.409615397453e-02   5.040865764022e-02  -1.000000014901e-01   0.000000000000e+00   6.120067834854e-02  -5.005714893341e-01 
  0.000000000000e+00   6.120067834854e-02  -5.005714893341e-01   8.317433297634e-02   4.017774760723e-02  -5.889238715172e-01   1.334110200405e-01   4.573590308428e-02  -6.626668572426e-01 
  5.364563465118e-01   5.140765383840e-02  -5.931138992310e-01   3.654363751411e-01  -1.011261902750e-02  -1.000000014901e-01   4.284704923630e-01  -2.471327595413e-02  -9.028549790382e-01 
  4.405756592751e-01  -1.465492043644e-02  -8.133636713028e-01   0.000000000000e+00   6.298825889826e-02  -9.771021008492e-01   0.000000000000e+00   6.298825889826e-02  -9.771021008492e-01 
  0.000000000000e+00   0.000000000000e+00  -5.734613537788e-01   0.000000000000e+00   0.000000000000e+00  -5.734613537788e-01   2.005593925714e-01   0.000000000000e+00  -1.560242474079e-02 
  2.725849747658e-01   0.000000000000e+00  -6.219349429011e-02   4.058153629303e-01   8.734203875065e-03  -6.944603323936e-01   4.098882377148e-01  -6.002690952300e-06  -7.453587651253e-01 
  4.360463321209e-01   0.000000000000e+00  -6.152783036232e-01   4.478190541267e-01   0.000000000000e+00  -7.241227626801e-01   2.393449991941e-01   2.788408845663e-02  -7.226279973984e-01 
  2.393449991941e-01   2.788408845663e-02  -7.226279973984e-01   0.000000000000e+00   0.000000000000e+00  -5.734613537788e-01   0.000000000000e+00   0.000000000000e+00  -5.734613537788e-01 
  2.005593925714e-01   0.000000000000e+00  -1.560242474079e-02   2.725849747658e-01   0.000000000000e+00  -6.219349429011e-02   4.058153629303e-01   8.734203875065e-03  -6.944603323936e-01 
  4.098882377148e-01  -6.002690952300e-06  -7.453587651253e-01   4.360463321209e-01   0.000000000000e+00  -6.152783036232e-01   4.478190541267e-01   0.000000000000e+00  -7.241227626801e-01 
  2.393449991941e-01   2.788408845663e-02  -7.226279973984e-01   2.393449991941e-01   2.788408845663e-02  -7.226279973984e-01   0.000000000000e+00   5.234677717090e-02  -7.389233112335e-01 
  0.000000000000e+00   5.234677717090e-02  -7.389233112335e-01  -2.064809668809e-03  -2.219760715961e-01  -6.068910360336e-01   2.389152199030e-01  -6.362016201019e-01  -6.817895174026e-01 
  2.839179337025e-01   0.000000000000e+00  -7.568811178207e-01   0.000000000000e+00   0.000000000000e+00  -4.173264503479e-01  -3.022142350674e-01   1.773433573544e-02  -4.216389358044e-02 
 -6.890806555748e-02   0.000000000000e+00  -1.000000014901e-01   0.000000000000e+00  -3.871878236532e-02  -1.000000014901e-01   0.000000000000e+00  -3.871878236532e-02  -1.000000014901e-01 
  0.000000000000e+00   5.234677717090e-02  -7.389233112335e-01   0.000000000000e+00   5.234677717090e-02  -7.389233112335e-01  -2.064809668809e-03  -2.219760715961e-01  -6.068910360336e-01 
  2.389152199030e-01  -6.362016201019e-01  -6.817895174026e-01   2.839179337025e-01   0.000000000000e+00  -7.568811178207e-01   0.000000000000e+00   0.000000000000e+00  -4.173264503479e-01 
 -3.022142350674e-01   1.773433573544e-02  -4.216389358044e-02  -6.890806555748e-02   0.000000000000e+00  -1.000000014901e-01   0.000000000000e+00  -3.871878236532e-02  -1.000000014901e-01 
  0.000000000000e+00  -3.871878236532e-02  -1.000000014901e-01   0.000000000000e+00   1.187189519405e-01  -7.583725452423e-01   0.000000000000e+00   1.187189519405e-01  -7.583725452423e-01 
  9.686936438084e-02  -8.434031158686e-02  -7.828064560890e-01   6.545964479446e-01  -3.837975561619e-01  -7.056116461754e-01   2.539587318897e-01   0.000000000000e+00   1.493587065488e-02 
 -7.217252850533e-01   2.203704975545e-02  -1.000000014901e-01  -5.648289322853e-01   2.779190801084e-02   1.589224487543e-01  -3.002088069916e-01   4.367787856609e-03  -1.281901448965e-02 
 -1.213616505265e-01  -3.154201805592e-02  -9.371802955866e-02  -1.213616505265e-01  -3.154201805592e-02  -9.371802955866e-02   0.000000000000e+00   1.643128097057e-01  -3.976885676384e-01 
  0.000000000000e+00   1.643128097057e-01  -3.976885676384e-01  -4.453751817346e-02  -4.548841621727e-03  -2.394666969776e-01   2.661831974983e-01  -1.726142466068e-01  -3.733343482018e-01 
  3.299440816045e-02  -7.119339704514e-02   2.535154521465e-01  -1.072566866875e+00   6.523742526770e-02   4.010825753212e-01  -6.726481318474e-01   5.187105014920e-02   3.376015722752e-01 
 -1.780153363943e-01   3.179359808564e-02  -1.000000014901e-01   0.000000000000e+00   2.059112116694e-02  -1.000000014901e-01   0.000000000000e+00   2.059112116694e-02  -1.000000014901e-01 
  0.000000000000e+00   2.952746748924e-01  -4.203743040562e-01   0.000000000000e+00   2.952746748924e-01  -4.203743040562e-01  -5.472927913070e-02   1.543113589287e-01  -2.907782793045e-01 
  4.344719275832e-02  -6.421066075563e-02  -3.809653818607e-01  -6.125836372375e-01  -7.184016983956e-03  -7.098979502916e-02  -8.457589149475e-01   5.475308746099e-02   2.288780510426e-01 
 -8.465332984924e-01   7.430902123451e-02   2.039213031530e-01  -6.892986893654e-01   4.343270882964e-02   7.985191047192e-02  -4.422841072083e-01   2.311239764094e-02  -1.362162828445e-01 
 -4.422841072083e-01   2.311239764094e-02  -1.362162828445e-01   0.000000000000e+00   2.194103598595e-01  -6.352689862251e-01   0.000000000000e+00   2.194103598595e-01  -6.352689862251e-01 
  4.835250321776e-03   1.763307452202e-01  -6.093336939812e-01   2.589475214481e-01   2.760296454653e-03  -6.353287100792e-01  -2.511534094810e-01  -1.153117418289e-02  -4.311046302319e-01 
 -4.801407158375e-01   5.281413346529e-02  -6.854426860809e-02  -6.576936244965e-01   4.742283746600e-02  -2.162418216467e-01  -2.587852180004e-01   4.439864307642e-02  -4.635310173035e-01 
 -2.771061845124e-03   3.970311582088e-02  -5.196490883827e-01  -2.771061845124e-03   3.970311582088e-02  -5.196490883827e-01   0.000000000000e+00   2.273312956095e-02  -5.792757272720e-01 
  0.000000000000e+00   2.273312956095e-02  -5.792757272720e-01   4.549403861165e-02   4.465424269438e-02  -5.190716385841e-01   9.117171764374e-01   5.901852622628e-02  -8.047708272934e-01 
  8.388399481773e-01   1.902446709573e-02  -5.131862163544e-01   3.980869352818e-01   4.559085145593e-02  -6.116641163826e-01   3.353117704391e-01   7.612026762217e-03  -1.000000014901e-01 
  2.385365068913e-01   7.403041818179e-04  -6.217752695084e-01   1.268338263035e-01   2.636718936265e-02  -2.903853356838e-01   1.268338263035e-01   2.636718936265e-02  -2.903853356838e-01 
  0.000000000000e+00  -3.553820028901e-02  -3.318775594234e-01   0.000000000000e+00  -3.553820028901e-02  -3.318775594234e-01   1.732413284481e-02   2.758865989745e-02  -2.712225019932e-01 
  2.101767063141e+00   6.241037324071e-02  -1.120126962662e+00   1.217651605606e+00   4.085992276669e-02  -1.010494828224e+00   4.171260595322e-01  -1.104767993093e-02  -8.682742118835e-01 
  4.360463321209e-01  -7.701656967402e-02  -6.455729603767e-01   4.478190541267e-01  -3.523116931319e-02  -6.152783036232e-01   0.000000000000e+00   1.360060740262e-02  -1.000000014901e-01 
  0.000000000000e+00   1.360060740262e-02  -1.000000014901e-01   0.000000000000e+00   0.000000000000e+00  -5.781770944595e-01   0.000000000000e+00   0.000000000000e+00  -5.781770944595e-01 
  7.677338272333e-02   0.000000000000e+00  -1.350185833871e-02   4.001646637917e-01   0.000000000000e+00   1.508031636477e-01   5.642014145851e-01   0.000000000000e+00  -8.918000459671e-01 
  3.969651758671e-01   0.000000000000e+00  -1.091888070107e+00   4.436267018318e-01  -1.008965635616e-15  -8.687305450439e-01   4.444651603699e-01  -5.420209839940e-03  -7.684978842735e-01 
  3.180877268314e-01   8.169572800398e-03  -5.904695987701e-01   3.180877268314e-01   8.169572800398e-03  -5.904695987701e-01   0.000000000000e+00   0.000000000000e+00  -5.781770944595e-01 
  0.000000000000e+00   0.000000000000e+00  -5.781770944595e-01   7.677338272333e-02   0.000000000000e+00  -1.350185833871e-02   4.001646637917e-01   0.000000000000e+00   1.508031636477e-01 
  5.642014145851e-01   0.000000000000e+00  -8.918000459671e-01   3.969651758671e-01   0.000000000000e+00  -1.091888070107e+00   4.436267018318e-01  -1.008965635616e-15  -8.687305450439e-01 
  4.444651603699e-01  -5.420209839940e-03  -7.684978842735e-01   3.180877268314e-01   8.169572800398e-03  -5.904695987701e-01   3.180877268314e-01   8.169572800398e-03  -5.904695987701e-01 
  0.000000000000e+00   1.746075041592e-02  -4.994801282883e-01   0.000000000000e+00   1.746075041592e-02  -4.994801282883e-01  -4.518366605043e-02  -4.817513749003e-03  -4.236837625504e-01 
  2.573489844799e-01  -4.589685797691e-01  -7.297281622887e-01   2.539587318897e-01  -2.157743126154e-01  -7.568811178207e-01   7.946825772524e-02   1.695457473397e-02  -5.611287951469e-01 
 -1.807548105717e-01   0.000000000000e+00  -7.556821107864e-01  -1.740887016058e-01   0.000000000000e+00  -4.478697478771e-01  -6.139986962080e-02  -1.417274307460e-02  -3.094683885574e-01 
 -6.139986962080e-02  -1.417274307460e-02  -3.094683885574e-01   0.000000000000e+00   1.746075041592e-02  -4.994801282883e-01   0.000000000000e+00   1.746075041592e-02  -4.994801282883e-01 
 -4.518366605043e-02  -4.817513749003e-03  -4.236837625504e-01   2.573489844799e-01  -4.589685797691e-01  -7.297281622887e-01   2.539587318897e-01  -2.157743126154e-01  -7.568811178207e-01 
  7.946825772524e-02   1.695457473397e-02  -5.611287951469e-01  -1.807548105717e-01   0.000000000000e+00  -7.556821107864e-01  -1.740887016058e-01   0.000000000000e+00  -4.478697478771e-01 
 -6.139986962080e-02  -1.417274307460e-02  -3.094683885574e-01  -6.139986962080e-02  -1.417274307460e-02  -3.094683885574e-01   0.000000000000e+00   6.517658382654e-02  -4.658672511578e-01 
  0.000000000000e+00   6.517658382654e-02  -4.658672511578e-01  -1.679615862668e-02   4.677469376475e-03  -7.221585512161e-02   3.213365972042e-01  -3.098793327808e-01  -4.823051691055e-01 
  2.827143371105e-01  -1.768243759871e-01  -5.082527995110e-01  -4.244009852409e-01   2.778726071119e-02  -3.812909126282e-01  -1.780153363943e-01   0.000000000000e+00  -1.032872080803e+00 
 -1.780153363943e-01   0.000000000000e+00  -1.032872080803e+00   0.000000000000e+00  -2.113141585141e-03  -6.731889843941e-01   0.000000000000e+00  -2.113141585141e-03  -6.731889843941e-01 
  0.000000000000e+00  -1.241512969136e-02   8.038631826639e-02   0.000000000000e+00  -1.241512969136e-02   8.038631826639e-02  -4.934935271740e-02  -7.430091034621e-03  -3.355764970183e-02 
  1.041001155972e-01  -1.298292130232e-01  -2.491927146912e-01   1.424283534288e-01   6.202422082424e-03  -6.215327605605e-02  -4.236724078655e-01   5.186746269464e-02  -2.026834934950e-01 
 -2.141135931015e-01   2.913916669786e-02  -1.066088318825e+00  -1.419170796871e-01   0.000000000000e+00  -1.032872080803e+00   0.000000000000e+00   0.000000000000e+00  -1.000000014901e-01 
  0.000000000000e+00   0.000000000000e+00  -1.000000014901e-01   0.000000000000e+00   2.658518031240e-02   4.213800653815e-03   0.000000000000e+00   2.658518031240e-02   4.213800653815e-03 
 -7.221391797066e-02   2.406597882509e-02  -2.585327439010e-02  -6.240871176124e-02  -7.754923403263e-02  -3.791212439537e-01   3.216408193111e-02   3.654458001256e-02  -1.000000014901e-01 
  0.000000000000e+00   7.430031150579e-02   2.397000938654e-01  -5.249060392380e-01   1.013356745243e-01  -4.232879877090e-01   0.000000000000e+00   0.000000000000e+00  -6.381084918976e-01 
  0.000000000000e+00   0.000000000000e+00  -4.573496580124e-01   0.000000000000e+00   0.000000000000e+00  -4.573496580124e-01   0.000000000000e+00   2.901239395142e-01  -1.188853532076e-01 
  0.000000000000e+00   2.901239395142e-01  -1.188853532076e-01  -7.379925251007e-02   2.356759011745e-01  -1.951571702957e-01  -8.297859691083e-03  -7.987518794835e-03  -9.977687001228e-01 
  5.837200582027e-02   7.352879736573e-03  -3.640997409821e-01  -1.007023230195e-01   0.000000000000e+00  -1.000000014901e-01  -5.023679137230e-01   8.551187813282e-02  -1.330744624138e-01 
  3.052926361561e-01   0.000000000000e+00  -1.836084723473e-01   4.645034670830e-01   0.000000000000e+00  -2.523766160011e-01   4.645034670830e-01   0.000000000000e+00  -2.523766160011e-01 
  0.000000000000e+00   8.137999475002e-02  -4.881168305874e-01   0.000000000000e+00   8.137999475002e-02  -4.881168305874e-01  -2.974094264209e-02  -2.626846171916e-02  -4.641725122929e-01 
  1.661202609539e-01  -2.346935123205e-02  -1.515926361084e+00   4.538217782974e-01  -1.529982080683e-03  -1.235049962997e+00   3.020642995834e-01  -2.390341134742e-03  -6.592430472374e-01 
  2.971260547638e+00   0.000000000000e+00  -1.000000014901e-01   3.795603275299e+00   8.957093581557e-03  -1.641437560320e-01   1.562733411789e+00   1.017583720386e-02  -1.793859452009e-01 
  1.562733411789e+00   1.017583720386e-02  -1.793859452009e-01   0.000000000000e+00  -9.104974567890e-02  -3.451558053493e-01   0.000000000000e+00  -9.104974567890e-02  -3.451558053493e-01 
  7.596862316132e-02  -9.379065781832e-02  -8.607699871063e-01   2.823792994022e-01  -4.124313592911e-02  -2.680150270462e+00   1.023309111595e+00  -1.972809433937e-02  -1.221826434135e+00 
  4.220328330994e-01   5.813278257847e-02  -9.911300539970e-01   1.282012581825e+00   9.278614819050e-02  -1.071727156639e+00   4.130592823029e+00   4.236502200365e-02  -1.000000014901e-01 
  0.000000000000e+00   2.631854079664e-02  -1.000000014901e-01   0.000000000000e+00   2.631854079664e-02  -1.000000014901e-01   0.000000000000e+00   0.000000000000e+00   1.180182024837e-01 
  0.000000000000e+00   0.000000000000e+00   1.180182024837e-01   2.376230657101e-01   0.000000000000e+00  -3.099255636334e-02   3.406977653503e-01   0.000000000000e+00  -2.131211310625e-01 
  7.527891993523e-01   0.000000000000e+00  -5.839987993240e-01   4.171260595322e-01   0.000000000000e+00  -1.051566243172e+00   4.171260893345e-01   3.921604156494e-02  -9.912893176079e-01 
  1.449745059013e+00   3.340363502502e-02  -7.160663604736e-01   6.323617100716e-01   2.801291272044e-02  -5.310281515121e-01   6.323617100716e-01   2.801291272044e-02  -5.310281515121e-01 
  0.000000000000e+00   0.000000000000e+00   1.180182024837e-01   0.000000000000e+00   0.000000000000e+00   1.180182024837e-01   2.376230657101e-01   0.000000000000e+00  -3.099255636334e-02 
  3.406977653503e-01   0.000000000000e+00  -2.131211310625e-01   7.527891993523e-01   0.000000000000e+00  -5.839987993240e-01   4.171260595322e-01   0.000000000000e+00  -1.051566243172e+00 
  4.171260893345e-01   3.921604156494e-02  -9.912893176079e-01   1.449745059013e+00   3.340363502502e-02  -7.160663604736e-01   6.323617100716e-01   2.801291272044e-02  -5.310281515121e-01 
  6.323617100716e-01   2.801291272044e-02  -5.310281515121e-01   0.000000000000e+00  -8.341454900801e-03  -4.080746173859e-01   0.000000000000e+00  -8.341454900801e-03  -4.080746173859e-01 
 -6.492762267590e-02  -4.506520181894e-02  -4.063409268856e-01  -2.108525671065e-02  -5.632132291794e-02  -1.000000014901e-01  -1.894457079470e-02  -1.831804662943e-01  -1.000000014901e-01 
  2.758879773319e-02   1.742690615356e-02  -4.333801865578e-01  -1.278061866760e-01   0.000000000000e+00  -1.000000014901e-01  -1.249453127384e-01   0.000000000000e+00  -6.044835448265e-01 
 -7.421308755875e-02  -4.699648823589e-03  -5.360127687454e-01  -7.421308755875e-02  -4.699648823589e-03  -5.360127687454e-01   0.000000000000e+00  -8.341454900801e-03  -4.080746173859e-01 
  0.000000000000e+00  -8.341454900801e-03  -4.080746173859e-01  -6.492762267590e-02  -4.506520181894e-02  -4.063409268856e-01  -2.108525671065e-02  -5.632132291794e-02  -1.000000014901e-01 
 -1.894457079470e-02  -1.831804662943e-01  -1.000000014901e-01   2.758879773319e-02   1.742690615356e-02  -4.333801865578e-01  -1.278061866760e-01   0.000000000000e+00  -1.000000014901e-01 
 -1.249453127384e-01   0.000000000000e+00  -6.044835448265e-01  -7.421308755875e-02  -4.699648823589e-03  -5.360127687454e-01  -7.421308755875e-02  -4.699648823589e-03  -5.360127687454e-01 
  0.000000000000e+00   8.185470849276e-02  -3.709852099419e-01   0.000000000000e+00   8.185470849276e-02  -3.709852099419e-01  -3.674417734146e-02  -8.579949289560e-02  -3.986178338528e-01 
  6.728409975767e-02  -7.374953478575e-02  -3.785509467125e-01   0.000000000000e+00  -1.059660241008e-01  -4.090143442154e-01  -2.780869007111e-01   2.186859957874e-02  -5.015140175819e-01 
 -8.918638527393e-02   0.000000000000e+00  -1.032872080803e+00  -8.906308561563e-02   0.000000000000e+00  -1.032872080803e+00  -3.666923195124e-02  -5.962208379060e-04  -6.678064465523e-01 
 -3.666923195124e-02  -5.962208379060e-04  -6.678064465523e-01   0.000000000000e+00  -4.028061628342e-01  -3.001086711884e-01   0.000000000000e+00  -4.028061628342e-01  -3.001086711884e-01 
 -5.628643557429e-03  -3.143213391304e-01  -3.128664791584e-01   9.011314250529e-03  -1.956803947687e-01  -3.244515657425e-01   5.001930519938e-02   1.472686231136e-02  -5.712803453207e-02 
 -1.730253994465e-01   3.237711638212e-02  -1.000000014901e-01   0.000000000000e+00   0.000000000000e+00  -9.967737793922e-01   0.000000000000e+00   0.000000000000e+00  -1.032872080803e+00 
  0.000000000000e+00   0.000000000000e+00  -1.000000014901e-01   0.000000000000e+00   0.000000000000e+00  -1.000000014901e-01   0.000000000000e+00  -1.040580198169e-01  -3.380437493324e-01 
  0.000000000000e+00  -1.040580198169e-01  -3.380437493324e-01   2.185913175344e-02  -1.044484823942e-01  -2.933450937271e-01   1.492306869477e-02  -8.433149009943e-02  -2.290514409542e-01 
  1.738032102585e-01   6.654413882643e-03   3.327824175358e-02   1.894788593054e-01   4.530876874924e-02   1.666621714830e-01  -2.956388592720e-01   0.000000000000e+00  -1.000000014901e-01 
 -9.167791157961e-02   0.000000000000e+00  -5.886613726616e-01  -3.774581849575e-02   0.000000000000e+00  -4.127662479877e-01  -3.774581849575e-02   0.000000000000e+00  -4.127662479877e-01 
  0.000000000000e+00   1.644956618547e-01  -9.849708527327e-02   0.000000000000e+00   1.644956618547e-01  -9.849708527327e-02  -5.035996064544e-02  -6.644341349602e-02  -4.866236448288e-02 
  0.000000000000e+00   0.000000000000e+00  -3.743318319321e-01   0.000000000000e+00   0.000000000000e+00  -1.000000014901e-01   0.000000000000e+00  -7.197580300272e-03   3.350367769599e-02 
  1.821725130081e+00   4.900569841266e-02   9.632040858269e-01   3.500794887543e+00   2.510107681155e-02   1.149111866951e+00   1.675229549408e+00   1.518046949059e-02   9.884061217308e-01 
  1.675229549408e+00   1.518046949059e-02   9.884061217308e-01   0.000000000000e+00   1.360165923834e-01  -5.648690462112e-02   0.000000000000e+00   1.360165923834e-01  -5.648690462112e-02 
 -6.084641907364e-03  -1.805557459593e-01  -4.253251943737e-03   3.520522713661e-01   0.000000000000e+00  -4.713003039360e-01   2.938399910927e-01  -3.138117725030e-03  -4.307208061218e-01 
  6.292781233788e-02  -8.537136018276e-03   6.207311749458e-01   4.130592823029e+00   0.000000000000e+00   1.394333958626e+00   4.130592823029e+00   0.000000000000e+00   1.394333958626e+00 
  0.000000000000e+00   0.000000000000e+00   8.063824772835e-01   0.000000000000e+00   0.000000000000e+00   8.063824772835e-01   0.000000000000e+00   6.476689130068e-02  -1.461357921362e-01 
  0.000000000000e+00   6.476689130068e-02  -1.461357921362e-01   1.443959921598e-01  -1.147583872080e-01  -1.299325823784e-01   4.718818366528e-01   0.000000000000e+00  -1.509768128395e+00 
  5.214993357658e-01   3.501299023628e-02  -1.000000014901e-01   0.000000000000e+00   9.278614819050e-02  -1.000000014901e-01   4.353574275970e+00   3.157674968243e-01   1.617315292358e+00 
  3.907611608505e+00   0.000000000000e+00   1.394333958626e+00   0.000000000000e+00   0.000000000000e+00  -1.000000014901e-01   0.000000000000e+00   0.000000000000e+00  -1.000000014901e-01 
  0.000000000000e+00   0.000000000000e+00  -2.918138504028e-01   0.000000000000e+00   0.000000000000e+00  -2.918138504028e-01   1.741309314966e-01   0.000000000000e+00  -5.457423329353e-01 
  3.047014176846e-01   0.000000000000e+00  -4.363004863262e-01   4.982043504715e-01   2.656388655305e-02  -7.853160500526e-01   1.056894421577e+00   3.921604156494e-02  -1.051566243172e+00 
  2.513537406921e+00   0.000000000000e+00   8.914924860001e-01   0.000000000000e+00   0.000000000000e+00   1.024358630180e+00   0.000000000000e+00   0.000000000000e+00   5.575618743896e-01 
  0.000000000000e+00   0.000000000000e+00   5.575618743896e-01   0.000000000000e+00   0.000000000000e+00  -2.918138504028e-01   0.000000000000e+00   0.000000000000e+00  -2.918138504028e-01 
  1.741309314966e-01   0.000000000000e+00  -5.457423329353e-01   3.047014176846e-01   0.000000000000e+00  -4.363004863262e-01   4.982043504715e-01   2.656388655305e-02  -7.853160500526e-01 
  1.056894421577e+00   3.921604156494e-02  -1.051566243172e+00   2.513537406921e+00   0.000000000000e+00   8.914924860001e-01   0.000000000000e+00   0.000000000000e+00   1.024358630180e+00 
  0.000000000000e+00   0.000000000000e+00   5.575618743896e-01   0.000000000000e+00   0.000000000000e+00   5.575618743896e-01   0.000000000000e+00  -7.504149526358e-02  -2.782218754292e-01 
  0.000000000000e+00  -7.504149526358e-02  -2.782218754292e-01  -2.138944901526e-02   4.081542789936e-02  -1.118793189526e-01   6.728409975767e-02   0.000000000000e+00  -1.618672162294e-01 
  0.000000000000e+00  -1.177364960313e-02  -1.710543185472e-01   1.742240600288e-02  -1.916800253093e-02  -2.863179147243e-01  -8.404740691185e-02  -1.425839145668e-03  -1.000000014901e-01 
 -8.772754669189e-02  -3.099059395026e-04  -4.356862604618e-01  -6.482092291117e-02  -1.785705331713e-03  -4.761724174023e-01  -6.482092291117e-02  -1.785705331713e-03  -4.761724174023e-01 
  0.000000000000e+00  -7.504149526358e-02  -2.782218754292e-01   0.000000000000e+00  -7.504149526358e-02  -2.782218754292e-01  -2.138944901526e-02   4.081542789936e-02  -1.118793189526e-01 
  6.728409975767e-02   0.000000000000e+00  -1.618672162294e-01   0.000000000000e+00  -1.177364960313e-02  -1.710543185472e-01   1.742240600288e-02  -1.916800253093e-02  -2.863179147243e-01 
 -8.404740691185e-02  -1.425839145668e-03  -1.000000014901e-01  -8.772754669189e-02  -3.099059395026e-04  -4.356862604618e-01  -6.482092291117e-02  -1.785705331713e-03  -4.761724174023e-01 
 -6.482092291117e-02  -1.785705331713e-03  -4.761724174023e-01   0.000000000000e+00  -2.900760062039e-02   5.037447810173e-01   0.000000000000e+00  -2.900760062039e-02   5.037447810173e-01 
  2.437201794237e-03  -2.649334073067e-01   1.777631789446e-01   4.808726906776e-02   0.000000000000e+00  -2.800328731537e-01   0.000000000000e+00   0.000000000000e+00  -2.685464322567e-01 
  4.347661137581e-02   1.612221822143e-02  -2.575879395008e-01  -4.667158424854e-02   0.000000000000e+00  -1.000000014901e-01  -5.204694345593e-02   1.790123860701e-06  -4.840839505196e-01 
 -3.305396065116e-02  -2.070741466014e-04  -4.544083476067e-01  -3.305396065116e-02  -2.070741466014e-04  -4.544083476067e-01   0.000000000000e+00  -5.021173041314e-03   4.406280815601e-03 
  0.000000000000e+00  -5.021173041314e-03   4.406280815601e-03  -3.020414710045e-02  -3.120571970940e-01   6.740736961365e-02   0.000000000000e+00   0.000000000000e+00  -4.627819731832e-02 
  0.000000000000e+00   0.000000000000e+00  -3.557987511158e-01   2.118179947138e-01   1.471648365259e-02  -1.411744654179e-01   1.426591724157e-02   0.000000000000e+00  -1.000000014901e-01 
  0.000000000000e+00   5.005098955735e-06  -1.000000014901e-01   0.000000000000e+00   3.850733719446e-06  -1.000000014901e-01   0.000000000000e+00   3.850733719446e-06  -1.000000014901e-01 
  0.000000000000e+00  -3.337008357048e-01  -8.823997527361e-02   0.000000000000e+00  -3.337008357048e-01  -8.823997527361e-02   1.080449786969e-03  -6.644341349602e-02  -6.841758638620e-02 
  0.000000000000e+00   0.000000000000e+00  -3.829249441624e-01   3.867123425007e-01   0.000000000000e+00  -3.941238820553e-01   3.867123425007e-01   4.589162708726e-04  -3.935144841671e-01 
  1.346724331379e-01   5.307230094331e-05  -1.225307285786e-01   1.824904233217e-01   1.863495344878e-05  -3.022142648697e-01   1.579119861126e-01   8.252144652943e-06  -2.913638055325e-01 
  1.579119861126e-01   8.252144652943e-06  -2.913638055325e-01   0.000000000000e+00   1.174357980490e-01   5.055569857359e-02   0.000000000000e+00   1.174357980490e-01   5.055569857359e-02 
 -6.241468712687e-03   3.646028786898e-02   3.674786537886e-02   3.214274048805e-01   0.000000000000e+00  -3.820480704308e-01   3.784222006798e-01  -2.224326506257e-02  -4.024140238762e-01 
  3.950025141239e-01  -1.395311020315e-02  -3.941238820553e-01   0.000000000000e+00   1.482158550061e-03   5.002192854881e-01   9.298399686813e-01   9.110699407756e-03   9.711859822273e-01 
  1.039262652397e+00   1.072554476559e-02   9.137351512909e-01   1.039262652397e+00   1.072554476559e-02   9.137351512909e-01   0.000000000000e+00   2.867032885551e-01   3.767818212509e-01 
  0.000000000000e+00   2.867032885551e-01   3.767818212509e-01   3.226607292891e-02   4.261618852615e-02   9.972193837166e-02   3.593817949295e-01  -3.467996139079e-03  -7.994660139084e-01 
  0.000000000000e+00  -5.662955343723e-03  -4.086091220379e-01   0.000000000000e+00  -1.395311020315e-02   6.471669673920e-01   2.065296411514e+00  -6.151454988867e-03   1.394333958626e+00 
  2.065296411514e+00  -2.654509386048e-03   1.394333958626e+00   8.503280282021e-01  -1.182838226669e-03   8.063824772835e-01   8.503280282021e-01  -1.182838226669e-03   8.063824772835e-01 
  0.000000000000e+00   1.534598916769e-01   1.418325752020e-01   0.000000000000e+00   1.534598916769e-01   1.418325752020e-01   1.099967211485e-01   1.935074850917e-02  -3.505064547062e-01 
  2.675694525242e-01  -4.406062362250e-04  -7.835925221443e-01   2.133107930422e-01   0.000000000000e+00  -2.449795603752e-01   0.000000000000e+00   4.639307409525e-02  -1.000000014901e-01 
  0.000000000000e+00   0.000000000000e+00   1.171352624893e+00   0.000000000000e+00   0.000000000000e+00   1.394333958626e+00   0.000000000000e+00   0.000000000000e+00  -1.000000014901e-01 
  0.000000000000e+00   0.000000000000e+00  -1.000000014901e-01   0.000000000000e+00   0.000000000000e+00  -2.444494217634e-01   0.000000000000e+00   0.000000000000e+00  -2.444494217634e-01 
  1.020711138844e-01   5.602016579360e-03  -3.901986479759e-01   2.169928550720e-01   5.139012355357e-03  -4.890777766705e-01   3.052442073822e-01   1.205898448825e-02  -5.015767812729e-01 
  6.282547116280e-01   2.805601805449e-02  -4.553867578506e-01   1.029852986336e+00   0.000000000000e+00  -1.000000014901e-01   3.193487524986e-01   0.000000000000e+00   7.641240954399e-01 
  1.314829140902e-01   0.000000000000e+00   4.599478542805e-01   1.314829140902e-01   0.000000000000e+00   4.599478542805e-01   0.000000000000e+00   0.000000000000e+00  -2.444494217634e-01 
  0.000000000000e+00   0.000000000000e+00  -2.444494217634e-01   1.020711138844e-01   5.602016579360e-03  -3.901986479759e-01   2.169928550720e-01   5.139012355357e-03  -4.890777766705e-01 
  3.052442073822e-01   1.205898448825e-02  -5.015767812729e-01   6.282547116280e-01   2.805601805449e-02  -4.553867578506e-01   1.029852986336e+00   0.000000000000e+00  -1.000000014901e-01 
  3.193487524986e-01   0.000000000000e+00   7.641240954399e-01   1.314829140902e-01   0.000000000000e+00   4.599478542805e-01   1.314829140902e-01   0.000000000000e+00   4.599478542805e-01 
  0.000000000000e+00  -7.504149526358e-02  -2.782218754292e-01   0.000000000000e+00  -7.504149526358e-02  -2.782218754292e-01  -2.138944901526e-02   4.081542789936e-02  -1.118793189526e-01 
  6.728409975767e-02   0.000000000000e+00  -1.618672162294e-01   0.000000000000e+00  -1.177364960313e-02  -1.710543185472e-01   1.742240600288e-02  -1.916800253093e-02  -2.863179147243e-01 
 -8.404740691185e-02  -1.425839145668e-03  -1.000000014901e-01  -8.772754669189e-02  -3.099059395026e-04  -4.356862604618e-01  -6.482092291117e-02  -1.785705331713e-03  -4.761724174023e-01 
 -6.482092291117e-02  -1.785705331713e-03  -4.761724174023e-01   0.000000000000e+00  -7.504149526358e-02  -2.782218754292e-01   0.000000000000e+00  -7.504149526358e-02  -2.782218754292e-01 
 -2.138944901526e-02   4.081542789936e-02  -1.118793189526e-01   6.728409975767e-02   0.000000000000e+00  -1.618672162294e-01   0.000000000000e+00  -1.177364960313e-02  -1.710543185472e-01 
  1.742240600288e-02  -1.916800253093e-02  -2.863179147243e-01  -8.404740691185e-02  -1.425839145668e-03  -1.000000014901e-01  -8.772754669189e-02  -3.099059395026e-04  -4.356862604618e-01 
 -6.482092291117e-02  -1.785705331713e-03  -4.761724174023e-01  -6.482092291117e-02  -1.785705331713e-03  -4.761724174023e-01   0.000000000000e+00  -2.900760062039e-02   5.037447810173e-01 
  0.000000000000e+00  -2.900760062039e-02   5.037447810173e-01   2.437201794237e-03  -2.649334073067e-01   1.777631789446e-01   4.808726906776e-02   0.000000000000e+00  -2.800328731537e-01 
  0.000000000000e+00   0.000000000000e+00  -2.685464322567e-01   4.347661137581e-02   1.612221822143e-02  -2.575879395008e-01  -4.667158424854e-02   0.000000000000e+00  -1.000000014901e-01 
 -5.204694345593e-02   1.790123860701e-06  -4.840839505196e-01  -3.305396065116e-02  -2.070741466014e-04  -4.544083476067e-01  -3.305396065116e-02  -2.070741466014e-04  -4.544083476067e-01 
  0.000000000000e+00  -5.021173041314e-03   4.406280815601e-03   0.000000000000e+00  -5.021173041314e-03   4.406280815601e-03  -3.020414710045e-02  -3.120571970940e-01   6.740736961365e-02 
  0.000000000000e+00   0.000000000000e+00  -4.627819731832e-02   0.000000000000e+00   0.000000000000e+00  -3.557987511158e-01   2.118179947138e-01   1.471648365259e-02  -1.411744654179e-01 
  1.426591724157e-02   0.000000000000e+00  -1.000000014901e-01   0.000000000000e+00   5.005098955735e-06  -1.000000014901e-01   0.000000000000e+00   3.850733719446e-06  -1.000000014901e-01 
  0.000000000000e+00   3.850733719446e-06  -1.000000014901e-01   0.000000000000e+00  -3.337008357048e-01  -8.823997527361e-02   0.000000000000e+00  -3.337008357048e-01  -8.823997527361e-02 
  1.080449786969e-03  -6.644341349602e-02  -6.841758638620e-02   0.000000000000e+00   0.000000000000e+00  -3.829249441624e-01   3.867123425007e-01   0.000000000000e+00  -3.941238820553e-01 
  3.867123425007e-01   4.589162708726e-04  -3.935144841671e-01   1.346724331379e-01   5.307230094331e-05  -1.225307285786e-01   1.824904233217e-01   1.863495344878e-05  -3.022142648697e-01 
  1.579119861126e-01   8.252144652943e-06  -2.913638055325e-01   1.579119861126e-01   8.252144652943e-06  -2.913638055325e-01   0.000000000000e+00   1.174357980490e-01   5.055569857359e-02 
  0.000000000000e+00   1.174357980490e-01   5.055569857359e-02  -6.241468712687e-03   3.646028786898e-02   3.674786537886e-02   3.214274048805e-01   0.000000000000e+00  -3.820480704308e-01 
  3.784222006798e-01  -2.224326506257e-02  -4.024140238762e-01   3.950025141239e-01  -1.395311020315e-02  -3.941238820553e-01   0.000000000000e+00   1.482158550061e-03   5.002192854881e-01 
  9.298399686813e-01   9.110699407756e-03   9.711859822273e-01   1.039262652397e+00   1.072554476559e-02   9.137351512909e-01   1.039262652397e+00   1.072554476559e-02   9.137351512909e-01 
  0.000000000000e+00   2.867032885551e-01   3.767818212509e-01   0.000000000000e+00   2.867032885551e-01   3.767818212509e-01   3.226607292891e-02   4.261618852615e-02   9.972193837166e-02 
  3.593817949295e-01  -3.467996139079e-03  -7.994660139084e-01   0.000000000000e+00  -5.662955343723e-03  -4.086091220379e-01   0.000000000000e+00  -1.395311020315e-02   6.471669673920e-01 
  2.065296411514e+00  -6.151454988867e-03   1.394333958626e+00   2.065296411514e+00  -2.654509386048e-03   1.394333958626e+00   8.503280282021e-01  -1.182838226669e-03   8.063824772835e-01 
  8.503280282021e-01  -1.182838226669e-03   8.063824772835e-01   0.000000000000e+00   1.534598916769e-01   1.418325752020e-01   0.000000000000e+00   1.534598916769e-01   1.418325752020e-01 
  1.099967211485e-01   1.935074850917e-02  -3.505064547062e-01   2.675694525242e-01  -4.406062362250e-04  -7.835925221443e-01   2.133107930422e-01   0.000000000000e+00  -2.449795603752e-01 
  0.000000000000e+00   4.639307409525e-02  -1.000000014901e-01   0.000000000000e+00   0.000000000000e+00   1.171352624893e+00   0.000000000000e+00   0.000000000000e+00   1.394333958626e+00 
  0.000000000000e+00   0.000000000000e+00  -1.000000014901e-01   0.000000000000e+00   0.000000000000e+00  -1.000000014901e-01   0.000000000000e+00   0.000000000000e+00  -2.444494217634e-01 
  0.000000000000e+00   0.000000000000e+00  -2.444494217634e-01   1.020711138844e-01   5.602016579360e-03  -3.901986479759e-01   2.169928550720e-01   5.139012355357e-03  -4.890777766705e-01 
  3.052442073822e-01   1.205898448825e-02  -5.015767812729e-01   6.282547116280e-01   2.805601805449e-02  -4.553867578506e-01   1.029852986336e+00   0.000000000000e+00  -1.000000014901e-01 
  3.193487524986e-01   0.000000000000e+00   7.641240954399e-01   1.314829140902e-01   0.000000000000e+00   4.599478542805e-01   1.314829140902e-01   0.000000000000e+00   4.599478542805e-01 
  0.000000000000e+00   0.000000000000e+00  -2.444494217634e-01   0.000000000000e+00   0.000000000000e+00  -2.444494217634e-01   1.020711138844e-01   5.602016579360e-03  -3.901986479759e-01 
  2.169928550720e-01   5.139012355357e-03  -4.890777766705e-01   3.052442073822e-01   1.205898448825e-02  -5.015767812729e-01   6.282547116280e-01   2.805601805449e-02  -4.553867578506e-01 
  1.029852986336e+00   0.000000000000e+00  -1.000000014901e-01   3.193487524986e-01   0.000000000000e+00   7.641240954399e-01   1.314829140902e-01   0.000000000000e+00   4.599478542805e-01 
  1.314829140902e-01   0.000000000000e+00   4.599478542805e-01 

