# vtk DataFile Version 2.0
Written using VisIt writer
ASCII
DATASET RECTILINEAR_GRID
DIMENSIONS 10 10 10
X_COORDINATES 10 float
  0.000000000000e+00   5.000000000000e-01   1.000000000000e+00   1.500000000000e+00   2.000000000000e+00   2.500000000000e+00   3.000000000000e+00   3.500000000000e+00   4.000000000000e+00 
  4.500000000000e+00 
Y_COORDINATES 10 float
  0.000000000000e+00   5.000000000000e-01   1.000000000000e+00   1.500000000000e+00   2.000000000000e+00   2.500000000000e+00   3.000000000000e+00   3.500000000000e+00   4.000000000000e+00 
  4.500000000000e+00 
Z_COORDINATES 10 float
  0.000000000000e+00   5.000000000000e-01   1.000000000000e+00   1.500000000000e+00   2.000000000000e+00   2.500000000000e+00   3.000000000000e+00   3.500000000000e+00   4.000000000000e+00 
  4.500000000000e+00 
CELL_DATA 729
POINT_DATA 1000
VECTORS velocity float
  0.000000000000e+00  -1.311809271574e-01  -2.545869052410e-01   3.251200000000e+04   0.000000000000e+00   0.000000000000e+00   0.000000000000e+00   0.000000000000e+00   0.000000000000e+00 
  7.597474008799e-02  -9.231814742088e-02  -1.749309897423e-01   0.000000000000e+00   0.000000000000e+00   0.000000000000e+00   0.000000000000e+00   1.431655808000e+09   1.070945600000e+09 
 -7.567988336086e-02  -8.744646608829e-02  -1.641265749931e-01   1.071994176000e+09   0.000000000000e+00   0.000000000000e+00   0.000000000000e+00   0.000000000000e+00   0.000000000000e+00 
  7.669191062450e-02  -2.010600715876e-01  -1.830138415098e-01   0.000000000000e+00  -1.311809271574e-01  -2.545869052410e-01   1.070945600000e+09   0.000000000000e+00   0.000000000000e+00 
  3.552690893412e-02  -1.192505210638e-01  -2.155762314796e-01   7.597474008799e-02  -9.231814742088e-02  -1.749309897423e-01   1.431655808000e+09   1.070945600000e+09   0.000000000000e+00 
  3.241293830797e-03  -6.152983382344e-02  -1.403837949038e-01  -7.567988336086e-02  -8.744646608829e-02  -1.641265749931e-01   0.000000000000e+00   0.000000000000e+00   1.071644672000e+09 
  7.669191062450e-02  -2.010600715876e-01  -1.830138415098e-01   7.669191062450e-02  -2.010600715876e-01  -1.830138415098e-01   0.000000000000e+00   3.108309023082e-02  -1.935350745916e-01 
  0.000000000000e+00   3.108309023082e-02  -1.935350745916e-01  -1.309729274362e-02  -1.526407599449e-01  -2.149367779493e-01   1.256130784750e-01  -2.770833373070e-01  -2.029410004616e-01 
  1.207202151418e-01  -1.456104964018e-01  -1.928595006466e-01   4.113155230880e-02  -3.579629585147e-02  -1.451353579760e-01   2.624109014869e-02  -2.036407776177e-02  -1.435319930315e-01 
  2.254645712674e-02  -2.060802467167e-02  -1.350460797548e-01   1.179797425866e-01   5.344269052148e-02  -1.392827630043e-01   1.179797425866e-01   5.344269052148e-02  -1.392827630043e-01 
  0.000000000000e+00   1.900552026927e-02  -2.013435214758e-01   0.000000000000e+00   1.900552026927e-02  -2.013435214758e-01   9.005460143089e-02   1.288822013885e-02  -1.816013306379e-01 
  5.704646930099e-02  -5.962034221739e-03  -1.584239155054e-01   5.791984125972e-02  -9.963288903236e-02  -1.561716198921e-01   4.652962833643e-02  -1.585021167994e-01  -1.585500389338e-01 
  5.605977773666e-02  -9.765429794788e-02  -1.869002580643e-01   1.350557357073e-01  -7.404017448425e-02  -1.398803740740e-01   1.155912950635e-01  -2.841762080789e-02  -1.395744085312e-01 
  1.155912950635e-01  -2.841762080789e-02  -1.395744085312e-01   0.000000000000e+00   3.932990948670e-04  -2.414073050022e-01   0.000000000000e+00   3.932990948670e-04  -2.414073050022e-01 
 -5.800475552678e-02  -4.261980205774e-02  -2.399321645498e-01   4.033106192946e-02  -1.856334623881e-03  -1.758828312159e-01   3.088784031570e-02  -6.427660584450e-02  -1.505913734436e-01 
 -9.271374903619e-03  -6.812406331301e-02  -1.471104770899e-01   1.263692695647e-02  -2.562624216080e-02  -1.597003042698e-01   9.127529710531e-02  -4.889271035790e-02  -1.614589244127e-01 
  3.251088410616e-02  -1.499515920877e-01  -2.101254463196e-01   3.251088410616e-02  -1.499515920877e-01  -2.101254463196e-01   0.000000000000e+00   6.588650867343e-03  -1.915285736322e-01 
  0.000000000000e+00   6.588650867343e-03  -1.915285736322e-01  -1.961149089038e-02  -3.793959319592e-02  -2.028768956661e-01   1.159470006824e-01  -9.541582316160e-03  -1.977828145027e-01 
  9.309333562851e-02  -3.559519723058e-02  -2.041467279196e-01   1.209232211113e-01   5.159229040146e-02  -1.462213844061e-01   2.185037545860e-02  -3.125265985727e-02  -1.466893255711e-01 
 -3.518397361040e-02   8.869249722920e-04  -1.409624516964e-01  -6.702440977097e-02   5.618127062917e-03  -1.643805354834e-01  -6.702440977097e-02   5.618127062917e-03  -1.643805354834e-01 
  0.000000000000e+00  -1.493535283953e-02  -1.975451856852e-01   0.000000000000e+00  -1.493535283953e-02  -1.975451856852e-01   2.095803804696e-02  -6.062441691756e-02  -1.874323636293e-01 
  6.755077093840e-02   5.024259164929e-02  -1.586236655712e-01   7.601240277290e-02   3.903324529529e-02  -1.573562026024e-01   1.715729534626e-01   6.131771579385e-02  -1.585059016943e-01 
  7.388526201248e-02  -1.581571809947e-02  -1.818607151508e-01   7.186882197857e-02  -1.503039803356e-02  -1.437088549137e-01   8.489816635847e-02   4.878694191575e-02  -1.398763656616e-01 
  8.489816635847e-02   4.878694191575e-02  -1.398763656616e-01   0.000000000000e+00  -1.563117839396e-02  -2.237296700478e-01   0.000000000000e+00  -1.563117839396e-02  -2.237296700478e-01 
  1.301319338381e-02  -5.160583183169e-02  -2.153100371361e-01   1.351226866245e-01   4.846495017409e-02  -1.523629873991e-01   5.948903411627e-02   3.081290796399e-02  -1.480090022087e-01 
  1.461522281170e-01   8.994163945317e-03  -1.369686722755e-01   3.446472063661e-02   2.852299809456e-02  -1.527547687292e-01   8.074942231178e-02   3.425715025514e-03  -1.596204042435e-01 
  1.821528822184e-01  -9.612245112658e-02  -1.933824121952e-01   1.821528822184e-01  -9.612245112658e-02  -1.933824121952e-01   0.000000000000e+00   0.000000000000e+00  -1.885945051908e-01 
  0.000000000000e+00   0.000000000000e+00  -1.885945051908e-01  -1.519531069789e-04   0.000000000000e+00  -1.724033355713e-01   4.164715856314e-02   0.000000000000e+00  -1.584035307169e-01 
 -8.076369017363e-02   0.000000000000e+00  -1.896837502718e-01   2.038326859474e-01   0.000000000000e+00  -1.435770988464e-01   1.596113890409e-01   0.000000000000e+00  -1.290614902973e-01 
  1.332792043686e-01   0.000000000000e+00  -1.274872571230e-01   3.296739161015e-01   0.000000000000e+00  -1.237095072865e-01   3.296739161015e-01   0.000000000000e+00  -1.237095072865e-01 
  0.000000000000e+00   0.000000000000e+00  -1.885945051908e-01   0.000000000000e+00   0.000000000000e+00  -1.885945051908e-01  -1.519531069789e-04   0.000000000000e+00  -1.724033355713e-01 
  4.164715856314e-02   0.000000000000e+00  -1.584035307169e-01  -8.076369017363e-02   0.000000000000e+00  -1.896837502718e-01   2.038326859474e-01   0.000000000000e+00  -1.435770988464e-01 
  1.596113890409e-01   0.000000000000e+00  -1.290614902973e-01   1.332792043686e-01   0.000000000000e+00  -1.274872571230e-01   3.296739161015e-01   0.000000000000e+00  -1.237095072865e-01 
  3.296739161015e-01   0.000000000000e+00  -1.237095072865e-01   0.000000000000e+00  -1.311809271574e-01  -2.545869052410e-01   0.000000000000e+00  -1.311809271574e-01  -2.545869052410e-01 
  3.552690893412e-02  -1.192505210638e-01  -2.155762314796e-01   7.597474008799e-02  -9.231814742088e-02  -1.749309897423e-01   9.670060127974e-02  -6.364065408707e-02  -1.527423709631e-01 
  3.241293830797e-03  -6.152983382344e-02  -1.403837949038e-01  -7.567988336086e-02  -8.744646608829e-02  -1.641265749931e-01   1.527861342765e-03  -1.224650889635e-01  -1.670699417591e-01 
  7.669191062450e-02  -2.010600715876e-01  -1.830138415098e-01   7.669191062450e-02  -2.010600715876e-01  -1.830138415098e-01   0.000000000000e+00  -1.311809271574e-01  -2.545869052410e-01 
  0.000000000000e+00  -1.311809271574e-01  -2.545869052410e-01   3.552690893412e-02  -1.192505210638e-01  -2.155762314796e-01   7.597474008799e-02  -9.231814742088e-02  -1.749309897423e-01 
  9.670060127974e-02  -6.364065408707e-02  -1.527423709631e-01   3.241293830797e-03  -6.152983382344e-02  -1.403837949038e-01  -7.567988336086e-02  -8.744646608829e-02  -1.641265749931e-01 
  1.527861342765e-03  -1.224650889635e-01  -1.670699417591e-01   7.669191062450e-02  -2.010600715876e-01  -1.830138415098e-01   7.669191062450e-02  -2.010600715876e-01  -1.830138415098e-01 
  0.000000000000e+00   3.108309023082e-02  -1.935350745916e-01   0.000000000000e+00   3.108309023082e-02  -1.935350745916e-01  -1.309729274362e-02  -1.526407599449e-01  -2.149367779493e-01 
  1.256130784750e-01  -2.770833373070e-01  -2.029410004616e-01   1.207202151418e-01  -1.456104964018e-01  -1.928595006466e-01   4.113155230880e-02  -3.579629585147e-02  -1.451353579760e-01 
  2.624109014869e-02  -2.036407776177e-02  -1.435319930315e-01   2.254645712674e-02  -2.060802467167e-02  -1.350460797548e-01   1.179797425866e-01   5.344269052148e-02  -1.392827630043e-01 
  1.179797425866e-01   5.344269052148e-02  -1.392827630043e-01   0.000000000000e+00   1.900552026927e-02  -2.013435214758e-01   0.000000000000e+00   1.900552026927e-02  -2.013435214758e-01 
  9.005460143089e-02   1.288822013885e-02  -1.816013306379e-01   5.704646930099e-02  -5.962034221739e-03  -1.584239155054e-01   5.791984125972e-02  -9.963288903236e-02  -1.561716198921e-01 
  4.652962833643e-02  -1.585021167994e-01  -1.585500389338e-01   5.605977773666e-02  -9.765429794788e-02  -1.869002580643e-01   1.350557357073e-01  -7.404017448425e-02  -1.398803740740e-01 
  1.155912950635e-01  -2.841762080789e-02  -1.395744085312e-01   1.155912950635e-01  -2.841762080789e-02  -1.395744085312e-01   0.000000000000e+00   3.932990948670e-04  -2.414073050022e-01 
  0.000000000000e+00   3.932990948670e-04  -2.414073050022e-01  -5.800475552678e-02  -4.261980205774e-02  -2.399321645498e-01   4.033106192946e-02  -1.856334623881e-03  -1.758828312159e-01 
  3.088784031570e-02  -6.427660584450e-02  -1.505913734436e-01  -9.271374903619e-03  -6.812406331301e-02  -1.471104770899e-01   1.263692695647e-02  -2.562624216080e-02  -1.597003042698e-01 
  9.127529710531e-02  -4.889271035790e-02  -1.614589244127e-01   3.251088410616e-02  -1.499515920877e-01  -2.101254463196e-01   3.251088410616e-02  -1.499515920877e-01  -2.101254463196e-01 
  0.000000000000e+00   6.588650867343e-03  -1.915285736322e-01   0.000000000000e+00   6.588650867343e-03  -1.915285736322e-01  -1.961149089038e-02  -3.793959319592e-02  -2.028768956661e-01 
  1.159470006824e-01  -9.541582316160e-03  -1.977828145027e-01   9.309333562851e-02  -3.559519723058e-02  -2.041467279196e-01   1.209232211113e-01   5.159229040146e-02  -1.462213844061e-01 
  2.185037545860e-02  -3.125265985727e-02  -1.466893255711e-01  -3.518397361040e-02   8.869249722920e-04  -1.409624516964e-01  -6.702440977097e-02   5.618127062917e-03  -1.643805354834e-01 
 -6.702440977097e-02   5.618127062917e-03  -1.643805354834e-01   0.000000000000e+00  -1.493535283953e-02  -1.975451856852e-01   0.000000000000e+00  -1.493535283953e-02  -1.975451856852e-01 
  2.095803804696e-02  -6.062441691756e-02  -1.874323636293e-01   6.755077093840e-02   5.024259164929e-02  -1.586236655712e-01   7.601240277290e-02   3.903324529529e-02  -1.573562026024e-01 
  1.715729534626e-01   6.131771579385e-02  -1.585059016943e-01   7.388526201248e-02  -1.581571809947e-02  -1.818607151508e-01   7.186882197857e-02  -1.503039803356e-02  -1.437088549137e-01 
  8.489816635847e-02   4.878694191575e-02  -1.398763656616e-01   8.489816635847e-02   4.878694191575e-02  -1.398763656616e-01   0.000000000000e+00  -1.563117839396e-02  -2.237296700478e-01 
  0.000000000000e+00  -1.563117839396e-02  -2.237296700478e-01   1.301319338381e-02  -5.160583183169e-02  -2.153100371361e-01   1.351226866245e-01   4.846495017409e-02  -1.523629873991e-01 
  5.948903411627e-02   3.081290796399e-02  -1.480090022087e-01   1.461522281170e-01   8.994163945317e-03  -1.369686722755e-01   3.446472063661e-02   2.852299809456e-02  -1.527547687292e-01 
  8.074942231178e-02   3.425715025514e-03  -1.596204042435e-01   1.821528822184e-01  -9.612245112658e-02  -1.933824121952e-01   1.821528822184e-01  -9.612245112658e-02  -1.933824121952e-01 
  0.000000000000e+00   0.000000000000e+00  -1.885945051908e-01   0.000000000000e+00   0.000000000000e+00  -1.885945051908e-01  -1.519531069789e-04   0.000000000000e+00  -1.724033355713e-01 
  4.164715856314e-02   0.000000000000e+00  -1.584035307169e-01  -8.076369017363e-02   0.000000000000e+00  -1.896837502718e-01   2.038326859474e-01   0.000000000000e+00  -1.435770988464e-01 
  1.596113890409e-01   0.000000000000e+00  -1.290614902973e-01   1.332792043686e-01   0.000000000000e+00  -1.274872571230e-01   3.296739161015e-01   0.000000000000e+00  -1.237095072865e-01 
  3.296739161015e-01   0.000000000000e+00  -1.237095072865e-01   0.000000000000e+00   0.000000000000e+00  -1.885945051908e-01   0.000000000000e+00   0.000000000000e+00  -1.885945051908e-01 
 -1.519531069789e-04   0.000000000000e+00  -1.724033355713e-01   4.164715856314e-02   0.000000000000e+00  -1.584035307169e-01  -8.076369017363e-02   0.000000000000e+00  -1.896837502718e-01 
  2.038326859474e-01   0.000000000000e+00  -1.435770988464e-01   1.596113890409e-01   0.000000000000e+00  -1.290614902973e-01   1.332792043686e-01   0.000000000000e+00  -1.274872571230e-01 
  3.296739161015e-01   0.000000000000e+00  -1.237095072865e-01   3.296739161015e-01   0.000000000000e+00  -1.237095072865e-01   0.000000000000e+00  -1.503281742334e-01  -5.890535116196e-01 
  0.000000000000e+00  -1.503281742334e-01  -5.890535116196e-01   3.799484372139e-01  -1.116284281015e-01  -6.951009035110e-01   5.758409500122e-01  -1.164346113801e-01  -7.385936975479e-01 
  6.801474094391e-01  -2.502765133977e-02  -7.423536777496e-01   1.046942591667e+00  -8.090693503618e-03  -1.963035911322e-01   0.000000000000e+00  -2.824693173170e-02  -1.002655148506e+00 
  2.439720090479e-03  -5.446060746908e-02  -9.990333318710e-01  -9.749306440353e-01  -5.965063571930e-01  -1.698616333306e-02  -9.749306440353e-01  -5.965063571930e-01  -1.698616333306e-02 
  0.000000000000e+00  -1.503281742334e-01  -5.890535116196e-01   0.000000000000e+00  -1.503281742334e-01  -5.890535116196e-01   3.799484372139e-01  -1.116284281015e-01  -6.951009035110e-01 
  5.758409500122e-01  -1.164346113801e-01  -7.385936975479e-01   6.801474094391e-01  -2.502765133977e-02  -7.423536777496e-01   1.046942591667e+00  -8.090693503618e-03  -1.963035911322e-01 
  0.000000000000e+00  -2.824693173170e-02  -1.002655148506e+00   2.439720090479e-03  -5.446060746908e-02  -9.990333318710e-01  -9.749306440353e-01  -5.965063571930e-01  -1.698616333306e-02 
 -9.749306440353e-01  -5.965063571930e-01  -1.698616333306e-02   0.000000000000e+00   7.713364809752e-02  -1.222551226616e+00   0.000000000000e+00   7.713364809752e-02  -1.222551226616e+00 
  2.806529700756e-01   1.569453626871e-03  -8.870265483856e-01   2.092426717281e-01  -4.034301731735e-03  -7.654824852943e-01   3.519580066204e-01   3.524094074965e-02  -3.938059806824e-01 
  1.175161004066e-01  -7.974469102919e-03  -1.466408818960e-01  -1.319799199700e-02  -1.874517463148e-02  -1.024568915367e+00   5.998736247420e-02  -2.342659607530e-02  -1.031166434288e+00 
  9.867573529482e-02  -5.182013511658e-01  -6.071723997593e-02   9.867573529482e-02  -5.182013511658e-01  -6.071723997593e-02   0.000000000000e+00   8.590933680534e-02  -1.013231635094e+00 
  0.000000000000e+00   8.590933680534e-02  -1.013231635094e+00   2.850229442120e-01   8.566648513079e-02  -7.478349208832e-01   2.670658230782e-01   9.410197287798e-02  -6.295264959335e-01 
  1.063703536987e+00   6.004702881910e-04  -4.830219149590e-01  -4.094698131084e-01  -1.043950095773e-01  -7.924412488937e-01  -1.987782269716e-01  -1.138550266623e-01  -7.713295817375e-01 
  2.001733630896e-01  -1.097798645496e-01  -3.687781095505e-01  -6.334361154586e-03  -4.622206836939e-02  -3.866022229195e-01  -6.334361154586e-03  -4.622206836939e-02  -3.866022229195e-01 
  0.000000000000e+00   3.547473251820e-02  -1.024647593498e+00   0.000000000000e+00   3.547473251820e-02  -1.024647593498e+00   3.283476531506e-01   2.154516130686e-01  -4.838946461678e-01 
  4.294285178185e-01   7.423943607137e-04  -7.523401975632e-01   6.946023106575e-01  -9.992402791977e-02  -6.801576018333e-01  -1.201529741287e+00   1.868631690741e-02  -1.648892760277e-01 
 -4.536130726337e-01  -1.672609895468e-01  -6.242296099663e-01   2.652909755707e-01  -2.252850383520e-01  -6.528787016869e-01  -2.783001661301e-01  -1.644705832005e-01  -9.902709722519e-01 
 -2.783001661301e-01  -1.644705832005e-01  -9.902709722519e-01   0.000000000000e+00   1.018036454916e-01  -8.833454251289e-01   0.000000000000e+00   1.018036454916e-01  -8.833454251289e-01 
  1.347850114107e-01  -4.074956849217e-02  -9.901677966118e-01   3.436170220375e-01  -1.442341953516e-01  -9.622839093208e-01   5.840095877647e-01   1.097455695271e-01  -6.700909733772e-01 
 -2.120953500271e-01   1.460822969675e-01  -4.418430030346e-01  -2.679503858089e-01  -9.421761333942e-02  -6.469640135765e-01   3.678196668625e-01  -1.080572456121e-01  -6.822358369827e-01 
 -6.107041835785e-01  -1.259271651506e-01  -8.344154357910e-01  -6.107041835785e-01  -1.259271651506e-01  -8.344154357910e-01   0.000000000000e+00   7.762500643730e-02  -9.793349504471e-01 
  0.000000000000e+00   7.762500643730e-02  -9.793349504471e-01   2.318510115147e-01   1.677242070436e-01  -1.095817208290e+00   4.310065507889e-01   1.456757336855e-01  -8.880533576012e-01 
  6.051602959633e-01   2.461304068565e-01  -7.381760478020e-01   1.170107051730e-01   1.442289650440e-01  -6.271593570709e-01   5.819839239120e-02   3.023092448711e-01  -7.730836421251e-02 
  1.702503710985e-01  -1.045630034059e-02  -2.234297096729e-01  -4.296842813492e-01   8.243035525084e-02  -3.495797812939e-01  -4.296842813492e-01   8.243035525084e-02  -3.495797812939e-01 
  0.000000000000e+00  -3.277303278446e-02  -7.426543831825e-01   0.000000000000e+00  -3.277303278446e-02  -7.426543831825e-01   9.359563887119e-02  -1.094925850630e-01  -6.171092391014e-01 
  1.297702938318e-01   3.247677385807e-01  -1.165061593056e+00   2.281868159771e-01  -5.042184516788e-02  -7.324852347374e-01  -3.186378777027e-01  -1.061927434057e-02  -7.905194759369e-01 
 -5.685112476349e-01   7.811070978642e-02  -5.610197186470e-01   2.891775406897e-02   3.186800284311e-03  -3.304274678230e-01   1.232861578465e-01   1.011511962861e-02  -2.966560125351e-01 
  1.232861578465e-01   1.011511962861e-02  -2.966560125351e-01   0.000000000000e+00   0.000000000000e+00  -9.682916402817e-01   0.000000000000e+00   0.000000000000e+00  -9.682916402817e-01 
  3.634728789330e-01   0.000000000000e+00  -5.070613231510e-03   2.244856506586e-01   8.954939246178e-02  -1.047061085701e+00  -2.872453927994e-01   0.000000000000e+00  -3.887964189053e-01 
 -1.494377255440e+00   0.000000000000e+00  -9.286202788353e-01  -1.928729534149e+00   0.000000000000e+00  -1.561990022659e+00   0.000000000000e+00   0.000000000000e+00  -7.251274585724e-02 
  3.184961378574e-01   3.278033982497e-04  -7.629048824310e-02   3.184961378574e-01   3.278033982497e-04  -7.629048824310e-02   0.000000000000e+00   0.000000000000e+00  -9.682916402817e-01 
  0.000000000000e+00   0.000000000000e+00  -9.682916402817e-01   3.634728789330e-01   0.000000000000e+00  -5.070613231510e-03   2.244856506586e-01   8.954939246178e-02  -1.047061085701e+00 
 -2.872453927994e-01   0.000000000000e+00  -3.887964189053e-01  -1.494377255440e+00   0.000000000000e+00  -9.286202788353e-01  -1.928729534149e+00   0.000000000000e+00  -1.561990022659e+00 
  0.000000000000e+00   0.000000000000e+00  -7.251274585724e-02   3.184961378574e-01   3.278033982497e-04  -7.629048824310e-02   3.184961378574e-01   3.278033982497e-04  -7.629048824310e-02 
  0.000000000000e+00   4.870359972119e-02  -3.192490339279e-01   0.000000000000e+00   4.870359972119e-02  -3.192490339279e-01   2.767788171768e-01   2.325271070004e-02   5.364847183228e-02 
  2.281948029995e-01  -1.947618089616e-02  -5.058664083481e-01   0.000000000000e+00   7.670686580241e-03  -9.727064967155e-01   0.000000000000e+00  -6.097168195993e-03  -2.640843689442e-01 
  0.000000000000e+00  -2.561343312263e-01  -7.148661017418e-01   0.000000000000e+00  -5.521166324615e-01  -1.000000014901e-01  -1.016391754150e+00  -6.752288937569e-01   1.755084544420e-01 
 -1.016391754150e+00  -6.752288937569e-01   1.755084544420e-01   0.000000000000e+00   4.870359972119e-02  -3.192490339279e-01   0.000000000000e+00   4.870359972119e-02  -3.192490339279e-01 
  2.767788171768e-01   2.325271070004e-02   5.364847183228e-02   2.281948029995e-01  -1.947618089616e-02  -5.058664083481e-01   0.000000000000e+00   7.670686580241e-03  -9.727064967155e-01 
  0.000000000000e+00  -6.097168195993e-03  -2.640843689442e-01   0.000000000000e+00  -2.561343312263e-01  -7.148661017418e-01   0.000000000000e+00  -5.521166324615e-01  -1.000000014901e-01 
 -1.016391754150e+00  -6.752288937569e-01   1.755084544420e-01  -1.016391754150e+00  -6.752288937569e-01   1.755084544420e-01   0.000000000000e+00   1.904115378857e-01  -1.913596987724e-01 
  0.000000000000e+00   1.904115378857e-01  -1.913596987724e-01   2.634890973568e-01  -2.452966524288e-03  -9.041400253773e-02   1.386021077633e-01  -4.815947730094e-03  -1.395621597767e-01 
  2.545318305492e-01   2.068782225251e-02  -3.033015429974e-01   5.608398467302e-02   1.596582238562e-03  -1.574335396290e-01  -1.927234679461e-01  -1.690875440836e-01  -1.293756365776e-01 
 -1.285589486361e-01  -4.487512111664e-01  -5.117051005363e-01  -6.964167356491e-01  -5.372879505157e-01   2.444789260626e-01  -6.964167356491e-01  -5.372879505157e-01   2.444789260626e-01 
  0.000000000000e+00  -7.033906877041e-02  -3.819272816181e-01   0.000000000000e+00  -7.033906877041e-02  -3.819272816181e-01   1.274386495352e-01  -1.217242404819e-01  -5.575248003006e-01 
  1.884551346302e-01  -1.373542658985e-02  -6.155344247818e-01   2.492220848799e-01  -1.341828405857e-01  -5.632799863815e-01  -3.045428693295e-01  -1.368904206902e-02  -1.880095452070e-01 
 -4.520300328732e-01   0.000000000000e+00   1.222838044167e+00  -2.699351012707e-01  -9.788788110018e-02  -4.396953061223e-02  -1.773923486471e-01   0.000000000000e+00  -3.866825401783e-01 
 -1.773923486471e-01   0.000000000000e+00  -3.866825401783e-01   0.000000000000e+00  -3.295147046447e-02  -6.599532961845e-01   0.000000000000e+00  -3.295147046447e-02  -6.599532961845e-01 
  2.106676548719e-01  -6.353627890348e-02  -4.490772783756e-01   1.819822788239e-01  -3.017770685256e-02  -3.393207192421e-01  -4.429324865341e-01  -4.547839164734e-01  -5.531874895096e-01 
 -5.329849720001e-01  -2.408819831908e-02  -1.418812200427e-02  -6.813482046127e-01  -2.604513615370e-02   7.878103852272e-02  -4.461418986320e-01  -1.297066360712e-01  -9.822376817465e-02 
 -3.516501486301e-01  -1.325193941593e-01  -6.136729717255e-01  -3.516501486301e-01  -1.325193941593e-01  -6.136729717255e-01   0.000000000000e+00   2.805472910404e-02  -3.591997921467e-01 
  0.000000000000e+00   2.805472910404e-02  -3.591997921467e-01   2.132763564587e-01   1.207035034895e-01  -3.517161905766e-01   2.143573015928e-02   3.881393671036e-01  -2.617208957672e-01 
 -2.170134335756e-01  -1.554701477289e-01  -8.443550765514e-02  -6.463981270790e-01   2.905702963471e-02  -2.357011288404e-01  -4.027171432972e-01   7.937045395374e-02  -2.793687880039e-01 
 -1.300103217363e-01  -1.175212785602e-01  -4.986293613911e-01  -4.096226096153e-01  -8.003046363592e-02  -6.801367402077e-01  -4.096226096153e-01  -8.003046363592e-02  -6.801367402077e-01 
  0.000000000000e+00   2.164506725967e-02  -3.443809747696e-01   0.000000000000e+00   2.164506725967e-02  -3.443809747696e-01   1.658828109503e-01   6.723225861788e-02  -3.678496181965e-01 
  3.058468103409e-01   8.187796920538e-02  -6.279922276735e-02   5.017257928848e-01   2.019693106413e-01  -5.893464088440e-01   4.027674198151e-01  -1.187871992588e-01  -5.610067844391e-01 
 -1.646626368165e-02  -3.046595454216e-01  -1.000000014901e-01   1.659861952066e-01  -3.260181471705e-02  -8.980950117111e-01  -1.294572800398e-01  -2.090488374233e-02  -1.020029306412e+00 
 -1.294572800398e-01  -2.090488374233e-02  -1.020029306412e+00   0.000000000000e+00  -1.992870867252e-02  -6.184470653534e-01   0.000000000000e+00  -1.992870867252e-02  -6.184470653534e-01 
 -2.609325200319e-02  -6.497440487146e-02  -4.028134047985e-01   1.022572070360e-01   8.503826335073e-03  -8.432701230049e-01   5.430715084076e-01  -1.854940876365e-02  -1.081937670708e+00 
  5.996145680547e-02  -1.978179663420e-01  -1.067276716232e+00   9.434503316879e-02  -3.046595454216e-01  -8.011555671692e-01   1.654285639524e-01   9.527249261737e-03  -6.483279466629e-01 
 -5.773595720530e-02   4.113512486219e-02  -9.890093207359e-01  -5.773595720530e-02   4.113512486219e-02  -9.890093207359e-01   0.000000000000e+00   0.000000000000e+00  -6.274299621582e-01 
  0.000000000000e+00   0.000000000000e+00  -6.274299621582e-01   1.612681001425e-01   0.000000000000e+00  -5.151216983795e-01   2.070328742266e-01   0.000000000000e+00  -7.685248851776e-01 
  3.450434803963e-01  -5.354528781027e-03  -9.061173796654e-01  -1.049579262733e+00  -9.286089334637e-04  -1.504917502403e+00   0.000000000000e+00   3.842053236440e-03  -1.591051578522e+00 
  8.064401336014e-03   1.795560005121e-03  -1.435382813215e-01   1.743712127209e-01   0.000000000000e+00  -1.000000014901e-01   1.743712127209e-01   0.000000000000e+00  -1.000000014901e-01 
  0.000000000000e+00   0.000000000000e+00  -6.274299621582e-01   0.000000000000e+00   0.000000000000e+00  -6.274299621582e-01   1.612681001425e-01   0.000000000000e+00  -5.151216983795e-01 
  2.070328742266e-01   0.000000000000e+00  -7.685248851776e-01   3.450434803963e-01  -5.354528781027e-03  -9.061173796654e-01  -1.049579262733e+00  -9.286089334637e-04  -1.504917502403e+00 
  0.000000000000e+00   3.842053236440e-03  -1.591051578522e+00   8.064401336014e-03   1.795560005121e-03  -1.435382813215e-01   1.743712127209e-01   0.000000000000e+00  -1.000000014901e-01 
  1.743712127209e-01   0.000000000000e+00  -1.000000014901e-01   0.000000000000e+00   1.248291344382e-03  -8.633949756622e-01   0.000000000000e+00   1.248291344382e-03  -8.633949756622e-01 
  7.350663095713e-02   2.567057497799e-02  -5.052117109299e-01   3.035753071308e-01  -9.385725483298e-03  -4.669320881367e-01   0.000000000000e+00  -2.443798445165e-02  -1.000000014901e-01 
 -1.462968531996e-02  -1.884915307164e-02  -2.500976026058e-01  -2.887899242342e-02  -5.807225406170e-02  -1.000000014901e-01   0.000000000000e+00   7.722790353000e-03  -1.000000014901e-01 
 -1.018612310290e-01  -1.435659825802e-02  -8.440041914582e-03  -1.018612310290e-01  -1.435659825802e-02  -8.440041914582e-03   0.000000000000e+00   1.248291344382e-03  -8.633949756622e-01 
  0.000000000000e+00   1.248291344382e-03  -8.633949756622e-01   7.350663095713e-02   2.567057497799e-02  -5.052117109299e-01   3.035753071308e-01  -9.385725483298e-03  -4.669320881367e-01 
  0.000000000000e+00  -2.443798445165e-02  -1.000000014901e-01  -1.462968531996e-02  -1.884915307164e-02  -2.500976026058e-01  -2.887899242342e-02  -5.807225406170e-02  -1.000000014901e-01 
  0.000000000000e+00   7.722790353000e-03  -1.000000014901e-01  -1.018612310290e-01  -1.435659825802e-02  -8.440041914582e-03  -1.018612310290e-01  -1.435659825802e-02  -8.440041914582e-03 
  0.000000000000e+00   1.373383849859e-01  -5.329992175102e-01   0.000000000000e+00   1.373383849859e-01  -5.329992175102e-01   1.516634672880e-01  -4.503333568573e-02  -2.544519603252e-01 
  2.630575895309e-01  -4.601118713617e-02  -2.283139079809e-01   2.430820465088e-01  -1.714575849473e-02  -3.850845694542e-01  -1.556867361069e-01  -2.292143879458e-03  -2.927606999874e-01 
 -5.492393374443e-01  -3.172962460667e-03   5.252090692520e-01  -2.237945050001e-01   1.287215296179e-02   1.607429422438e-02  -1.387418657541e-01   5.372684448957e-02   2.444789260626e-01 
 -1.387418657541e-01   5.372684448957e-02   2.444789260626e-01   0.000000000000e+00  -5.158060230315e-03  -1.187046244740e-01   0.000000000000e+00  -5.158060230315e-03  -1.187046244740e-01 
  7.368953526020e-02  -5.377384275198e-02  -3.093098998070e-01   2.816966772079e-01  -4.525921866298e-02  -5.618850588799e-01   1.394496560097e-01  -1.312156915665e-01  -7.797033190727e-01 
 -3.784773945808e-01   0.000000000000e+00  -2.669381797314e-01  -7.090069651604e-01  -1.068843621761e-02   1.196305871010e+00  -5.184062719345e-01  -3.257162496448e-02   5.954281687737e-01 
 -2.828852534294e-01   0.000000000000e+00  -8.825599402189e-02  -2.828852534294e-01   0.000000000000e+00  -8.825599402189e-02   0.000000000000e+00   6.261393427849e-02  -5.137482285500e-01 
  0.000000000000e+00   6.261393427849e-02  -5.137482285500e-01  -2.424521185458e-02  -2.468110024929e-01  -3.553284704685e-01   7.491639256477e-02  -5.176977068186e-02  -6.216829419136e-01 
 -2.011418640614e-01  -1.591345816851e-01  -9.697105288506e-01  -2.434184104204e-01  -8.678039908409e-02  -2.897099852562e-01  -9.005905985832e-01  -2.249299362302e-02   1.238880872726e+00 
 -6.523564457893e-01  -5.813117697835e-02   7.977193593979e-01  -4.609230458736e-01  -1.061238050461e-01  -3.545951470733e-02  -4.609230458736e-01  -1.061238050461e-01  -3.545951470733e-02 
  0.000000000000e+00   1.244581192732e-01  -6.335143446922e-01   0.000000000000e+00   1.244581192732e-01  -6.335143446922e-01   9.856475144625e-02  -1.740772724152e-01  -7.499968409538e-01 
  6.977385282516e-02   1.778608858585e-01  -5.586230754852e-01   1.191249936819e-01  -1.498158462346e-02  -4.662519097328e-01   1.487812548876e-01   7.714817300439e-03  -4.172112643719e-01 
  9.184342622757e-02   3.033546358347e-02  -8.589684367180e-01   9.518346190453e-02  -1.310977991670e-02  -6.672754883766e-01  -2.091726958752e-01  -4.576363787055e-02  -1.000000014901e-01 
 -2.091726958752e-01  -4.576363787055e-02  -1.000000014901e-01   0.000000000000e+00   9.802579134703e-02  -5.473460555077e-01   0.000000000000e+00   9.802579134703e-02  -5.473460555077e-01 
  8.051136136055e-02   1.431120783091e-01  -6.376389861107e-01   2.342146486044e-01   1.541801691055e-01  -6.739857792854e-01   4.584859609604e-01   2.368205487728e-01  -4.402508139610e-01 
  4.170024693012e-01  -1.628385037184e-01  -9.935468435287e-01   7.133875042200e-02  -3.626828789711e-01  -1.275163650513e+00   1.873854249716e-01  -7.394112646580e-03  -1.217140316963e+00 
  0.000000000000e+00   0.000000000000e+00  -9.579892754555e-01   0.000000000000e+00   0.000000000000e+00  -9.579892754555e-01   0.000000000000e+00   7.341378182173e-02  -5.225965976715e-01 
  0.000000000000e+00   7.341378182173e-02  -5.225965976715e-01   2.091248054057e-03   1.617440395057e-02  -5.279649496078e-01   3.736215531826e-01   8.226077072322e-03  -1.321519017220e+00 
  3.972998261452e-01   7.399638742208e-02  -1.176539063454e+00   3.460823893547e-01  -2.873791754246e-01  -1.074581384659e+00   1.554303318262e-01  -2.306479811668e-01  -1.217140316963e+00 
  1.772033125162e-01   0.000000000000e+00  -1.125810027122e+00   4.457410797477e-02   2.110697701573e-02  -9.890093207359e-01   4.457410797477e-02   2.110697701573e-02  -9.890093207359e-01 
  0.000000000000e+00   0.000000000000e+00  -4.387007355690e-01   0.000000000000e+00   0.000000000000e+00  -4.387007355690e-01   2.516474388540e-02   0.000000000000e+00  -3.463348448277e-01 
  3.207022547722e-01   0.000000000000e+00  -8.611046075821e-01   2.425170987844e-01  -9.269471047446e-04  -8.654420375824e-01   0.000000000000e+00  -4.311119765043e-02  -1.000000014901e-01 
  3.367535769939e-01   3.026583045721e-02  -8.627533316612e-01   1.618893295527e-01   1.135196257383e-02  -8.698796629906e-01   6.499163061380e-02   1.110108848661e-02  -5.614314675331e-01 
  6.499163061380e-02   1.110108848661e-02  -5.614314675331e-01   0.000000000000e+00   0.000000000000e+00  -4.387007355690e-01   0.000000000000e+00   0.000000000000e+00  -4.387007355690e-01 
  2.516474388540e-02   0.000000000000e+00  -3.463348448277e-01   3.207022547722e-01   0.000000000000e+00  -8.611046075821e-01   2.425170987844e-01  -9.269471047446e-04  -8.654420375824e-01 
  0.000000000000e+00  -4.311119765043e-02  -1.000000014901e-01   3.367535769939e-01   3.026583045721e-02  -8.627533316612e-01   1.618893295527e-01   1.135196257383e-02  -8.698796629906e-01 
  6.499163061380e-02   1.110108848661e-02  -5.614314675331e-01   6.499163061380e-02   1.110108848661e-02  -5.614314675331e-01   0.000000000000e+00   5.256702192128e-03  -7.203785181046e-01 
  0.000000000000e+00   5.256702192128e-03  -7.203785181046e-01   2.707075886428e-02   4.945618100464e-03  -7.000820636749e-01   2.053193300962e-01  -1.345405280590e-01  -1.194048047066e+00 
  1.576506346464e-01  -6.926298886538e-02  -1.000000014901e-01   0.000000000000e+00   6.269200704992e-03  -1.830023527145e-01  -1.864954456687e-02   5.539878271520e-03  -1.000000014901e-01 
 -3.611027449369e-02   1.196535769850e-02  -1.000000014901e-01  -6.781951338053e-02   1.968512311578e-02  -6.050956249237e-01  -6.781951338053e-02   1.968512311578e-02  -6.050956249237e-01 
  0.000000000000e+00   5.256702192128e-03  -7.203785181046e-01   0.000000000000e+00   5.256702192128e-03  -7.203785181046e-01   2.707075886428e-02   4.945618100464e-03  -7.000820636749e-01 
  2.053193300962e-01  -1.345405280590e-01  -1.194048047066e+00   1.576506346464e-01  -6.926298886538e-02  -1.000000014901e-01   0.000000000000e+00   6.269200704992e-03  -1.830023527145e-01 
 -1.864954456687e-02   5.539878271520e-03  -1.000000014901e-01  -3.611027449369e-02   1.196535769850e-02  -1.000000014901e-01  -6.781951338053e-02   1.968512311578e-02  -6.050956249237e-01 
 -6.781951338053e-02   1.968512311578e-02  -6.050956249237e-01   0.000000000000e+00   8.558046817780e-02  -5.403143167496e-01   0.000000000000e+00   8.558046817780e-02  -5.403143167496e-01 
  2.059542834759e-01  -1.304969657212e-02  -3.242883086205e-01   4.708205461502e-01  -1.101548895240e-01  -3.352289795876e-01   3.950846493244e-01  -7.087705284357e-02  -3.943787515163e-01 
  7.971063256264e-02   1.333270315081e-02  -2.014618366957e-01  -3.177258744836e-02   4.565771378111e-04  -1.000000014901e-01  -1.564255915582e-02   1.493939198554e-02   5.949851870537e-02 
 -9.987925738096e-02   1.968512311578e-02  -1.000000014901e-01  -9.987925738096e-02   1.968512311578e-02  -1.000000014901e-01   0.000000000000e+00   1.223839297891e-01  -4.739632308483e-01 
  0.000000000000e+00   1.223839297891e-01  -4.739632308483e-01  -1.616673544049e-02   1.315116435289e-01  -5.387865900993e-01   1.980892568827e-01   4.274849966168e-02  -5.188716053963e-01 
  1.447055339813e-01  -1.610191725194e-02  -6.303799152374e-01   1.800875924528e-02   5.839424952865e-02  -1.891728341579e-01  -5.782206729054e-02   0.000000000000e+00   1.900884389877e+00 
  0.000000000000e+00  -5.654278793372e-04   9.311805963516e-01  -2.946560503915e-03   1.026583928615e-02   1.785207390785e-01  -2.946560503915e-03   1.026583928615e-02   1.785207390785e-01 
  0.000000000000e+00   1.931976526976e-01  -3.885649740696e-01   0.000000000000e+00   1.931976526976e-01  -3.885649740696e-01  -2.702813409269e-02   4.898859560490e-02  -4.286991655827e-01 
  2.246315777302e-02  -1.084418036044e-02  -6.431471109390e-01  -5.976720154285e-02  -8.436231315136e-02  -7.491120100021e-01   7.887633889914e-02   5.864800419658e-03  -2.965525984764e-01 
  0.000000000000e+00   0.000000000000e+00   1.900884389877e+00   0.000000000000e+00  -1.825963379815e-03  -1.000000014901e-01  -6.317319814116e-03   1.913506188430e-03  -8.549124002457e-02 
 -6.317319814116e-03   1.913506188430e-03  -8.549124002457e-02   0.000000000000e+00   2.648892104626e-01  -5.538341999054e-01   0.000000000000e+00   2.648892104626e-01  -5.538341999054e-01 
 -3.246320784092e-02   9.545856714249e-02  -5.467329621315e-01   7.449117302895e-02   9.682893007994e-02  -5.567282438278e-01   7.887633889914e-02  -1.816871017218e-02  -8.302382230759e-01 
  1.236117556691e-01   6.445763166994e-03  -5.060226321220e-01   1.165094897151e-01   4.776450805366e-03  -9.910674691200e-01   1.343236416578e-01   4.483095370233e-03  -1.039359807968e+00 
 -4.368467628956e-02  -2.276895754039e-02  -1.626525372267e-01  -4.368467628956e-02  -2.276895754039e-02  -1.626525372267e-01   0.000000000000e+00  -2.508832328022e-02  -8.598834276199e-01 
  0.000000000000e+00  -2.508832328022e-02  -8.598834276199e-01   6.124279648066e-02   8.232528716326e-02  -2.842254638672e-01   2.566538751125e-01   6.956093758345e-02  -4.007600843906e-01 
  2.777647674084e-01   1.241232529283e-01  -6.844617724419e-01   3.882718682289e-01  -1.036079451442e-01  -1.048708081245e+00   1.554302871227e-01   0.000000000000e+00  -1.159116983414e+00 
  1.772031933069e-01  -4.392139613628e-02  -1.217140316963e+00   5.866200104356e-02  -3.422292415053e-03  -1.000000014901e-01   5.866200104356e-02  -3.422292415053e-03  -1.000000014901e-01 
  0.000000000000e+00  -9.242876619101e-02  -5.010702013969e-01   0.000000000000e+00  -9.242876619101e-02  -5.010702013969e-01   3.575943037868e-02  -3.315317630768e-02  -3.679817020893e-01 
  3.958671689034e-01  -9.122243523598e-02  -5.827503800392e-01   8.708751797676e-01  -5.244633927941e-02  -9.850581288338e-01   4.580232203007e-01   1.773299463093e-02  -9.310663938522e-01 
  2.139883637428e-01   3.289412707090e-02  -9.209222793579e-01   1.951027959585e-01   2.153686434031e-02  -9.131940007210e-01   0.000000000000e+00   2.022151462734e-02  -6.840056180954e-01 
  0.000000000000e+00   2.022151462734e-02  -6.840056180954e-01   0.000000000000e+00   0.000000000000e+00  -3.598014712334e-01   0.000000000000e+00   0.000000000000e+00  -3.598014712334e-01 
  5.023180693388e-02   0.000000000000e+00  -3.448770046234e-01   3.822991251945e-01   0.000000000000e+00  -1.955628097057e-01   4.455708861351e-01  -1.026444360614e-01  -7.352876067162e-01 
  8.739856481552e-01   0.000000000000e+00  -9.539602994919e-01   5.347959995270e-01   0.000000000000e+00  -8.985370397568e-01   1.977310925722e-01   0.000000000000e+00  -9.109701514244e-01 
  0.000000000000e+00   8.243415504694e-03  -7.634786963463e-01   0.000000000000e+00   8.243415504694e-03  -7.634786963463e-01   0.000000000000e+00   0.000000000000e+00  -3.598014712334e-01 
  0.000000000000e+00   0.000000000000e+00  -3.598014712334e-01   5.023180693388e-02   0.000000000000e+00  -3.448770046234e-01   3.822991251945e-01   0.000000000000e+00  -1.955628097057e-01 
  4.455708861351e-01  -1.026444360614e-01  -7.352876067162e-01   8.739856481552e-01   0.000000000000e+00  -9.539602994919e-01   5.347959995270e-01   0.000000000000e+00  -8.985370397568e-01 
  1.977310925722e-01   0.000000000000e+00  -9.109701514244e-01   0.000000000000e+00   8.243415504694e-03  -7.634786963463e-01   0.000000000000e+00   8.243415504694e-03  -7.634786963463e-01 
  0.000000000000e+00   2.726424857974e-02  -4.212505817413e-01   0.000000000000e+00   2.726424857974e-02  -4.212505817413e-01  -4.834774509072e-02  -1.194750219584e-01  -5.505468249321e-01 
  1.897309720516e-01  -1.912229210138e-01  -4.924275279045e-01   1.316953152418e-01   0.000000000000e+00  -5.771022439003e-01   0.000000000000e+00   0.000000000000e+00  -6.127557754517e-01 
  0.000000000000e+00   0.000000000000e+00  -7.945933938026e-01  -1.440516114235e-02   4.917429294437e-03  -1.264119744301e-01  -5.914456024766e-02   0.000000000000e+00  -1.000000014901e-01 
 -5.914456024766e-02   0.000000000000e+00  -1.000000014901e-01   0.000000000000e+00   2.726424857974e-02  -4.212505817413e-01   0.000000000000e+00   2.726424857974e-02  -4.212505817413e-01 
 -4.834774509072e-02  -1.194750219584e-01  -5.505468249321e-01   1.897309720516e-01  -1.912229210138e-01  -4.924275279045e-01   1.316953152418e-01   0.000000000000e+00  -5.771022439003e-01 
  0.000000000000e+00   0.000000000000e+00  -6.127557754517e-01   0.000000000000e+00   0.000000000000e+00  -7.945933938026e-01  -1.440516114235e-02   4.917429294437e-03  -1.264119744301e-01 
 -5.914456024766e-02   0.000000000000e+00  -1.000000014901e-01  -5.914456024766e-02   0.000000000000e+00  -1.000000014901e-01   0.000000000000e+00   5.922885984182e-02  -6.272441744804e-01 
  0.000000000000e+00   5.922885984182e-02  -6.272441744804e-01  -4.514203872532e-03  -7.013867050409e-02  -4.628915488720e-01   2.355615794659e-01  -2.431335449219e-01  -4.740212261677e-01 
  1.576506346464e-01   0.000000000000e+00  -5.073318481445e-01   0.000000000000e+00   0.000000000000e+00  -6.852406859398e-01  -1.682618819177e-02   0.000000000000e+00  -8.872327208519e-01 
 -1.682618819177e-02   5.011087050661e-04  -8.872327208519e-01  -1.231622230262e-02   1.222606562078e-02  -1.264456361532e-01  -1.231622230262e-02   1.222606562078e-02  -1.264456361532e-01 
  0.000000000000e+00   4.521350190043e-02  -2.362667173147e-01   0.000000000000e+00   4.521350190043e-02  -2.362667173147e-01  -7.094869017601e-02   5.878043547273e-02  -3.659160435200e-01 
  7.616026699543e-02  -1.025061309338e-01  -4.269861876965e-01   1.345942914486e-01   0.000000000000e+00  -5.751081109047e-01   0.000000000000e+00   1.794148385525e-01  -6.050373315811e-01 
 -1.043438017368e-01   9.189722687006e-02  -9.747503399849e-01   7.069142907858e-02   0.000000000000e+00  -8.872327208519e-01   0.000000000000e+00   1.160127692856e-03  -5.946380496025e-01 
  0.000000000000e+00   1.160127692856e-03  -5.946380496025e-01   0.000000000000e+00   7.365787029266e-02  -1.499877721071e-01   0.000000000000e+00   7.365787029266e-02  -1.499877721071e-01 
 -4.143368825316e-02   6.843593716621e-02  -1.849996000528e-01  -1.360760442913e-02   1.776736229658e-02  -6.045044660568e-01   6.192444264889e-02   1.073036864400e-01  -4.697265326977e-01 
  1.138628087938e-02   2.299431562424e-01  -2.788371145725e-01  -5.782206729054e-02   2.669324576855e-01  -1.000000014901e-01   0.000000000000e+00   0.000000000000e+00  -4.611069858074e-01 
  0.000000000000e+00   0.000000000000e+00  -4.968967139721e-01   0.000000000000e+00   0.000000000000e+00  -4.968967139721e-01   0.000000000000e+00   1.874577552080e-01  -1.789184957743e-01 
  0.000000000000e+00   1.874577552080e-01  -1.789184957743e-01  -8.450724929571e-02   1.694080978632e-01  -2.313347458839e-01   9.098114073277e-02   1.117887869477e-01  -5.837504863739e-01 
  3.532780706882e-01  -1.449811970815e-03  -1.000000014901e-01   2.996425628662e-01   8.611124008894e-02  -4.934771060944e-01   1.546973884106e-01   0.000000000000e+00  -1.000000014901e-01 
  1.870771683753e-02   0.000000000000e+00  -5.504000186920e-01   1.265792828053e-02  -4.018346313387e-03  -3.177047371864e-01   1.265792828053e-02  -4.018346313387e-03  -3.177047371864e-01 
  0.000000000000e+00   2.535232901573e-01  -1.633140295744e-01   0.000000000000e+00   2.535232901573e-01  -1.633140295744e-01  -5.754686519504e-02   1.555680483580e-01  -5.873339995742e-02 
  3.885956406593e-01  -3.030329011381e-02  -6.024198532104e-01   9.155351519585e-01  -3.464832261670e-04  -6.101119518280e-01   7.556901574135e-01  -4.819490015507e-02  -6.905554533005e-01 
  3.222242295742e-01   0.000000000000e+00  -1.000000014901e-01   1.769853830338e-01  -1.405736990273e-02  -7.188544273376e-01   8.908498287201e-02  -3.705229610205e-03  -3.272208869457e-01 
  8.908498287201e-02  -3.705229610205e-03  -3.272208869457e-01   0.000000000000e+00  -4.543197154999e-02  -1.926607638597e-01   0.000000000000e+00  -4.543197154999e-02  -1.926607638597e-01 
  2.601445093751e-02  -3.040872700512e-02  -5.373722314835e-01   7.201119661331e-01  -1.884162276983e-01  -1.230834841728e+00   1.405908107758e+00  -2.072880864143e-01  -5.991972684860e-01 
  8.739856481552e-01   2.950696507469e-03  -9.461822509766e-01   5.347959995270e-01   0.000000000000e+00  -9.287768602371e-01   0.000000000000e+00   8.719659410417e-03  -8.985370397568e-01 
  0.000000000000e+00   1.343997847289e-02  -1.000000014901e-01   0.000000000000e+00   1.343997847289e-02  -1.000000014901e-01   0.000000000000e+00   0.000000000000e+00  -1.666962206364e-01 
  0.000000000000e+00   0.000000000000e+00  -1.666962206364e-01   1.009488627315e-01   0.000000000000e+00  -1.720288544893e-01   3.480703532696e-01   0.000000000000e+00  -5.386494994164e-01 
  3.987201750278e-01  -2.053004652262e-01  -1.728345870972e+00   8.923677206039e-01   0.000000000000e+00  -9.635876417160e-01   8.556035757065e-01   0.000000000000e+00  -9.461822509766e-01 
  7.042559981346e-01   1.341498107649e-03  -9.261049628258e-01   4.367632269859e-01   5.562812555581e-03  -6.702107191086e-01   4.367632269859e-01   5.562812555581e-03  -6.702107191086e-01 
  0.000000000000e+00   0.000000000000e+00  -1.666962206364e-01   0.000000000000e+00   0.000000000000e+00  -1.666962206364e-01   1.009488627315e-01   0.000000000000e+00  -1.720288544893e-01 
  3.480703532696e-01   0.000000000000e+00  -5.386494994164e-01   3.987201750278e-01  -2.053004652262e-01  -1.728345870972e+00   8.923677206039e-01   0.000000000000e+00  -9.635876417160e-01 
  8.556035757065e-01   0.000000000000e+00  -9.461822509766e-01   7.042559981346e-01   1.341498107649e-03  -9.261049628258e-01   4.367632269859e-01   5.562812555581e-03  -6.702107191086e-01 
  4.367632269859e-01   5.562812555581e-03  -6.702107191086e-01   0.000000000000e+00  -9.254274517298e-02  -4.658054709435e-01   0.000000000000e+00  -9.254274517298e-02  -4.658054709435e-01 
 -3.988692909479e-02  -7.829402387142e-02  -4.117204844952e-01   0.000000000000e+00  -1.932254731655e-01  -6.030575633049e-01   0.000000000000e+00  -9.612847119570e-02  -5.771022439003e-01 
  0.000000000000e+00  -4.197771474719e-02  -5.603588819504e-01  -8.068283088505e-03  -5.409369710833e-03  -8.462821245193e-01  -1.393363624811e-02   1.900062523782e-02  -4.782504439354e-01 
 -4.267260804772e-02   0.000000000000e+00  -1.000000014901e-01  -4.267260804772e-02   0.000000000000e+00  -1.000000014901e-01   0.000000000000e+00  -9.254274517298e-02  -4.658054709435e-01 
  0.000000000000e+00  -9.254274517298e-02  -4.658054709435e-01  -3.988692909479e-02  -7.829402387142e-02  -4.117204844952e-01   0.000000000000e+00  -1.932254731655e-01  -6.030575633049e-01 
  0.000000000000e+00  -9.612847119570e-02  -5.771022439003e-01   0.000000000000e+00  -4.197771474719e-02  -5.603588819504e-01  -8.068283088505e-03  -5.409369710833e-03  -8.462821245193e-01 
 -1.393363624811e-02   1.900062523782e-02  -4.782504439354e-01  -4.267260804772e-02   0.000000000000e+00  -1.000000014901e-01  -4.267260804772e-02   0.000000000000e+00  -1.000000014901e-01 
  0.000000000000e+00   4.534669965506e-02  -2.920413017273e-01   0.000000000000e+00   4.534669965506e-02  -2.920413017273e-01  -1.030761655420e-02  -6.565389037132e-02  -2.566401101649e-02 
  3.662260621786e-02  -1.844303160906e-01  -3.954244554043e-01   1.766343042254e-02  -9.938432276249e-02  -4.847713410854e-01   8.706644177437e-03   3.986221179366e-02  -5.530351996422e-01 
 -1.682618819177e-02   0.000000000000e+00  -8.872327208519e-01  -1.682618819177e-02   3.470040485263e-02  -8.872327208519e-01  -1.057940442115e-02   2.009767666459e-02  -4.266477525234e-01 
 -1.057940442115e-02   2.009767666459e-02  -4.266477525234e-01   0.000000000000e+00  -1.041107699275e-01   3.828852772713e-01   0.000000000000e+00  -1.041107699275e-01   3.828852772713e-01 
 -1.193410903215e-01  -1.091243177652e-01   2.892022430897e-01  -6.517982482910e-02  -1.014623194933e-01  -3.895419090986e-02  -3.181624412537e-02   4.223878309131e-02  -3.149682581425e-01 
  0.000000000000e+00   1.858343631029e-01  -1.000000014901e-01  -1.682618819177e-02   1.794148385525e-01  -7.997151613235e-01  -1.682618819177e-02   8.970741927624e-02  -8.872327208519e-01 
  0.000000000000e+00   5.216308310628e-02  -1.000000014901e-01   0.000000000000e+00   5.216308310628e-02  -1.000000014901e-01   0.000000000000e+00  -1.041931435466e-01  -3.812771663070e-02 
  0.000000000000e+00  -1.041931435466e-01  -3.812771663070e-02  -5.096820741892e-02  -9.239719063044e-02  -4.657689854503e-02  -3.547933697701e-02  -8.031859248877e-02  -1.459642946720e-01 
  2.073015458882e-02   1.344520747662e-01  -3.329563140869e-01  -6.058507133275e-03   2.001161575317e-01  -1.667913049459e-01  -3.177586570382e-02   1.794148385525e-01  -1.000000014901e-01 
 -1.565387845039e-02   8.970741927624e-02  -4.835351407528e-01  -6.445046514273e-03   5.380773916841e-02  -3.767511248589e-01  -6.445046514273e-03   5.380773916841e-02  -3.767511248589e-01 
  0.000000000000e+00   6.519122421741e-02  -2.003776133060e-01   0.000000000000e+00   6.519122421741e-02  -2.003776133060e-01  -4.460573196411e-02   6.970715522766e-02  -1.872631907463e-01 
  1.032033860683e-01   7.128424197435e-02  -5.190603733063e-01   2.560018897057e-01   5.559085868299e-03  -3.821026682854e-01   3.697104454041e-01   1.055856794119e-01  -4.767983257771e-01 
  1.479649990797e-01   0.000000000000e+00  -1.000000014901e-01  -4.424123093486e-03   3.545902669430e-02  -3.357330560684e-01   1.172142382711e-02   2.981180883944e-02  -3.248887062073e-01 
  1.172142382711e-02   2.981180883944e-02  -3.248887062073e-01   0.000000000000e+00   1.382912993431e-01   2.080136537552e-02   0.000000000000e+00   1.382912993431e-01   2.080136537552e-02 
  7.600004784763e-03   1.228560134768e-01  -1.254277676344e-01   4.581923186779e-01   4.518186673522e-02  -1.020931363106e+00   4.051661193371e-01  -8.935379795730e-03  -6.814519166946e-01 
  5.692366957664e-01  -3.173743933439e-02  -7.596186399460e-01   3.418581485748e-01   0.000000000000e+00  -1.000000014901e-01   2.130266577005e-01  -7.332776673138e-03  -3.768882155418e-01 
  1.141262426972e-01  -4.348712041974e-03  -3.140354752541e-01   1.141262426972e-01  -4.348712041974e-03  -3.140354752541e-01   0.000000000000e+00  -1.065275967121e-01  -1.704742610455e-01 
  0.000000000000e+00  -1.065275967121e-01  -1.704742610455e-01   2.864746153355e-01   6.976401060820e-02  -4.178860187531e-01   9.101081490517e-01  -3.184561803937e-02  -1.727571368217e+00 
  0.000000000000e+00  -1.103600412607e-01  -3.278355300426e-01   5.148352980614e-01  -2.185679040849e-02  -9.453084468842e-01   3.684825301170e-01  -1.653902698308e-03  -9.357581734657e-01 
  1.357416808605e-01   3.655478823930e-03  -1.000000014901e-01   0.000000000000e+00   8.033115416765e-03  -1.000000014901e-01   0.000000000000e+00   8.033115416765e-03  -1.000000014901e-01 
  0.000000000000e+00   0.000000000000e+00  -4.673436582088e-01   0.000000000000e+00   0.000000000000e+00  -4.673436582088e-01   1.551875770092e-01   0.000000000000e+00  -4.764375984669e-01 
  5.672554951161e-03  -5.641040392220e-03  -1.091466069221e+00   1.141594126821e-01  -1.389695107937e-01  -1.283357977867e+00   0.000000000000e+00   0.000000000000e+00  -1.000351786613e+00 
  0.000000000000e+00   0.000000000000e+00  -9.819697141647e-01   0.000000000000e+00   6.716662901454e-04  -8.953406214714e-01   1.651956140995e-01   3.279280848801e-03  -7.135595083237e-01 
  1.651956140995e-01   3.279280848801e-03  -7.135595083237e-01   0.000000000000e+00   0.000000000000e+00  -4.673436582088e-01   0.000000000000e+00   0.000000000000e+00  -4.673436582088e-01 
  1.551875770092e-01   0.000000000000e+00  -4.764375984669e-01   5.672554951161e-03  -5.641040392220e-03  -1.091466069221e+00   1.141594126821e-01  -1.389695107937e-01  -1.283357977867e+00 
  0.000000000000e+00   0.000000000000e+00  -1.000351786613e+00   0.000000000000e+00   0.000000000000e+00  -9.819697141647e-01   0.000000000000e+00   6.716662901454e-04  -8.953406214714e-01 
  1.651956140995e-01   3.279280848801e-03  -7.135595083237e-01   1.651956140995e-01   3.279280848801e-03  -7.135595083237e-01   0.000000000000e+00  -1.086866483092e-01  -5.257387459278e-02 
  0.000000000000e+00  -1.086866483092e-01  -5.257387459278e-02  -7.585398852825e-02  -1.349475141615e-02  -2.774187922478e-01   2.369458088651e-03  -1.055018529296e-01  -4.467985332012e-01 
  1.132893725298e-03  -1.029617115855e-01  -1.000000014901e-01   5.665274220519e-04  -6.725189834833e-02  -2.626326680183e-01  -7.732016034424e-03  -1.445984933525e-02  -4.418883621693e-01 
 -1.113366521895e-02   1.540181040764e-02  -4.979568719864e-01  -2.670249901712e-02   1.014657132328e-02  -1.817035973072e-01  -2.670249901712e-02   1.014657132328e-02  -1.817035973072e-01 
  0.000000000000e+00  -1.086866483092e-01  -5.257387459278e-02   0.000000000000e+00  -1.086866483092e-01  -5.257387459278e-02  -7.585398852825e-02  -1.349475141615e-02  -2.774187922478e-01 
  2.369458088651e-03  -1.055018529296e-01  -4.467985332012e-01   1.132893725298e-03  -1.029617115855e-01  -1.000000014901e-01   5.665274220519e-04  -6.725189834833e-02  -2.626326680183e-01 
 -7.732016034424e-03  -1.445984933525e-02  -4.418883621693e-01  -1.113366521895e-02   1.540181040764e-02  -4.979568719864e-01  -2.670249901712e-02   1.014657132328e-02  -1.817035973072e-01 
 -2.670249901712e-02   1.014657132328e-02  -1.817035973072e-01   0.000000000000e+00  -9.754751622677e-02  -7.652081251144e-01   0.000000000000e+00  -9.754751622677e-02  -7.652081251144e-01 
  3.165702894330e-02  -2.381696999073e-01  -6.726095676422e-01   1.038755774498e-01  -1.560921669006e-01   1.590448766947e-01   0.000000000000e+00  -1.183252185583e-01   1.305825859308e-01 
  0.000000000000e+00   6.132087484002e-02  -2.740411460400e-01  -1.050466299057e-02   0.000000000000e+00  -1.000000014901e-01  -1.028611417860e-02   3.297750279307e-02  -4.241210520267e-01 
 -7.871419191360e-03   2.991297468543e-02  -3.493317961693e-01  -7.871419191360e-03   2.991297468543e-02  -3.493317961693e-01   0.000000000000e+00   1.273600757122e-01   3.314879238605e-01 
  0.000000000000e+00   1.273600757122e-01   3.314879238605e-01   1.591967046261e-02  -1.798058152199e-01  -3.361960127950e-02   0.000000000000e+00   0.000000000000e+00   3.342912346125e-02 
  0.000000000000e+00   0.000000000000e+00   2.113542705774e-02   0.000000000000e+00   1.175978556275e-01  -1.000000014901e-01   0.000000000000e+00   0.000000000000e+00  -1.000000014901e-01 
  0.000000000000e+00   5.441168695688e-02  -1.000000014901e-01   0.000000000000e+00   5.341674387455e-02  -1.000000014901e-01   0.000000000000e+00   5.341674387455e-02  -1.000000014901e-01 
  0.000000000000e+00  -9.877119213343e-02  -1.126422807574e-01   0.000000000000e+00  -9.877119213343e-02  -1.126422807574e-01   2.465772815049e-02   0.000000000000e+00  -1.017485707998e-01 
  0.000000000000e+00   0.000000000000e+00  -7.331465929747e-02  -5.732595920563e-01  -4.436127201188e-04  -2.689506709576e-01  -1.036447808146e-01   1.216887533665e-01  -1.291335821152e-01 
 -1.749622635543e-02   0.000000000000e+00  -1.000000014901e-01  -1.163598708808e-02   5.441168323159e-02  -2.579098641872e-01  -6.709414999932e-03   5.394721031189e-02  -2.613704502583e-01 
 -6.709414999932e-03   5.394721031189e-02  -2.613704502583e-01   0.000000000000e+00  -5.157113075256e-02   2.037859708071e-01   0.000000000000e+00  -5.157113075256e-02   2.037859708071e-01 
  1.096762418747e-01  -2.109827101231e-02  -1.093784440309e-02   2.069847434759e-01  -9.032641537488e-03  -4.199921786785e-01   2.349681556225e-01  -5.728452932090e-03  -4.798051714897e-01 
  3.091818690300e-01   8.622755110264e-02  -4.584102928638e-01   1.575299948454e-01   0.000000000000e+00  -1.000000014901e-01   4.082808643579e-02   3.324768692255e-02  -2.115885019302e-01 
  9.787133894861e-03   3.837911784649e-02  -2.703553736210e-01   9.787133894861e-03   3.837911784649e-02  -2.703553736210e-01   0.000000000000e+00   2.900533676147e-01   1.527481526136e-01 
  0.000000000000e+00   2.900533676147e-01   1.527481526136e-01   3.397416770458e-01   9.499796479940e-02  -2.404379099607e-01   3.822659552097e-01   2.555479854345e-02  -9.908090829849e-01 
  2.614095807076e-01  -1.286467630416e-02  -6.496953368187e-01   3.390879929066e-01  -2.617480605841e-02  -6.699436306953e-01   3.116405010223e-01  -4.355980199762e-04  -3.421232402325e-01 
  2.265491038561e-01  -2.441367600113e-03  -3.554713129997e-01   1.422347128391e-01  -1.533423201181e-03  -2.932921648026e-01   1.422347128391e-01  -1.533423201181e-03  -2.932921648026e-01 
  0.000000000000e+00  -3.065726161003e-01   1.505871675909e-02   0.000000000000e+00  -3.065726161003e-01   1.505871675909e-02   3.568431138992e-01  -1.169723123312e-01  -6.336239576340e-01 
  4.272581040859e-01  -7.431259751320e-02  -1.893941044807e+00   0.000000000000e+00  -7.511258125305e-02  -1.000000014901e-01   2.482141107321e-01  -3.478124737740e-02  -4.776090383530e-01 
  2.542486190796e-01  -8.722318336368e-03  -6.890157461166e-01   1.590669006109e-01  -9.712472092360e-04  -3.265883624554e-01   6.819601356983e-02   3.644461045042e-03  -1.000000014901e-01 
  6.819601356983e-02   3.644461045042e-03  -1.000000014901e-01   0.000000000000e+00   0.000000000000e+00  -2.386673390865e-01   0.000000000000e+00   0.000000000000e+00  -2.386673390865e-01 
  2.560153305531e-01   0.000000000000e+00  -3.552602827549e-01   2.316151261330e-01  -2.215289697051e-02  -8.964101672173e-01   1.413003206253e-01  -5.275326222181e-02  -6.223924756050e-01 
  0.000000000000e+00  -7.940825074911e-03  -1.000000014901e-01   0.000000000000e+00  -2.794522326440e-03  -1.000000014901e-01   0.000000000000e+00  -8.585453033447e-04  -1.000000014901e-01 
  0.000000000000e+00   1.240896875970e-03  -3.602794110775e-01   0.000000000000e+00   1.240896875970e-03  -3.602794110775e-01   0.000000000000e+00   0.000000000000e+00  -2.386673390865e-01 
  0.000000000000e+00   0.000000000000e+00  -2.386673390865e-01   2.560153305531e-01   0.000000000000e+00  -3.552602827549e-01   2.316151261330e-01  -2.215289697051e-02  -8.964101672173e-01 
  1.413003206253e-01  -5.275326222181e-02  -6.223924756050e-01   0.000000000000e+00  -7.940825074911e-03  -1.000000014901e-01   0.000000000000e+00  -2.794522326440e-03  -1.000000014901e-01 
  0.000000000000e+00  -8.585453033447e-04  -1.000000014901e-01   0.000000000000e+00   1.240896875970e-03  -3.602794110775e-01   0.000000000000e+00   1.240896875970e-03  -3.602794110775e-01 
  0.000000000000e+00  -1.086866483092e-01  -5.257387459278e-02   0.000000000000e+00  -1.086866483092e-01  -5.257387459278e-02  -7.585398852825e-02  -1.349475141615e-02  -2.774187922478e-01 
  2.369458088651e-03  -1.055018529296e-01  -4.467985332012e-01   1.132893725298e-03  -1.029617115855e-01  -1.000000014901e-01   5.665274220519e-04  -6.725189834833e-02  -2.626326680183e-01 
 -7.732016034424e-03  -1.445984933525e-02  -4.418883621693e-01  -1.113366521895e-02   1.540181040764e-02  -4.979568719864e-01  -2.670249901712e-02   1.014657132328e-02  -1.817035973072e-01 
 -2.670249901712e-02   1.014657132328e-02  -1.817035973072e-01   0.000000000000e+00  -1.086866483092e-01  -5.257387459278e-02   0.000000000000e+00  -1.086866483092e-01  -5.257387459278e-02 
 -7.585398852825e-02  -1.349475141615e-02  -2.774187922478e-01   2.369458088651e-03  -1.055018529296e-01  -4.467985332012e-01   1.132893725298e-03  -1.029617115855e-01  -1.000000014901e-01 
  5.665274220519e-04  -6.725189834833e-02  -2.626326680183e-01  -7.732016034424e-03  -1.445984933525e-02  -4.418883621693e-01  -1.113366521895e-02   1.540181040764e-02  -4.979568719864e-01 
 -2.670249901712e-02   1.014657132328e-02  -1.817035973072e-01  -2.670249901712e-02   1.014657132328e-02  -1.817035973072e-01   0.000000000000e+00  -9.754751622677e-02  -7.652081251144e-01 
  0.000000000000e+00  -9.754751622677e-02  -7.652081251144e-01   3.165702894330e-02  -2.381696999073e-01  -6.726095676422e-01   1.038755774498e-01  -1.560921669006e-01   1.590448766947e-01 
  0.000000000000e+00  -1.183252185583e-01   1.305825859308e-01   0.000000000000e+00   6.132087484002e-02  -2.740411460400e-01  -1.050466299057e-02   0.000000000000e+00  -1.000000014901e-01 
 -1.028611417860e-02   3.297750279307e-02  -4.241210520267e-01  -7.871419191360e-03   2.991297468543e-02  -3.493317961693e-01  -7.871419191360e-03   2.991297468543e-02  -3.493317961693e-01 
  0.000000000000e+00   1.273600757122e-01   3.314879238605e-01   0.000000000000e+00   1.273600757122e-01   3.314879238605e-01   1.591967046261e-02  -1.798058152199e-01  -3.361960127950e-02 
  0.000000000000e+00   0.000000000000e+00   3.342912346125e-02   0.000000000000e+00   0.000000000000e+00   2.113542705774e-02   0.000000000000e+00   1.175978556275e-01  -1.000000014901e-01 
  0.000000000000e+00   0.000000000000e+00  -1.000000014901e-01   0.000000000000e+00   5.441168695688e-02  -1.000000014901e-01   0.000000000000e+00   5.341674387455e-02  -1.000000014901e-01 
  0.000000000000e+00   5.341674387455e-02  -1.000000014901e-01   0.000000000000e+00  -9.877119213343e-02  -1.126422807574e-01   0.000000000000e+00  -9.877119213343e-02  -1.126422807574e-01 
  2.465772815049e-02   0.000000000000e+00  -1.017485707998e-01   0.000000000000e+00   0.000000000000e+00  -7.331465929747e-02  -5.732595920563e-01  -4.436127201188e-04  -2.689506709576e-01 
 -1.036447808146e-01   1.216887533665e-01  -1.291335821152e-01  -1.749622635543e-02   0.000000000000e+00  -1.000000014901e-01  -1.163598708808e-02   5.441168323159e-02  -2.579098641872e-01 
 -6.709414999932e-03   5.394721031189e-02  -2.613704502583e-01  -6.709414999932e-03   5.394721031189e-02  -2.613704502583e-01   0.000000000000e+00  -5.157113075256e-02   2.037859708071e-01 
  0.000000000000e+00  -5.157113075256e-02   2.037859708071e-01   1.096762418747e-01  -2.109827101231e-02  -1.093784440309e-02   2.069847434759e-01  -9.032641537488e-03  -4.199921786785e-01 
  2.349681556225e-01  -5.728452932090e-03  -4.798051714897e-01   3.091818690300e-01   8.622755110264e-02  -4.584102928638e-01   1.575299948454e-01   0.000000000000e+00  -1.000000014901e-01 
  4.082808643579e-02   3.324768692255e-02  -2.115885019302e-01   9.787133894861e-03   3.837911784649e-02  -2.703553736210e-01   9.787133894861e-03   3.837911784649e-02  -2.703553736210e-01 
  0.000000000000e+00   2.900533676147e-01   1.527481526136e-01   0.000000000000e+00   2.900533676147e-01   1.527481526136e-01   3.397416770458e-01   9.499796479940e-02  -2.404379099607e-01 
  3.822659552097e-01   2.555479854345e-02  -9.908090829849e-01   2.614095807076e-01  -1.286467630416e-02  -6.496953368187e-01   3.390879929066e-01  -2.617480605841e-02  -6.699436306953e-01 
  3.116405010223e-01  -4.355980199762e-04  -3.421232402325e-01   2.265491038561e-01  -2.441367600113e-03  -3.554713129997e-01   1.422347128391e-01  -1.533423201181e-03  -2.932921648026e-01 
  1.422347128391e-01  -1.533423201181e-03  -2.932921648026e-01   0.000000000000e+00  -3.065726161003e-01   1.505871675909e-02   0.000000000000e+00  -3.065726161003e-01   1.505871675909e-02 
  3.568431138992e-01  -1.169723123312e-01  -6.336239576340e-01   4.272581040859e-01  -7.431259751320e-02  -1.893941044807e+00   0.000000000000e+00  -7.511258125305e-02  -1.000000014901e-01 
  2.482141107321e-01  -3.478124737740e-02  -4.776090383530e-01   2.542486190796e-01  -8.722318336368e-03  -6.890157461166e-01   1.590669006109e-01  -9.712472092360e-04  -3.265883624554e-01 
  6.819601356983e-02   3.644461045042e-03  -1.000000014901e-01   6.819601356983e-02   3.644461045042e-03  -1.000000014901e-01   0.000000000000e+00   0.000000000000e+00  -2.386673390865e-01 
  0.000000000000e+00   0.000000000000e+00  -2.386673390865e-01   2.560153305531e-01   0.000000000000e+00  -3.552602827549e-01   2.316151261330e-01  -2.215289697051e-02  -8.964101672173e-01 
  1.413003206253e-01  -5.275326222181e-02  -6.223924756050e-01   0.000000000000e+00  -7.940825074911e-03  -1.000000014901e-01   0.000000000000e+00  -2.794522326440e-03  -1.000000014901e-01 
  0.000000000000e+00  -8.585453033447e-04  -1.000000014901e-01   0.000000000000e+00   1.240896875970e-03  -3.602794110775e-01   0.000000000000e+00   1.240896875970e-03  -3.602794110775e-01 
  0.000000000000e+00   0.000000000000e+00  -2.386673390865e-01   0.000000000000e+00   0.000000000000e+00  -2.386673390865e-01   2.560153305531e-01   0.000000000000e+00  -3.552602827549e-01 
  2.316151261330e-01  -2.215289697051e-02  -8.964101672173e-01   1.413003206253e-01  -5.275326222181e-02  -6.223924756050e-01   0.000000000000e+00  -7.940825074911e-03  -1.000000014901e-01 
  0.000000000000e+00  -2.794522326440e-03  -1.000000014901e-01   0.000000000000e+00  -8.585453033447e-04  -1.000000014901e-01   0.000000000000e+00   1.240896875970e-03  -3.602794110775e-01 
  0.000000000000e+00   1.240896875970e-03  -3.602794110775e-01 

