# vtk DataFile Version 2.0
Written using VisIt writer
ASCII
DATASET RECTILINEAR_GRID
DIMENSIONS 10 10 10
X_COORDINATES 10 float
  0.000000000000e+00   5.000000000000e-01   1.000000000000e+00   1.500000000000e+00   2.000000000000e+00   2.500000000000e+00   3.000000000000e+00   3.500000000000e+00   4.000000000000e+00 
  4.500000000000e+00 
Y_COORDINATES 10 float
  0.000000000000e+00   5.000000000000e-01   1.000000000000e+00   1.500000000000e+00   2.000000000000e+00   2.500000000000e+00   3.000000000000e+00   3.500000000000e+00   4.000000000000e+00 
  4.500000000000e+00 
Z_COORDINATES 10 float
  0.000000000000e+00   5.000000000000e-01   1.000000000000e+00   1.500000000000e+00   2.000000000000e+00   2.500000000000e+00   3.000000000000e+00   3.500000000000e+00   4.000000000000e+00 
  4.500000000000e+00 
CELL_DATA 729
POINT_DATA 1000
VECTORS velocity float
  0.000000000000e+00  -1.907770633698e-01  -3.227835893631e-01   1.750000000000e+00   0.000000000000e+00   1.750000000000e+00   4.138491168424e+15   1.131434917450e+00   5.562549456954e-03 
  9.820687770844e-02  -2.043681144714e-01  -3.037850260735e-01   1.405461033856e+24   1.750741839409e+00   0.000000000000e+00   1.750000000000e+00   0.000000000000e+00   1.750000000000e+00 
 -1.194178387523e-01  -1.983717530966e-01  -3.295573890209e-01  -1.535381674767e+00  -2.777838780416e+12  -1.629836916924e+00  -2.359120975024e-22   1.750610589981e+00   0.000000000000e+00 
 -1.158746182919e-01  -2.389310300350e-01  -3.220892250538e-01   0.000000000000e+00  -1.907770633698e-01  -3.227835893631e-01  -1.535387396812e+00   2.663572090888e-27  -1.629902482033e+00 
 -2.410290762782e-02  -2.176320254803e-01  -3.086219727993e-01   9.820687770844e-02  -2.043681144714e-01  -3.037850260735e-01   4.138491168424e+15   1.131434917450e+00   5.562549456954e-03 
 -3.016673494130e-03  -1.653483361006e-01  -3.226196765900e-01  -1.194178387523e-01  -1.983717530966e-01  -3.295573890209e-01   1.750000000000e+00   0.000000000000e+00   1.750000000000e+00 
 -1.158746182919e-01  -2.389310300350e-01  -3.220892250538e-01  -1.158746182919e-01  -2.389310300350e-01  -3.220892250538e-01   0.000000000000e+00   1.896782815456e-01  -3.187764585018e-01 
  0.000000000000e+00   1.896782815456e-01  -3.187764585018e-01  -1.101001277566e-01   9.936583787203e-02  -3.133633434772e-01  -7.466452661902e-03   6.412899587303e-03  -3.008690178394e-01 
 -5.649046599865e-02  -1.764492690563e-02  -3.067030310631e-01   7.847435027361e-02   2.496154606342e-02  -3.032853901386e-01  -5.171077325940e-02   1.016650944948e-01  -3.115335404873e-01 
  4.198327660561e-02   2.181385457516e-01  -3.173211216927e-01  -1.062560304999e-01   2.418141812086e-01  -3.287573754787e-01  -1.062560304999e-01   2.418141812086e-01  -3.287573754787e-01 
  0.000000000000e+00  -3.413920849562e-02  -3.188809156418e-01   0.000000000000e+00  -3.413920849562e-02  -3.188809156418e-01  -5.830314755440e-02  -4.067673813552e-03  -3.100458085537e-01 
  6.349658966064e-02   8.369464427233e-02  -3.200869560242e-01  -7.592292875051e-02   4.208601266146e-02  -3.333413004875e-01  -5.657522380352e-02  -1.070804521441e-01  -3.180481791496e-01 
 -1.321588754654e-01  -1.610377728939e-01  -3.364472985268e-01   9.779668599367e-02  -8.838693052530e-02  -3.175701200962e-01  -9.076343476772e-02  -8.145752549171e-02  -3.243509829044e-01 
 -9.076343476772e-02  -8.145752549171e-02  -3.243509829044e-01   0.000000000000e+00  -7.829607278109e-02  -3.216169476509e-01   0.000000000000e+00  -7.829607278109e-02  -3.216169476509e-01 
 -1.454596817493e-01  -1.476533859968e-01  -3.383569419384e-01   1.331573277712e-01  -6.672041863203e-02  -3.078294992447e-01  -1.560597587377e-02  -1.300253532827e-02  -3.124090433121e-01 
  5.998066067696e-02   1.034913212061e-01  -3.185652196407e-01  -9.128062427044e-02   1.186188161373e-01  -3.351545631886e-01  -7.445478439331e-02  -8.129547536373e-02  -3.199347555637e-01 
 -1.632764488459e-01  -1.530274152756e-01  -3.338128328323e-01  -1.632764488459e-01  -1.530274152756e-01  -3.338128328323e-01   0.000000000000e+00   1.032785251737e-01  -3.231928944588e-01 
  0.000000000000e+00   1.032785251737e-01  -3.231928944588e-01  -9.368826448917e-02   1.309584826231e-01  -3.249378502369e-01  -6.975513696671e-02  -9.359227120876e-02  -3.122221231461e-01 
 -1.092408448458e-01  -1.466346085072e-01  -3.232946991920e-01   1.212672516704e-01  -7.597014307976e-02  -3.061518371105e-01  -1.134350243956e-02   1.139563508332e-03  -3.149142563343e-01 
  4.354521632195e-02   1.163098365068e-01  -3.218802511692e-01  -9.959860146046e-02   1.770210862160e-01  -3.329984247684e-01  -9.959860146046e-02   1.770210862160e-01  -3.329984247684e-01 
  0.000000000000e+00  -8.049527555704e-02  -3.100273311138e-01   0.000000000000e+00  -8.049527555704e-02  -3.100273311138e-01  -3.026126511395e-02  -8.079143241048e-03  -3.034430742264e-01 
  6.266153603792e-02   1.183550357819e-01  -3.149877190590e-01  -9.913423657417e-02   1.068890690804e-01  -3.307161629200e-01  -6.338623166084e-02  -1.005407646298e-01  -3.173580169678e-01 
 -8.811829239130e-02  -1.407902836800e-01  -3.206747174263e-01   6.199612095952e-02  -1.047765612602e-01  -3.044782578945e-01  -1.022395640612e-01  -9.793357551098e-02  -3.110632598400e-01 
 -1.022395640612e-01  -9.793357551098e-02  -3.110632598400e-01   0.000000000000e+00  -1.451489031315e-01  -3.242836892605e-01   0.000000000000e+00  -1.451489031315e-01  -3.242836892605e-01 
 -1.055193468928e-01  -1.571875661612e-01  -3.237731754780e-01   1.427041292191e-01  -6.506541743875e-03  -3.048302531242e-01  -8.923968300223e-03   6.830971688032e-02  -3.155163228512e-01 
  6.382251530886e-02   1.301878690720e-01  -3.267808258533e-01  -1.093171313405e-01   6.608948111534e-02  -3.402799069881e-01  -9.478291124105e-02  -1.370022445917e-01  -3.255150318146e-01 
 -1.430124491453e-01  -1.986965686083e-01  -3.564557135105e-01  -1.430124491453e-01  -1.986965686083e-01  -3.564557135105e-01   0.000000000000e+00   0.000000000000e+00  -3.312512636185e-01 
  0.000000000000e+00   0.000000000000e+00  -3.312512636185e-01  -1.339152902365e-01   0.000000000000e+00  -3.193982839584e-01  -5.448411777616e-02   0.000000000000e+00  -2.869755625725e-01 
 -1.070140525699e-01   0.000000000000e+00  -2.972994446754e-01   2.539129853249e-01   0.000000000000e+00  -3.255932331085e-01   2.651777304709e-02   0.000000000000e+00  -3.650466799736e-01 
  2.028420940042e-02   0.000000000000e+00  -3.641795217991e-01  -1.031409119605e-04   0.000000000000e+00  -3.921869099140e-01  -1.031409119605e-04   0.000000000000e+00  -3.921869099140e-01 
  0.000000000000e+00   0.000000000000e+00  -3.312512636185e-01   0.000000000000e+00   0.000000000000e+00  -3.312512636185e-01  -1.339152902365e-01   0.000000000000e+00  -3.193982839584e-01 
 -5.448411777616e-02   0.000000000000e+00  -2.869755625725e-01  -1.070140525699e-01   0.000000000000e+00  -2.972994446754e-01   2.539129853249e-01   0.000000000000e+00  -3.255932331085e-01 
  2.651777304709e-02   0.000000000000e+00  -3.650466799736e-01   2.028420940042e-02   0.000000000000e+00  -3.641795217991e-01  -1.031409119605e-04   0.000000000000e+00  -3.921869099140e-01 
 -1.031409119605e-04   0.000000000000e+00  -3.921869099140e-01   0.000000000000e+00  -1.907770633698e-01  -3.227835893631e-01   0.000000000000e+00  -1.907770633698e-01  -3.227835893631e-01 
 -2.410290762782e-02  -2.176320254803e-01  -3.086219727993e-01   9.820687770844e-02  -2.043681144714e-01  -3.037850260735e-01  -5.592433735728e-03  -2.037072330713e-01  -3.175027072430e-01 
 -3.016673494130e-03  -1.653483361006e-01  -3.226196765900e-01  -1.194178387523e-01  -1.983717530966e-01  -3.295573890209e-01  -2.868979424238e-02  -2.043960839510e-01  -3.158519566059e-01 
 -1.158746182919e-01  -2.389310300350e-01  -3.220892250538e-01  -1.158746182919e-01  -2.389310300350e-01  -3.220892250538e-01   0.000000000000e+00  -1.907770633698e-01  -3.227835893631e-01 
  0.000000000000e+00  -1.907770633698e-01  -3.227835893631e-01  -2.410290762782e-02  -2.176320254803e-01  -3.086219727993e-01   9.820687770844e-02  -2.043681144714e-01  -3.037850260735e-01 
 -5.592433735728e-03  -2.037072330713e-01  -3.175027072430e-01  -3.016673494130e-03  -1.653483361006e-01  -3.226196765900e-01  -1.194178387523e-01  -1.983717530966e-01  -3.295573890209e-01 
 -2.868979424238e-02  -2.043960839510e-01  -3.158519566059e-01  -1.158746182919e-01  -2.389310300350e-01  -3.220892250538e-01  -1.158746182919e-01  -2.389310300350e-01  -3.220892250538e-01 
  0.000000000000e+00   1.896782815456e-01  -3.187764585018e-01   0.000000000000e+00   1.896782815456e-01  -3.187764585018e-01  -1.101001277566e-01   9.936583787203e-02  -3.133633434772e-01 
 -7.466452661902e-03   6.412899587303e-03  -3.008690178394e-01  -5.649046599865e-02  -1.764492690563e-02  -3.067030310631e-01   7.847435027361e-02   2.496154606342e-02  -3.032853901386e-01 
 -5.171077325940e-02   1.016650944948e-01  -3.115335404873e-01   4.198327660561e-02   2.181385457516e-01  -3.173211216927e-01  -1.062560304999e-01   2.418141812086e-01  -3.287573754787e-01 
 -1.062560304999e-01   2.418141812086e-01  -3.287573754787e-01   0.000000000000e+00  -3.413920849562e-02  -3.188809156418e-01   0.000000000000e+00  -3.413920849562e-02  -3.188809156418e-01 
 -5.830314755440e-02  -4.067673813552e-03  -3.100458085537e-01   6.349658966064e-02   8.369464427233e-02  -3.200869560242e-01  -7.592292875051e-02   4.208601266146e-02  -3.333413004875e-01 
 -5.657522380352e-02  -1.070804521441e-01  -3.180481791496e-01  -1.321588754654e-01  -1.610377728939e-01  -3.364472985268e-01   9.779668599367e-02  -8.838693052530e-02  -3.175701200962e-01 
 -9.076343476772e-02  -8.145752549171e-02  -3.243509829044e-01  -9.076343476772e-02  -8.145752549171e-02  -3.243509829044e-01   0.000000000000e+00  -7.829607278109e-02  -3.216169476509e-01 
  0.000000000000e+00  -7.829607278109e-02  -3.216169476509e-01  -1.454596817493e-01  -1.476533859968e-01  -3.383569419384e-01   1.331573277712e-01  -6.672041863203e-02  -3.078294992447e-01 
 -1.560597587377e-02  -1.300253532827e-02  -3.124090433121e-01   5.998066067696e-02   1.034913212061e-01  -3.185652196407e-01  -9.128062427044e-02   1.186188161373e-01  -3.351545631886e-01 
 -7.445478439331e-02  -8.129547536373e-02  -3.199347555637e-01  -1.632764488459e-01  -1.530274152756e-01  -3.338128328323e-01  -1.632764488459e-01  -1.530274152756e-01  -3.338128328323e-01 
  0.000000000000e+00   1.032785251737e-01  -3.231928944588e-01   0.000000000000e+00   1.032785251737e-01  -3.231928944588e-01  -9.368826448917e-02   1.309584826231e-01  -3.249378502369e-01 
 -6.975513696671e-02  -9.359227120876e-02  -3.122221231461e-01  -1.092408448458e-01  -1.466346085072e-01  -3.232946991920e-01   1.212672516704e-01  -7.597014307976e-02  -3.061518371105e-01 
 -1.134350243956e-02   1.139563508332e-03  -3.149142563343e-01   4.354521632195e-02   1.163098365068e-01  -3.218802511692e-01  -9.959860146046e-02   1.770210862160e-01  -3.329984247684e-01 
 -9.959860146046e-02   1.770210862160e-01  -3.329984247684e-01   0.000000000000e+00  -8.049527555704e-02  -3.100273311138e-01   0.000000000000e+00  -8.049527555704e-02  -3.100273311138e-01 
 -3.026126511395e-02  -8.079143241048e-03  -3.034430742264e-01   6.266153603792e-02   1.183550357819e-01  -3.149877190590e-01  -9.913423657417e-02   1.068890690804e-01  -3.307161629200e-01 
 -6.338623166084e-02  -1.005407646298e-01  -3.173580169678e-01  -8.811829239130e-02  -1.407902836800e-01  -3.206747174263e-01   6.199612095952e-02  -1.047765612602e-01  -3.044782578945e-01 
 -1.022395640612e-01  -9.793357551098e-02  -3.110632598400e-01  -1.022395640612e-01  -9.793357551098e-02  -3.110632598400e-01   0.000000000000e+00  -1.451489031315e-01  -3.242836892605e-01 
  0.000000000000e+00  -1.451489031315e-01  -3.242836892605e-01  -1.055193468928e-01  -1.571875661612e-01  -3.237731754780e-01   1.427041292191e-01  -6.506541743875e-03  -3.048302531242e-01 
 -8.923968300223e-03   6.830971688032e-02  -3.155163228512e-01   6.382251530886e-02   1.301878690720e-01  -3.267808258533e-01  -1.093171313405e-01   6.608948111534e-02  -3.402799069881e-01 
 -9.478291124105e-02  -1.370022445917e-01  -3.255150318146e-01  -1.430124491453e-01  -1.986965686083e-01  -3.564557135105e-01  -1.430124491453e-01  -1.986965686083e-01  -3.564557135105e-01 
  0.000000000000e+00   0.000000000000e+00  -3.312512636185e-01   0.000000000000e+00   0.000000000000e+00  -3.312512636185e-01  -1.339152902365e-01   0.000000000000e+00  -3.193982839584e-01 
 -5.448411777616e-02   0.000000000000e+00  -2.869755625725e-01  -1.070140525699e-01   0.000000000000e+00  -2.972994446754e-01   2.539129853249e-01   0.000000000000e+00  -3.255932331085e-01 
  2.651777304709e-02   0.000000000000e+00  -3.650466799736e-01   2.028420940042e-02   0.000000000000e+00  -3.641795217991e-01  -1.031409119605e-04   0.000000000000e+00  -3.921869099140e-01 
 -1.031409119605e-04   0.000000000000e+00  -3.921869099140e-01   0.000000000000e+00   0.000000000000e+00  -3.312512636185e-01   0.000000000000e+00   0.000000000000e+00  -3.312512636185e-01 
 -1.339152902365e-01   0.000000000000e+00  -3.193982839584e-01  -5.448411777616e-02   0.000000000000e+00  -2.869755625725e-01  -1.070140525699e-01   0.000000000000e+00  -2.972994446754e-01 
  2.539129853249e-01   0.000000000000e+00  -3.255932331085e-01   2.651777304709e-02   0.000000000000e+00  -3.650466799736e-01   2.028420940042e-02   0.000000000000e+00  -3.641795217991e-01 
 -1.031409119605e-04   0.000000000000e+00  -3.921869099140e-01  -1.031409119605e-04   0.000000000000e+00  -3.921869099140e-01   0.000000000000e+00  -2.140370458364e-01  -3.245507776737e-01 
  0.000000000000e+00  -2.140370458364e-01  -3.245507776737e-01  -8.709672838449e-03  -2.190374583006e-01  -3.418467342854e-01   2.246586838737e-03  -2.159517556429e-01  -4.929404854774e-01 
 -2.817832399160e-03  -2.197149097919e-01  -5.266549587250e-01  -1.082777511328e-02  -2.256601005793e-01  -5.629171729088e-01  -2.320284396410e-02  -2.349472343922e-01  -4.581989049911e-01 
 -1.759011112154e-02  -2.382970005274e-01  -4.183783233166e-01  -2.003400959074e-02  -2.460333108902e-01  -3.744884133339e-01  -2.003400959074e-02  -2.460333108902e-01  -3.744884133339e-01 
  0.000000000000e+00  -2.140370458364e-01  -3.245507776737e-01   0.000000000000e+00  -2.140370458364e-01  -3.245507776737e-01  -8.709672838449e-03  -2.190374583006e-01  -3.418467342854e-01 
  2.246586838737e-03  -2.159517556429e-01  -4.929404854774e-01  -2.817832399160e-03  -2.197149097919e-01  -5.266549587250e-01  -1.082777511328e-02  -2.256601005793e-01  -5.629171729088e-01 
 -2.320284396410e-02  -2.349472343922e-01  -4.581989049911e-01  -1.759011112154e-02  -2.382970005274e-01  -4.183783233166e-01  -2.003400959074e-02  -2.460333108902e-01  -3.744884133339e-01 
 -2.003400959074e-02  -2.460333108902e-01  -3.744884133339e-01   0.000000000000e+00   7.256364077330e-02  -4.500610232353e-01   0.000000000000e+00   7.256364077330e-02  -4.500610232353e-01 
 -1.720067672431e-02   5.835301801562e-02  -4.043497443199e-01  -3.715529339388e-03   6.063095107675e-02  -4.466516673565e-01  -9.186131879687e-03   5.637019500136e-02  -4.059219360352e-01 
 -6.804610602558e-03   6.225045025349e-02  -5.047410726547e-01  -1.296847872436e-02   6.491736322641e-02  -4.885735511780e-01  -8.857063949108e-03   7.772347331047e-02  -5.458948612213e-01 
 -1.221257727593e-02   8.617736399174e-02  -5.058997869492e-01  -1.221257727593e-02   8.617736399174e-02  -5.058997869492e-01   0.000000000000e+00  -1.539394352585e-02  -4.290607869625e-01 
  0.000000000000e+00  -1.539394352585e-02  -4.290607869625e-01  -1.942480914295e-02  -1.951231248677e-02  -4.260767102242e-01  -8.074784651399e-03  -2.158438973129e-02  -5.545747280121e-01 
 -1.032810378820e-02  -2.515720576048e-02  -5.235006809235e-01  -8.054317906499e-03  -2.665942534804e-02  -4.878298342228e-01  -1.738074049354e-02  -3.144028037786e-02  -3.750870823860e-01 
 -8.092322386801e-03  -2.830109559000e-02  -4.607595801353e-01  -1.105487067252e-02  -2.561986818910e-02  -4.465770721436e-01  -1.105487067252e-02  -2.561986818910e-02  -4.465770721436e-01 
  0.000000000000e+00   1.966300420463e-03  -3.734594881535e-01   0.000000000000e+00   1.966300420463e-03  -3.734594881535e-01  -2.194594219327e-02  -3.497709112708e-04  -3.214727938175e-01 
 -3.118549706414e-03   5.468999501318e-03  -4.672525823116e-01  -5.936789792031e-03   8.795568719506e-03  -4.834776222706e-01  -6.752499844879e-03   8.532825857401e-03  -5.603005886078e-01 
 -1.588227786124e-02   1.019680593163e-02  -5.242489576340e-01  -1.066992990673e-02   8.494207635522e-03  -4.598110616207e-01  -1.966220885515e-02   1.435598242097e-03  -3.516556620598e-01 
 -1.966220885515e-02   1.435598242097e-03  -3.516556620598e-01   0.000000000000e+00   5.478489212692e-03  -4.742108583450e-01   0.000000000000e+00   5.478489212692e-03  -4.742108583450e-01 
 -2.433844283223e-02   1.774019445293e-03  -4.684152901173e-01  -7.161580026150e-03  -2.814789069816e-03  -4.598940312862e-01  -1.391888782382e-02  -1.101118419319e-02  -3.663247823715e-01 
 -7.910509593785e-04  -3.569128224626e-03  -4.612674713135e-01  -8.024840615690e-03   4.235277418047e-03  -4.904330074787e-01  -9.427358396351e-03   3.739384235814e-03  -5.561459064484e-01 
 -1.463103201240e-02   7.202891632915e-03  -5.151170492172e-01  -1.463103201240e-02   7.202891632915e-03  -5.151170492172e-01   0.000000000000e+00  -8.723444305360e-03  -4.058233499527e-01 
  0.000000000000e+00  -8.723444305360e-03  -4.058233499527e-01  -1.566969230771e-02   9.891474619508e-04  -4.278680384159e-01  -6.291228812188e-03   8.877440122887e-04  -5.591455101967e-01 
 -1.146040763706e-02   3.872971283272e-03  -5.199108719826e-01  -3.507025074214e-03   1.199972466566e-03  -4.502049982548e-01  -1.599885895848e-02  -6.711725611240e-03  -3.801908493042e-01 
 -9.087904356420e-03  -5.070478189737e-03  -4.475684463978e-01  -1.270214747638e-02  -2.361513208598e-03  -4.144248366356e-01  -1.270214747638e-02  -2.361513208598e-03  -4.144248366356e-01 
  0.000000000000e+00  -1.530840527266e-02  -3.315281569958e-01   0.000000000000e+00  -1.530840527266e-02  -3.315281569958e-01  -1.799929887056e-02  -1.304311305285e-02  -3.014602959156e-01 
  2.002219436690e-03  -3.740465035662e-03  -4.720149934292e-01   1.158419647254e-03   5.915688350797e-03  -4.996986091137e-01   1.171280280687e-03   6.435610353947e-03  -5.739007592201e-01 
 -1.493659149855e-02   6.470002699643e-03  -5.278456211090e-01  -1.471119001508e-02   1.423072535545e-03  -4.358129799366e-01  -1.713462918997e-02  -3.396732266992e-03  -3.323808908463e-01 
 -1.713462918997e-02  -3.396732266992e-03  -3.323808908463e-01   0.000000000000e+00   0.000000000000e+00  -4.625576138496e-01   0.000000000000e+00   0.000000000000e+00  -4.625576138496e-01 
 -2.772463299334e-02   0.000000000000e+00  -4.139434099197e-01  -1.429445226677e-03   0.000000000000e+00  -4.203625023365e-01  -1.904563512653e-03   0.000000000000e+00  -3.365905880928e-01 
  1.592901535332e-02   0.000000000000e+00  -5.150699615479e-01  -1.969105331227e-03   0.000000000000e+00  -6.123049855232e-01  -1.310837455094e-02   0.000000000000e+00  -6.209682822227e-01 
 -8.477446623147e-03   0.000000000000e+00  -6.204383969307e-01  -8.477446623147e-03   0.000000000000e+00  -6.204383969307e-01   0.000000000000e+00   0.000000000000e+00  -4.625576138496e-01 
  0.000000000000e+00   0.000000000000e+00  -4.625576138496e-01  -2.772463299334e-02   0.000000000000e+00  -4.139434099197e-01  -1.429445226677e-03   0.000000000000e+00  -4.203625023365e-01 
 -1.904563512653e-03   0.000000000000e+00  -3.365905880928e-01   1.592901535332e-02   0.000000000000e+00  -5.150699615479e-01  -1.969105331227e-03   0.000000000000e+00  -6.123049855232e-01 
 -1.310837455094e-02   0.000000000000e+00  -6.209682822227e-01  -8.477446623147e-03   0.000000000000e+00  -6.204383969307e-01  -8.477446623147e-03   0.000000000000e+00  -6.204383969307e-01 
  0.000000000000e+00  -1.936393827200e-01  -3.937570452690e-01   0.000000000000e+00  -1.936393827200e-01  -3.937570452690e-01  -7.247392553836e-03  -1.994103193283e-01  -4.526989758015e-01 
  5.898727569729e-03  -1.990875154734e-01  -5.064526200294e-01  -1.715924445307e-04  -2.002037614584e-01  -5.024550557137e-01  -5.956561770290e-03  -2.005376815796e-01  -4.987029731274e-01 
 -2.129861526191e-02  -2.073524892330e-01  -5.013997554779e-01  -1.242492627352e-02  -2.110491693020e-01  -4.987186491489e-01  -1.326062530279e-02  -2.159821391106e-01  -4.940457642078e-01 
 -1.326062530279e-02  -2.159821391106e-01  -4.940457642078e-01   0.000000000000e+00  -1.936393827200e-01  -3.937570452690e-01   0.000000000000e+00  -1.936393827200e-01  -3.937570452690e-01 
 -7.247392553836e-03  -1.994103193283e-01  -4.526989758015e-01   5.898727569729e-03  -1.990875154734e-01  -5.064526200294e-01  -1.715924445307e-04  -2.002037614584e-01  -5.024550557137e-01 
 -5.956561770290e-03  -2.005376815796e-01  -4.987029731274e-01  -2.129861526191e-02  -2.073524892330e-01  -5.013997554779e-01  -1.242492627352e-02  -2.110491693020e-01  -4.987186491489e-01 
 -1.326062530279e-02  -2.159821391106e-01  -4.940457642078e-01  -1.326062530279e-02  -2.159821391106e-01  -4.940457642078e-01   0.000000000000e+00   6.087037548423e-02  -3.959747850895e-01 
  0.000000000000e+00   6.087037548423e-02  -3.959747850895e-01  -1.545681618154e-02   5.023232847452e-02  -4.536736607552e-01  -2.995074260980e-03   5.069019645452e-02  -5.098198056221e-01 
 -7.172964513302e-03   4.580066725612e-02  -5.108457803726e-01  -3.263748250902e-03   5.029000341892e-02  -5.052812695503e-01  -1.216667797416e-02   5.096669867635e-02  -5.031408667564e-01 
 -1.745030866005e-03   6.203950569034e-02  -4.947506785393e-01  -9.616711176932e-03   6.635345518589e-02  -4.921334683895e-01  -9.616711176932e-03   6.635345518589e-02  -4.921334683895e-01 
  0.000000000000e+00  -1.805796660483e-02  -3.951829969883e-01   0.000000000000e+00  -1.805796660483e-02  -3.951829969883e-01  -1.343966368586e-02  -1.597612909973e-02  -4.505517482758e-01 
  2.805594995152e-04  -1.148773357272e-02  -4.964009821415e-01  -8.377634920180e-03  -1.326547656208e-02  -4.950065314770e-01  -9.680509567261e-03  -2.102150768042e-02  -4.993032813072e-01 
 -1.523674838245e-02  -2.607083693147e-02  -4.995809793472e-01  -5.706829950213e-03  -2.934834174812e-02  -4.968255758286e-01  -1.048492640257e-02  -2.960724383593e-02  -4.947656691074e-01 
 -1.048492640257e-02  -2.960724383593e-02  -4.947656691074e-01   0.000000000000e+00   3.385039744899e-03  -3.960876166821e-01   0.000000000000e+00   3.385039744899e-03  -3.960876166821e-01 
 -1.604190655053e-02   2.944059378933e-04  -4.499521255493e-01  -2.211244078353e-03  -2.101781778038e-03  -5.047580599785e-01  -4.561323206872e-03   1.909443410113e-03  -5.057185888290e-01 
  1.014310866594e-03   1.199652068317e-02  -4.971634745598e-01  -1.039767265320e-02   1.614009588957e-02  -4.921478033066e-01  -1.250415947288e-02   9.869609028101e-03  -4.974424242973e-01 
 -1.604552753270e-02   4.702445585281e-03  -4.948286116123e-01  -1.604552753270e-02   4.702445585281e-03  -4.948286116123e-01   0.000000000000e+00   7.457328028977e-03  -3.960297107697e-01 
  0.000000000000e+00   7.457328028977e-03  -3.960297107697e-01  -1.420143619180e-02   8.449743501842e-03  -4.460404217243e-01  -9.063327684999e-03   5.632645916194e-04  -5.038933753967e-01 
 -1.259395387024e-02  -8.447851054370e-03  -5.050117969513e-01  -1.280516618863e-03  -1.044733542949e-02  -5.052075982094e-01  -4.203127231449e-03  -2.236442407593e-03  -5.030680298805e-01 
 -1.225469168276e-03   8.266711607575e-03  -4.927938282490e-01  -9.725709445775e-03   1.359007414430e-02  -4.886096417904e-01  -9.725709445775e-03   1.359007414430e-02  -4.886096417904e-01 
  0.000000000000e+00  -1.337691582739e-02  -3.975449502468e-01   0.000000000000e+00  -1.337691582739e-02  -3.975449502468e-01  -9.115674532950e-03  -5.807686597109e-03  -4.537551999092e-01 
  3.271245630458e-03   7.254864089191e-03  -4.992532134056e-01  -6.855264306068e-03   1.206011604518e-02  -4.951982200146e-01  -7.547162938863e-03   5.522775929421e-03  -5.027488470078e-01 
 -1.279097422957e-02  -3.935313783586e-03  -5.042473673820e-01  -7.160090375692e-03  -9.836746379733e-03  -5.010135173798e-01  -1.043852884322e-02  -1.042552478611e-02  -4.978907704353e-01 
 -1.043852884322e-02  -1.042552478611e-02  -4.978907704353e-01   0.000000000000e+00  -9.013236500323e-03  -3.946374952793e-01   0.000000000000e+00  -9.013236500323e-03  -3.946374952793e-01 
 -1.485121436417e-02  -1.276757754385e-02  -4.524382054806e-01   2.253427403048e-03  -1.138699427247e-02  -5.076214671135e-01   3.226796397939e-03   5.261830519885e-04  -5.071792006493e-01 
  1.082902494818e-02   1.487052254379e-02  -4.964537620544e-01  -6.688665132970e-03   1.677868328989e-02  -4.904934465885e-01  -1.589909195900e-02   8.136892691255e-03  -4.957044422626e-01 
 -1.175369415432e-02   5.130699370056e-03  -4.861324429512e-01  -1.175369415432e-02   5.130699370056e-03  -4.861324429512e-01   0.000000000000e+00   0.000000000000e+00  -3.925568759441e-01 
  0.000000000000e+00   0.000000000000e+00  -3.925568759441e-01  -2.271050773561e-02   0.000000000000e+00  -4.482839703560e-01  -1.110857445747e-02   0.000000000000e+00  -5.117744803429e-01 
 -1.349077327177e-03   0.000000000000e+00  -5.164013504982e-01   2.468389645219e-02   0.000000000000e+00  -5.048839449883e-01   1.104709785432e-02   0.000000000000e+00  -4.895544648170e-01 
 -5.968144163489e-03   0.000000000000e+00  -4.805802106857e-01  -1.932369195856e-03   0.000000000000e+00  -4.682941734791e-01  -1.932369195856e-03   0.000000000000e+00  -4.682941734791e-01 
  0.000000000000e+00   0.000000000000e+00  -3.925568759441e-01   0.000000000000e+00   0.000000000000e+00  -3.925568759441e-01  -2.271050773561e-02   0.000000000000e+00  -4.482839703560e-01 
 -1.110857445747e-02   0.000000000000e+00  -5.117744803429e-01  -1.349077327177e-03   0.000000000000e+00  -5.164013504982e-01   2.468389645219e-02   0.000000000000e+00  -5.048839449883e-01 
  1.104709785432e-02   0.000000000000e+00  -4.895544648170e-01  -5.968144163489e-03   0.000000000000e+00  -4.805802106857e-01  -1.932369195856e-03   0.000000000000e+00  -4.682941734791e-01 
 -1.932369195856e-03   0.000000000000e+00  -4.682941734791e-01   0.000000000000e+00  -1.597809940577e-01  -3.718728423119e-01   0.000000000000e+00  -1.597809940577e-01  -3.718728423119e-01 
 -1.566662685946e-03  -1.608655601740e-01  -4.211684465408e-01  -1.328650396317e-03  -1.614580154419e-01  -4.811361134052e-01  -3.040403593332e-03  -1.629839837551e-01  -4.846922159195e-01 
 -6.410629022866e-03  -1.653676182032e-01  -4.873192906380e-01  -7.210193201900e-03  -1.683845967054e-01  -4.771855175495e-01  -6.641253829002e-03  -1.709458082914e-01  -4.698950648308e-01 
 -3.987004049122e-03  -1.726773679256e-01  -4.623398780823e-01  -3.987004049122e-03  -1.726773679256e-01  -4.623398780823e-01   0.000000000000e+00  -1.597809940577e-01  -3.718728423119e-01 
  0.000000000000e+00  -1.597809940577e-01  -3.718728423119e-01  -1.566662685946e-03  -1.608655601740e-01  -4.211684465408e-01  -1.328650396317e-03  -1.614580154419e-01  -4.811361134052e-01 
 -3.040403593332e-03  -1.629839837551e-01  -4.846922159195e-01  -6.410629022866e-03  -1.653676182032e-01  -4.873192906380e-01  -7.210193201900e-03  -1.683845967054e-01  -4.771855175495e-01 
 -6.641253829002e-03  -1.709458082914e-01  -4.698950648308e-01  -3.987004049122e-03  -1.726773679256e-01  -4.623398780823e-01  -3.987004049122e-03  -1.726773679256e-01  -4.623398780823e-01 
  0.000000000000e+00   3.660923242569e-02  -3.854743838310e-01   0.000000000000e+00   3.660923242569e-02  -3.854743838310e-01  -3.172943601385e-03   3.198180347681e-02  -4.303992092609e-01 
 -2.467211335897e-03   3.782957419753e-02  -4.833872318268e-01  -3.495465265587e-03   4.047106951475e-02  -4.804540276527e-01  -6.121804472059e-03   3.883069008589e-02  -4.832964837551e-01 
 -6.299057509750e-03   3.499242663383e-02  -4.788081049919e-01  -5.777343641967e-03   3.668132424355e-02  -4.812615513802e-01  -3.060757881030e-03   3.770424798131e-02  -4.780172705650e-01 
 -3.060757881030e-03   3.770424798131e-02  -4.780172705650e-01   0.000000000000e+00  -1.210619322956e-02  -3.798553347588e-01   0.000000000000e+00  -1.210619322956e-02  -3.798553347588e-01 
 -3.895203815773e-03  -1.354836765677e-02  -4.262967705727e-01  -5.649003200233e-03  -1.697235926986e-02  -4.846529960632e-01  -4.022141452879e-03  -1.752313040197e-02  -4.836553633213e-01 
 -4.056855570525e-03  -1.504303514957e-02  -4.797235131264e-01  -5.277289077640e-03  -1.376730203629e-02  -4.706378877163e-01  -5.462878849357e-03  -1.305309589952e-02  -4.694512188435e-01 
 -2.890927484259e-03  -1.289030257612e-02  -4.641959369183e-01  -2.890927484259e-03  -1.289030257612e-02  -4.641959369183e-01   0.000000000000e+00   3.579882439226e-03  -3.796090483665e-01 
  0.000000000000e+00   3.579882439226e-03  -3.796090483665e-01  -3.817018121481e-03   3.739877371117e-03  -4.247114956379e-01  -3.687061835080e-03   4.827202763408e-03  -4.791591763496e-01 
 -3.832057816908e-03   4.942942410707e-03  -4.780540168285e-01  -5.331512540579e-03   4.249015357345e-03  -4.839097261429e-01  -5.165833514184e-03   4.246209748089e-03  -4.824503958225e-01 
 -4.448333289474e-03   4.864976741374e-03  -4.764238893986e-01  -3.200461156666e-03   4.822103772312e-03  -4.658194482327e-01  -3.200461156666e-03   4.822103772312e-03  -4.658194482327e-01 
  0.000000000000e+00  -3.051480161957e-04  -3.861742317677e-01   0.000000000000e+00  -3.051480161957e-04  -3.861742317677e-01  -4.405787680298e-03  -9.518931037746e-04  -4.336159825325e-01 
 -3.255504416302e-03  -6.119316676632e-04  -4.830155372620e-01  -3.534339368343e-03  -2.226998476544e-04  -4.745893180370e-01  -3.817292395979e-03   1.361610135064e-03  -4.756764769554e-01 
 -4.317338578403e-03   2.145773498341e-03  -4.757289588451e-01  -5.206104367971e-03   1.467558555305e-03  -4.796220064163e-01  -3.061775816604e-03   1.348434714600e-03  -4.763518869877e-01 
 -3.061775816604e-03   1.348434714600e-03  -4.763518869877e-01   0.000000000000e+00  -1.156220096163e-03  -3.771858811378e-01   0.000000000000e+00  -1.156220096163e-03  -3.771858811378e-01 
 -3.307033330202e-03   2.590345393401e-04  -4.259393513203e-01  -3.368463134393e-03  -8.409597285208e-06  -4.859954118729e-01  -2.691558096558e-03   8.505562436767e-04  -4.853956997395e-01 
 -2.568017458543e-03   2.166232326999e-03  -4.819762706757e-01  -4.024455323815e-03   2.449641935527e-03  -4.745429456234e-01  -4.568716045469e-03   2.983303274959e-03  -4.716173112392e-01 
 -2.688791602850e-03   3.365150419995e-03  -4.655408561230e-01  -2.688791602850e-03   3.365150419995e-03  -4.655408561230e-01   0.000000000000e+00  -1.810132176615e-03  -3.741855919361e-01 
  0.000000000000e+00  -1.810132176615e-03  -3.741855919361e-01  -2.862846711650e-03  -1.128314062953e-03  -4.191195070744e-01  -1.706910086796e-03   3.219025966246e-04  -4.752341806889e-01 
 -9.784150170162e-04   1.570350839756e-03  -4.771367311478e-01  -2.498268149793e-03   1.534048118629e-03  -4.902878701687e-01  -3.363446798176e-03   2.292358549312e-03  -4.934908151627e-01 
 -3.971965517849e-03   3.112775739282e-03  -4.849452674389e-01  -3.404862945899e-03   2.802706789225e-03  -4.762185215950e-01  -3.404862945899e-03   2.802706789225e-03  -4.762185215950e-01 
  0.000000000000e+00   0.000000000000e+00  -3.862367570400e-01   0.000000000000e+00   0.000000000000e+00  -3.862367570400e-01  -3.532141214237e-03   0.000000000000e+00  -4.278799295425e-01 
 -5.425583221950e-04   0.000000000000e+00  -4.707631468773e-01  -6.459717405960e-05   0.000000000000e+00  -4.630711674690e-01  -1.581970020197e-03   0.000000000000e+00  -4.852678775787e-01 
 -2.238170476630e-03   0.000000000000e+00  -5.037315487862e-01  -4.717566538602e-03   0.000000000000e+00  -5.071663260460e-01  -3.990599885583e-03   0.000000000000e+00  -5.083755254745e-01 
 -3.990599885583e-03   0.000000000000e+00  -5.083755254745e-01   0.000000000000e+00   0.000000000000e+00  -3.862367570400e-01   0.000000000000e+00   0.000000000000e+00  -3.862367570400e-01 
 -3.532141214237e-03   0.000000000000e+00  -4.278799295425e-01  -5.425583221950e-04   0.000000000000e+00  -4.707631468773e-01  -6.459717405960e-05   0.000000000000e+00  -4.630711674690e-01 
 -1.581970020197e-03   0.000000000000e+00  -4.852678775787e-01  -2.238170476630e-03   0.000000000000e+00  -5.037315487862e-01  -4.717566538602e-03   0.000000000000e+00  -5.071663260460e-01 
 -3.990599885583e-03   0.000000000000e+00  -5.083755254745e-01  -3.990599885583e-03   0.000000000000e+00  -5.083755254745e-01   0.000000000000e+00  -1.266517490149e-01  -3.792761862278e-01 
  0.000000000000e+00  -1.266517490149e-01  -3.792761862278e-01  -1.808796776459e-03  -1.274463832378e-01  -4.341392219067e-01  -1.302066142671e-03  -1.281988322735e-01  -4.888642728329e-01 
 -2.473995788023e-03  -1.293507963419e-01  -4.885447919369e-01  -3.976754844189e-03  -1.308731436729e-01  -4.868044257164e-01  -4.567753057927e-03  -1.326319426298e-01  -4.843467772007e-01 
 -3.732609329745e-03  -1.341259032488e-01  -4.815936088562e-01  -2.362113445997e-03  -1.351649761200e-01  -4.797013998032e-01  -2.362113445997e-03  -1.351649761200e-01  -4.797013998032e-01 
  0.000000000000e+00  -1.266517490149e-01  -3.792761862278e-01   0.000000000000e+00  -1.266517490149e-01  -3.792761862278e-01  -1.808796776459e-03  -1.274463832378e-01  -4.341392219067e-01 
 -1.302066142671e-03  -1.281988322735e-01  -4.888642728329e-01  -2.473995788023e-03  -1.293507963419e-01  -4.885447919369e-01  -3.976754844189e-03  -1.308731436729e-01  -4.868044257164e-01 
 -4.567753057927e-03  -1.326319426298e-01  -4.843467772007e-01  -3.732609329745e-03  -1.341259032488e-01  -4.815936088562e-01  -2.362113445997e-03  -1.351649761200e-01  -4.797013998032e-01 
 -2.362113445997e-03  -1.351649761200e-01  -4.797013998032e-01   0.000000000000e+00   2.538006193936e-02  -3.817589581013e-01   0.000000000000e+00   2.538006193936e-02  -3.817589581013e-01 
 -2.581511856988e-03   2.141402289271e-02  -4.360570907593e-01  -1.866390462965e-03   2.381413057446e-02  -4.906818270683e-01  -2.767126774415e-03   2.617015875876e-02  -4.902593493462e-01 
 -3.984456416219e-03   2.132028341293e-02  -4.887605309486e-01  -3.955602645874e-03   2.273328788579e-02  -4.866003394127e-01  -2.894043689594e-03   2.553286217153e-02  -4.838477671146e-01 
 -1.902901916765e-03   2.616008557379e-02  -4.820727109909e-01  -1.902901916765e-03   2.616008557379e-02  -4.820727109909e-01   0.000000000000e+00  -9.549906477332e-03  -3.795792758465e-01 
  0.000000000000e+00  -9.549906477332e-03  -3.795792758465e-01  -2.249580807984e-03  -9.353744797409e-03  -4.334884583950e-01  -2.759173512459e-03  -1.029537152499e-02  -4.857499301434e-01 
 -2.909902017564e-03  -1.022587623447e-02  -4.840424358845e-01  -2.890902571380e-03  -9.333026595414e-03  -4.829534590244e-01  -4.316960461438e-03  -9.614091366529e-03  -4.822419583797e-01 
 -3.472699550912e-03  -9.914772585034e-03  -4.806249141693e-01  -2.059241989627e-03  -1.016936171800e-02  -4.794335067272e-01  -2.059241989627e-03  -1.016936171800e-02  -4.794335067272e-01 
  0.000000000000e+00   2.425673184916e-03  -3.807033896446e-01   0.000000000000e+00   2.425673184916e-03  -3.807033896446e-01  -2.675994997844e-03   2.170157851651e-03  -4.348721802235e-01 
 -2.525161486119e-03   2.258917549625e-03  -4.884183704853e-01  -2.846238436177e-03   2.334076911211e-03  -4.874747097492e-01  -2.854398218915e-03   2.439611591399e-03  -4.855207800865e-01 
 -3.237794153392e-03   3.242226550356e-03  -4.833413362503e-01  -3.043443430215e-03   3.556753043085e-03  -4.818437993526e-01  -2.187639009207e-03   3.494416596368e-03  -4.808303713799e-01 
 -2.187639009207e-03   3.494416596368e-03  -4.808303713799e-01   0.000000000000e+00  -1.705512840999e-04  -3.807557225227e-01   0.000000000000e+00  -1.705512840999e-04  -3.807557225227e-01 
 -2.508638426661e-03   8.828569662001e-06  -4.340368509293e-01  -2.341841347516e-03   1.430503616575e-04  -4.875535368919e-01  -2.755248453468e-03   2.115006791428e-04  -4.869585037231e-01 
 -2.677978482097e-03   4.937041085213e-04  -4.861266613007e-01  -2.872282871976e-03   9.204120142385e-04  -4.849155545235e-01  -2.477226778865e-03   1.476413221098e-03  -4.825143516064e-01 
 -1.748757087626e-03   1.865007332526e-03  -4.807330965996e-01  -1.748757087626e-03   1.865007332526e-03  -4.807330965996e-01   0.000000000000e+00  -1.078427303582e-03  -3.807366192341e-01 
  0.000000000000e+00  -1.078427303582e-03  -3.807366192341e-01  -2.234324114397e-03  -6.963497144170e-04  -4.348830282688e-01  -1.544661587104e-03   1.754816184985e-04  -4.878479540348e-01 
 -1.718331011944e-03   1.171581563540e-03  -4.865584373474e-01  -1.869718078524e-03   1.885540084913e-03  -4.860915541649e-01  -2.670565852895e-03   2.089563757181e-03  -4.852265417576e-01 
 -2.799163805321e-03   1.899639610201e-03  -4.836388826370e-01  -1.899889321066e-03   1.809439389035e-03  -4.825109839439e-01  -1.899889321066e-03   1.809439389035e-03  -4.825109839439e-01 
  0.000000000000e+00  -5.183037719689e-04  -3.796699047089e-01   0.000000000000e+00  -5.183037719689e-04  -3.796699047089e-01  -2.455960260704e-03  -6.831889622845e-04  -4.340230822563e-01 
 -1.719867577776e-03  -7.558831712231e-04  -4.884183108807e-01  -9.470314253122e-04   8.835770859150e-05  -4.887211322784e-01  -8.206591155613e-05   1.656719832681e-03  -4.870726168156e-01 
 -1.226840424351e-03   2.777685644105e-03  -4.848401546478e-01  -2.540602115914e-03   2.937651006505e-03  -4.835061728954e-01  -1.865664380603e-03   2.937053563073e-03  -4.822402000427e-01 
 -1.865664380603e-03   2.937053563073e-03  -4.822402000427e-01   0.000000000000e+00   0.000000000000e+00  -3.791235387325e-01   0.000000000000e+00   0.000000000000e+00  -3.791235387325e-01 
 -2.864638110623e-03   0.000000000000e+00  -4.328047335148e-01  -2.343201078475e-03   0.000000000000e+00  -4.882258176804e-01  -1.040604314767e-03   0.000000000000e+00  -4.901657998562e-01 
  9.836219251156e-04   0.000000000000e+00  -4.888198375702e-01   2.609442453831e-04   0.000000000000e+00  -4.861643314362e-01  -1.636925037019e-03   0.000000000000e+00  -4.835048019886e-01 
 -1.240878715180e-03   0.000000000000e+00  -4.810129702091e-01  -1.240878715180e-03   0.000000000000e+00  -4.810129702091e-01   0.000000000000e+00   0.000000000000e+00  -3.791235387325e-01 
  0.000000000000e+00   0.000000000000e+00  -3.791235387325e-01  -2.864638110623e-03   0.000000000000e+00  -4.328047335148e-01  -2.343201078475e-03   0.000000000000e+00  -4.882258176804e-01 
 -1.040604314767e-03   0.000000000000e+00  -4.901657998562e-01   9.836219251156e-04   0.000000000000e+00  -4.888198375702e-01   2.609442453831e-04   0.000000000000e+00  -4.861643314362e-01 
 -1.636925037019e-03   0.000000000000e+00  -4.835048019886e-01  -1.240878715180e-03   0.000000000000e+00  -4.810129702091e-01  -1.240878715180e-03   0.000000000000e+00  -4.810129702091e-01 
  0.000000000000e+00  -9.329803287983e-02  -3.776417970657e-01   0.000000000000e+00  -9.329803287983e-02  -3.776417970657e-01  -1.194592798129e-03  -9.366852045059e-02  -4.318656325340e-01 
 -1.386190764606e-03  -9.435832500458e-02  -4.864287376404e-01  -1.935805892572e-03  -9.524126350880e-02  -4.861254692078e-01  -2.566114533693e-03  -9.631188958883e-02  -4.850670993328e-01 
 -2.564888680354e-03  -9.738950431347e-02  -4.832772910595e-01  -2.086625201628e-03  -9.830993413925e-02  -4.815541803837e-01  -1.212891656905e-03  -9.888533502817e-02  -4.803107082844e-01 
 -1.212891656905e-03  -9.888533502817e-02  -4.803107082844e-01   0.000000000000e+00  -9.329803287983e-02  -3.776417970657e-01   0.000000000000e+00  -9.329803287983e-02  -3.776417970657e-01 
 -1.194592798129e-03  -9.366852045059e-02  -4.318656325340e-01  -1.386190764606e-03  -9.435832500458e-02  -4.864287376404e-01  -1.935805892572e-03  -9.524126350880e-02  -4.861254692078e-01 
 -2.566114533693e-03  -9.631188958883e-02  -4.850670993328e-01  -2.564888680354e-03  -9.738950431347e-02  -4.832772910595e-01  -2.086625201628e-03  -9.830993413925e-02  -4.815541803837e-01 
 -1.212891656905e-03  -9.888533502817e-02  -4.803107082844e-01  -1.212891656905e-03  -9.888533502817e-02  -4.803107082844e-01   0.000000000000e+00   1.579342782497e-02  -3.797699809074e-01 
  0.000000000000e+00   1.579342782497e-02  -3.797699809074e-01  -1.457219477743e-03   1.299949549139e-02  -4.336764216423e-01  -1.593130989932e-03   1.271638460457e-02  -4.881500303745e-01 
 -1.951541518793e-03   1.353502180427e-02  -4.875574111938e-01  -2.472468651831e-03   1.232299581170e-02  -4.863290190697e-01  -2.360613318160e-03   1.308653876185e-02  -4.847802221775e-01 
 -1.868124119937e-03   1.494232472032e-02  -4.835801720619e-01  -1.083384733647e-03   1.522506773472e-02  -4.826706945896e-01  -1.083384733647e-03   1.522506773472e-02  -4.826706945896e-01 
  0.000000000000e+00  -6.122090853751e-03  -3.771733641624e-01   0.000000000000e+00  -6.122090853751e-03  -3.771733641624e-01  -1.013353583403e-03  -5.665459204465e-03  -4.310257434845e-01 
 -1.816798234358e-03  -5.839469842613e-03  -4.847049415112e-01  -2.061273436993e-03  -5.898259114474e-03  -4.837403893471e-01  -2.129979431629e-03  -5.615231115371e-03  -4.830553829670e-01 
 -2.416713861749e-03  -5.628224927932e-03  -4.815556108952e-01  -2.037405269220e-03  -5.615514237434e-03  -4.800451397896e-01  -1.005521626212e-03  -5.563457030803e-03  -4.789139628410e-01 
 -1.005521626212e-03  -5.563457030803e-03  -4.789139628410e-01   0.000000000000e+00   1.445383299142e-03  -3.783135414124e-01   0.000000000000e+00   1.445383299142e-03  -3.783135414124e-01 
 -1.376296626404e-03   1.328001962975e-03  -4.321177303791e-01  -1.704154652543e-03   1.439110841602e-03  -4.859438836575e-01  -1.915572443977e-03   1.460468396544e-03  -4.850274324417e-01 
 -2.130049979314e-03   1.355160144158e-03  -4.842615127563e-01  -2.112871501595e-03   1.597997383215e-03  -4.832322597504e-01  -1.725275185890e-03   1.850216533057e-03  -4.819905459881e-01 
 -9.714042535052e-04   1.909642247483e-03  -4.808458685875e-01  -9.714042535052e-04   1.909642247483e-03  -4.808458685875e-01   0.000000000000e+00  -3.445310285315e-04  -3.783885240555e-01 
  0.000000000000e+00  -3.445310285315e-04  -3.783885240555e-01  -1.340833376162e-03  -2.724783553276e-04  -4.322455823421e-01  -1.542952610180e-03  -7.089686550898e-05  -4.860767722130e-01 
 -1.646372722462e-03   2.311035786988e-04  -4.850818514824e-01  -1.797614968382e-03   5.525092128664e-04  -4.842489957809e-01  -1.855362672359e-03   8.099251426756e-04  -4.832898378372e-01 
 -1.626040553674e-03   9.403573931195e-04  -4.823728501797e-01  -9.383633732796e-04   9.907907806337e-04  -4.815440475941e-01  -9.383633732796e-04   9.907907806337e-04  -4.815440475941e-01 
  0.000000000000e+00  -1.621568080736e-04  -3.777804076672e-01   0.000000000000e+00  -1.621568080736e-04  -3.777804076672e-01  -1.191996736452e-03   1.749053990352e-05  -4.316880702972e-01 
 -1.358700334094e-03   1.878926705103e-04  -4.859265089035e-01  -1.332190237008e-03   4.819743335247e-04  -4.855152964592e-01  -1.417874009348e-03   8.355074096471e-04  -4.851308763027e-01 
 -1.559542957693e-03   1.120580825955e-03  -4.843034446239e-01  -1.437484752387e-03   1.303393510170e-03  -4.831175804138e-01  -8.570479112677e-04   1.388783217408e-03  -4.820764362812e-01 
 -8.570479112677e-04   1.388783217408e-03  -4.820764362812e-01   0.000000000000e+00  -2.450370520819e-04  -3.777083158493e-01   0.000000000000e+00  -2.450370520819e-04  -3.777083158493e-01 
 -1.090432284400e-03  -1.466252870159e-04  -4.314005374908e-01  -1.086424454115e-03   7.281468424480e-05  -4.852923452854e-01  -9.508744115010e-04   3.905533230864e-04  -4.850226938725e-01 
 -1.083326409571e-03   6.946552312002e-04  -4.857545197010e-01  -1.272824127227e-03   9.682182571851e-04  -4.860614538193e-01  -1.241911784746e-03   1.153534860350e-03  -4.852105081081e-01 
 -8.272041450255e-04   1.214174204506e-03  -4.842627942562e-01  -8.272041450255e-04   1.214174204506e-03  -4.842627942562e-01   0.000000000000e+00   0.000000000000e+00  -3.783350586891e-01 
  0.000000000000e+00   0.000000000000e+00  -3.783350586891e-01  -1.097735017538e-03   0.000000000000e+00  -4.317779839039e-01  -9.443477611057e-04   0.000000000000e+00  -4.850746095181e-01 
 -7.362244068645e-04   0.000000000000e+00  -4.844480752945e-01  -8.405370172113e-04   0.000000000000e+00  -4.857784509659e-01  -1.044514938258e-03   0.000000000000e+00  -4.871202409267e-01 
 -1.155217294581e-03   0.000000000000e+00  -4.870826900005e-01  -8.361026993953e-04   0.000000000000e+00  -4.867300391197e-01  -8.361026993953e-04   0.000000000000e+00  -4.867300391197e-01 
  0.000000000000e+00   0.000000000000e+00  -3.783350586891e-01   0.000000000000e+00   0.000000000000e+00  -3.783350586891e-01  -1.097735017538e-03   0.000000000000e+00  -4.317779839039e-01 
 -9.443477611057e-04   0.000000000000e+00  -4.850746095181e-01  -7.362244068645e-04   0.000000000000e+00  -4.844480752945e-01  -8.405370172113e-04   0.000000000000e+00  -4.857784509659e-01 
 -1.044514938258e-03   0.000000000000e+00  -4.871202409267e-01  -1.155217294581e-03   0.000000000000e+00  -4.870826900005e-01  -8.361026993953e-04   0.000000000000e+00  -4.867300391197e-01 
 -8.361026993953e-04   0.000000000000e+00  -4.867300391197e-01   0.000000000000e+00  -6.063398346305e-02  -3.775570094585e-01   0.000000000000e+00  -6.063398346305e-02  -3.775570094585e-01 
 -9.937037248164e-04  -6.091842427850e-02  -4.320324361324e-01  -1.153367222287e-03  -6.151355803013e-02  -4.863688349724e-01  -1.233331277035e-03  -6.213572621346e-02  -4.858256578445e-01 
 -1.450585084967e-03  -6.281467527151e-02  -4.848571419716e-01  -1.409083488397e-03  -6.346663832664e-02  -4.837141335011e-01  -1.094485749491e-03  -6.399737298489e-02  -4.826488494873e-01 
 -6.236839690246e-04  -6.431464850903e-02  -4.819556176662e-01  -6.236839690246e-04  -6.431464850903e-02  -4.819556176662e-01   0.000000000000e+00  -6.063398346305e-02  -3.775570094585e-01 
  0.000000000000e+00  -6.063398346305e-02  -3.775570094585e-01  -9.937037248164e-04  -6.091842427850e-02  -4.320324361324e-01  -1.153367222287e-03  -6.151355803013e-02  -4.863688349724e-01 
 -1.233331277035e-03  -6.213572621346e-02  -4.858256578445e-01  -1.450585084967e-03  -6.281467527151e-02  -4.848571419716e-01  -1.409083488397e-03  -6.346663832664e-02  -4.837141335011e-01 
 -1.094485749491e-03  -6.399737298489e-02  -4.826488494873e-01  -6.236839690246e-04  -6.431464850903e-02  -4.819556176662e-01  -6.236839690246e-04  -6.431464850903e-02  -4.819556176662e-01 
  0.000000000000e+00   8.277507498860e-03  -3.787406682968e-01   0.000000000000e+00   8.277507498860e-03  -3.787406682968e-01  -1.086135976948e-03   6.914013065398e-03  -4.331563115120e-01 
 -1.231008325703e-03   6.408644840121e-03  -4.876019954681e-01  -1.242008758709e-03   6.416438613087e-03  -4.870119094849e-01  -1.394504448399e-03   6.499475333840e-03  -4.860412180424e-01 
 -1.340064452961e-03   6.662288680673e-03  -4.850134551525e-01  -1.020895782858e-03   6.952856667340e-03  -4.840952157974e-01  -5.766608519480e-04   7.027021609247e-03  -4.834827184677e-01 
 -5.766608519480e-04   7.027021609247e-03  -4.834827184677e-01   0.000000000000e+00  -3.503402927890e-03  -3.767238855362e-01   0.000000000000e+00  -3.503402927890e-03  -3.767238855362e-01 
 -7.965633412823e-04  -3.064496442676e-03  -4.312399327755e-01  -1.146510825492e-03  -2.936247736216e-03  -4.853399395943e-01  -1.262801233679e-03  -2.941317856312e-03  -4.845843017101e-01 
 -1.339606475085e-03  -2.899161074311e-03  -4.838150143623e-01  -1.332940417342e-03  -2.887852024287e-03  -4.828145503998e-01  -1.077237422578e-03  -2.865167101845e-03  -4.817778766155e-01 
 -5.648593069054e-04  -2.857301384211e-03  -4.811649918556e-01  -5.648593069054e-04  -2.857301384211e-03  -4.811649918556e-01   0.000000000000e+00   7.812928524800e-04  -3.775308430195e-01 
  0.000000000000e+00   7.812928524800e-04  -3.775308430195e-01  -1.006361912005e-03   7.221064297482e-04  -4.319292902946e-01  -1.205184613355e-03   6.931585958228e-04  -4.861204922199e-01 
 -1.181896892376e-03   6.869116332382e-04  -4.854571223259e-01  -1.233810442500e-03   6.866487674415e-04  -4.846271574497e-01  -1.178216538392e-03   8.235729183070e-04  -4.837037026882e-01 
 -9.414156666026e-04   9.411092614755e-04  -4.828470349312e-01  -5.259452736937e-04   9.808092145249e-04  -4.823021292686e-01  -5.259452736937e-04   9.808092145249e-04  -4.823021292686e-01 
  0.000000000000e+00  -1.856602611952e-04  -3.774650394917e-01   0.000000000000e+00  -1.856602611952e-04  -3.774650394917e-01  -9.599570184946e-04  -1.101688103518e-04  -4.318282902241e-01 
 -1.107803545892e-03   5.978067292745e-06  -4.860392510891e-01  -1.043329597451e-03   1.585747377248e-04  -4.854778349400e-01  -1.083927578293e-03   3.028117935173e-04  -4.848126769066e-01 
 -1.048143603839e-03   4.320692969486e-04  -4.840440750122e-01  -8.527101017535e-04   5.246061482467e-04  -4.832472205162e-01  -4.867499810643e-04   5.675061256625e-04  -4.827118515968e-01 
 -4.867499810643e-04   5.675061256625e-04  -4.827118515968e-01   0.000000000000e+00  -5.667369987350e-05  -3.773956894875e-01   0.000000000000e+00  -5.667369987350e-05  -3.773956894875e-01 
 -9.086393401958e-04   3.456999365881e-06  -4.318095743656e-01  -1.006898935884e-03   1.014537847368e-04  -4.860882461071e-01  -8.720993064344e-04   2.590199583210e-04  -4.856438338757e-01 
 -8.762818179093e-04   4.546395211946e-04  -4.851404428482e-01  -8.760620257817e-04   6.215159664862e-04  -4.845122098923e-01  -7.643877761438e-04   7.147740689106e-04  -4.838297963142e-01 
 -4.546805866994e-04   7.520903018303e-04  -4.833663403988e-01  -4.546805866994e-04   7.520903018303e-04  -4.833663403988e-01   0.000000000000e+00  -6.437693082262e-05  -3.772419989109e-01 
  0.000000000000e+00  -6.437693082262e-05  -3.772419989109e-01  -8.723174105398e-04  -3.011094850081e-05  -4.316640794277e-01  -9.329647291452e-04   3.168760667904e-05  -4.860660135746e-01 
 -7.218681275845e-04   1.654634397710e-04  -4.858543574810e-01  -6.668696878478e-04   3.510599199217e-04  -4.855154454708e-01  -6.815657252446e-04   5.249830428511e-04  -4.849949777126e-01 
 -6.482869503088e-04   6.307592848316e-04  -4.844115376472e-01  -4.081325023435e-04   6.756210932508e-04  -4.839837253094e-01  -4.081325023435e-04   6.756210932508e-04  -4.839837253094e-01 
  0.000000000000e+00   0.000000000000e+00  -3.771837353706e-01   0.000000000000e+00   0.000000000000e+00  -3.771837353706e-01  -8.648916264065e-04   0.000000000000e+00  -4.315637052059e-01 
 -9.091594256461e-04   0.000000000000e+00  -4.860223233700e-01  -6.531445542350e-04   0.000000000000e+00  -4.859642684460e-01  -5.505431909114e-04   0.000000000000e+00  -4.857756495476e-01 
 -5.506242159754e-04   0.000000000000e+00  -4.853743612766e-01  -5.598503048532e-04   0.000000000000e+00  -4.848292768002e-01  -3.670962178148e-04   0.000000000000e+00  -4.843823313713e-01 
 -3.670962178148e-04   0.000000000000e+00  -4.843823313713e-01   0.000000000000e+00   0.000000000000e+00  -3.771837353706e-01   0.000000000000e+00   0.000000000000e+00  -3.771837353706e-01 
 -8.648916264065e-04   0.000000000000e+00  -4.315637052059e-01  -9.091594256461e-04   0.000000000000e+00  -4.860223233700e-01  -6.531445542350e-04   0.000000000000e+00  -4.859642684460e-01 
 -5.505431909114e-04   0.000000000000e+00  -4.857756495476e-01  -5.506242159754e-04   0.000000000000e+00  -4.853743612766e-01  -5.598503048532e-04   0.000000000000e+00  -4.848292768002e-01 
 -3.670962178148e-04   0.000000000000e+00  -4.843823313713e-01  -3.670962178148e-04   0.000000000000e+00  -4.843823313713e-01   0.000000000000e+00  -2.942131832242e-02  -3.674173355103e-01 
  0.000000000000e+00  -2.942131832242e-02  -3.674173355103e-01  -9.832122595981e-04  -2.984544448555e-02  -4.262055456638e-01  -1.134246122092e-03  -3.050733916461e-02  -4.864370524883e-01 
 -6.981072947383e-04  -3.088891133666e-02  -4.855176806450e-01  -7.474799640477e-04  -3.125210478902e-02  -4.848611354828e-01  -6.419075070880e-04  -3.154898807406e-02  -4.838813841343e-01 
 -4.655600059777e-04  -3.177191689610e-02  -4.829828143120e-01  -2.799758221954e-04  -3.191251680255e-02  -4.824397265911e-01  -2.799758221954e-04  -3.191251680255e-02  -4.824397265911e-01 
  0.000000000000e+00  -2.942131832242e-02  -3.674173355103e-01   0.000000000000e+00  -2.942131832242e-02  -3.674173355103e-01  -9.832122595981e-04  -2.984544448555e-02  -4.262055456638e-01 
 -1.134246122092e-03  -3.050733916461e-02  -4.864370524883e-01  -6.981072947383e-04  -3.088891133666e-02  -4.855176806450e-01  -7.474799640477e-04  -3.125210478902e-02  -4.848611354828e-01 
 -6.419075070880e-04  -3.154898807406e-02  -4.838813841343e-01  -4.655600059777e-04  -3.177191689610e-02  -4.829828143120e-01  -2.799758221954e-04  -3.191251680255e-02  -4.824397265911e-01 
 -2.799758221954e-04  -3.191251680255e-02  -4.824397265911e-01   0.000000000000e+00   4.318311344832e-03  -3.681489229202e-01   0.000000000000e+00   4.318311344832e-03  -3.681489229202e-01 
 -1.001212629490e-03   4.035495221615e-03  -4.269658625126e-01  -1.163562759757e-03   3.143654437736e-03  -4.873043000698e-01  -6.992404232733e-04   3.089481033385e-03  -4.863645136356e-01 
 -7.247785106301e-04   3.124279435724e-03  -4.857314229012e-01  -6.210447172634e-04   3.436525585130e-03  -4.848101139069e-01  -4.382139304653e-04   4.377695731819e-03  -4.839701056480e-01 
 -2.693527785596e-04   4.468071740121e-03  -4.834703505039e-01  -2.693527785596e-04   4.468071740121e-03  -4.834703505039e-01   0.000000000000e+00  -1.894102431834e-03  -3.666868209839e-01 
  0.000000000000e+00  -1.894102431834e-03  -3.666868209839e-01  -8.672599797137e-04  -1.709284610115e-03  -4.255851209164e-01  -9.773575002328e-04  -1.485331915319e-03  -4.857494831085e-01 
 -7.052910514176e-04  -1.472579548135e-03  -4.847719073296e-01  -7.282280130312e-04  -1.491208560765e-03  -4.841769933701e-01  -7.290741195902e-04  -1.633999054320e-03  -4.833659827709e-01 
 -6.164971855469e-04  -1.818905584514e-03  -4.827182888985e-01  -2.690581313800e-04  -1.830083550885e-03  -4.822856485844e-01  -2.690581313800e-04  -1.830083550885e-03  -4.822856485844e-01 
  0.000000000000e+00   4.379900638014e-04  -3.671895861626e-01   0.000000000000e+00   4.379900638014e-04  -3.671895861626e-01  -9.555876022205e-04   4.049849521834e-04  -4.259766638279e-01 
 -1.091701444238e-03   3.507107903715e-04  -4.861746430397e-01  -6.518281879835e-04   3.434297686908e-04  -4.852347373962e-01  -6.568642565981e-04   3.744364075828e-04  -4.846935868263e-01 
 -5.765405367129e-04   4.984692204744e-04  -4.839101731777e-01  -4.423849168234e-04   6.329510360956e-04  -4.832052588463e-01  -2.438133233227e-04   6.577819003724e-04  -4.827735424042e-01 
 -2.438133233227e-04   6.577819003724e-04  -4.827735424042e-01   0.000000000000e+00  -1.104476687033e-04  -3.671372234821e-01   0.000000000000e+00  -1.104476687033e-04  -3.671372234821e-01 
 -9.324766579084e-04  -7.251045462908e-05  -4.259270131588e-01  -1.040851348080e-03  -3.162415623592e-06  -4.861587882042e-01  -5.874634953216e-04   7.413190178340e-05  -4.853064715862e-01 
 -5.883762496524e-04   1.420633197995e-04  -4.848743081093e-01  -5.249021342024e-04   1.993308978854e-04  -4.842002689838e-01  -4.085549735464e-04   2.415060880594e-04  -4.835839867592e-01 
 -2.226409851573e-04   2.619555161800e-04  -4.831928312778e-01  -2.226409851573e-04   2.619555161800e-04  -4.831928312778e-01   0.000000000000e+00   8.956305350694e-07  -3.671039938927e-01 
  0.000000000000e+00   8.956305350694e-07  -3.671039938927e-01  -9.108384838328e-04   2.794927968353e-05  -4.259024560452e-01  -9.999002795666e-04   6.572507845704e-05  -4.861820638180e-01 
 -5.171464872546e-04   1.302816817770e-04  -4.854374229908e-01  -5.022381665185e-04   2.125162864104e-04  -4.851505458355e-01  -4.457272589207e-04   2.898908569477e-04  -4.846116304398e-01 
 -3.574430302251e-04   3.423617163207e-04  -4.840777814388e-01  -2.036083023995e-04   3.652986488305e-04  -4.837240576744e-01  -2.036083023995e-04   3.652986488305e-04  -4.837240576744e-01 
  0.000000000000e+00  -2.116236282745e-05  -3.670681715012e-01   0.000000000000e+00  -2.116236282745e-05  -3.670681715012e-01  -8.897018851712e-04  -1.116223074860e-06  -4.258665144444e-01 
 -9.590291883796e-04   3.353483771207e-05  -4.861748814583e-01  -4.508330603130e-04   9.264348045690e-05  -4.855240881443e-01  -4.267909971531e-04   1.613630738575e-04  -4.853847324848e-01 
 -3.753187484108e-04   2.254285209347e-04  -4.849983751774e-01  -3.090357349720e-04   2.687552478164e-04  -4.845716953278e-01  -1.838128519012e-04   2.887781010941e-04  -4.842700362206e-01 
 -1.838128519012e-04   2.887781010941e-04  -4.842700362206e-01   0.000000000000e+00   0.000000000000e+00  -3.670656383038e-01   0.000000000000e+00   0.000000000000e+00  -3.670656383038e-01 
 -8.754708105698e-04   0.000000000000e+00  -4.258548021317e-01  -9.397199028172e-04   0.000000000000e+00  -4.861719608307e-01  -4.154221387580e-04   0.000000000000e+00  -4.855681061745e-01 
 -3.846907347906e-04   0.000000000000e+00  -4.855162501335e-01  -3.332561464049e-04   0.000000000000e+00  -4.852299988270e-01  -2.805123222061e-04   0.000000000000e+00  -4.848775863647e-01 
 -1.714879763313e-04   0.000000000000e+00  -4.846138656139e-01  -1.714879763313e-04   0.000000000000e+00  -4.846138656139e-01   0.000000000000e+00   0.000000000000e+00  -3.670656383038e-01 
  0.000000000000e+00   0.000000000000e+00  -3.670656383038e-01  -8.754708105698e-04   0.000000000000e+00  -4.258548021317e-01  -9.397199028172e-04   0.000000000000e+00  -4.861719608307e-01 
 -4.154221387580e-04   0.000000000000e+00  -4.855681061745e-01  -3.846907347906e-04   0.000000000000e+00  -4.855162501335e-01  -3.332561464049e-04   0.000000000000e+00  -4.852299988270e-01 
 -2.805123222061e-04   0.000000000000e+00  -4.848775863647e-01  -1.714879763313e-04   0.000000000000e+00  -4.846138656139e-01  -1.714879763313e-04   0.000000000000e+00  -4.846138656139e-01 
  0.000000000000e+00  -2.942131832242e-02  -3.674173355103e-01   0.000000000000e+00  -2.942131832242e-02  -3.674173355103e-01  -9.832122595981e-04  -2.984544448555e-02  -4.262055456638e-01 
 -1.134246122092e-03  -3.050733916461e-02  -4.864370524883e-01  -6.981072947383e-04  -3.088891133666e-02  -4.855176806450e-01  -7.474799640477e-04  -3.125210478902e-02  -4.848611354828e-01 
 -6.419075070880e-04  -3.154898807406e-02  -4.838813841343e-01  -4.655600059777e-04  -3.177191689610e-02  -4.829828143120e-01  -2.799758221954e-04  -3.191251680255e-02  -4.824397265911e-01 
 -2.799758221954e-04  -3.191251680255e-02  -4.824397265911e-01   0.000000000000e+00  -2.942131832242e-02  -3.674173355103e-01   0.000000000000e+00  -2.942131832242e-02  -3.674173355103e-01 
 -9.832122595981e-04  -2.984544448555e-02  -4.262055456638e-01  -1.134246122092e-03  -3.050733916461e-02  -4.864370524883e-01  -6.981072947383e-04  -3.088891133666e-02  -4.855176806450e-01 
 -7.474799640477e-04  -3.125210478902e-02  -4.848611354828e-01  -6.419075070880e-04  -3.154898807406e-02  -4.838813841343e-01  -4.655600059777e-04  -3.177191689610e-02  -4.829828143120e-01 
 -2.799758221954e-04  -3.191251680255e-02  -4.824397265911e-01  -2.799758221954e-04  -3.191251680255e-02  -4.824397265911e-01   0.000000000000e+00   4.318311344832e-03  -3.681489229202e-01 
  0.000000000000e+00   4.318311344832e-03  -3.681489229202e-01  -1.001212629490e-03   4.035495221615e-03  -4.269658625126e-01  -1.163562759757e-03   3.143654437736e-03  -4.873043000698e-01 
 -6.992404232733e-04   3.089481033385e-03  -4.863645136356e-01  -7.247785106301e-04   3.124279435724e-03  -4.857314229012e-01  -6.210447172634e-04   3.436525585130e-03  -4.848101139069e-01 
 -4.382139304653e-04   4.377695731819e-03  -4.839701056480e-01  -2.693527785596e-04   4.468071740121e-03  -4.834703505039e-01  -2.693527785596e-04   4.468071740121e-03  -4.834703505039e-01 
  0.000000000000e+00  -1.894102431834e-03  -3.666868209839e-01   0.000000000000e+00  -1.894102431834e-03  -3.666868209839e-01  -8.672599797137e-04  -1.709284610115e-03  -4.255851209164e-01 
 -9.773575002328e-04  -1.485331915319e-03  -4.857494831085e-01  -7.052910514176e-04  -1.472579548135e-03  -4.847719073296e-01  -7.282280130312e-04  -1.491208560765e-03  -4.841769933701e-01 
 -7.290741195902e-04  -1.633999054320e-03  -4.833659827709e-01  -6.164971855469e-04  -1.818905584514e-03  -4.827182888985e-01  -2.690581313800e-04  -1.830083550885e-03  -4.822856485844e-01 
 -2.690581313800e-04  -1.830083550885e-03  -4.822856485844e-01   0.000000000000e+00   4.379900638014e-04  -3.671895861626e-01   0.000000000000e+00   4.379900638014e-04  -3.671895861626e-01 
 -9.555876022205e-04   4.049849521834e-04  -4.259766638279e-01  -1.091701444238e-03   3.507107903715e-04  -4.861746430397e-01  -6.518281879835e-04   3.434297686908e-04  -4.852347373962e-01 
 -6.568642565981e-04   3.744364075828e-04  -4.846935868263e-01  -5.765405367129e-04   4.984692204744e-04  -4.839101731777e-01  -4.423849168234e-04   6.329510360956e-04  -4.832052588463e-01 
 -2.438133233227e-04   6.577819003724e-04  -4.827735424042e-01  -2.438133233227e-04   6.577819003724e-04  -4.827735424042e-01   0.000000000000e+00  -1.104476687033e-04  -3.671372234821e-01 
  0.000000000000e+00  -1.104476687033e-04  -3.671372234821e-01  -9.324766579084e-04  -7.251045462908e-05  -4.259270131588e-01  -1.040851348080e-03  -3.162415623592e-06  -4.861587882042e-01 
 -5.874634953216e-04   7.413190178340e-05  -4.853064715862e-01  -5.883762496524e-04   1.420633197995e-04  -4.848743081093e-01  -5.249021342024e-04   1.993308978854e-04  -4.842002689838e-01 
 -4.085549735464e-04   2.415060880594e-04  -4.835839867592e-01  -2.226409851573e-04   2.619555161800e-04  -4.831928312778e-01  -2.226409851573e-04   2.619555161800e-04  -4.831928312778e-01 
  0.000000000000e+00   8.956305350694e-07  -3.671039938927e-01   0.000000000000e+00   8.956305350694e-07  -3.671039938927e-01  -9.108384838328e-04   2.794927968353e-05  -4.259024560452e-01 
 -9.999002795666e-04   6.572507845704e-05  -4.861820638180e-01  -5.171464872546e-04   1.302816817770e-04  -4.854374229908e-01  -5.022381665185e-04   2.125162864104e-04  -4.851505458355e-01 
 -4.457272589207e-04   2.898908569477e-04  -4.846116304398e-01  -3.574430302251e-04   3.423617163207e-04  -4.840777814388e-01  -2.036083023995e-04   3.652986488305e-04  -4.837240576744e-01 
 -2.036083023995e-04   3.652986488305e-04  -4.837240576744e-01   0.000000000000e+00  -2.116236282745e-05  -3.670681715012e-01   0.000000000000e+00  -2.116236282745e-05  -3.670681715012e-01 
 -8.897018851712e-04  -1.116223074860e-06  -4.258665144444e-01  -9.590291883796e-04   3.353483771207e-05  -4.861748814583e-01  -4.508330603130e-04   9.264348045690e-05  -4.855240881443e-01 
 -4.267909971531e-04   1.613630738575e-04  -4.853847324848e-01  -3.753187484108e-04   2.254285209347e-04  -4.849983751774e-01  -3.090357349720e-04   2.687552478164e-04  -4.845716953278e-01 
 -1.838128519012e-04   2.887781010941e-04  -4.842700362206e-01  -1.838128519012e-04   2.887781010941e-04  -4.842700362206e-01   0.000000000000e+00   0.000000000000e+00  -3.670656383038e-01 
  0.000000000000e+00   0.000000000000e+00  -3.670656383038e-01  -8.754708105698e-04   0.000000000000e+00  -4.258548021317e-01  -9.397199028172e-04   0.000000000000e+00  -4.861719608307e-01 
 -4.154221387580e-04   0.000000000000e+00  -4.855681061745e-01  -3.846907347906e-04   0.000000000000e+00  -4.855162501335e-01  -3.332561464049e-04   0.000000000000e+00  -4.852299988270e-01 
 -2.805123222061e-04   0.000000000000e+00  -4.848775863647e-01  -1.714879763313e-04   0.000000000000e+00  -4.846138656139e-01  -1.714879763313e-04   0.000000000000e+00  -4.846138656139e-01 
  0.000000000000e+00   0.000000000000e+00  -3.670656383038e-01   0.000000000000e+00   0.000000000000e+00  -3.670656383038e-01  -8.754708105698e-04   0.000000000000e+00  -4.258548021317e-01 
 -9.397199028172e-04   0.000000000000e+00  -4.861719608307e-01  -4.154221387580e-04   0.000000000000e+00  -4.855681061745e-01  -3.846907347906e-04   0.000000000000e+00  -4.855162501335e-01 
 -3.332561464049e-04   0.000000000000e+00  -4.852299988270e-01  -2.805123222061e-04   0.000000000000e+00  -4.848775863647e-01  -1.714879763313e-04   0.000000000000e+00  -4.846138656139e-01 
 -1.714879763313e-04   0.000000000000e+00  -4.846138656139e-01 

