# vtk DataFile Version 2.0
Written using VisIt writer
ASCII
DATASET RECTILINEAR_GRID
DIMENSIONS 10 10 10
X_COORDINATES 10 float
  0.000000000000e+00   5.000000000000e-01   1.000000000000e+00   1.500000000000e+00   2.000000000000e+00   2.500000000000e+00   3.000000000000e+00   3.500000000000e+00   4.000000000000e+00 
  4.500000000000e+00 
Y_COORDINATES 10 float
  0.000000000000e+00   5.000000000000e-01   1.000000000000e+00   1.500000000000e+00   2.000000000000e+00   2.500000000000e+00   3.000000000000e+00   3.500000000000e+00   4.000000000000e+00 
  4.500000000000e+00 
Z_COORDINATES 10 float
  0.000000000000e+00   5.000000000000e-01   1.000000000000e+00   1.500000000000e+00   2.000000000000e+00   2.500000000000e+00   3.000000000000e+00   3.500000000000e+00   4.000000000000e+00 
  4.500000000000e+00 
CELL_DATA 729
POINT_DATA 1000
VECTORS velocity float
  0.000000000000e+00  -2.775518298149e-01  -3.783921897411e-01   6.409009434272e-10   2.330132531370e-09   2.665739184948e-09   2.685248091439e-06   6.409978658972e-10   6.235323368742e-10 
  1.103923693299e-01  -2.543850839138e-01  -4.190042018890e-01   6.700733301557e-10   8.142401683453e-13   1.357144891258e-19   6.337064206718e-10   1.724700808836e-07   6.410545982938e-10 
 -1.193424835801e-01  -3.024890720844e-01  -4.561738967896e-01   2.640485945449e-06   6.701442178958e-10   6.409694996989e-10   1.680083369138e-04   2.330132531370e-09   6.664347962371e-10 
 -1.399572640657e-01  -3.466787934303e-01  -4.158847332001e-01   0.000000000000e+00  -2.775518298149e-01  -3.783921897411e-01   6.409690556097e-10   8.142401683453e-13   1.356847106238e-19 
 -4.308749362826e-02  -2.974532842636e-01  -3.794528543949e-01   1.103923693299e-01  -2.543850839138e-01  -4.190042018890e-01   6.409689445874e-10   6.409690556097e-10   6.409690556097e-10 
 -1.497702486813e-02  -2.624382078648e-01  -4.715186655521e-01  -1.193424835801e-01  -3.024890720844e-01  -4.561738967896e-01   1.356847106238e-19   6.336922098171e-10   6.409690556097e-10 
 -1.399572640657e-01  -3.466787934303e-01  -4.158847332001e-01  -1.399572640657e-01  -3.466787934303e-01  -4.158847332001e-01   0.000000000000e+00   2.775187194347e-01  -3.797956109047e-01 
  0.000000000000e+00   2.775187194347e-01  -3.797956109047e-01  -1.305115967989e-01   2.048547118902e-01  -3.977711200714e-01  -1.469513867050e-02   7.723517715931e-02  -4.072947204113e-01 
 -7.803052663803e-02   5.811358988285e-02  -4.215697944164e-01   7.057435065508e-02   7.278262078762e-02  -4.174887835979e-01  -4.975969716907e-02   1.197674497962e-01  -4.308130443096e-01 
  3.574541211128e-02   2.534532248974e-01  -4.271599352360e-01  -1.340000182390e-01   2.886296808720e-01  -4.408087134361e-01  -1.340000182390e-01   2.886296808720e-01  -4.408087134361e-01 
  0.000000000000e+00  -4.330245032907e-02  -4.068921804428e-01   0.000000000000e+00  -4.330245032907e-02  -4.068921804428e-01  -7.052598893642e-02  -4.615587368608e-02  -4.254730045795e-01 
  6.228336691856e-02   8.372230082750e-02  -4.322706162930e-01  -9.130935370922e-02   2.465012483299e-02  -4.566685259342e-01  -7.719626277685e-02  -1.313719600439e-01  -4.464964866638e-01 
 -1.278991550207e-01  -1.133098676801e-01  -4.784207046032e-01   6.380003690720e-02  -1.050933822989e-01  -4.212451577187e-01  -9.372477233410e-02  -9.568788111210e-02  -4.230948686600e-01 
 -9.372477233410e-02  -9.568788111210e-02  -4.230948686600e-01   0.000000000000e+00  -7.325711846352e-02  -3.725738823414e-01   0.000000000000e+00  -7.325711846352e-02  -3.725738823414e-01 
 -1.272087693214e-01  -1.050473079085e-01  -4.251107871532e-01   1.035971343517e-01  -9.566582739353e-02  -4.116440713406e-01   6.570406840183e-04  -1.778637059033e-02  -4.288605749607e-01 
  5.966451764107e-02   1.428498476744e-01  -4.357860386372e-01  -1.181676760316e-01   1.317675560713e-01  -4.609467089176e-01  -8.752077817917e-02  -7.961221784353e-02  -4.396353662014e-01 
 -1.598504185677e-01  -1.039148420095e-01  -4.426553547382e-01  -1.598504185677e-01  -1.039148420095e-01  -4.426553547382e-01   0.000000000000e+00   1.222321763635e-01  -4.001128077507e-01 
  0.000000000000e+00   1.222321763635e-01  -4.001128077507e-01  -1.304815411568e-01   1.253623664379e-01  -4.048511683941e-01  -8.045377582312e-02  -9.470051527023e-02  -4.266689717770e-01 
 -1.173773333430e-01  -1.352167129517e-01  -4.543647766113e-01   1.089961379766e-01  -1.128201037645e-01  -4.221833050251e-01  -3.960662521422e-03  -2.302031498402e-03  -4.424799382687e-01 
  4.304408282042e-02   1.369012445211e-01  -4.431798160076e-01  -1.319370269775e-01   1.659894585609e-01  -4.377155900002e-01  -1.319370269775e-01   1.659894585609e-01  -4.377155900002e-01 
  0.000000000000e+00  -1.120209023356e-01  -3.794102072716e-01   0.000000000000e+00  -1.120209023356e-01  -3.794102072716e-01  -3.898882865906e-02  -1.040392834693e-02  -4.065810143948e-01 
  6.443849205971e-02   1.528960615396e-01  -4.291773438454e-01  -1.323066949844e-01   1.220945417881e-01  -4.535869359970e-01  -7.373083382845e-02  -1.024499386549e-01  -4.391390085220e-01 
 -1.097458973527e-01  -1.384212672710e-01  -4.418122470379e-01   3.671181574464e-02  -1.506901979446e-01  -4.027913510799e-01  -1.133964285254e-01  -1.241031289101e-01  -4.022719860077e-01 
 -1.133964285254e-01  -1.241031289101e-01  -4.022719860077e-01   0.000000000000e+00  -1.496408134699e-01  -3.716834783554e-01   0.000000000000e+00  -1.496408134699e-01  -3.716834783554e-01 
 -1.253722906113e-01  -1.245457977057e-01  -3.981339931488e-01   1.224576309323e-01  -6.232738378458e-04  -4.042395949364e-01   7.585961837322e-03   9.996964782476e-02  -4.384119808674e-01 
  5.658248811960e-02   1.722969859838e-01  -4.473749101162e-01  -1.351326853037e-01   8.015253394842e-02  -4.599411487579e-01  -1.018691882491e-01  -1.280633956194e-01  -4.340786933899e-01 
 -1.302269995213e-01  -1.169241368771e-01  -4.606599807739e-01  -1.302269995213e-01  -1.169241368771e-01  -4.606599807739e-01   0.000000000000e+00   0.000000000000e+00  -3.873136043549e-01 
  0.000000000000e+00   0.000000000000e+00  -3.873136043549e-01  -1.774168014526e-01   0.000000000000e+00  -4.313488900661e-01  -8.891328424215e-02   0.000000000000e+00  -3.745549619198e-01 
 -1.151063740253e-01   0.000000000000e+00  -3.784950375557e-01   2.514823675156e-01   0.000000000000e+00  -4.552616477013e-01   7.546458393335e-02   0.000000000000e+00  -4.618168473244e-01 
  2.709084562957e-02   0.000000000000e+00  -4.537508785725e-01   6.956411525607e-03   0.000000000000e+00  -4.837506711483e-01   6.956411525607e-03   0.000000000000e+00  -4.837506711483e-01 
  0.000000000000e+00   0.000000000000e+00  -3.873136043549e-01   0.000000000000e+00   0.000000000000e+00  -3.873136043549e-01  -1.774168014526e-01   0.000000000000e+00  -4.313488900661e-01 
 -8.891328424215e-02   0.000000000000e+00  -3.745549619198e-01  -1.151063740253e-01   0.000000000000e+00  -3.784950375557e-01   2.514823675156e-01   0.000000000000e+00  -4.552616477013e-01 
  7.546458393335e-02   0.000000000000e+00  -4.618168473244e-01   2.709084562957e-02   0.000000000000e+00  -4.537508785725e-01   6.956411525607e-03   0.000000000000e+00  -4.837506711483e-01 
  6.956411525607e-03   0.000000000000e+00  -4.837506711483e-01   0.000000000000e+00  -2.775518298149e-01  -3.783921897411e-01   0.000000000000e+00  -2.775518298149e-01  -3.783921897411e-01 
 -4.308749362826e-02  -2.974532842636e-01  -3.794528543949e-01   1.103923693299e-01  -2.543850839138e-01  -4.190042018890e-01  -2.149791456759e-02  -2.572845518589e-01  -4.569274783134e-01 
 -1.497702486813e-02  -2.624382078648e-01  -4.715186655521e-01  -1.193424835801e-01  -3.024890720844e-01  -4.561738967896e-01  -4.173932224512e-02  -3.022690415382e-01  -4.217921197414e-01 
 -1.399572640657e-01  -3.466787934303e-01  -4.158847332001e-01  -1.399572640657e-01  -3.466787934303e-01  -4.158847332001e-01   0.000000000000e+00  -2.775518298149e-01  -3.783921897411e-01 
  0.000000000000e+00  -2.775518298149e-01  -3.783921897411e-01  -4.308749362826e-02  -2.974532842636e-01  -3.794528543949e-01   1.103923693299e-01  -2.543850839138e-01  -4.190042018890e-01 
 -2.149791456759e-02  -2.572845518589e-01  -4.569274783134e-01  -1.497702486813e-02  -2.624382078648e-01  -4.715186655521e-01  -1.193424835801e-01  -3.024890720844e-01  -4.561738967896e-01 
 -4.173932224512e-02  -3.022690415382e-01  -4.217921197414e-01  -1.399572640657e-01  -3.466787934303e-01  -4.158847332001e-01  -1.399572640657e-01  -3.466787934303e-01  -4.158847332001e-01 
  0.000000000000e+00   2.775187194347e-01  -3.797956109047e-01   0.000000000000e+00   2.775187194347e-01  -3.797956109047e-01  -1.305115967989e-01   2.048547118902e-01  -3.977711200714e-01 
 -1.469513867050e-02   7.723517715931e-02  -4.072947204113e-01  -7.803052663803e-02   5.811358988285e-02  -4.215697944164e-01   7.057435065508e-02   7.278262078762e-02  -4.174887835979e-01 
 -4.975969716907e-02   1.197674497962e-01  -4.308130443096e-01   3.574541211128e-02   2.534532248974e-01  -4.271599352360e-01  -1.340000182390e-01   2.886296808720e-01  -4.408087134361e-01 
 -1.340000182390e-01   2.886296808720e-01  -4.408087134361e-01   0.000000000000e+00  -4.330245032907e-02  -4.068921804428e-01   0.000000000000e+00  -4.330245032907e-02  -4.068921804428e-01 
 -7.052598893642e-02  -4.615587368608e-02  -4.254730045795e-01   6.228336691856e-02   8.372230082750e-02  -4.322706162930e-01  -9.130935370922e-02   2.465012483299e-02  -4.566685259342e-01 
 -7.719626277685e-02  -1.313719600439e-01  -4.464964866638e-01  -1.278991550207e-01  -1.133098676801e-01  -4.784207046032e-01   6.380003690720e-02  -1.050933822989e-01  -4.212451577187e-01 
 -9.372477233410e-02  -9.568788111210e-02  -4.230948686600e-01  -9.372477233410e-02  -9.568788111210e-02  -4.230948686600e-01   0.000000000000e+00  -7.325711846352e-02  -3.725738823414e-01 
  0.000000000000e+00  -7.325711846352e-02  -3.725738823414e-01  -1.272087693214e-01  -1.050473079085e-01  -4.251107871532e-01   1.035971343517e-01  -9.566582739353e-02  -4.116440713406e-01 
  6.570406840183e-04  -1.778637059033e-02  -4.288605749607e-01   5.966451764107e-02   1.428498476744e-01  -4.357860386372e-01  -1.181676760316e-01   1.317675560713e-01  -4.609467089176e-01 
 -8.752077817917e-02  -7.961221784353e-02  -4.396353662014e-01  -1.598504185677e-01  -1.039148420095e-01  -4.426553547382e-01  -1.598504185677e-01  -1.039148420095e-01  -4.426553547382e-01 
  0.000000000000e+00   1.222321763635e-01  -4.001128077507e-01   0.000000000000e+00   1.222321763635e-01  -4.001128077507e-01  -1.304815411568e-01   1.253623664379e-01  -4.048511683941e-01 
 -8.045377582312e-02  -9.470051527023e-02  -4.266689717770e-01  -1.173773333430e-01  -1.352167129517e-01  -4.543647766113e-01   1.089961379766e-01  -1.128201037645e-01  -4.221833050251e-01 
 -3.960662521422e-03  -2.302031498402e-03  -4.424799382687e-01   4.304408282042e-02   1.369012445211e-01  -4.431798160076e-01  -1.319370269775e-01   1.659894585609e-01  -4.377155900002e-01 
 -1.319370269775e-01   1.659894585609e-01  -4.377155900002e-01   0.000000000000e+00  -1.120209023356e-01  -3.794102072716e-01   0.000000000000e+00  -1.120209023356e-01  -3.794102072716e-01 
 -3.898882865906e-02  -1.040392834693e-02  -4.065810143948e-01   6.443849205971e-02   1.528960615396e-01  -4.291773438454e-01  -1.323066949844e-01   1.220945417881e-01  -4.535869359970e-01 
 -7.373083382845e-02  -1.024499386549e-01  -4.391390085220e-01  -1.097458973527e-01  -1.384212672710e-01  -4.418122470379e-01   3.671181574464e-02  -1.506901979446e-01  -4.027913510799e-01 
 -1.133964285254e-01  -1.241031289101e-01  -4.022719860077e-01  -1.133964285254e-01  -1.241031289101e-01  -4.022719860077e-01   0.000000000000e+00  -1.496408134699e-01  -3.716834783554e-01 
  0.000000000000e+00  -1.496408134699e-01  -3.716834783554e-01  -1.253722906113e-01  -1.245457977057e-01  -3.981339931488e-01   1.224576309323e-01  -6.232738378458e-04  -4.042395949364e-01 
  7.585961837322e-03   9.996964782476e-02  -4.384119808674e-01   5.658248811960e-02   1.722969859838e-01  -4.473749101162e-01  -1.351326853037e-01   8.015253394842e-02  -4.599411487579e-01 
 -1.018691882491e-01  -1.280633956194e-01  -4.340786933899e-01  -1.302269995213e-01  -1.169241368771e-01  -4.606599807739e-01  -1.302269995213e-01  -1.169241368771e-01  -4.606599807739e-01 
  0.000000000000e+00   0.000000000000e+00  -3.873136043549e-01   0.000000000000e+00   0.000000000000e+00  -3.873136043549e-01  -1.774168014526e-01   0.000000000000e+00  -4.313488900661e-01 
 -8.891328424215e-02   0.000000000000e+00  -3.745549619198e-01  -1.151063740253e-01   0.000000000000e+00  -3.784950375557e-01   2.514823675156e-01   0.000000000000e+00  -4.552616477013e-01 
  7.546458393335e-02   0.000000000000e+00  -4.618168473244e-01   2.709084562957e-02   0.000000000000e+00  -4.537508785725e-01   6.956411525607e-03   0.000000000000e+00  -4.837506711483e-01 
  6.956411525607e-03   0.000000000000e+00  -4.837506711483e-01   0.000000000000e+00   0.000000000000e+00  -3.873136043549e-01   0.000000000000e+00   0.000000000000e+00  -3.873136043549e-01 
 -1.774168014526e-01   0.000000000000e+00  -4.313488900661e-01  -8.891328424215e-02   0.000000000000e+00  -3.745549619198e-01  -1.151063740253e-01   0.000000000000e+00  -3.784950375557e-01 
  2.514823675156e-01   0.000000000000e+00  -4.552616477013e-01   7.546458393335e-02   0.000000000000e+00  -4.618168473244e-01   2.709084562957e-02   0.000000000000e+00  -4.537508785725e-01 
  6.956411525607e-03   0.000000000000e+00  -4.837506711483e-01   6.956411525607e-03   0.000000000000e+00  -4.837506711483e-01   0.000000000000e+00  -3.143182992935e-01  -4.500765502453e-01 
  0.000000000000e+00  -3.143182992935e-01  -4.500765502453e-01  -2.508340962231e-02  -3.197091519833e-01  -5.004685521126e-01   1.620917697437e-03  -3.084316253662e-01  -6.516738533974e-01 
 -7.829958572984e-03  -3.121718168259e-01  -6.845726370811e-01  -1.630824431777e-02  -3.293058276176e-01  -7.300884723663e-01  -3.506877273321e-02  -3.487356305122e-01  -6.254283189774e-01 
 -2.487291395664e-02  -3.602122366428e-01  -5.993333458900e-01  -2.790425904095e-02  -3.714384436607e-01  -5.479360818863e-01  -2.790425904095e-02  -3.714384436607e-01  -5.479360818863e-01 
  0.000000000000e+00  -3.143182992935e-01  -4.500765502453e-01   0.000000000000e+00  -3.143182992935e-01  -4.500765502453e-01  -2.508340962231e-02  -3.197091519833e-01  -5.004685521126e-01 
  1.620917697437e-03  -3.084316253662e-01  -6.516738533974e-01  -7.829958572984e-03  -3.121718168259e-01  -6.845726370811e-01  -1.630824431777e-02  -3.293058276176e-01  -7.300884723663e-01 
 -3.506877273321e-02  -3.487356305122e-01  -6.254283189774e-01  -2.487291395664e-02  -3.602122366428e-01  -5.993333458900e-01  -2.790425904095e-02  -3.714384436607e-01  -5.479360818863e-01 
 -2.790425904095e-02  -3.714384436607e-01  -5.479360818863e-01   0.000000000000e+00   1.916306614876e-01  -5.412753820419e-01   0.000000000000e+00   1.916306614876e-01  -5.412753820419e-01 
 -3.702272847295e-02   1.672312766314e-01  -5.396403074265e-01  -1.203821320087e-02   1.512231081724e-01  -6.067676544189e-01  -1.628417894244e-02   1.437509804964e-01  -5.630328059196e-01 
 -8.460922166705e-03   1.640499532223e-01  -6.557216644287e-01  -1.888544857502e-02   1.868352144957e-01  -6.516063809395e-01  -1.032548304647e-02   2.181124687195e-01  -7.043856978416e-01 
 -1.776691153646e-02   2.244409620762e-01  -6.575352549553e-01  -1.776691153646e-02   2.244409620762e-01  -6.575352549553e-01   0.000000000000e+00  -5.324833840132e-02  -5.270986557007e-01 
  0.000000000000e+00  -5.324833840132e-02  -5.270986557007e-01  -3.585904464126e-02  -5.675189197063e-02  -5.591803789139e-01  -1.286275591701e-02  -5.190860480070e-02  -7.174549102783e-01 
 -1.803356222808e-02  -5.714597180486e-02  -6.890892982483e-01  -1.566532999277e-02  -6.403322517872e-02  -6.398736238480e-01  -2.534144930542e-02  -7.224752753973e-02  -5.558970570564e-01 
 -1.513972785324e-02  -7.662698626518e-02  -6.290435791016e-01  -1.913954131305e-02  -7.246566563845e-02  -5.970439314842e-01  -1.913954131305e-02  -7.246566563845e-02  -5.970439314842e-01 
  0.000000000000e+00   1.612379774451e-02  -4.622124433517e-01   0.000000000000e+00   1.612379774451e-02  -4.622124433517e-01  -3.927252069116e-02   1.149748638272e-02  -4.699926078320e-01 
 -1.070460397750e-02   1.193102169782e-02  -6.255578398705e-01  -1.128294039518e-02   1.641837507486e-02  -6.475082039833e-01  -7.354884874076e-03   2.437001466751e-02  -7.287210226059e-01 
 -2.111650072038e-02   2.824909426272e-02  -6.870424151421e-01  -1.765539310873e-02   2.814651280642e-02  -6.161879897118e-01  -2.695006690919e-02   2.032192982733e-02  -5.224721431732e-01 
 -2.695006690919e-02   2.032192982733e-02  -5.224721431732e-01   0.000000000000e+00   9.794808924198e-03  -5.716983675957e-01   0.000000000000e+00   9.794808924198e-03  -5.716983675957e-01 
 -4.243207722902e-02   3.464275272563e-03  -6.000235676765e-01  -1.562184747308e-02  -3.842745441943e-03  -6.285263299942e-01  -2.260248363018e-02  -1.687899231911e-02  -5.518990755081e-01 
 -3.480027196929e-03  -1.417168229818e-02  -6.304147243500e-01  -1.270490977913e-02  -1.467822585255e-03  -6.498770713806e-01  -1.098294928670e-02   6.937316153198e-03  -7.213817238808e-01 
 -1.930803805590e-02   1.233165338635e-02  -6.631560921669e-01  -1.930803805590e-02   1.233165338635e-02  -6.631560921669e-01   0.000000000000e+00  -1.864938996732e-02  -5.166456699371e-01 
  0.000000000000e+00  -1.864938996732e-02  -5.166456699371e-01  -2.905307151377e-02  -3.213183488697e-03  -5.690314769745e-01  -7.196820806712e-03   7.041286211461e-03  -7.314488291740e-01 
 -1.604984700680e-02   1.221637055278e-02  -6.876181960106e-01  -1.009124517441e-02   8.052147924900e-03  -6.142595410347e-01  -2.582821063697e-02  -5.973191931844e-03  -5.554166436195e-01 
 -1.454823371023e-02  -1.273727882653e-02  -6.051709651947e-01  -1.758716441691e-02  -1.028064452112e-02  -5.510709285736e-01  -1.758716441691e-02  -1.028064452112e-02  -5.510709285736e-01 
  0.000000000000e+00  -1.887847855687e-02  -4.443671703339e-01   0.000000000000e+00  -1.887847855687e-02  -4.443671703339e-01  -3.603835776448e-02  -1.936496235430e-02  -4.640547633171e-01 
 -1.847298990469e-04  -1.208585966378e-02  -6.480693817139e-01   1.036210800521e-03   6.978905759752e-03  -6.718953251839e-01   7.151728961617e-03   1.708210818470e-02  -7.439261674881e-01 
 -1.866259239614e-02   1.646915823221e-02  -6.877710819244e-01  -2.149025909603e-02   8.070468902588e-03  -5.816012024879e-01  -1.549019291997e-02   7.603267207742e-03  -4.907805621624e-01 
 -1.549019291997e-02   7.603267207742e-03  -4.907805621624e-01   0.000000000000e+00   0.000000000000e+00  -5.512320995331e-01   0.000000000000e+00   0.000000000000e+00  -5.512320995331e-01 
 -5.051365494728e-02   0.000000000000e+00  -5.514327287674e-01  -1.263593323529e-02   0.000000000000e+00  -5.936860442162e-01  -4.340446554124e-03   0.000000000000e+00  -5.257478356361e-01 
  3.093807026744e-02   0.000000000000e+00  -6.841426491737e-01   4.648660251405e-04   0.000000000000e+00  -7.739024162292e-01  -1.603660546243e-02   0.000000000000e+00  -7.727565169334e-01 
 -3.395890584216e-03   0.000000000000e+00  -7.415688633919e-01  -3.395890584216e-03   0.000000000000e+00  -7.415688633919e-01   0.000000000000e+00   0.000000000000e+00  -5.512320995331e-01 
  0.000000000000e+00   0.000000000000e+00  -5.512320995331e-01  -5.051365494728e-02   0.000000000000e+00  -5.514327287674e-01  -1.263593323529e-02   0.000000000000e+00  -5.936860442162e-01 
 -4.340446554124e-03   0.000000000000e+00  -5.257478356361e-01   3.093807026744e-02   0.000000000000e+00  -6.841426491737e-01   4.648660251405e-04   0.000000000000e+00  -7.739024162292e-01 
 -1.603660546243e-02   0.000000000000e+00  -7.727565169334e-01  -3.395890584216e-03   0.000000000000e+00  -7.415688633919e-01  -3.395890584216e-03   0.000000000000e+00  -7.415688633919e-01 
  0.000000000000e+00  -2.484901994467e-01  -4.176361262798e-01   0.000000000000e+00  -2.484901994467e-01  -4.176361262798e-01  -1.567954942584e-02  -2.544050812721e-01  -5.175590515137e-01 
  1.424975576811e-03  -2.569771409035e-01  -6.134147644043e-01  -4.371794406325e-03  -2.595557868481e-01  -6.074754595757e-01  -1.071676332504e-02  -2.602282464504e-01  -6.016775965691e-01 
 -2.811283059418e-02  -2.701391577721e-01  -6.041784286499e-01  -1.525289192796e-02  -2.769755125046e-01  -5.984153151512e-01  -1.697917282581e-02  -2.854250073433e-01  -5.922322273254e-01 
 -1.697917282581e-02  -2.854250073433e-01  -5.922322273254e-01   0.000000000000e+00  -2.484901994467e-01  -4.176361262798e-01   0.000000000000e+00  -2.484901994467e-01  -4.176361262798e-01 
 -1.567954942584e-02  -2.544050812721e-01  -5.175590515137e-01   1.424975576811e-03  -2.569771409035e-01  -6.134147644043e-01  -4.371794406325e-03  -2.595557868481e-01  -6.074754595757e-01 
 -1.071676332504e-02  -2.602282464504e-01  -6.016775965691e-01  -2.811283059418e-02  -2.701391577721e-01  -6.041784286499e-01  -1.525289192796e-02  -2.769755125046e-01  -5.984153151512e-01 
 -1.697917282581e-02  -2.854250073433e-01  -5.922322273254e-01  -1.697917282581e-02  -2.854250073433e-01  -5.922322273254e-01   0.000000000000e+00   1.371198594570e-01  -4.276702702045e-01 
  0.000000000000e+00   1.371198594570e-01  -4.276702702045e-01  -2.599617838860e-02   1.191091462970e-01  -5.251259803772e-01  -7.710724137723e-03   1.173033416271e-01  -6.231590509415e-01 
 -1.297288294882e-02   1.104166433215e-01  -6.238136887550e-01  -7.285400293767e-03   1.167884543538e-01  -6.158162355423e-01  -1.556308194995e-02   1.251229196787e-01  -6.125117540359e-01 
 -4.176735877991e-03   1.410225778818e-01  -6.019842624664e-01  -1.416505593807e-02   1.474032104015e-01  -6.010527610779e-01  -1.416505593807e-02   1.474032104015e-01  -6.010527610779e-01 
  0.000000000000e+00  -5.159498378634e-02  -4.231241345406e-01   0.000000000000e+00  -5.159498378634e-02  -4.231241345406e-01  -2.148420363665e-02  -4.597482457757e-02  -5.163157582283e-01 
 -4.718827083707e-03  -3.923131898046e-02  -5.989845991135e-01  -1.396312098950e-02  -4.101716727018e-02  -5.973134636879e-01  -1.472974754870e-02  -5.033220723271e-02  -6.012094020844e-01 
 -2.039157599211e-02  -5.828771367669e-02  -5.945797562599e-01  -1.145259942859e-02  -6.609893590212e-02  -5.898235440254e-01  -1.428102795035e-02  -6.654427945614e-02  -5.923626422882e-01 
 -1.428102795035e-02  -6.654427945614e-02  -5.923626422882e-01   0.000000000000e+00   1.328888162971e-02  -4.258382022381e-01   0.000000000000e+00   1.328888162971e-02  -4.258382022381e-01 
 -2.460029162467e-02   9.931531734765e-03  -5.095612406731e-01  -8.310824632645e-03   5.260648671538e-03  -6.053889393806e-01  -8.269594982266e-03   1.024557091296e-02  -6.113499999046e-01 
 -1.757316873409e-03   2.206505276263e-02  -5.992670059204e-01  -1.537103392184e-02   2.694343775511e-02  -5.947943329811e-01  -1.731454767287e-02   2.106843702495e-02  -6.013037562370e-01 
 -1.940665394068e-02   1.832281239331e-02  -5.896446704865e-01  -1.940665394068e-02   1.832281239331e-02  -5.896446704865e-01   0.000000000000e+00   7.134964689612e-03  -4.244904220104e-01 
  0.000000000000e+00   7.134964689612e-03  -4.244904220104e-01  -2.376047894359e-02   6.780570838600e-03  -5.135901570320e-01  -1.426453609020e-02   1.378914894303e-04  -6.121139526367e-01 
 -1.802300848067e-02  -1.133011002094e-02  -6.064424514771e-01  -6.157764699310e-03  -1.642942614853e-02  -6.046023368835e-01  -7.628963794559e-03  -4.941288381815e-03  -6.061373949051e-01 
 -4.135086666793e-03   6.958580575883e-03  -5.927004218102e-01  -1.459241285920e-02   1.107223238796e-02  -5.899344682693e-01  -1.459241285920e-02   1.107223238796e-02  -5.899344682693e-01 
  0.000000000000e+00  -1.795132830739e-02  -4.266612529755e-01   0.000000000000e+00  -1.795132830739e-02  -4.266612529755e-01  -1.608420908451e-02  -6.268838420510e-03  -5.203707218170e-01 
  5.402158712968e-04   9.703291580081e-03  -6.025421619415e-01  -1.157574821264e-02   1.548102311790e-02  -6.002780199051e-01  -1.262553874403e-02   9.269180707633e-03  -6.097630262375e-01 
 -1.927066035569e-02  -3.358682151884e-03  -6.078847050667e-01  -1.321492902935e-02  -1.361773256212e-02  -6.039009690285e-01  -1.344942487776e-02  -1.351290754974e-02  -5.994100570679e-01 
 -1.344942487776e-02  -1.351290754974e-02  -5.994100570679e-01   0.000000000000e+00  -9.909155778587e-03  -4.221340715885e-01   0.000000000000e+00  -9.909155778587e-03  -4.221340715885e-01 
 -2.427211962640e-02  -1.468984037638e-02  -5.104312300682e-01  -1.352283870801e-03  -1.497708167881e-02  -6.058889031410e-01   2.140830736607e-03   1.629442325793e-03  -6.099972128868e-01 
  9.590846486390e-03   1.877714134753e-02  -5.998587608337e-01  -1.234705466777e-02   1.981460861862e-02  -5.979073643684e-01  -2.172243222594e-02   1.118380762637e-02  -6.058694720268e-01 
 -1.196056697518e-02   1.128535624593e-02  -5.808950662613e-01  -1.196056697518e-02   1.128535624593e-02  -5.808950662613e-01   0.000000000000e+00   0.000000000000e+00  -4.204781055450e-01 
  0.000000000000e+00   0.000000000000e+00  -4.204781055450e-01  -3.462086617947e-02   0.000000000000e+00  -5.145546793938e-01  -1.542657893151e-02   0.000000000000e+00  -6.157476902008e-01 
 -1.757643069141e-03   0.000000000000e+00  -5.991164445877e-01   2.442364953458e-02   0.000000000000e+00  -5.956628918648e-01   9.835566394031e-03   0.000000000000e+00  -5.981347560883e-01 
 -1.006490085274e-02   0.000000000000e+00  -5.888149142265e-01  -2.876068698242e-03   0.000000000000e+00  -5.767254829407e-01  -2.876068698242e-03   0.000000000000e+00  -5.767254829407e-01 
  0.000000000000e+00   0.000000000000e+00  -4.204781055450e-01   0.000000000000e+00   0.000000000000e+00  -4.204781055450e-01  -3.462086617947e-02   0.000000000000e+00  -5.145546793938e-01 
 -1.542657893151e-02   0.000000000000e+00  -6.157476902008e-01  -1.757643069141e-03   0.000000000000e+00  -5.991164445877e-01   2.442364953458e-02   0.000000000000e+00  -5.956628918648e-01 
  9.835566394031e-03   0.000000000000e+00  -5.981347560883e-01  -1.006490085274e-02   0.000000000000e+00  -5.888149142265e-01  -2.876068698242e-03   0.000000000000e+00  -5.767254829407e-01 
 -2.876068698242e-03   0.000000000000e+00  -5.767254829407e-01   0.000000000000e+00  -1.912328153849e-01  -4.170791506767e-01   0.000000000000e+00  -1.912328153849e-01  -4.170791506767e-01 
 -4.733609035611e-03  -1.911417692900e-01  -5.099432468414e-01  -4.558588378131e-03  -1.929748058319e-01  -6.132735610008e-01  -6.687103770673e-03  -1.957676112652e-01  -6.166929602623e-01 
 -9.836030192673e-03  -1.995462328196e-01  -6.193634271622e-01  -9.215264581144e-03  -2.036808282137e-01  -6.049231886864e-01  -8.901244960725e-03  -2.073834836483e-01  -5.955687165260e-01 
 -4.598123021424e-03  -2.096869349480e-01  -5.849404335022e-01  -4.598123021424e-03  -2.096869349480e-01  -5.849404335022e-01   0.000000000000e+00  -1.912328153849e-01  -4.170791506767e-01 
  0.000000000000e+00  -1.912328153849e-01  -4.170791506767e-01  -4.733609035611e-03  -1.911417692900e-01  -5.099432468414e-01  -4.558588378131e-03  -1.929748058319e-01  -6.132735610008e-01 
 -6.687103770673e-03  -1.957676112652e-01  -6.166929602623e-01  -9.836030192673e-03  -1.995462328196e-01  -6.193634271622e-01  -9.215264581144e-03  -2.036808282137e-01  -6.049231886864e-01 
 -8.901244960725e-03  -2.073834836483e-01  -5.955687165260e-01  -4.598123021424e-03  -2.096869349480e-01  -5.849404335022e-01  -4.598123021424e-03  -2.096869349480e-01  -5.849404335022e-01 
  0.000000000000e+00   8.151385188103e-02  -4.330587089062e-01   0.000000000000e+00   8.151385188103e-02  -4.330587089062e-01  -6.780506111681e-03   7.290162146091e-02  -5.233487486839e-01 
 -5.680465605110e-03   7.751878350973e-02  -6.215199828148e-01  -6.456674542278e-03   8.176307380199e-02  -6.159412264824e-01  -9.831609204412e-03   7.987178117037e-02  -6.180540919304e-01 
 -8.462901227176e-03   7.875923812389e-02  -6.122997999191e-01  -8.007372729480e-03   8.185925334692e-02  -6.147545576096e-01  -3.267458872870e-03   8.372545987368e-02  -6.089577674866e-01 
 -3.267458872870e-03   8.372545987368e-02  -6.089577674866e-01   0.000000000000e+00  -3.354855999351e-02  -4.198105037212e-01   0.000000000000e+00  -3.354855999351e-02  -4.198105037212e-01 
 -7.215138990432e-03  -3.454326838255e-02  -5.127080678940e-01  -9.847537614405e-03  -3.850482404232e-02  -6.165623664856e-01  -6.594027858227e-03  -3.825575858355e-02  -6.136990785599e-01 
 -6.881901994348e-03  -3.525010868907e-02  -6.075535416603e-01  -8.100619539618e-03  -3.476370126009e-02  -5.961009860039e-01  -8.025054819882e-03  -3.456687927246e-02  -5.911992192268e-01 
 -3.543688682839e-03  -3.487745299935e-02  -5.823646783829e-01  -3.543688682839e-03  -3.487745299935e-02  -5.823646783829e-01   0.000000000000e+00   9.393516927958e-03  -4.225344359875e-01 
  0.000000000000e+00   9.393516927958e-03  -4.225344359875e-01  -7.286111824214e-03   9.230297990143e-03  -5.149535536766e-01  -6.785308010876e-03   1.102088298649e-02  -6.115491986275e-01 
 -6.793029606342e-03   1.098020654172e-02  -6.084871292114e-01  -9.093715809286e-03   9.874454699457e-03  -6.160186529160e-01  -7.356396876276e-03   1.048796623945e-02  -6.138244867325e-01 
 -6.560491397977e-03   1.106618531048e-02  -6.053145527840e-01  -4.125198349357e-03   1.073018740863e-02  -5.921034812927e-01  -4.125198349357e-03   1.073018740863e-02  -5.921034812927e-01 
  0.000000000000e+00  -1.998839667067e-03  -4.304220080376e-01   0.000000000000e+00  -1.998839667067e-03  -4.304220080376e-01  -7.817174308002e-03  -2.816325752065e-03  -5.234697461128e-01 
 -6.154268514365e-03  -2.298533683643e-03  -6.173032522202e-01  -6.178120616823e-03  -1.351366750896e-03  -6.057355403900e-01  -6.754394154996e-03   1.268068444915e-03  -6.039648056030e-01 
 -7.031518500298e-03   1.845615217462e-03  -6.028609871864e-01  -8.208614774048e-03   4.156526993029e-04  -6.074896454811e-01  -3.699888708070e-03   3.948838566430e-04  -6.017253398895e-01 
 -3.699888708070e-03   3.948838566430e-04  -6.017253398895e-01   0.000000000000e+00  -7.673500222154e-04  -4.189768433571e-01   0.000000000000e+00  -7.673500222154e-04  -4.189768433571e-01 
 -6.678614765406e-03   7.570822490379e-04  -5.140210986137e-01  -6.949998438358e-03   3.604864832596e-05  -6.214588284492e-01  -4.961978644133e-03   1.381254405715e-03  -6.201866865158e-01 
 -5.067216232419e-03   3.222405677661e-03  -6.147882342339e-01  -6.315587554127e-03   3.809583839029e-03  -6.034514307976e-01  -7.214640732855e-03   4.445319529623e-03  -5.960470438004e-01 
 -4.199430812150e-03   4.386620130390e-03  -5.872400403023e-01  -4.199430812150e-03   4.386620130390e-03  -5.872400403023e-01   0.000000000000e+00  -2.139947377145e-03  -4.163195490837e-01 
  0.000000000000e+00  -2.139947377145e-03  -4.163195490837e-01  -6.049359217286e-03  -1.024339464493e-03  -5.069465041161e-01  -4.600302781910e-03   4.849822435062e-04  -6.065477132797e-01 
 -3.554779803380e-03   1.503617968410e-03  -6.092975735664e-01  -5.474079865962e-03   1.158983679488e-03  -6.261728405952e-01  -5.026236642152e-03   2.410446992144e-03  -6.287482380867e-01 
 -6.197631359100e-03   3.470831783488e-03  -6.165254712105e-01  -5.623025353998e-03   2.681652782485e-03  -6.078390479088e-01  -5.623025353998e-03   2.681652782485e-03  -6.078390479088e-01 
  0.000000000000e+00   0.000000000000e+00  -4.331763982773e-01   0.000000000000e+00   0.000000000000e+00  -4.331763982773e-01  -6.188936531544e-03   0.000000000000e+00  -5.186372399330e-01 
 -2.956694923341e-03   0.000000000000e+00  -6.012497544289e-01  -3.152099903673e-03   0.000000000000e+00  -5.934352278709e-01  -4.234931431711e-03   0.000000000000e+00  -6.193922758102e-01 
 -4.256733693182e-03   0.000000000000e+00  -6.413254141808e-01  -7.708013989031e-03   0.000000000000e+00  -6.451463699341e-01  -5.726319737732e-03   0.000000000000e+00  -6.462694406509e-01 
 -5.726319737732e-03   0.000000000000e+00  -6.462694406509e-01   0.000000000000e+00   0.000000000000e+00  -4.331763982773e-01   0.000000000000e+00   0.000000000000e+00  -4.331763982773e-01 
 -6.188936531544e-03   0.000000000000e+00  -5.186372399330e-01  -2.956694923341e-03   0.000000000000e+00  -6.012497544289e-01  -3.152099903673e-03   0.000000000000e+00  -5.934352278709e-01 
 -4.234931431711e-03   0.000000000000e+00  -6.193922758102e-01  -4.256733693182e-03   0.000000000000e+00  -6.413254141808e-01  -7.708013989031e-03   0.000000000000e+00  -6.451463699341e-01 
 -5.726319737732e-03   0.000000000000e+00  -6.462694406509e-01  -5.726319737732e-03   0.000000000000e+00  -6.462694406509e-01   0.000000000000e+00  -1.384620666504e-01  -4.219677746296e-01 
  0.000000000000e+00  -1.384620666504e-01  -4.219677746296e-01  -2.947590081021e-03  -1.379621475935e-01  -5.229560136795e-01  -2.588897245005e-03  -1.393578797579e-01  -6.226430535316e-01 
 -4.339907318354e-03  -1.410567015409e-01  -6.204606294632e-01  -5.932177416980e-03  -1.429982185364e-01  -6.169592738152e-01  -6.530202925205e-03  -1.451817303896e-01  -6.142610907555e-01 
 -5.100098438561e-03  -1.470317244530e-01  -6.108403801918e-01  -3.234884236008e-03  -1.483771800995e-01  -6.089053750038e-01  -3.234884236008e-03  -1.483771800995e-01  -6.089053750038e-01 
  0.000000000000e+00  -1.384620666504e-01  -4.219677746296e-01   0.000000000000e+00  -1.384620666504e-01  -4.219677746296e-01  -2.947590081021e-03  -1.379621475935e-01  -5.229560136795e-01 
 -2.588897245005e-03  -1.393578797579e-01  -6.226430535316e-01  -4.339907318354e-03  -1.410567015409e-01  -6.204606294632e-01  -5.932177416980e-03  -1.429982185364e-01  -6.169592738152e-01 
 -6.530202925205e-03  -1.451817303896e-01  -6.142610907555e-01  -5.100098438561e-03  -1.470317244530e-01  -6.108403801918e-01  -3.234884236008e-03  -1.483771800995e-01  -6.089053750038e-01 
 -3.234884236008e-03  -1.483771800995e-01  -6.089053750038e-01   0.000000000000e+00   5.133612453938e-02  -4.259520173073e-01   0.000000000000e+00   5.133612453938e-02  -4.259520173073e-01 
 -4.126984626055e-03   4.506383463740e-02  -5.269336700439e-01  -3.323188284412e-03   4.665677994490e-02  -6.281484961510e-01  -4.706157837063e-03   4.822720214725e-02  -6.266922950745e-01 
 -5.890092346817e-03   4.469082877040e-02  -6.236547827721e-01  -5.614113993943e-03   4.704359546304e-02  -6.207933425903e-01  -3.943698480725e-03   5.078024044633e-02  -6.167794466019e-01 
 -2.681022044271e-03   5.175494030118e-02  -6.149848103523e-01  -2.681022044271e-03   5.175494030118e-02  -6.149848103523e-01   0.000000000000e+00  -2.340724319220e-02  -4.193731546402e-01 
  0.000000000000e+00  -2.340724319220e-02  -4.193731546402e-01  -3.022022079676e-03  -2.194892987609e-02  -5.193755030632e-01  -4.201406612992e-03  -2.259907312691e-02  -6.161240339279e-01 
 -4.677843768150e-03  -2.228665724397e-02  -6.130301952362e-01  -4.773996304721e-03  -2.162335999310e-02  -6.110239028931e-01  -6.568924523890e-03  -2.262281626463e-02  -6.097739338875e-01 
 -5.174725782126e-03  -2.367235347629e-02  -6.074331402779e-01  -3.030122490600e-03  -2.417380549014e-02  -6.062656044960e-01  -3.030122490600e-03  -2.417380549014e-02  -6.062656044960e-01 
  0.000000000000e+00   6.243519019336e-03  -4.222625792027e-01   0.000000000000e+00   6.243519019336e-03  -4.222625792027e-01  -3.947440534830e-03   5.496920552105e-03  -5.227410793304e-01 
 -4.110887181014e-03   5.456692539155e-03  -6.225649118423e-01  -4.661743529141e-03   5.463748238981e-03  -6.206270456314e-01  -4.374379757792e-03   5.879750475287e-03  -6.164693236351e-01 
 -4.817305132747e-03   7.210653275251e-03  -6.131387352943e-01  -4.486946854740e-03   7.746431510895e-03  -6.109217405319e-01  -3.174151992425e-03   7.690258789808e-03  -6.097148060799e-01 
 -3.174151992425e-03   7.690258789808e-03  -6.097148060799e-01   0.000000000000e+00  -1.428170246072e-03  -4.225116670132e-01   0.000000000000e+00  -1.428170246072e-03  -4.225116670132e-01 
 -3.498428501189e-03  -1.019972260110e-03  -5.218547582626e-01  -3.649689955637e-03  -5.155222606845e-04  -6.208609938622e-01  -4.563895985484e-03  -3.186437243130e-04  -6.193026900291e-01 
 -4.448070656508e-03   2.648354893608e-05  -6.174429059029e-01  -4.561533220112e-03   4.157603252679e-04  -6.153887510300e-01  -3.725958289579e-03   1.134374644607e-03  -6.112254261971e-01 
 -2.587729599327e-03   1.647355267778e-03  -6.089143753052e-01  -2.587729599327e-03   1.647355267778e-03  -6.089143753052e-01   0.000000000000e+00  -1.294064335525e-03  -4.225705265999e-01 
  0.000000000000e+00  -1.294064335525e-03  -4.225705265999e-01  -3.268707310781e-03  -7.994506740943e-04  -5.231974720955e-01  -2.495157998055e-03   4.779849259648e-04  -6.214241981506e-01 
 -2.920091850683e-03   1.954667968675e-03  -6.186122298241e-01  -3.195350291207e-03   3.023284254596e-03  -6.169108748436e-01  -4.452132619917e-03   3.154022153467e-03  -6.154732108116e-01 
 -4.531795624644e-03   2.614073920995e-03  -6.132220625877e-01  -2.811926417053e-03   2.448571380228e-03  -6.114254593849e-01  -2.811926417053e-03   2.448571380228e-03  -6.114254593849e-01 
  0.000000000000e+00  -5.046671722084e-04  -4.213080704212e-01   0.000000000000e+00  -5.046671722084e-04  -4.213080704212e-01  -3.956122789532e-03  -9.642975055613e-04  -5.223362445831e-01 
 -3.172715660185e-03  -1.539688557386e-03  -6.233031749725e-01  -1.738174818456e-03  -2.266985247843e-04  -6.219993233681e-01  -3.555531729944e-04   2.346139634028e-03  -6.171659827232e-01 
 -2.096264157444e-03   4.055712837726e-03  -6.130918264389e-01  -4.025710746646e-03   4.348666407168e-03  -6.109157204628e-01  -2.587603405118e-03   4.464093595743e-03  -6.082751154900e-01 
 -2.587603405118e-03   4.464093595743e-03  -6.082751154900e-01   0.000000000000e+00   0.000000000000e+00  -4.210085272789e-01   0.000000000000e+00   0.000000000000e+00  -4.210085272789e-01 
 -4.672031849623e-03   0.000000000000e+00  -5.213761925697e-01  -4.319331143051e-03   0.000000000000e+00  -6.235979199409e-01  -2.033841796219e-03   0.000000000000e+00  -6.238755583763e-01 
  1.091520418413e-03   0.000000000000e+00  -6.192600131035e-01   2.178654394811e-04   0.000000000000e+00  -6.138321757317e-01  -2.471369458362e-03   0.000000000000e+00  -6.085666418076e-01 
 -1.662862137891e-03   0.000000000000e+00  -6.042458415031e-01  -1.662862137891e-03   0.000000000000e+00  -6.042458415031e-01   0.000000000000e+00   0.000000000000e+00  -4.210085272789e-01 
  0.000000000000e+00   0.000000000000e+00  -4.210085272789e-01  -4.672031849623e-03   0.000000000000e+00  -5.213761925697e-01  -4.319331143051e-03   0.000000000000e+00  -6.235979199409e-01 
 -2.033841796219e-03   0.000000000000e+00  -6.238755583763e-01   1.091520418413e-03   0.000000000000e+00  -6.192600131035e-01   2.178654394811e-04   0.000000000000e+00  -6.138321757317e-01 
 -2.471369458362e-03   0.000000000000e+00  -6.085666418076e-01  -1.662862137891e-03   0.000000000000e+00  -6.042458415031e-01  -1.662862137891e-03   0.000000000000e+00  -6.042458415031e-01 
  0.000000000000e+00  -9.030201286077e-02  -4.200913906097e-01   0.000000000000e+00  -9.030201286077e-02  -4.200913906097e-01   1.457093050703e-03  -8.843296021223e-02  -5.179623961449e-01 
 -1.782201696187e-03  -8.895198255777e-02  -6.169303655624e-01  -2.612652489915e-03  -8.964675664902e-02  -6.155321002007e-01  -3.521871985868e-03  -9.070380032063e-02  -6.135708689690e-01 
 -3.384314477444e-03  -9.183178842068e-02  -6.106538176537e-01  -2.755653113127e-03  -9.284690022469e-02  -6.080457568169e-01  -1.503405976109e-03  -9.347095340490e-02  -6.061038374901e-01 
 -1.503405976109e-03  -9.347095340490e-02  -6.061038374901e-01   0.000000000000e+00  -9.030201286077e-02  -4.200913906097e-01   0.000000000000e+00  -9.030201286077e-02  -4.200913906097e-01 
  1.457093050703e-03  -8.843296021223e-02  -5.179623961449e-01  -1.782201696187e-03  -8.895198255777e-02  -6.169303655624e-01  -2.612652489915e-03  -8.964675664902e-02  -6.155321002007e-01 
 -3.521871985868e-03  -9.070380032063e-02  -6.135708689690e-01  -3.384314477444e-03  -9.183178842068e-02  -6.106538176537e-01  -2.755653113127e-03  -9.284690022469e-02  -6.080457568169e-01 
 -1.503405976109e-03  -9.347095340490e-02  -6.061038374901e-01  -1.503405976109e-03  -9.347095340490e-02  -6.061038374901e-01   0.000000000000e+00   2.841079048812e-02  -4.223939478397e-01 
  0.000000000000e+00   2.841079048812e-02  -4.223939478397e-01   9.156948653981e-04   2.397326566279e-02  -5.210627913475e-01  -2.055780496448e-03   2.344050630927e-02  -6.217253208160e-01 
 -2.553252503276e-03   2.427007816732e-02  -6.198353171349e-01  -3.333192085847e-03   2.381321787834e-02  -6.175954341888e-01  -3.164676250890e-03   2.456885576248e-02  -6.150879263878e-01 
 -2.545047784224e-03   2.596130780876e-02  -6.133449077606e-01  -1.351652084850e-03   2.627543732524e-02  -6.119148731232e-01  -1.351652084850e-03   2.627543732524e-02  -6.119148731232e-01 
  0.000000000000e+00  -1.367633696645e-02  -4.168782830238e-01   0.000000000000e+00  -1.367633696645e-02  -4.168782830238e-01   1.879612449557e-03  -1.224442105740e-02  -5.150513052940e-01 
 -2.314107492566e-03  -1.243037823588e-02  -6.138185262680e-01  -2.691340167075e-03  -1.250900048763e-02  -6.116773486137e-01  -3.048945451155e-03  -1.230844110250e-02  -6.100668907166e-01 
 -3.258276730776e-03  -1.237924396992e-02  -6.073045134544e-01  -2.693868707865e-03  -1.237098686397e-02  -6.045857071877e-01  -1.258490607142e-03  -1.231484860182e-02  -6.025708317757e-01 
 -1.258490607142e-03  -1.231484860182e-02  -6.025708317757e-01   0.000000000000e+00   3.532318398356e-03  -4.196426868439e-01   0.000000000000e+00   3.532318398356e-03  -4.196426868439e-01 
  1.220361678861e-03   3.106134245172e-03  -5.178251862526e-01  -2.059957943857e-03   3.284498583525e-03  -6.167626380920e-01  -2.469641622156e-03   3.356131026521e-03  -6.144602894783e-01 
 -3.052376676351e-03   3.267070977017e-03  -6.129799485207e-01  -2.957382705063e-03   3.511854447424e-03  -6.112950444221e-01  -2.375253476202e-03   3.762964392081e-03  -6.092721223831e-01 
 -1.246508560143e-03   3.806536318734e-03  -6.073617935181e-01  -1.246508560143e-03   3.806536318734e-03  -6.073617935181e-01   0.000000000000e+00  -1.266666920856e-03  -4.193460345268e-01 
  0.000000000000e+00  -1.266666920856e-03  -4.193460345268e-01   1.346081611700e-03  -1.050396123901e-03  -5.176637768745e-01  -1.850438886322e-03  -6.658503552899e-04  -6.168504953384e-01 
 -2.087131608278e-03  -2.422380703138e-06  -6.144816279411e-01  -2.590998308733e-03   4.467937687878e-04  -6.125998497009e-01  -2.685706829652e-03   7.189199095592e-04  -6.107307076454e-01 
 -2.366611268371e-03   7.829469977878e-04  -6.092115640640e-01  -1.273309229873e-03   7.918223273009e-04  -6.078599691391e-01  -1.273309229873e-03   7.918223273009e-04  -6.078599691391e-01 
  0.000000000000e+00   5.212524774834e-05  -4.185787737370e-01   0.000000000000e+00   5.212524774834e-05  -4.185787737370e-01   1.526578213088e-03   2.724419755396e-04  -5.167654752731e-01 
 -1.684988848865e-03   4.070373543072e-04  -6.165089011192e-01  -1.774762524292e-03   6.796360248700e-04  -6.152858734131e-01  -2.180399606004e-03   1.055896980688e-03  -6.144308447838e-01 
 -2.328377217054e-03   1.387695316225e-03  -6.128254532814e-01  -2.093860413879e-03   1.631957245991e-03  -6.105720996857e-01  -1.189342001453e-03   1.725600915961e-03  -6.087977290154e-01 
 -1.189342001453e-03   1.725600915961e-03  -6.087977290154e-01   0.000000000000e+00  -3.762149135582e-04  -4.188571870327e-01   0.000000000000e+00  -3.762149135582e-04  -4.188571870327e-01 
  1.669222488999e-03  -1.841501070885e-04  -5.165257453918e-01  -1.248444430530e-03   1.568251464050e-04  -6.151332855225e-01  -1.288470928557e-03   5.200013401918e-04  -6.138986945152e-01 
 -1.943960087374e-03   7.527085836045e-04  -6.152611374855e-01  -2.081901067868e-03   1.000182470307e-03  -6.160529255867e-01  -1.890848274343e-03   1.198882120661e-03  -6.147093176842e-01 
 -1.216599135660e-03   1.237552030943e-03  -6.133646368980e-01  -1.216599135660e-03   1.237552030943e-03  -6.133646368980e-01   0.000000000000e+00   0.000000000000e+00  -4.199729859829e-01 
  0.000000000000e+00   0.000000000000e+00  -4.199729859829e-01   1.621937612072e-03   0.000000000000e+00  -5.173075199127e-01  -1.028035883792e-03   0.000000000000e+00  -6.147781610489e-01 
 -9.750454337336e-04   0.000000000000e+00  -6.126641631126e-01  -1.689547672868e-03   0.000000000000e+00  -6.148634552956e-01  -1.901663490571e-03   0.000000000000e+00  -6.175802946091e-01 
 -1.911586616188e-03   0.000000000000e+00  -6.179876327515e-01  -1.321917981841e-03   0.000000000000e+00  -6.178161501884e-01  -1.321917981841e-03   0.000000000000e+00  -6.178161501884e-01 
  0.000000000000e+00   0.000000000000e+00  -4.199729859829e-01   0.000000000000e+00   0.000000000000e+00  -4.199729859829e-01   1.621937612072e-03   0.000000000000e+00  -5.173075199127e-01 
 -1.028035883792e-03   0.000000000000e+00  -6.147781610489e-01  -9.750454337336e-04   0.000000000000e+00  -6.126641631126e-01  -1.689547672868e-03   0.000000000000e+00  -6.148634552956e-01 
 -1.901663490571e-03   0.000000000000e+00  -6.175802946091e-01  -1.911586616188e-03   0.000000000000e+00  -6.179876327515e-01  -1.321917981841e-03   0.000000000000e+00  -6.178161501884e-01 
 -1.321917981841e-03   0.000000000000e+00  -6.178161501884e-01   0.000000000000e+00  -4.765603318810e-02  -4.252744913101e-01   0.000000000000e+00  -4.765603318810e-02  -4.252744913101e-01 
  8.896230719984e-03  -4.296935722232e-02  -5.184767246246e-01  -1.342715811916e-03  -4.314797371626e-02  -6.169549226761e-01  -1.492086215876e-03  -4.305841401219e-02  -6.159495115280e-01 
 -1.907905796543e-03  -4.339174181223e-02  -6.142027974129e-01  -1.899963477626e-03  -4.388916492462e-02  -6.123270392418e-01  -1.437648897991e-03  -4.434629529715e-02  -6.105870604515e-01 
 -7.890783017501e-04  -4.460706934333e-02  -6.095079183578e-01  -7.890783017501e-04  -4.460706934333e-02  -6.095079183578e-01   0.000000000000e+00  -4.765603318810e-02  -4.252744913101e-01 
  0.000000000000e+00  -4.765603318810e-02  -4.252744913101e-01   8.896230719984e-03  -4.296935722232e-02  -5.184767246246e-01  -1.342715811916e-03  -4.314797371626e-02  -6.169549226761e-01 
 -1.492086215876e-03  -4.305841401219e-02  -6.159495115280e-01  -1.907905796543e-03  -4.339174181223e-02  -6.142027974129e-01  -1.899963477626e-03  -4.388916492462e-02  -6.123270392418e-01 
 -1.437648897991e-03  -4.434629529715e-02  -6.105870604515e-01  -7.890783017501e-04  -4.460706934333e-02  -6.095079183578e-01  -7.890783017501e-04  -4.460706934333e-02  -6.095079183578e-01 
  0.000000000000e+00   1.325153093785e-02  -4.257450699806e-01   0.000000000000e+00   1.325153093785e-02  -4.257450699806e-01   8.407980203629e-03   1.122946292162e-02  -5.200620889664e-01 
 -1.442857086658e-03   1.105077005923e-02  -6.201643943787e-01  -1.468786038458e-03   1.109068281949e-02  -6.191122531891e-01  -1.791987800971e-03   1.123634260148e-02  -6.174551248550e-01 
 -1.795395626687e-03   1.140385307372e-02  -6.157350540161e-01  -1.334953587502e-03   1.172447204590e-02  -6.141393184662e-01  -7.298262789845e-04   1.184854190797e-02  -6.131550669670e-01 
 -7.298262789845e-04   1.184854190797e-02  -6.131550669670e-01   0.000000000000e+00  -7.361005060375e-03  -4.223057925701e-01   0.000000000000e+00  -7.361005060375e-03  -4.223057925701e-01 
  9.398759342730e-03  -6.894832011312e-03  -5.158759355545e-01  -1.407270785421e-03  -7.074102293700e-03  -6.146947145462e-01  -1.503593986854e-03  -7.072701584548e-03  -6.134479641914e-01 
 -1.723032561131e-03  -7.008813787252e-03  -6.119204163551e-01  -1.801761100069e-03  -6.958853919059e-03  -6.102212071419e-01  -1.455965335481e-03  -6.933514494449e-03  -6.086064577103e-01 
 -7.421302143484e-04  -6.971057038754e-03  -6.076841950417e-01  -7.421302143484e-04  -6.971057038754e-03  -6.076841950417e-01   0.000000000000e+00   1.918802619912e-03  -4.239442348480e-01 
  0.000000000000e+00   1.918802619912e-03  -4.239442348480e-01   8.847705088556e-03   1.734683057293e-03  -5.176076292992e-01  -1.404320937581e-03   1.766886562109e-03  -6.167917251587e-01 
 -1.371550024487e-03   1.785616623238e-03  -6.157242059708e-01  -1.570131746121e-03   1.828947453760e-03  -6.141397953033e-01  -1.580616226420e-03   2.026847098023e-03  -6.124442815781e-01 
 -1.266960985959e-03   2.185765886679e-03  -6.109379529953e-01  -6.944376509637e-04   2.235756488517e-03  -6.100507974625e-01  -6.944376509637e-04   2.235756488517e-03  -6.100507974625e-01 
  0.000000000000e+00  -7.579965167679e-04  -4.237458407879e-01   0.000000000000e+00  -7.579965167679e-04  -4.237458407879e-01   9.004855528474e-03  -5.993976956233e-04  -5.173133611679e-01 
 -1.243576523848e-03  -3.341798146721e-04  -6.164557933807e-01  -1.153973862529e-03   4.751816231874e-05  -6.155474781990e-01  -1.374423736706e-03   2.444315177854e-04  -6.142658591270e-01 
 -1.441470929421e-03   3.850978973787e-04  -6.128189563751e-01  -1.183712040074e-03   4.801700706594e-04  -6.113400459290e-01  -6.579298642464e-04   5.272670532577e-04  -6.104064583778e-01 
 -6.579298642464e-04   5.272670532577e-04  -6.104064583778e-01   0.000000000000e+00   3.730957905645e-05  -4.237687885761e-01   0.000000000000e+00   3.730957905645e-05  -4.237687885761e-01 
  9.014246053994e-03   5.477950981003e-05  -5.174504518509e-01  -1.135407248512e-03   1.477375481045e-04  -6.167175769806e-01  -8.900037501007e-04   3.829463967122e-04  -6.158789992332e-01 
 -1.018644194119e-03   6.973699200898e-04  -6.146938800812e-01  -1.185494358651e-03   9.365693549626e-04  -6.133785843849e-01  -1.108061755076e-03   1.031297957525e-03  -6.121221780777e-01 
 -6.428498891182e-04   1.060838461854e-03  -6.113240718842e-01  -6.428498891182e-04   1.060838461854e-03  -6.113240718842e-01   0.000000000000e+00  -8.445526327705e-05  -4.235910177231e-01 
  0.000000000000e+00  -8.445526327705e-05  -4.235910177231e-01   9.030705317855e-03  -6.345663132379e-05  -5.172659754753e-01  -1.109247212298e-03  -3.632754305727e-05  -6.168197989464e-01 
 -6.891738739796e-04   1.445791858714e-04  -6.163786649704e-01  -6.431101355702e-04   4.471188876778e-04  -6.152318120003e-01  -8.301039342768e-04   7.336646085605e-04  -6.138277649879e-01 
 -9.150991099887e-04   8.906795410439e-04  -6.125822067261e-01  -5.622336175293e-04   9.588567772880e-04  -6.117447614670e-01  -5.622336175293e-04   9.588567772880e-04  -6.117447614670e-01 
  0.000000000000e+00   0.000000000000e+00  -4.235337674618e-01   0.000000000000e+00   0.000000000000e+00  -4.235337674618e-01   9.006396867335e-03   0.000000000000e+00  -5.171188116074e-01 
 -1.140346168540e-03   0.000000000000e+00  -6.167888641357e-01  -6.350784096867e-04   0.000000000000e+00  -6.166365742683e-01  -4.624759894796e-04   0.000000000000e+00  -6.156580448151e-01 
 -5.985834868625e-04   0.000000000000e+00  -6.142725348473e-01  -7.475592428818e-04   0.000000000000e+00  -6.128885746002e-01  -4.768045328092e-04   0.000000000000e+00  -6.118815541267e-01 
 -4.768045328092e-04   0.000000000000e+00  -6.118815541267e-01   0.000000000000e+00   0.000000000000e+00  -4.235337674618e-01   0.000000000000e+00   0.000000000000e+00  -4.235337674618e-01 
  9.006396867335e-03   0.000000000000e+00  -5.171188116074e-01  -1.140346168540e-03   0.000000000000e+00  -6.167888641357e-01  -6.350784096867e-04   0.000000000000e+00  -6.166365742683e-01 
 -4.624759894796e-04   0.000000000000e+00  -6.156580448151e-01  -5.985834868625e-04   0.000000000000e+00  -6.142725348473e-01  -7.475592428818e-04   0.000000000000e+00  -6.128885746002e-01 
 -4.768045328092e-04   0.000000000000e+00  -6.118815541267e-01  -4.768045328092e-04   0.000000000000e+00  -6.118815541267e-01   0.000000000000e+00  -1.263896469027e-02  -3.841766715050e-01 
  0.000000000000e+00  -1.263896469027e-02  -3.841766715050e-01   2.020687796175e-02   4.187146550976e-04  -4.849039316177e-01   3.749282332137e-03   7.450272096321e-04  -6.148127913475e-01 
 -1.319234259427e-03   7.673217332922e-04  -6.145781278610e-01  -1.907575409859e-03   8.050270844251e-04  -6.139963865280e-01  -1.899963477626e-03   8.306459058076e-04  -6.122981309891e-01 
 -1.437648897991e-03   9.209029376507e-04  -6.107477545738e-01  -7.890783017501e-04   9.591802954674e-04  -6.097885370255e-01  -7.890783017501e-04   9.591802954674e-04  -6.097885370255e-01 
  0.000000000000e+00  -1.263896469027e-02  -3.841766715050e-01   0.000000000000e+00  -1.263896469027e-02  -3.841766715050e-01   2.020687796175e-02   4.187146550976e-04  -4.849039316177e-01 
  3.749282332137e-03   7.450272096321e-04  -6.148127913475e-01  -1.319234259427e-03   7.673217332922e-04  -6.145781278610e-01  -1.907575409859e-03   8.050270844251e-04  -6.139963865280e-01 
 -1.899963477626e-03   8.306459058076e-04  -6.122981309891e-01  -1.437648897991e-03   9.209029376507e-04  -6.107477545738e-01  -7.890783017501e-04   9.591802954674e-04  -6.097885370255e-01 
 -7.890783017501e-04   9.591802954674e-04  -6.097885370255e-01   0.000000000000e+00   6.795581430197e-03  -3.837822973728e-01   0.000000000000e+00   6.795581430197e-03  -3.837822973728e-01 
  1.933358795941e-02   9.012522175908e-03  -4.859914481640e-01   3.466451773420e-03   1.062003709376e-02  -6.174202561378e-01  -1.306029851548e-03   1.107541378587e-02  -6.171053051949e-01 
 -1.791714923456e-03   1.123625226319e-02  -6.165806055069e-01  -1.795395626687e-03   1.140385307372e-02  -6.149840354919e-01  -1.334953587502e-03   1.172447204590e-02  -6.135442852974e-01 
 -7.298262789845e-04   1.184854190797e-02  -6.126562356949e-01  -7.298262789845e-04   1.184854190797e-02  -6.126562356949e-01   0.000000000000e+00  -4.224657081068e-03  -3.819860517979e-01 
  0.000000000000e+00  -4.224657081068e-03  -3.819860517979e-01   2.110915817320e-02  -5.559744779021e-03  -4.822824299335e-01   3.913182299584e-03  -6.754081230611e-03  -6.125333905220e-01 
 -1.324957353063e-03  -7.062364369631e-03  -6.122391819954e-01  -1.722809043713e-03  -7.008844055235e-03  -6.117613315582e-01  -1.801761100069e-03  -6.958853919059e-03  -6.102717518806e-01 
 -1.455965335481e-03  -6.933514494449e-03  -6.089698076248e-01  -7.421302143484e-04  -6.971057038754e-03  -6.081207394600e-01  -7.421302143484e-04  -6.971057038754e-03  -6.081207394600e-01 
  0.000000000000e+00   1.159821287729e-03  -3.829031288624e-01   0.000000000000e+00   1.159821287729e-03  -3.829031288624e-01   2.015310525894e-02   1.447252114303e-03  -4.840269386768e-01 
  3.689527744427e-03   1.699339831248e-03  -6.145427823067e-01  -1.204643747769e-03   1.782817533240e-03  -6.142591238022e-01  -1.569926622324e-03   1.828921493143e-03  -6.138701438904e-01 
 -1.580616226420e-03   2.026847098023e-03  -6.124813556671e-01  -1.266960985959e-03   2.185765886679e-03  -6.111916303635e-01  -6.944376509637e-04   2.235756488517e-03  -6.103750467300e-01 
 -6.944376509637e-04   2.235756488517e-03  -6.103750467300e-01   0.000000000000e+00  -5.327299586497e-04  -3.827695250511e-01   0.000000000000e+00  -5.327299586497e-04  -3.827695250511e-01 
  2.041710168123e-02  -5.660637980327e-04  -4.836718142033e-01   3.874669549987e-03  -3.831826907117e-04  -6.142305135727e-01  -9.881373262033e-04   3.354474392836e-05  -6.141332983971e-01 
 -1.374206971377e-03   2.443131816108e-04  -6.139179468155e-01  -1.441470929421e-03   3.850978682749e-04  -6.126722693443e-01  -1.183712040074e-03   4.801700706594e-04  -6.114947795868e-01 
 -6.579298642464e-04   5.272670532577e-04  -6.107358932495e-01  -6.579298642464e-04   5.272670532577e-04  -6.107358932495e-01   0.000000000000e+00   5.220123421168e-05  -3.827997148037e-01 
  0.000000000000e+00   5.220123421168e-05  -3.827997148037e-01   2.038540318608e-02   5.349037019187e-05  -4.837023317814e-01   3.949789330363e-03   1.278207782889e-04  -6.142850518227e-01 
 -7.303951424547e-04   3.746692382265e-04  -6.143499016762e-01  -1.018482376821e-03   6.971888360567e-04  -6.144437789917e-01  -1.185494242236e-03   9.365693549626e-04  -6.134955286980e-01 
 -1.108061755076e-03   1.031297957525e-03  -6.124573945999e-01  -6.428498891182e-04   1.060838461854e-03  -6.117431521416e-01  -6.428498891182e-04   1.060838461854e-03  -6.117431521416e-01 
  0.000000000000e+00  -5.808330388390e-05  -3.828276395798e-01   0.000000000000e+00  -5.808330388390e-05  -3.828276395798e-01   2.043128013611e-02  -6.076996942284e-05  -4.836682081223e-01 
  3.980608657002e-03  -4.149283631705e-05  -6.142104268074e-01  -5.351718864404e-04   1.385423674947e-04  -6.143689155579e-01  -6.430495413952e-04   4.469456907827e-04  -6.147699356079e-01 
 -8.301039342768e-04   7.336646085605e-04  -6.142073273659e-01  -9.150991099887e-04   8.906795410439e-04  -6.134465336800e-01  -5.622336175293e-04   9.588567772880e-04  -6.128753423691e-01 
 -5.622336175293e-04   9.588567772880e-04  -6.128753423691e-01   0.000000000000e+00   0.000000000000e+00  -3.828621208668e-01   0.000000000000e+00   0.000000000000e+00  -3.828621208668e-01 
  2.042761631310e-02   0.000000000000e+00  -4.836902320385e-01   3.955991938710e-03   0.000000000000e+00  -6.142053008080e-01  -4.836722218897e-04   0.000000000000e+00  -6.143738031387e-01 
 -4.624878929462e-04   0.000000000000e+00  -6.149162650108e-01  -5.985834286548e-04   0.000000000000e+00  -6.145809292793e-01  -7.475592428818e-04   0.000000000000e+00  -6.140273213387e-01 
 -4.768045328092e-04   0.000000000000e+00  -6.135802268982e-01  -4.768045328092e-04   0.000000000000e+00  -6.135802268982e-01   0.000000000000e+00   0.000000000000e+00  -3.828621208668e-01 
  0.000000000000e+00   0.000000000000e+00  -3.828621208668e-01   2.042761631310e-02   0.000000000000e+00  -4.836902320385e-01   3.955991938710e-03   0.000000000000e+00  -6.142053008080e-01 
 -4.836722218897e-04   0.000000000000e+00  -6.143738031387e-01  -4.624878929462e-04   0.000000000000e+00  -6.149162650108e-01  -5.985834286548e-04   0.000000000000e+00  -6.145809292793e-01 
 -7.475592428818e-04   0.000000000000e+00  -6.140273213387e-01  -4.768045328092e-04   0.000000000000e+00  -6.135802268982e-01  -4.768045328092e-04   0.000000000000e+00  -6.135802268982e-01 
  0.000000000000e+00  -1.263896469027e-02  -3.841766715050e-01   0.000000000000e+00  -1.263896469027e-02  -3.841766715050e-01   2.020687796175e-02   4.187146550976e-04  -4.849039316177e-01 
  3.749282332137e-03   7.450272096321e-04  -6.148127913475e-01  -1.319234259427e-03   7.673217332922e-04  -6.145781278610e-01  -1.907575409859e-03   8.050270844251e-04  -6.139963865280e-01 
 -1.899963477626e-03   8.306459058076e-04  -6.122981309891e-01  -1.437648897991e-03   9.209029376507e-04  -6.107477545738e-01  -7.890783017501e-04   9.591802954674e-04  -6.097885370255e-01 
 -7.890783017501e-04   9.591802954674e-04  -6.097885370255e-01   0.000000000000e+00  -1.263896469027e-02  -3.841766715050e-01   0.000000000000e+00  -1.263896469027e-02  -3.841766715050e-01 
  2.020687796175e-02   4.187146550976e-04  -4.849039316177e-01   3.749282332137e-03   7.450272096321e-04  -6.148127913475e-01  -1.319234259427e-03   7.673217332922e-04  -6.145781278610e-01 
 -1.907575409859e-03   8.050270844251e-04  -6.139963865280e-01  -1.899963477626e-03   8.306459058076e-04  -6.122981309891e-01  -1.437648897991e-03   9.209029376507e-04  -6.107477545738e-01 
 -7.890783017501e-04   9.591802954674e-04  -6.097885370255e-01  -7.890783017501e-04   9.591802954674e-04  -6.097885370255e-01   0.000000000000e+00   6.795581430197e-03  -3.837822973728e-01 
  0.000000000000e+00   6.795581430197e-03  -3.837822973728e-01   1.933358795941e-02   9.012522175908e-03  -4.859914481640e-01   3.466451773420e-03   1.062003709376e-02  -6.174202561378e-01 
 -1.306029851548e-03   1.107541378587e-02  -6.171053051949e-01  -1.791714923456e-03   1.123625226319e-02  -6.165806055069e-01  -1.795395626687e-03   1.140385307372e-02  -6.149840354919e-01 
 -1.334953587502e-03   1.172447204590e-02  -6.135442852974e-01  -7.298262789845e-04   1.184854190797e-02  -6.126562356949e-01  -7.298262789845e-04   1.184854190797e-02  -6.126562356949e-01 
  0.000000000000e+00  -4.224657081068e-03  -3.819860517979e-01   0.000000000000e+00  -4.224657081068e-03  -3.819860517979e-01   2.110915817320e-02  -5.559744779021e-03  -4.822824299335e-01 
  3.913182299584e-03  -6.754081230611e-03  -6.125333905220e-01  -1.324957353063e-03  -7.062364369631e-03  -6.122391819954e-01  -1.722809043713e-03  -7.008844055235e-03  -6.117613315582e-01 
 -1.801761100069e-03  -6.958853919059e-03  -6.102717518806e-01  -1.455965335481e-03  -6.933514494449e-03  -6.089698076248e-01  -7.421302143484e-04  -6.971057038754e-03  -6.081207394600e-01 
 -7.421302143484e-04  -6.971057038754e-03  -6.081207394600e-01   0.000000000000e+00   1.159821287729e-03  -3.829031288624e-01   0.000000000000e+00   1.159821287729e-03  -3.829031288624e-01 
  2.015310525894e-02   1.447252114303e-03  -4.840269386768e-01   3.689527744427e-03   1.699339831248e-03  -6.145427823067e-01  -1.204643747769e-03   1.782817533240e-03  -6.142591238022e-01 
 -1.569926622324e-03   1.828921493143e-03  -6.138701438904e-01  -1.580616226420e-03   2.026847098023e-03  -6.124813556671e-01  -1.266960985959e-03   2.185765886679e-03  -6.111916303635e-01 
 -6.944376509637e-04   2.235756488517e-03  -6.103750467300e-01  -6.944376509637e-04   2.235756488517e-03  -6.103750467300e-01   0.000000000000e+00  -5.327299586497e-04  -3.827695250511e-01 
  0.000000000000e+00  -5.327299586497e-04  -3.827695250511e-01   2.041710168123e-02  -5.660637980327e-04  -4.836718142033e-01   3.874669549987e-03  -3.831826907117e-04  -6.142305135727e-01 
 -9.881373262033e-04   3.354474392836e-05  -6.141332983971e-01  -1.374206971377e-03   2.443131816108e-04  -6.139179468155e-01  -1.441470929421e-03   3.850978682749e-04  -6.126722693443e-01 
 -1.183712040074e-03   4.801700706594e-04  -6.114947795868e-01  -6.579298642464e-04   5.272670532577e-04  -6.107358932495e-01  -6.579298642464e-04   5.272670532577e-04  -6.107358932495e-01 
  0.000000000000e+00   5.220123421168e-05  -3.827997148037e-01   0.000000000000e+00   5.220123421168e-05  -3.827997148037e-01   2.038540318608e-02   5.349037019187e-05  -4.837023317814e-01 
  3.949789330363e-03   1.278207782889e-04  -6.142850518227e-01  -7.303951424547e-04   3.746692382265e-04  -6.143499016762e-01  -1.018482376821e-03   6.971888360567e-04  -6.144437789917e-01 
 -1.185494242236e-03   9.365693549626e-04  -6.134955286980e-01  -1.108061755076e-03   1.031297957525e-03  -6.124573945999e-01  -6.428498891182e-04   1.060838461854e-03  -6.117431521416e-01 
 -6.428498891182e-04   1.060838461854e-03  -6.117431521416e-01   0.000000000000e+00  -5.808330388390e-05  -3.828276395798e-01   0.000000000000e+00  -5.808330388390e-05  -3.828276395798e-01 
  2.043128013611e-02  -6.076996942284e-05  -4.836682081223e-01   3.980608657002e-03  -4.149283631705e-05  -6.142104268074e-01  -5.351718864404e-04   1.385423674947e-04  -6.143689155579e-01 
 -6.430495413952e-04   4.469456907827e-04  -6.147699356079e-01  -8.301039342768e-04   7.336646085605e-04  -6.142073273659e-01  -9.150991099887e-04   8.906795410439e-04  -6.134465336800e-01 
 -5.622336175293e-04   9.588567772880e-04  -6.128753423691e-01  -5.622336175293e-04   9.588567772880e-04  -6.128753423691e-01   0.000000000000e+00   0.000000000000e+00  -3.828621208668e-01 
  0.000000000000e+00   0.000000000000e+00  -3.828621208668e-01   2.042761631310e-02   0.000000000000e+00  -4.836902320385e-01   3.955991938710e-03   0.000000000000e+00  -6.142053008080e-01 
 -4.836722218897e-04   0.000000000000e+00  -6.143738031387e-01  -4.624878929462e-04   0.000000000000e+00  -6.149162650108e-01  -5.985834286548e-04   0.000000000000e+00  -6.145809292793e-01 
 -7.475592428818e-04   0.000000000000e+00  -6.140273213387e-01  -4.768045328092e-04   0.000000000000e+00  -6.135802268982e-01  -4.768045328092e-04   0.000000000000e+00  -6.135802268982e-01 
  0.000000000000e+00   0.000000000000e+00  -3.828621208668e-01   0.000000000000e+00   0.000000000000e+00  -3.828621208668e-01   2.042761631310e-02   0.000000000000e+00  -4.836902320385e-01 
  3.955991938710e-03   0.000000000000e+00  -6.142053008080e-01  -4.836722218897e-04   0.000000000000e+00  -6.143738031387e-01  -4.624878929462e-04   0.000000000000e+00  -6.149162650108e-01 
 -5.985834286548e-04   0.000000000000e+00  -6.145809292793e-01  -7.475592428818e-04   0.000000000000e+00  -6.140273213387e-01  -4.768045328092e-04   0.000000000000e+00  -6.135802268982e-01 
 -4.768045328092e-04   0.000000000000e+00  -6.135802268982e-01 

