# vtk DataFile Version 2.0
Written using VisIt writer
ASCII
DATASET RECTILINEAR_GRID
DIMENSIONS 10 10 10
X_COORDINATES 10 float
  0.000000000000e+00   5.000000000000e-01   1.000000000000e+00   1.500000000000e+00   2.000000000000e+00   2.500000000000e+00   3.000000000000e+00   3.500000000000e+00   4.000000000000e+00 
  4.500000000000e+00 
Y_COORDINATES 10 float
  0.000000000000e+00   5.000000000000e-01   1.000000000000e+00   1.500000000000e+00   2.000000000000e+00   2.500000000000e+00   3.000000000000e+00   3.500000000000e+00   4.000000000000e+00 
  4.500000000000e+00 
Z_COORDINATES 10 float
  0.000000000000e+00   5.000000000000e-01   1.000000000000e+00   1.500000000000e+00   2.000000000000e+00   2.500000000000e+00   3.000000000000e+00   3.500000000000e+00   4.000000000000e+00 
  4.500000000000e+00 
CELL_DATA 729
POINT_DATA 1000
VECTORS velocity float
  0.000000000000e+00  -1.733083128929e-01  -3.114016950130e-01   3.251200000000e+04   0.000000000000e+00   0.000000000000e+00   0.000000000000e+00   0.000000000000e+00   0.000000000000e+00 
 -3.912425786257e-02  -1.760092675686e-01  -4.016807973385e-01   0.000000000000e+00   0.000000000000e+00   0.000000000000e+00   0.000000000000e+00   1.431655808000e+09   1.070945600000e+09 
 -1.737959831953e-01  -2.140280455351e-01  -4.394881129265e-01   1.071994176000e+09   0.000000000000e+00   0.000000000000e+00   0.000000000000e+00   0.000000000000e+00   0.000000000000e+00 
 -9.812253713608e-02  -2.426385879517e-01  -5.357047319412e-01   0.000000000000e+00  -1.733083128929e-01  -3.114016950130e-01   1.070945600000e+09   0.000000000000e+00   0.000000000000e+00 
 -1.319907456636e-01  -2.035043835640e-01  -4.492546617985e-01  -3.912425786257e-02  -1.760092675686e-01  -4.016807973385e-01   1.431655808000e+09   1.070945600000e+09   0.000000000000e+00 
 -3.337306156754e-02  -1.750772446394e-01  -3.727513551712e-01  -1.737959831953e-01  -2.140280455351e-01  -4.394881129265e-01   0.000000000000e+00   0.000000000000e+00   1.071644672000e+09 
 -9.812253713608e-02  -2.426385879517e-01  -5.357047319412e-01  -9.812253713608e-02  -2.426385879517e-01  -5.357047319412e-01   0.000000000000e+00   3.570392355323e-02  -2.588506042957e-01 
  0.000000000000e+00   3.570392355323e-02  -2.588506042957e-01  -2.307218909264e-01   3.013942763209e-02  -3.568182587624e-01  -1.196317076683e-01  -7.625482231379e-02  -4.330486655235e-01 
 -1.253833472729e-01  -1.099533140659e-01  -5.057706236839e-01   1.067013368011e-01   5.335801839828e-02  -3.580901622772e-01   3.745932364836e-03   7.839175313711e-02  -3.524557352066e-01 
 -1.680438220501e-02   8.214396983385e-02  -3.356006443501e-01  -5.674794688821e-02   6.523571908474e-02  -3.847797811031e-01  -5.674794688821e-02   6.523571908474e-02  -3.847797811031e-01 
  0.000000000000e+00  -2.993861772120e-02  -2.578200101852e-01   0.000000000000e+00  -2.993861772120e-02  -2.578200101852e-01  -2.065847367048e-01   2.406451106071e-02  -3.593894243240e-01 
 -4.541230574250e-02   1.454629562795e-02  -3.438799977303e-01  -1.081517413259e-01  -4.754073545337e-02  -3.717715740204e-01  -5.535991489887e-02   2.329263277352e-02  -4.338354170322e-01 
 -1.377941966057e-01   2.309644594789e-02  -5.411077737808e-01   5.206130817533e-02   4.267349839211e-02  -3.734383583069e-01   2.095755748451e-02   3.107383474708e-02  -3.923147022724e-01 
  2.095755748451e-02   3.107383474708e-02  -3.923147022724e-01   0.000000000000e+00  -3.427965566516e-02  -2.787584662437e-01   0.000000000000e+00  -3.427965566516e-02  -2.787584662437e-01 
 -1.896116584539e-01  -8.037067204714e-02  -4.578876793385e-01   7.289906591177e-02  -3.316816315055e-02  -4.467370808125e-01  -3.326481580734e-02  -9.767677634954e-03  -4.115893244743e-01 
 -5.043679475784e-02   4.166284948587e-02  -3.799316883087e-01  -1.602857857943e-01   5.467754602432e-02  -4.341639280319e-01  -1.031721755862e-01  -2.380038797855e-02  -4.255731701851e-01 
 -9.005858004093e-02  -7.559859007597e-02  -5.273361206055e-01  -9.005858004093e-02  -7.559859007597e-02  -5.273361206055e-01   0.000000000000e+00  -5.420093890280e-03  -2.456680685282e-01 
  0.000000000000e+00  -5.420093890280e-03  -2.456680685282e-01  -1.192576363683e-01   1.096262112260e-01  -3.234212398529e-01  -1.442230790854e-01   4.454289376736e-02  -4.910682439804e-01 
 -1.670165657997e-01   4.171103064436e-04  -5.920512676239e-01   4.160449653864e-02   6.221289932728e-02  -3.618036806583e-01  -3.423503041267e-02   5.917525663972e-02  -4.110824465752e-01 
 -4.978298395872e-02   5.150676518679e-02  -3.540536761284e-01  -6.750544905663e-02   5.083173513412e-02  -3.850103020668e-01  -6.750544905663e-02   5.083173513412e-02  -3.850103020668e-01 
  0.000000000000e+00  -6.075221300125e-02  -2.495723366737e-01   0.000000000000e+00  -6.075221300125e-02  -2.495723366737e-01  -1.418088972569e-01   3.360957652330e-02  -3.752793669701e-01 
 -8.775227516890e-02   1.239847093821e-01  -3.639200329781e-01  -1.610327363014e-01   1.443682760000e-01  -4.193648099899e-01  -7.860637456179e-02   3.422684222460e-02  -5.307616591454e-01 
 -1.415161788464e-01  -3.332676365972e-02  -6.547073721886e-01   4.934940487146e-02  -3.289264813066e-02  -4.167538583279e-01  -2.347102761269e-02  -6.274556368589e-02  -4.486610293388e-01 
 -2.347102761269e-02  -6.274556368589e-02  -4.486610293388e-01   0.000000000000e+00  -1.402870863676e-01  -2.878191173077e-01   0.000000000000e+00  -1.402870863676e-01  -2.878191173077e-01 
 -2.032247036695e-01  -5.111325532198e-02  -4.790641963482e-01  -1.349709182978e-02   2.013676427305e-02  -3.484786152840e-01  -6.307190656662e-02   1.978418044746e-02  -3.597442209721e-01 
 -6.427005864680e-03   6.705349683762e-02  -3.753551840782e-01  -1.373995095491e-01   2.575550600886e-02  -4.262191057205e-01  -7.285054028034e-02  -8.572340756655e-02  -4.437375366688e-01 
 -8.026913553476e-02  -1.400481611490e-01  -5.669583678246e-01  -8.026913553476e-02  -1.400481611490e-01  -5.669583678246e-01   0.000000000000e+00   0.000000000000e+00  -2.577567398548e-01 
  0.000000000000e+00   0.000000000000e+00  -2.577567398548e-01  -2.049700617790e-01   0.000000000000e+00  -3.879742920399e-01  -9.799723327160e-02   0.000000000000e+00  -4.547373354435e-01 
 -1.326506733894e-01   0.000000000000e+00  -5.986754894257e-01   1.321286857128e-01   0.000000000000e+00  -4.266176819801e-01   2.062787301838e-02   0.000000000000e+00  -4.066909849644e-01 
  3.826982155442e-02   0.000000000000e+00  -3.548196554184e-01   3.980041667819e-02   0.000000000000e+00  -3.498455882072e-01   3.980041667819e-02   0.000000000000e+00  -3.498455882072e-01 
  0.000000000000e+00   0.000000000000e+00  -2.577567398548e-01   0.000000000000e+00   0.000000000000e+00  -2.577567398548e-01  -2.049700617790e-01   0.000000000000e+00  -3.879742920399e-01 
 -9.799723327160e-02   0.000000000000e+00  -4.547373354435e-01  -1.326506733894e-01   0.000000000000e+00  -5.986754894257e-01   1.321286857128e-01   0.000000000000e+00  -4.266176819801e-01 
  2.062787301838e-02   0.000000000000e+00  -4.066909849644e-01   3.826982155442e-02   0.000000000000e+00  -3.548196554184e-01   3.980041667819e-02   0.000000000000e+00  -3.498455882072e-01 
  3.980041667819e-02   0.000000000000e+00  -3.498455882072e-01   0.000000000000e+00  -1.733083128929e-01  -3.114016950130e-01   0.000000000000e+00  -1.733083128929e-01  -3.114016950130e-01 
 -1.319907456636e-01  -2.035043835640e-01  -4.492546617985e-01  -3.912425786257e-02  -1.760092675686e-01  -4.016807973385e-01  -6.846855580807e-02  -1.781844943762e-01  -3.735659122467e-01 
 -3.337306156754e-02  -1.750772446394e-01  -3.727513551712e-01  -1.737959831953e-01  -2.140280455351e-01  -4.394881129265e-01  -1.167749240994e-01  -2.217349559069e-01  -4.281293749809e-01 
 -9.812253713608e-02  -2.426385879517e-01  -5.357047319412e-01  -9.812253713608e-02  -2.426385879517e-01  -5.357047319412e-01   0.000000000000e+00  -1.733083128929e-01  -3.114016950130e-01 
  0.000000000000e+00  -1.733083128929e-01  -3.114016950130e-01  -1.319907456636e-01  -2.035043835640e-01  -4.492546617985e-01  -3.912425786257e-02  -1.760092675686e-01  -4.016807973385e-01 
 -6.846855580807e-02  -1.781844943762e-01  -3.735659122467e-01  -3.337306156754e-02  -1.750772446394e-01  -3.727513551712e-01  -1.737959831953e-01  -2.140280455351e-01  -4.394881129265e-01 
 -1.167749240994e-01  -2.217349559069e-01  -4.281293749809e-01  -9.812253713608e-02  -2.426385879517e-01  -5.357047319412e-01  -9.812253713608e-02  -2.426385879517e-01  -5.357047319412e-01 
  0.000000000000e+00   3.570392355323e-02  -2.588506042957e-01   0.000000000000e+00   3.570392355323e-02  -2.588506042957e-01  -2.307218909264e-01   3.013942763209e-02  -3.568182587624e-01 
 -1.196317076683e-01  -7.625482231379e-02  -4.330486655235e-01  -1.253833472729e-01  -1.099533140659e-01  -5.057706236839e-01   1.067013368011e-01   5.335801839828e-02  -3.580901622772e-01 
  3.745932364836e-03   7.839175313711e-02  -3.524557352066e-01  -1.680438220501e-02   8.214396983385e-02  -3.356006443501e-01  -5.674794688821e-02   6.523571908474e-02  -3.847797811031e-01 
 -5.674794688821e-02   6.523571908474e-02  -3.847797811031e-01   0.000000000000e+00  -2.993861772120e-02  -2.578200101852e-01   0.000000000000e+00  -2.993861772120e-02  -2.578200101852e-01 
 -2.065847367048e-01   2.406451106071e-02  -3.593894243240e-01  -4.541230574250e-02   1.454629562795e-02  -3.438799977303e-01  -1.081517413259e-01  -4.754073545337e-02  -3.717715740204e-01 
 -5.535991489887e-02   2.329263277352e-02  -4.338354170322e-01  -1.377941966057e-01   2.309644594789e-02  -5.411077737808e-01   5.206130817533e-02   4.267349839211e-02  -3.734383583069e-01 
  2.095755748451e-02   3.107383474708e-02  -3.923147022724e-01   2.095755748451e-02   3.107383474708e-02  -3.923147022724e-01   0.000000000000e+00  -3.427965566516e-02  -2.787584662437e-01 
  0.000000000000e+00  -3.427965566516e-02  -2.787584662437e-01  -1.896116584539e-01  -8.037067204714e-02  -4.578876793385e-01   7.289906591177e-02  -3.316816315055e-02  -4.467370808125e-01 
 -3.326481580734e-02  -9.767677634954e-03  -4.115893244743e-01  -5.043679475784e-02   4.166284948587e-02  -3.799316883087e-01  -1.602857857943e-01   5.467754602432e-02  -4.341639280319e-01 
 -1.031721755862e-01  -2.380038797855e-02  -4.255731701851e-01  -9.005858004093e-02  -7.559859007597e-02  -5.273361206055e-01  -9.005858004093e-02  -7.559859007597e-02  -5.273361206055e-01 
  0.000000000000e+00  -5.420093890280e-03  -2.456680685282e-01   0.000000000000e+00  -5.420093890280e-03  -2.456680685282e-01  -1.192576363683e-01   1.096262112260e-01  -3.234212398529e-01 
 -1.442230790854e-01   4.454289376736e-02  -4.910682439804e-01  -1.670165657997e-01   4.171103064436e-04  -5.920512676239e-01   4.160449653864e-02   6.221289932728e-02  -3.618036806583e-01 
 -3.423503041267e-02   5.917525663972e-02  -4.110824465752e-01  -4.978298395872e-02   5.150676518679e-02  -3.540536761284e-01  -6.750544905663e-02   5.083173513412e-02  -3.850103020668e-01 
 -6.750544905663e-02   5.083173513412e-02  -3.850103020668e-01   0.000000000000e+00  -6.075221300125e-02  -2.495723366737e-01   0.000000000000e+00  -6.075221300125e-02  -2.495723366737e-01 
 -1.418088972569e-01   3.360957652330e-02  -3.752793669701e-01  -8.775227516890e-02   1.239847093821e-01  -3.639200329781e-01  -1.610327363014e-01   1.443682760000e-01  -4.193648099899e-01 
 -7.860637456179e-02   3.422684222460e-02  -5.307616591454e-01  -1.415161788464e-01  -3.332676365972e-02  -6.547073721886e-01   4.934940487146e-02  -3.289264813066e-02  -4.167538583279e-01 
 -2.347102761269e-02  -6.274556368589e-02  -4.486610293388e-01  -2.347102761269e-02  -6.274556368589e-02  -4.486610293388e-01   0.000000000000e+00  -1.402870863676e-01  -2.878191173077e-01 
  0.000000000000e+00  -1.402870863676e-01  -2.878191173077e-01  -2.032247036695e-01  -5.111325532198e-02  -4.790641963482e-01  -1.349709182978e-02   2.013676427305e-02  -3.484786152840e-01 
 -6.307190656662e-02   1.978418044746e-02  -3.597442209721e-01  -6.427005864680e-03   6.705349683762e-02  -3.753551840782e-01  -1.373995095491e-01   2.575550600886e-02  -4.262191057205e-01 
 -7.285054028034e-02  -8.572340756655e-02  -4.437375366688e-01  -8.026913553476e-02  -1.400481611490e-01  -5.669583678246e-01  -8.026913553476e-02  -1.400481611490e-01  -5.669583678246e-01 
  0.000000000000e+00   0.000000000000e+00  -2.577567398548e-01   0.000000000000e+00   0.000000000000e+00  -2.577567398548e-01  -2.049700617790e-01   0.000000000000e+00  -3.879742920399e-01 
 -9.799723327160e-02   0.000000000000e+00  -4.547373354435e-01  -1.326506733894e-01   0.000000000000e+00  -5.986754894257e-01   1.321286857128e-01   0.000000000000e+00  -4.266176819801e-01 
  2.062787301838e-02   0.000000000000e+00  -4.066909849644e-01   3.826982155442e-02   0.000000000000e+00  -3.548196554184e-01   3.980041667819e-02   0.000000000000e+00  -3.498455882072e-01 
  3.980041667819e-02   0.000000000000e+00  -3.498455882072e-01   0.000000000000e+00   0.000000000000e+00  -2.577567398548e-01   0.000000000000e+00   0.000000000000e+00  -2.577567398548e-01 
 -2.049700617790e-01   0.000000000000e+00  -3.879742920399e-01  -9.799723327160e-02   0.000000000000e+00  -4.547373354435e-01  -1.326506733894e-01   0.000000000000e+00  -5.986754894257e-01 
  1.321286857128e-01   0.000000000000e+00  -4.266176819801e-01   2.062787301838e-02   0.000000000000e+00  -4.066909849644e-01   3.826982155442e-02   0.000000000000e+00  -3.548196554184e-01 
  3.980041667819e-02   0.000000000000e+00  -3.498455882072e-01   3.980041667819e-02   0.000000000000e+00  -3.498455882072e-01   0.000000000000e+00  -1.893949508667e-01  -4.609020054340e-01 
  0.000000000000e+00  -1.893949508667e-01  -4.609020054340e-01  -1.098521947861e-01  -2.265013307333e-01  -1.023790478706e+00  -7.233840227127e-02  -2.486914843321e-01  -1.361367583275e+00 
 -1.244027093053e-01  -2.651308476925e-01  -1.305256843567e+00  -2.904467657208e-02  -2.715740203857e-01  -1.364452958107e+00  -5.747473239899e-02  -2.905787527561e-01  -1.304380059242e+00 
 -3.823506832123e-02  -2.967738807201e-01  -1.266290545464e+00   1.948275975883e-02  -2.946609258652e-01  -1.169923782349e+00   1.948275975883e-02  -2.946609258652e-01  -1.169923782349e+00 
  0.000000000000e+00  -1.893949508667e-01  -4.609020054340e-01   0.000000000000e+00  -1.893949508667e-01  -4.609020054340e-01  -1.098521947861e-01  -2.265013307333e-01  -1.023790478706e+00 
 -7.233840227127e-02  -2.486914843321e-01  -1.361367583275e+00  -1.244027093053e-01  -2.651308476925e-01  -1.305256843567e+00  -2.904467657208e-02  -2.715740203857e-01  -1.364452958107e+00 
 -5.747473239899e-02  -2.905787527561e-01  -1.304380059242e+00  -3.823506832123e-02  -2.967738807201e-01  -1.266290545464e+00   1.948275975883e-02  -2.946609258652e-01  -1.169923782349e+00 
  1.948275975883e-02  -2.946609258652e-01  -1.169923782349e+00   0.000000000000e+00  -3.696209937334e-02  -4.063616693020e-01   0.000000000000e+00  -3.696209937334e-02  -4.063616693020e-01 
 -1.102720946074e-01  -7.167194038630e-02  -9.416543245316e-01  -7.896503061056e-02  -6.177611649036e-02  -1.298824191093e+00  -1.273852735758e-01  -6.202233955264e-02  -1.200998067856e+00 
 -2.980607561767e-02  -7.210927456617e-02  -1.332175731659e+00  -3.788344189525e-02  -6.683660298586e-02  -1.295751690865e+00  -2.641923166811e-02  -6.172636523843e-02  -1.317171573639e+00 
  2.715571410954e-02  -6.419717520475e-02  -1.288936853409e+00   2.715571410954e-02  -6.419717520475e-02  -1.288936853409e+00   0.000000000000e+00   8.698808401823e-02  -4.226386547089e-01 
  0.000000000000e+00   8.698808401823e-02  -4.226386547089e-01  -8.658659458160e-02   1.269318312407e-01  -9.470499753952e-01  -8.212547004223e-02   1.220356002450e-01  -1.383899211884e+00 
 -1.337906867266e-01   1.127263903618e-01  -1.353207588196e+00  -2.049758099020e-02   1.127268970013e-01  -1.368014335632e+00  -4.189808666706e-02   1.212333887815e-01  -1.219852805138e+00 
 -2.322483994067e-02   1.282595694065e-01  -1.320794105530e+00   2.803183346987e-02   1.287136524916e-01  -1.294356584549e+00   2.803183346987e-02   1.287136524916e-01  -1.294356584549e+00 
  0.000000000000e+00   5.171931348741e-03  -4.591114223003e-01   0.000000000000e+00   5.171931348741e-03  -4.591114223003e-01  -1.073599457741e-01  -1.778863742948e-02  -8.720234036446e-01 
 -6.767322123051e-02  -3.618530172389e-04  -1.351381421089e+00  -1.305509060621e-01  -1.042686053552e-03  -1.308121442795e+00  -2.158967591822e-02  -7.441872265190e-03  -1.330419778824e+00 
 -4.684170708060e-02   5.932991858572e-03  -1.283833146095e+00  -2.784956619143e-02   5.666415207088e-03  -1.265918493271e+00   2.351761236787e-02  -3.743047593161e-03  -1.159230589867e+00 
  2.351761236787e-02  -3.743047593161e-03  -1.159230589867e+00   0.000000000000e+00  -2.263418212533e-02  -4.258859753609e-01   0.000000000000e+00  -2.263418212533e-02  -4.258859753609e-01 
 -9.845343977213e-02  -4.891240596771e-02  -9.355205297470e-01  -6.548882275820e-02  -5.463772267103e-02  -1.313107132912e+00  -1.308332383633e-01  -5.488977953792e-02  -1.176810026169e+00 
 -1.559071429074e-02  -5.202094838023e-02  -1.313776016235e+00  -3.680043667555e-02  -3.854207694530e-02  -1.293290376663e+00  -2.527882903814e-02  -3.108080103993e-02  -1.333967804909e+00 
  3.165771812201e-02  -1.958063058555e-02  -1.291470289230e+00   3.165771812201e-02  -1.958063058555e-02  -1.291470289230e+00   0.000000000000e+00   3.584694489837e-02  -4.865056872368e-01 
  0.000000000000e+00   3.584694489837e-02  -4.865056872368e-01  -9.561757743359e-02   4.600593820214e-02  -9.834609031677e-01  -6.191063672304e-02   4.899889975786e-02  -1.372034907341e+00 
 -1.254369467497e-01   6.187545508146e-02  -1.334632396698e+00  -1.130857598037e-02   7.971834391356e-02  -1.260126829147e+00  -4.248438030481e-02   7.735502719879e-02  -1.213215231895e+00 
 -2.788517996669e-02   7.879273593426e-02  -1.273808717728e+00   2.917726337910e-02   8.073384314775e-02  -1.248799085617e+00   2.917726337910e-02   8.073384314775e-02  -1.248799085617e+00 
  0.000000000000e+00  -8.905217796564e-02  -4.857387840748e-01   0.000000000000e+00  -8.905217796564e-02  -4.857387840748e-01  -1.061140820384e-01  -1.075793653727e-01  -8.608819246292e-01 
 -5.431516468525e-02  -1.001328900456e-01  -1.360432267189e+00  -1.116777732968e-01  -8.263865113258e-02  -1.342514276505e+00   1.984185911715e-02  -6.934832781553e-02  -1.337752342224e+00 
 -4.059557244182e-02  -6.362243741751e-02  -1.309330224991e+00  -1.723837479949e-02  -5.399823188782e-02  -1.275558233261e+00   5.133946612477e-02  -4.473738372326e-02  -1.101545572281e+00 
  5.133946612477e-02  -4.473738372326e-02  -1.101545572281e+00   0.000000000000e+00   0.000000000000e+00  -6.010900139809e-01   0.000000000000e+00   0.000000000000e+00  -6.010900139809e-01 
 -8.207367360592e-02   0.000000000000e+00  -9.708441495895e-01  -6.941003352404e-02   0.000000000000e+00  -1.321816444397e+00  -1.124662756920e-01   0.000000000000e+00  -1.215279340744e+00 
  2.182865329087e-02   0.000000000000e+00  -1.337439537048e+00  -4.562342539430e-02   0.000000000000e+00  -1.336462736130e+00  -8.665712550282e-03   0.000000000000e+00  -1.328039884567e+00 
  3.987749293447e-02   0.000000000000e+00  -1.274592518806e+00   3.987749293447e-02   0.000000000000e+00  -1.274592518806e+00   0.000000000000e+00   0.000000000000e+00  -6.010900139809e-01 
  0.000000000000e+00   0.000000000000e+00  -6.010900139809e-01  -8.207367360592e-02   0.000000000000e+00  -9.708441495895e-01  -6.941003352404e-02   0.000000000000e+00  -1.321816444397e+00 
 -1.124662756920e-01   0.000000000000e+00  -1.215279340744e+00   2.182865329087e-02   0.000000000000e+00  -1.337439537048e+00  -4.562342539430e-02   0.000000000000e+00  -1.336462736130e+00 
 -8.665712550282e-03   0.000000000000e+00  -1.328039884567e+00   3.987749293447e-02   0.000000000000e+00  -1.274592518806e+00   3.987749293447e-02   0.000000000000e+00  -1.274592518806e+00 
  0.000000000000e+00  -1.098289638758e-01  -2.546755075455e-01   0.000000000000e+00  -1.098289638758e-01  -2.546755075455e-01  -8.255022019148e-02  -1.173891872168e-01  -7.786558866501e-01 
 -3.020751290023e-02  -1.258663088083e-01  -1.137026786804e+00  -1.097764670849e-01  -1.521584689617e-01  -1.101010680199e+00  -3.444000333548e-02  -1.627480983734e-01  -1.087460160255e+00 
 -4.934864863753e-02  -1.814053356647e-01  -1.086429834366e+00  -3.589611873031e-02  -1.903730928898e-01  -1.080903768539e+00   6.695128511637e-03  -1.932981312275e-01  -1.080827474594e+00 
  6.695128511637e-03  -1.932981312275e-01  -1.080827474594e+00   0.000000000000e+00  -1.098289638758e-01  -2.546755075455e-01   0.000000000000e+00  -1.098289638758e-01  -2.546755075455e-01 
 -8.255022019148e-02  -1.173891872168e-01  -7.786558866501e-01  -3.020751290023e-02  -1.258663088083e-01  -1.137026786804e+00  -1.097764670849e-01  -1.521584689617e-01  -1.101010680199e+00 
 -3.444000333548e-02  -1.627480983734e-01  -1.087460160255e+00  -4.934864863753e-02  -1.814053356647e-01  -1.086429834366e+00  -3.589611873031e-02  -1.903730928898e-01  -1.080903768539e+00 
  6.695128511637e-03  -1.932981312275e-01  -1.080827474594e+00   6.695128511637e-03  -1.932981312275e-01  -1.080827474594e+00   0.000000000000e+00  -3.448113799095e-02  -4.174270629883e-01 
  0.000000000000e+00  -3.448113799095e-02  -4.174270629883e-01  -7.694447785616e-02  -4.021786898375e-02  -8.695012331009e-01  -4.941626638174e-02  -2.741939760745e-02  -1.135207772255e+00 
 -9.740217775106e-02  -2.627874910831e-02  -1.097663164139e+00  -4.624376446009e-02  -3.743593767285e-02  -1.108976721764e+00  -3.141579404473e-02  -2.807891368866e-02  -1.108957886696e+00 
 -3.503250330687e-02  -2.478418126702e-02  -1.103290557861e+00   1.707547716796e-02  -1.928788609803e-02  -1.106244564056e+00   1.707547716796e-02  -1.928788609803e-02  -1.106244564056e+00 
  0.000000000000e+00   8.564741164446e-02  -4.267579317093e-01   0.000000000000e+00   8.564741164446e-02  -4.267579317093e-01  -8.494477719069e-02   6.133480742574e-02  -6.837156414986e-01 
 -6.035314872861e-03   7.196412235498e-02  -1.124387383461e+00  -9.261395037174e-02   5.973584949970e-02  -1.108535766602e+00  -3.785177320242e-02   7.241479307413e-02  -1.109000205994e+00 
 -2.714895270765e-02   8.051906526089e-02  -1.087699055672e+00  -3.019234165549e-02   9.257430583239e-02  -1.075770616531e+00   1.364592276514e-02   9.453096240759e-02  -1.023991942406e+00 
  1.364592276514e-02   9.453096240759e-02  -1.023991942406e+00   0.000000000000e+00   1.562720397487e-03  -4.132762253284e-01   0.000000000000e+00   1.562720397487e-03  -4.132762253284e-01 
 -8.192637562752e-02  -3.838520264253e-03  -7.526696324348e-01  -2.055483683944e-02   1.833459595218e-03  -1.095470666885e+00  -9.215666353703e-02   1.277196966112e-02  -1.047848224640e+00 
 -2.742645703256e-02   2.383698336780e-02  -1.052639961243e+00  -3.097166121006e-02   2.421246282756e-02  -1.044299006462e+00  -3.252633661032e-02   2.089061029255e-02  -1.028617382050e+00 
  8.180365897715e-03   8.136780932546e-03  -9.831638336182e-01   8.180365897715e-03   8.136780932546e-03  -9.831638336182e-01   0.000000000000e+00  -3.733983635902e-02  -3.424624502659e-01 
  0.000000000000e+00  -3.733983635902e-02  -3.424624502659e-01  -7.565972208977e-02  -5.048583447933e-02  -7.794436216354e-01  -1.424217876047e-02  -5.718411877751e-02  -1.125429868698e+00 
 -1.004434600472e-01  -6.195395812392e-02  -9.587948918343e-01  -1.539350301027e-02  -4.554516077042e-02  -1.059624075890e+00  -2.623693272471e-02  -4.080950096250e-02  -1.038862586021e+00 
 -2.374006435275e-02  -3.337553516030e-02  -1.050339698792e+00   1.920171082020e-02  -2.618990279734e-02  -1.046986818314e+00   1.920171082020e-02  -2.618990279734e-02  -1.046986818314e+00 
  0.000000000000e+00   3.811219707131e-02  -3.434844613075e-01   0.000000000000e+00   3.811219707131e-02  -3.434844613075e-01  -8.389054983854e-02   5.281426012516e-02  -7.971272468567e-01 
 -1.578557677567e-02   5.418955162168e-02  -1.131808876991e+00  -8.196842670441e-02   7.256249338388e-02  -1.096420526505e+00  -1.885300315917e-02   7.788198441267e-02  -1.083961367607e+00 
 -2.493741922081e-02   8.494578301907e-02  -1.036706328392e+00  -3.214398026466e-02   7.764121145010e-02  -1.061275005341e+00   1.412267517298e-02   7.513352483511e-02  -1.053323507309e+00 
  1.412267517298e-02   7.513352483511e-02  -1.053323507309e+00   0.000000000000e+00  -8.610057085752e-02  -3.382309675217e-01   0.000000000000e+00  -8.610057085752e-02  -3.382309675217e-01 
 -9.201131016016e-02  -9.315820038319e-02  -7.948324084282e-01  -8.254325017333e-03  -8.383304625750e-02  -1.112622141838e+00  -8.250310271978e-02  -6.796981394291e-02  -1.071414470673e+00 
  8.802195079625e-03  -4.304315894842e-02  -1.068492770195e+00  -2.006953209639e-02  -3.404557332397e-02  -1.061790466309e+00  -3.104902803898e-02  -3.493305295706e-02  -1.051169395447e+00 
  6.817666813731e-03  -4.187740758061e-02  -9.553153514862e-01   6.817666813731e-03  -4.187740758061e-02  -9.553153514862e-01   0.000000000000e+00   0.000000000000e+00  -2.624256610870e-01 
  0.000000000000e+00   0.000000000000e+00  -2.624256610870e-01  -8.395478874445e-02   0.000000000000e+00  -7.730309367180e-01  -4.237031191587e-02   0.000000000000e+00  -1.133147597313e+00 
 -9.228490293026e-02   0.000000000000e+00  -9.294236302376e-01   2.919540554285e-02   0.000000000000e+00  -1.049051523209e+00  -1.449664495885e-02   0.000000000000e+00  -1.073727488518e+00 
 -2.329097874463e-02   0.000000000000e+00  -1.084989905357e+00   1.689261756837e-02   0.000000000000e+00  -1.050151944160e+00   1.689261756837e-02   0.000000000000e+00  -1.050151944160e+00 
  0.000000000000e+00   0.000000000000e+00  -2.624256610870e-01   0.000000000000e+00   0.000000000000e+00  -2.624256610870e-01  -8.395478874445e-02   0.000000000000e+00  -7.730309367180e-01 
 -4.237031191587e-02   0.000000000000e+00  -1.133147597313e+00  -9.228490293026e-02   0.000000000000e+00  -9.294236302376e-01   2.919540554285e-02   0.000000000000e+00  -1.049051523209e+00 
 -1.449664495885e-02   0.000000000000e+00  -1.073727488518e+00  -2.329097874463e-02   0.000000000000e+00  -1.084989905357e+00   1.689261756837e-02   0.000000000000e+00  -1.050151944160e+00 
  1.689261756837e-02   0.000000000000e+00  -1.050151944160e+00   0.000000000000e+00  -5.300867930055e-02  -8.129733055830e-02   0.000000000000e+00  -5.300867930055e-02  -8.129733055830e-02 
 -2.821616083384e-02  -2.051415480673e-02  -5.515038967133e-01   1.223830855452e-03  -1.252759434283e-02  -1.179951190948e+00  -1.242966800928e-01  -4.940980300307e-02  -1.164268851280e+00 
 -4.951025173068e-02  -7.316435128450e-02  -1.143253445625e+00  -4.921500012279e-02  -8.963655680418e-02  -1.153488636017e+00  -2.826350741088e-02  -9.554438292980e-02  -1.134904742241e+00 
  7.673044689000e-03  -9.651508182287e-02  -1.129563689232e+00   7.673044689000e-03  -9.651508182287e-02  -1.129563689232e+00   0.000000000000e+00  -5.300867930055e-02  -8.129733055830e-02 
  0.000000000000e+00  -5.300867930055e-02  -8.129733055830e-02  -2.821616083384e-02  -2.051415480673e-02  -5.515038967133e-01   1.223830855452e-03  -1.252759434283e-02  -1.179951190948e+00 
 -1.242966800928e-01  -4.940980300307e-02  -1.164268851280e+00  -4.951025173068e-02  -7.316435128450e-02  -1.143253445625e+00  -4.921500012279e-02  -8.963655680418e-02  -1.153488636017e+00 
 -2.826350741088e-02  -9.554438292980e-02  -1.134904742241e+00   7.673044689000e-03  -9.651508182287e-02  -1.129563689232e+00   7.673044689000e-03  -9.651508182287e-02  -1.129563689232e+00 
  0.000000000000e+00   1.874256692827e-02  -1.372007876635e-01   0.000000000000e+00   1.874256692827e-02  -1.372007876635e-01  -2.056309580803e-02  -3.106171078980e-02  -6.131575107574e-01 
 -3.932116553187e-02  -1.522502116859e-02  -1.178165316582e+00  -9.141294658184e-02   2.614637371153e-03  -1.143591642380e+00  -9.975859522820e-02  -5.764584615827e-02  -1.167103648186e+00 
 -3.349529579282e-02  -5.990571528673e-02  -1.160060882568e+00  -3.775514289737e-02  -5.789126083255e-02  -1.162761449814e+00   1.391838025302e-02  -5.515976622701e-02  -1.177965402603e+00 
  1.391838025302e-02  -5.515976622701e-02  -1.177965402603e+00   0.000000000000e+00   7.614297419786e-02  -8.208858221769e-02   0.000000000000e+00   7.614297419786e-02  -8.208858221769e-02 
  3.556150943041e-03   5.990033224225e-02  -4.566287100315e-01  -1.188546605408e-02   2.670876495540e-02  -1.184810280800e+00  -7.284337282181e-02  -4.321980476379e-02  -1.165026307106e+00 
 -5.789619311690e-02   1.836957223713e-02  -1.164012551308e+00  -1.746105402708e-02   3.315312787890e-02  -1.105121493340e+00  -3.673198446631e-02   5.382077023387e-02  -1.078663229942e+00 
  1.688451040536e-03   5.513894557953e-02  -1.063962578773e+00   1.688451040536e-03   5.513894557953e-02  -1.063962578773e+00   0.000000000000e+00   7.130097132176e-03  -1.164775118232e-01 
  0.000000000000e+00   7.130097132176e-03  -1.164775118232e-01  -8.054684847593e-03   1.871155691333e-03  -5.506940484047e-01  -2.132932469249e-02   2.598443441093e-02  -1.141066908836e+00 
 -9.484709054232e-02   6.316710263491e-02  -1.101493000984e+00  -6.900237500668e-02   5.391858145595e-02  -1.137578606606e+00  -3.150292858481e-02   4.347885027528e-02  -1.132454037666e+00 
 -3.192763030529e-02   3.387016803026e-02  -1.095098018646e+00   5.785773508251e-03   5.003068968654e-02  -1.072781324387e+00   5.785773508251e-03   5.003068968654e-02  -1.072781324387e+00 
  0.000000000000e+00  -2.719560638070e-02  -3.534757494926e-01   0.000000000000e+00  -2.719560638070e-02  -3.534757494926e-01   4.646825138479e-03  -3.884041681886e-02  -7.068058252335e-01 
 -5.387695506215e-02  -5.177188664675e-02  -1.131576657295e+00  -1.222514808178e-01  -8.400616049767e-02  -1.009221792221e+00  -2.324176020920e-02  -3.248430788517e-02  -1.106076121330e+00 
 -2.535395510495e-02  -2.755140699446e-02  -1.121217846870e+00  -2.639345265925e-02  -2.258008718491e-02  -1.110044360161e+00   1.907558925450e-02  -1.443188637495e-02  -1.112853407860e+00 
  1.907558925450e-02  -1.443188637495e-02  -1.112853407860e+00   0.000000000000e+00   1.903069950640e-02  -1.931721419096e-01   0.000000000000e+00   1.903069950640e-02  -1.931721419096e-01 
 -2.540219947696e-02   3.592247888446e-02  -6.299902200699e-01  -1.976348459721e-02   4.958609491587e-02  -1.135908842087e+00  -8.499491959810e-02   9.220821410418e-02  -1.172752737999e+00 
 -2.107783593237e-02   1.030362099409e-01  -1.158307909966e+00  -2.891977503896e-02   1.176640242338e-01  -1.143959403038e+00  -6.776081025600e-02   8.102526515722e-02  -1.135042548180e+00 
  2.959488891065e-02   1.047437414527e-01  -1.104420900345e+00   2.959488891065e-02   1.047437414527e-01  -1.104420900345e+00   0.000000000000e+00  -7.348592579365e-02  -5.922741442919e-02 
  0.000000000000e+00  -7.348592579365e-02  -5.922741442919e-02  -2.609286457300e-02  -8.332206308842e-02  -5.626352429390e-01  -3.633159399033e-02  -6.520355492830e-02  -1.136662364006e+00 
 -6.632764637470e-02  -6.161909177899e-02  -1.135616660118e+00   6.133591756225e-03  -7.265008985996e-03  -1.139829516411e+00  -2.279483340681e-02   2.885953523219e-03  -1.135737657547e+00 
 -3.812285512686e-02  -2.602880634367e-02  -1.106535077095e+00   8.430431596935e-03  -4.030749667436e-03  -1.001229524612e+00   8.430431596935e-03  -4.030749667436e-03  -1.001229524612e+00 
  0.000000000000e+00   0.000000000000e+00  -1.038963273168e-01   0.000000000000e+00   0.000000000000e+00  -1.038963273168e-01  -1.651232875884e-02   0.000000000000e+00  -6.492128968239e-01 
 -9.248612821102e-02   0.000000000000e+00  -1.217874646187e+00  -5.301851779222e-02   0.000000000000e+00  -1.031135559082e+00  -2.585335168988e-03  -1.369347501168e-05  -1.131316304207e+00 
 -1.447350159287e-02   1.983729453059e-04  -1.161409378052e+00  -2.443831413984e-02   0.000000000000e+00  -1.170246601105e+00   1.461463049054e-02  -2.770634018816e-04  -1.113380193710e+00 
  1.461463049054e-02  -2.770634018816e-04  -1.113380193710e+00   0.000000000000e+00   0.000000000000e+00  -1.038963273168e-01   0.000000000000e+00   0.000000000000e+00  -1.038963273168e-01 
 -1.651232875884e-02   0.000000000000e+00  -6.492128968239e-01  -9.248612821102e-02   0.000000000000e+00  -1.217874646187e+00  -5.301851779222e-02   0.000000000000e+00  -1.031135559082e+00 
 -2.585335168988e-03  -1.369347501168e-05  -1.131316304207e+00  -1.447350159287e-02   1.983729453059e-04  -1.161409378052e+00  -2.443831413984e-02   0.000000000000e+00  -1.170246601105e+00 
  1.461463049054e-02  -2.770634018816e-04  -1.113380193710e+00   1.461463049054e-02  -2.770634018816e-04  -1.113380193710e+00   0.000000000000e+00   1.936286129057e-02   6.307272613049e-02 
  0.000000000000e+00   1.936286129057e-02   6.307272613049e-02   1.888328231871e-02   3.070580773056e-02  -2.204477041960e-01   4.075326398015e-02   4.614501725882e-03  -1.117159128189e+00 
  0.000000000000e+00  -1.889834366739e-02  -1.051116466522e+00   0.000000000000e+00  -2.911946177483e-02  -1.064536333084e+00  -4.921500012279e-02  -2.845785208046e-02  -1.066550850868e+00 
 -2.826350741088e-02  -2.657406404614e-02  -1.053544878960e+00   7.673044689000e-03  -2.587346173823e-02  -1.054779052734e+00   7.673044689000e-03  -2.587346173823e-02  -1.054779052734e+00 
  0.000000000000e+00   1.936286129057e-02   6.307272613049e-02   0.000000000000e+00   1.936286129057e-02   6.307272613049e-02   1.888328231871e-02   3.070580773056e-02  -2.204477041960e-01 
  4.075326398015e-02   4.614501725882e-03  -1.117159128189e+00   0.000000000000e+00  -1.889834366739e-02  -1.051116466522e+00   0.000000000000e+00  -2.911946177483e-02  -1.064536333084e+00 
 -4.921500012279e-02  -2.845785208046e-02  -1.066550850868e+00  -2.826350741088e-02  -2.657406404614e-02  -1.053544878960e+00   7.673044689000e-03  -2.587346173823e-02  -1.054779052734e+00 
  7.673044689000e-03  -2.587346173823e-02  -1.054779052734e+00   0.000000000000e+00   1.666709408164e-02  -3.676330298185e-02   0.000000000000e+00   1.666709408164e-02  -3.676330298185e-02 
 -1.378507073969e-02   2.862672321498e-02  -2.178183794022e-01  -1.128507126123e-02   1.022657286376e-02  -1.028746962547e+00  -6.934927403927e-02  -1.106975134462e-02  -1.140643358231e+00 
 -6.898320466280e-02  -5.764584615827e-02  -1.141413569450e+00  -3.349529579282e-02  -5.990571528673e-02  -1.133931517601e+00  -3.775514289737e-02  -5.789126083255e-02  -1.104588866234e+00 
  1.391838025302e-02  -5.515976622701e-02  -1.110955357552e+00   1.391838025302e-02  -5.515976622701e-02  -1.110955357552e+00   0.000000000000e+00   1.121369451284e-01  -6.684867292643e-02 
  0.000000000000e+00   1.121369451284e-01  -6.684867292643e-02   9.156307205558e-03   9.786935150623e-02  -1.643755882978e-01   0.000000000000e+00   1.490112487227e-02  -1.000000014901e-01 
  0.000000000000e+00  -1.250726170838e-02  -1.134909033775e+00   0.000000000000e+00   1.836957223713e-02  -1.155462384224e+00  -1.746105402708e-02   3.315312787890e-02  -1.149381279945e+00 
 -3.673198446631e-02   5.382077023387e-02  -1.086917996407e+00   1.688451040536e-03   5.513894557953e-02  -1.076154351234e+00   1.688451040536e-03   5.513894557953e-02  -1.076154351234e+00 
  0.000000000000e+00   8.410137146711e-02  -7.382938265800e-02   0.000000000000e+00   8.410137146711e-02  -7.382938265800e-02   4.014454782009e-03   6.666807085276e-02  -1.864358186722e-01 
 -6.351887248456e-03   2.983008138835e-02  -9.864845871925e-01  -6.720534712076e-02   4.189092293382e-02  -1.090425252914e+00  -4.992369189858e-02   5.391858145595e-02  -1.086089134216e+00 
 -3.150292858481e-02   4.347885027528e-02  -1.057258725166e+00  -3.192763030529e-02   3.387016803026e-02  -9.561771750450e-01   5.785773508251e-03   5.003068968654e-02  -9.466871619225e-01 
  5.785773508251e-03   5.003068968654e-02  -9.466871619225e-01   0.000000000000e+00   6.118482910097e-03   1.064413860440e-01   0.000000000000e+00   6.118482910097e-03   1.064413860440e-01 
 -2.034067176282e-03  -3.382334252819e-03  -8.572313934565e-02   0.000000000000e+00  -4.144572094083e-02  -1.000000014901e-01   0.000000000000e+00  -4.390497878194e-02  -1.076126217842e+00 
  0.000000000000e+00  -3.248430788517e-02  -1.079978704453e+00  -2.535395510495e-02  -2.755140699446e-02  -1.062803745270e+00  -2.639345265925e-02  -2.258008718491e-02  -1.035023689270e+00 
  1.907558925450e-02  -1.443188637495e-02  -1.051539182663e+00   1.907558925450e-02  -1.443188637495e-02  -1.051539182663e+00   0.000000000000e+00   1.318136695772e-02   3.685532212257e-01 
  0.000000000000e+00   1.318136695772e-02   3.685532212257e-01  -6.134990137070e-03   1.798713020980e-02   1.326053291559e-01  -1.040447782725e-02   3.863822296262e-02  -1.109428644180e+00 
 -5.552976951003e-02   4.156990349293e-02  -1.131265044212e+00  -1.291756983846e-02   5.353925004601e-02  -1.099018812180e+00  -2.896959893405e-02   6.359566003084e-02  -8.078905344009e-01 
 -4.186952486634e-02   0.000000000000e+00   1.287946756929e-02   9.266086854041e-03   5.928719043732e-02  -7.867605090141e-01   9.266086854041e-03   5.928719043732e-02  -7.867605090141e-01 
  0.000000000000e+00  -5.041861161590e-02  -5.266995355487e-02   0.000000000000e+00  -5.041861161590e-02  -5.266995355487e-02   5.250481143594e-02  -5.737192928791e-02  -1.731707006693e-01 
  6.024329923093e-03  -5.460058152676e-02  -1.005498766899e+00  -3.329158201814e-02  -3.814050927758e-02  -1.121526479721e+00   3.021029289812e-03   1.089931465685e-02  -1.115045666695e+00 
 -2.517312765121e-02   1.759209670126e-02  -8.592843413353e-01  -3.280904889107e-02   0.000000000000e+00   1.115608885884e-01   2.086648484692e-03   1.276739966124e-02  -7.739956974983e-01 
  2.086648484692e-03   1.276739966124e-02  -7.739956974983e-01   0.000000000000e+00   0.000000000000e+00  -4.626589640975e-02   0.000000000000e+00   0.000000000000e+00  -4.626589640975e-02 
  1.500327978283e-02   0.000000000000e+00  -9.528976082802e-01   0.000000000000e+00   0.000000000000e+00  -1.186270713806e+00   0.000000000000e+00   0.000000000000e+00  -1.210016727448e+00 
  0.000000000000e+00   9.797959501157e-05  -1.150697112083e+00  -1.437200233340e-02   2.608991228044e-03  -1.079061269760e+00  -2.414141781628e-02   0.000000000000e+00  -1.000000014901e-01 
  9.762524627149e-03   1.585938152857e-03  -1.029108047485e+00   9.762524627149e-03   1.585938152857e-03  -1.029108047485e+00   0.000000000000e+00   0.000000000000e+00  -4.626589640975e-02 
  0.000000000000e+00   0.000000000000e+00  -4.626589640975e-02   1.500327978283e-02   0.000000000000e+00  -9.528976082802e-01   0.000000000000e+00   0.000000000000e+00  -1.186270713806e+00 
  0.000000000000e+00   0.000000000000e+00  -1.210016727448e+00   0.000000000000e+00   9.797959501157e-05  -1.150697112083e+00  -1.437200233340e-02   2.608991228044e-03  -1.079061269760e+00 
 -2.414141781628e-02   0.000000000000e+00  -1.000000014901e-01   9.762524627149e-03   1.585938152857e-03  -1.029108047485e+00   9.762524627149e-03   1.585938152857e-03  -1.029108047485e+00 
  0.000000000000e+00  -7.373315282166e-03  -2.657658159733e-01   0.000000000000e+00  -7.373315282166e-03  -2.657658159733e-01   1.075490005314e-02   4.910072684288e-02  -1.958128362894e-01 
  4.013187438250e-02   4.253029823303e-02   6.030459403992e-01   0.000000000000e+00   8.352336473763e-03  -1.000000014901e-01   0.000000000000e+00  -3.343562781811e-02  -1.000000014901e-01 
  0.000000000000e+00  -4.105570167303e-02  -1.000000014901e-01   0.000000000000e+00  -3.852061182261e-02  -1.000000014901e-01   0.000000000000e+00  -3.750365972519e-02  -1.000000014901e-01 
  0.000000000000e+00  -3.750365972519e-02  -1.000000014901e-01   0.000000000000e+00  -7.373315282166e-03  -2.657658159733e-01   0.000000000000e+00  -7.373315282166e-03  -2.657658159733e-01 
  1.075490005314e-02   4.910072684288e-02  -1.958128362894e-01   4.013187438250e-02   4.253029823303e-02   6.030459403992e-01   0.000000000000e+00   8.352336473763e-03  -1.000000014901e-01 
  0.000000000000e+00  -3.343562781811e-02  -1.000000014901e-01   0.000000000000e+00  -4.105570167303e-02  -1.000000014901e-01   0.000000000000e+00  -3.852061182261e-02  -1.000000014901e-01 
  0.000000000000e+00  -3.750365972519e-02  -1.000000014901e-01   0.000000000000e+00  -3.750365972519e-02  -1.000000014901e-01   0.000000000000e+00   5.333777517080e-02  -1.162769179791e-02 
  0.000000000000e+00   5.333777517080e-02  -1.162769179791e-02  -6.127972737886e-04   4.885817319155e-02  -1.087825670838e-01   0.000000000000e+00   4.253029823303e-02   1.178880780935e-01 
 -1.641749590635e-02   1.291665714234e-02  -7.017886638641e-01  -6.085042282939e-02  -5.224756896496e-02  -1.000000014901e-01  -3.294944763184e-02  -5.976706370711e-02  -1.133351325989e+00 
 -3.774454444647e-02  -5.789178609848e-02  -1.104588747025e+00   1.391837932169e-02  -5.515976622701e-02  -1.110955357552e+00   1.391837932169e-02  -5.515976622701e-02  -1.110955357552e+00 
  0.000000000000e+00   1.066060066223e-01  -3.293425440788e-01   0.000000000000e+00   1.066060066223e-01  -3.293425440788e-01  -6.531840190291e-03   0.000000000000e+00  -2.989258170128e-01 
 -4.340864252299e-03   1.164824515581e-02  -6.047123670578e-02  -2.399997087196e-03  -7.115037180483e-03  -1.000000014901e-01   0.000000000000e+00   0.000000000000e+00  -1.150522947311e+00 
 -1.746440865099e-02   3.314314037561e-02  -1.149381279945e+00  -3.673198446631e-02   5.382076650858e-02  -1.086917996407e+00   1.688451040536e-03   5.513894557953e-02  -1.076154351234e+00 
  1.688451040536e-03   5.513894557953e-02  -1.076154351234e+00   0.000000000000e+00   1.500748563558e-02   9.271980822086e-02   0.000000000000e+00   1.500748563558e-02   9.271980822086e-02 
  2.819486707449e-02   1.540477760136e-02   7.715974748135e-02   2.271925099194e-02   1.907625049353e-02  -1.315040290356e-01  -2.500770799816e-02   2.697758935392e-02  -6.566810607910e-01 
 -4.074300080538e-02   0.000000000000e+00  -1.000000014901e-01  -3.150286152959e-02   4.347798973322e-02  -1.057258725166e+00  -3.192763030529e-02   3.387016803026e-02  -9.561771750450e-01 
  5.785773508251e-03   5.003068968654e-02  -9.466871619225e-01   5.785773508251e-03   5.003068968654e-02  -9.466871619225e-01   0.000000000000e+00   1.498417649418e-02   5.606363713741e-02 
  0.000000000000e+00   1.498417649418e-02   5.606363713741e-02  -5.928605794907e-03   1.439317129552e-02   5.139448493719e-02   0.000000000000e+00   5.946226418018e-03  -1.000000014901e-01 
  0.000000000000e+00  -2.587072737515e-02  -1.000000014901e-01   0.000000000000e+00   0.000000000000e+00  -1.000000014901e-01   0.000000000000e+00  -2.755134738982e-02  -1.000000014901e-01 
  0.000000000000e+00  -2.258008718491e-02  -1.035023689270e+00   1.907558925450e-02  -1.443188637495e-02  -1.051539182663e+00   1.907558925450e-02  -1.443188637495e-02  -1.051539182663e+00 
  0.000000000000e+00  -3.777443198487e-04  -4.384787380695e-02   0.000000000000e+00  -3.777443198487e-04  -4.384787380695e-02   1.332685723901e-02   2.180760202464e-04  -3.802872449160e-02 
  1.069053541869e-02   5.588910542428e-03  -2.341188192368e-01  -2.305111289024e-02   1.934951543808e-02  -6.978414654732e-01  -9.431460872293e-03   3.684049844742e-02  -7.271731495857e-01 
 -2.122593671083e-02   3.704529255629e-02  -4.975325167179e-01  -2.780506946146e-02   0.000000000000e+00  -1.000000014901e-01   2.322947606444e-03   3.696566075087e-02  -6.942564845085e-01 
  2.322947606444e-03   3.696566075087e-02  -6.942564845085e-01   0.000000000000e+00  -6.002797931433e-02  -1.490337997675e-01   0.000000000000e+00  -6.002797931433e-02  -1.490337997675e-01 
  5.571316555142e-02  -5.994180962443e-02  -1.498297899961e-01   4.203951731324e-02  -5.555607378483e-02  -3.962448537350e-01   6.039453670382e-03  -3.776234015822e-02  -6.974536180496e-01 
  3.374629421160e-03   1.844111643732e-02  -9.778513908386e-01  -2.421019785106e-02   1.928949169815e-02  -6.429343223572e-01  -2.665682137012e-02   0.000000000000e+00  -1.000000014901e-01 
 -2.404972445220e-03   1.649036630988e-02  -6.436263322830e-01  -2.404972445220e-03   1.649036630988e-02  -6.436263322830e-01   0.000000000000e+00   0.000000000000e+00  -4.020541310310e-01 
  0.000000000000e+00   0.000000000000e+00  -4.020541310310e-01   2.589608542621e-02   0.000000000000e+00  -3.950192928314e-01   0.000000000000e+00   0.000000000000e+00  -1.000000014901e-01 
  0.000000000000e+00   0.000000000000e+00  -1.000000014901e-01   0.000000000000e+00   7.020522025414e-05  -8.202794194221e-01  -1.360623538494e-02   5.315619986504e-03  -9.332054257393e-01 
 -2.242036908865e-02   0.000000000000e+00  -1.000000014901e-01   4.286075942218e-03   4.126569256186e-03  -8.943842649460e-01   4.286075942218e-03   4.126569256186e-03  -8.943842649460e-01 
  0.000000000000e+00   0.000000000000e+00  -4.020541310310e-01   0.000000000000e+00   0.000000000000e+00  -4.020541310310e-01   2.589608542621e-02   0.000000000000e+00  -3.950192928314e-01 
  0.000000000000e+00   0.000000000000e+00  -1.000000014901e-01   0.000000000000e+00   0.000000000000e+00  -1.000000014901e-01   0.000000000000e+00   7.020522025414e-05  -8.202794194221e-01 
 -1.360623538494e-02   5.315619986504e-03  -9.332054257393e-01  -2.242036908865e-02   0.000000000000e+00  -1.000000014901e-01   4.286075942218e-03   4.126569256186e-03  -8.943842649460e-01 
  4.286075942218e-03   4.126569256186e-03  -8.943842649460e-01   0.000000000000e+00  -5.686770007014e-02  -1.956558972597e-01   0.000000000000e+00  -5.686770007014e-02  -1.956558972597e-01 
  1.023415755481e-02  -5.688322242349e-03  -4.135815501213e-01   0.000000000000e+00   1.120243128389e-02   6.030459403992e-01   0.000000000000e+00   8.627480827272e-03  -1.000000014901e-01 
  0.000000000000e+00  -2.303263545036e-02  -1.000000014901e-01   0.000000000000e+00  -4.478671774268e-02  -1.000000014901e-01   0.000000000000e+00  -4.492479190230e-02  -1.000000014901e-01 
  0.000000000000e+00  -4.373705014586e-02  -1.000000014901e-01   0.000000000000e+00  -4.373705014586e-02  -1.000000014901e-01   0.000000000000e+00  -5.686770007014e-02  -1.956558972597e-01 
  0.000000000000e+00  -5.686770007014e-02  -1.956558972597e-01   1.023415755481e-02  -5.688322242349e-03  -4.135815501213e-01   0.000000000000e+00   1.120243128389e-02   6.030459403992e-01 
  0.000000000000e+00   8.627480827272e-03  -1.000000014901e-01   0.000000000000e+00  -2.303263545036e-02  -1.000000014901e-01   0.000000000000e+00  -4.478671774268e-02  -1.000000014901e-01 
  0.000000000000e+00  -4.492479190230e-02  -1.000000014901e-01   0.000000000000e+00  -4.373705014586e-02  -1.000000014901e-01   0.000000000000e+00  -4.373705014586e-02  -1.000000014901e-01 
  0.000000000000e+00  -5.309163033962e-02  -2.797775268555e-01   0.000000000000e+00  -5.309163033962e-02  -2.797775268555e-01   1.635508239269e-02  -1.442964281887e-02  -2.946410775185e-01 
  1.025797240436e-02   5.526165012270e-03   2.148154191673e-02   8.884776034392e-04   8.636427111924e-03  -2.846798896790e-01  -3.548656776547e-02  -3.263224661350e-02  -1.109829023480e-01 
 -3.117546997964e-02  -5.704525858164e-02  -1.100516200066e+00  -3.752020746469e-02  -5.788474157453e-02  -1.104545116425e+00   1.391775906086e-02  -5.515987798572e-02  -1.110955357552e+00 
  1.391775906086e-02  -5.515987798572e-02  -1.110955357552e+00   0.000000000000e+00   7.657735049725e-02  -4.644933640957e-01   0.000000000000e+00   7.657735049725e-02  -4.644933640957e-01 
 -1.609170809388e-02   6.340607255697e-02  -4.371919333935e-01  -1.314391940832e-02   4.886517301202e-02  -3.348535001278e-01  -8.426276966929e-03   2.316397801042e-02  -1.000000014901e-01 
 -3.100888570771e-03   4.833557642996e-03  -1.010029911995e+00  -1.707422174513e-02   3.184695914388e-02  -1.146843314171e+00  -3.671903908253e-02   5.379674211144e-02  -1.086938261986e+00 
  1.688447780907e-03   5.513894185424e-02  -1.076154351234e+00   1.688447780907e-03   5.513894185424e-02  -1.076154351234e+00   0.000000000000e+00   1.491095498204e-02  -2.576741874218e-01 
  0.000000000000e+00   1.491095498204e-02  -2.576741874218e-01   2.651120908558e-02   1.501591317356e-02  -2.604046463966e-01   2.639579400420e-02   1.587453484535e-02  -2.518830597401e-01 
  1.224251464009e-02   2.156510017812e-02  -4.679021835327e-01  -2.926004678011e-02   3.899588249624e-03  -1.000000014901e-01  -3.112791478634e-02   4.251626506448e-02  -1.050977945328e+00 
 -3.191956505179e-02   3.387344256043e-02  -9.561809301376e-01   5.785772576928e-03   5.003068968654e-02  -9.466871619225e-01   5.785772576928e-03   5.003068968654e-02  -9.466871619225e-01 
  0.000000000000e+00   2.734823711216e-02  -2.387328818440e-02   0.000000000000e+00   2.734823711216e-02  -2.387328818440e-02   1.561644487083e-02   2.733754180372e-02  -2.389362081885e-02 
  0.000000000000e+00   2.604468353093e-02  -1.000000014901e-01   0.000000000000e+00   4.941775463521e-03  -1.000000014901e-01   0.000000000000e+00   1.359310233966e-03  -1.000000014901e-01 
  0.000000000000e+00  -2.686583809555e-02  -1.000000014901e-01   0.000000000000e+00  -2.258150465786e-02  -1.000000014901e-01   0.000000000000e+00  -1.443188637495e-02  -1.000000014901e-01 
  0.000000000000e+00  -1.443188637495e-02  -1.000000014901e-01   0.000000000000e+00   2.115887776017e-02  -4.387836754322e-01   0.000000000000e+00   2.115887776017e-02  -4.387836754322e-01 
  1.347124204040e-02   2.114712260664e-02  -4.385586678982e-01   1.344455033541e-02   2.024030126631e-02  -4.321245551109e-01   4.409145563841e-03   1.836653985083e-02  -4.569973051548e-01 
 -3.357556648552e-03   2.770409733057e-02  -5.246881246567e-01  -1.631363481283e-02   2.201344072819e-02  -3.511783182621e-01  -2.057948708534e-02   0.000000000000e+00  -1.000000014901e-01 
 -2.055526012555e-03   2.423634380102e-02  -4.755401313305e-01  -2.055526012555e-03   2.423634380102e-02  -4.755401313305e-01   0.000000000000e+00  -7.223932445049e-02  -5.873646736145e-01 
  0.000000000000e+00  -7.223932445049e-02  -5.873646736145e-01   2.885574474931e-02  -7.223242521286e-02  -5.871191024780e-01   2.916077896953e-02  -7.066538929939e-02  -5.255198478699e-01 
  2.323335222900e-02  -5.661260709167e-02  -5.250612497330e-01   1.321276277304e-02  -9.205681271851e-03  -9.516269564629e-01  -2.054484188557e-02   1.693727821112e-02  -4.871369898319e-01 
 -2.199056372046e-02   0.000000000000e+00  -1.000000014901e-01  -5.248490720987e-03   1.574548520148e-02  -5.178850889206e-01  -5.248490720987e-03   1.574548520148e-02  -5.178850889206e-01 
  0.000000000000e+00   0.000000000000e+00  -3.653271496296e-01   0.000000000000e+00   0.000000000000e+00  -3.653271496296e-01   2.380145742791e-04   0.000000000000e+00  -3.653438091278e-01 
  0.000000000000e+00   0.000000000000e+00  -1.000000014901e-01   0.000000000000e+00   0.000000000000e+00  -1.000000014901e-01   0.000000000000e+00   3.722554902197e-05  -1.000000014901e-01 
 -1.069105416536e-02   6.866106297821e-03  -7.773767709732e-01  -2.073035761714e-02   0.000000000000e+00  -1.000000014901e-01  -3.988572570961e-04   6.000962574035e-03  -7.446378469467e-01 
 -3.988572570961e-04   6.000962574035e-03  -7.446378469467e-01   0.000000000000e+00   0.000000000000e+00  -3.653271496296e-01   0.000000000000e+00   0.000000000000e+00  -3.653271496296e-01 
  2.380145742791e-04   0.000000000000e+00  -3.653438091278e-01   0.000000000000e+00   0.000000000000e+00  -1.000000014901e-01   0.000000000000e+00   0.000000000000e+00  -1.000000014901e-01 
  0.000000000000e+00   3.722554902197e-05  -1.000000014901e-01  -1.069105416536e-02   6.866106297821e-03  -7.773767709732e-01  -2.073035761714e-02   0.000000000000e+00  -1.000000014901e-01 
 -3.988572570961e-04   6.000962574035e-03  -7.446378469467e-01  -3.988572570961e-04   6.000962574035e-03  -7.446378469467e-01   0.000000000000e+00  -3.278511390090e-02  -3.116950020194e-02 
  0.000000000000e+00  -3.278511390090e-02  -3.116950020194e-02  -7.024266757071e-03  -4.830448329449e-02  -1.471060961485e-01   0.000000000000e+00  -3.858518600464e-02  -1.000000014901e-01 
  0.000000000000e+00  -2.579237148166e-02  -1.000000014901e-01   0.000000000000e+00  -2.702216058969e-02  -1.000000014901e-01   0.000000000000e+00  -4.258042946458e-02  -1.000000014901e-01 
  0.000000000000e+00  -4.827165976167e-02  -1.000000014901e-01   0.000000000000e+00  -4.745388776064e-02  -1.000000014901e-01   0.000000000000e+00  -4.745388776064e-02  -1.000000014901e-01 
  0.000000000000e+00  -3.278511390090e-02  -3.116950020194e-02   0.000000000000e+00  -3.278511390090e-02  -3.116950020194e-02  -7.024266757071e-03  -4.830448329449e-02  -1.471060961485e-01 
  0.000000000000e+00  -3.858518600464e-02  -1.000000014901e-01   0.000000000000e+00  -2.579237148166e-02  -1.000000014901e-01   0.000000000000e+00  -2.702216058969e-02  -1.000000014901e-01 
  0.000000000000e+00  -4.258042946458e-02  -1.000000014901e-01   0.000000000000e+00  -4.827165976167e-02  -1.000000014901e-01   0.000000000000e+00  -4.745388776064e-02  -1.000000014901e-01 
  0.000000000000e+00  -4.745388776064e-02  -1.000000014901e-01   0.000000000000e+00  -7.371117919683e-02  -3.571097552776e-02   0.000000000000e+00  -7.371117919683e-02  -3.571097552776e-02 
 -2.361043915153e-02  -6.506843119860e-02  -6.089071929455e-02  -1.954706013203e-02  -4.986720904708e-02  -5.791702121496e-02  -1.436825282872e-02  -3.216554224491e-02  -1.006899103522e-01 
 -2.074231952429e-02  -3.196256980300e-02  -1.060439571738e-01  -2.640934288502e-02  -4.997722059488e-02  -9.220464229584e-01  -3.620180860162e-02  -5.734772607684e-02  -1.098572611809e+00 
  1.383563317358e-02  -5.516555905342e-02  -1.110943913460e+00   1.383563317358e-02  -5.516555905342e-02  -1.110943913460e+00   0.000000000000e+00   8.831378072500e-02   4.042998552322e-01 
  0.000000000000e+00   8.831378072500e-02   4.042998552322e-01  -5.949324741960e-02   8.731932193041e-02   3.897200226784e-01  -5.869481712580e-02   8.267748355865e-02   3.466232419014e-01 
 -5.137429386377e-02   6.665349006653e-02   2.253429442644e-01  -3.138553351164e-02   3.450571745634e-02  -4.972078800201e-01  -2.084651030600e-02   3.193569555879e-02  -1.052170872688e+00 
 -3.606416657567e-02   5.279271677136e-02  -1.086211085320e+00   1.657194108702e-03   5.513638257980e-02  -1.076158761978e+00   1.657194108702e-03   5.513638257980e-02  -1.076158761978e+00 
  0.000000000000e+00   3.229132294655e-02  -3.360075410455e-03   0.000000000000e+00   3.229132294655e-02  -3.360075410455e-03  -2.334438450634e-02   3.227399289608e-02  -2.960651414469e-03 
 -2.330800890923e-02   3.212620690465e-02  -3.394433064386e-03  -2.044937387109e-02   3.098064661026e-02  -7.100453227758e-02  -2.334566414356e-02   1.773838140070e-02  -8.920494467020e-02 
 -2.887990511954e-02   3.692337125540e-02  -9.261404871941e-01  -3.172658383846e-02   3.399278596044e-02  -9.555617570877e-01   5.760515108705e-03   5.001829564571e-02  -9.466900229454e-01 
  5.760515108705e-03   5.001829564571e-02  -9.466900229454e-01   0.000000000000e+00   3.156247781590e-03   1.771935373545e-01   0.000000000000e+00   3.156247781590e-03   1.771935373545e-01 
  1.030969899148e-02   3.156281774864e-03   1.771932840347e-01   0.000000000000e+00   3.206275170669e-03  -1.000000014901e-01   0.000000000000e+00   3.542126389220e-03  -1.000000014901e-01 
  0.000000000000e+00   2.611943986267e-03  -1.000000014901e-01   0.000000000000e+00  -2.012229710817e-02  -1.000000014901e-01   0.000000000000e+00  -2.248533070087e-02  -1.000000014901e-01 
  0.000000000000e+00  -1.443796791136e-02  -1.000000014901e-01   0.000000000000e+00  -1.443796791136e-02  -1.000000014901e-01   0.000000000000e+00   2.480422612280e-03   2.313358038664e-01 
  0.000000000000e+00   2.480422612280e-03   2.313358038664e-01  -2.468046545982e-02   2.480425639078e-03   2.313356995583e-01  -2.465775050223e-02   2.516838256270e-03   2.299195826054e-01 
 -2.254951559007e-02   5.137036554515e-03   1.250991672277e-01  -1.583788171411e-02   1.312507688999e-02  -1.674906164408e-01  -1.388702448457e-02   1.379750762135e-02  -2.716740965843e-01 
 -1.670566760004e-02   0.000000000000e+00  -1.000000014901e-01  -4.190471954644e-03   1.624346151948e-02  -3.565547466278e-01  -4.190471954644e-03   1.624346151948e-02  -3.565547466278e-01 
  0.000000000000e+00  -5.321653187275e-02  -5.665690638125e-03   0.000000000000e+00  -5.321653187275e-02  -5.665690638125e-03  -2.075774781406e-02  -5.321653559804e-02  -5.665782373399e-03 
 -2.059352211654e-02  -5.328124389052e-02  -1.023770868778e-02  -1.869719475508e-02  -5.328707024455e-02  -5.171606689692e-02  -1.221267133951e-02  -3.462590277195e-02  -2.987403273582e-01 
 -1.688278838992e-02   1.453086920083e-02  -3.871976733208e-01  -1.960252597928e-02   0.000000000000e+00  -1.000000014901e-01  -7.007897831500e-03   1.367969717830e-02  -4.204535782337e-01 
 -7.007897831500e-03   1.367969717830e-02  -4.204535782337e-01   0.000000000000e+00   0.000000000000e+00   1.475605219603e-01   0.000000000000e+00   0.000000000000e+00   1.475605219603e-01 
 -2.951513603330e-02   0.000000000000e+00   1.475604325533e-01   0.000000000000e+00   0.000000000000e+00  -1.000000014901e-01   0.000000000000e+00   0.000000000000e+00  -1.000000014901e-01 
  0.000000000000e+00   1.100320423575e-05  -1.000000014901e-01  -5.550183355808e-03   4.353076685220e-03  -4.836071133614e-01  -1.914972625673e-02   2.723259058257e-06  -1.010788008571e-01 
 -3.924143034965e-03   6.910686381161e-03  -6.083452105522e-01  -3.924143034965e-03   6.910686381161e-03  -6.083452105522e-01   0.000000000000e+00   0.000000000000e+00   1.475605219603e-01 
  0.000000000000e+00   0.000000000000e+00   1.475605219603e-01  -2.951513603330e-02   0.000000000000e+00   1.475604325533e-01   0.000000000000e+00   0.000000000000e+00  -1.000000014901e-01 
  0.000000000000e+00   0.000000000000e+00  -1.000000014901e-01   0.000000000000e+00   1.100320423575e-05  -1.000000014901e-01  -5.550183355808e-03   4.353076685220e-03  -4.836071133614e-01 
 -1.914972625673e-02   2.723259058257e-06  -1.010788008571e-01  -3.924143034965e-03   6.910686381161e-03  -6.083452105522e-01  -3.924143034965e-03   6.910686381161e-03  -6.083452105522e-01 
  0.000000000000e+00  -3.278511390090e-02  -3.116950020194e-02   0.000000000000e+00  -3.278511390090e-02  -3.116950020194e-02  -7.024266757071e-03  -4.830448329449e-02  -1.471060961485e-01 
  0.000000000000e+00  -3.858518600464e-02  -1.000000014901e-01   0.000000000000e+00  -2.579237148166e-02  -1.000000014901e-01   0.000000000000e+00  -2.702216058969e-02  -1.000000014901e-01 
  0.000000000000e+00  -4.258042946458e-02  -1.000000014901e-01   0.000000000000e+00  -4.827165976167e-02  -1.000000014901e-01   0.000000000000e+00  -4.745388776064e-02  -1.000000014901e-01 
  0.000000000000e+00  -4.745388776064e-02  -1.000000014901e-01   0.000000000000e+00  -3.278511390090e-02  -3.116950020194e-02   0.000000000000e+00  -3.278511390090e-02  -3.116950020194e-02 
 -7.024266757071e-03  -4.830448329449e-02  -1.471060961485e-01   0.000000000000e+00  -3.858518600464e-02  -1.000000014901e-01   0.000000000000e+00  -2.579237148166e-02  -1.000000014901e-01 
  0.000000000000e+00  -2.702216058969e-02  -1.000000014901e-01   0.000000000000e+00  -4.258042946458e-02  -1.000000014901e-01   0.000000000000e+00  -4.827165976167e-02  -1.000000014901e-01 
  0.000000000000e+00  -4.745388776064e-02  -1.000000014901e-01   0.000000000000e+00  -4.745388776064e-02  -1.000000014901e-01   0.000000000000e+00  -7.371117919683e-02  -3.571097552776e-02 
  0.000000000000e+00  -7.371117919683e-02  -3.571097552776e-02  -2.361043915153e-02  -6.506843119860e-02  -6.089071929455e-02  -1.954706013203e-02  -4.986720904708e-02  -5.791702121496e-02 
 -1.436825282872e-02  -3.216554224491e-02  -1.006899103522e-01  -2.074231952429e-02  -3.196256980300e-02  -1.060439571738e-01  -2.640934288502e-02  -4.997722059488e-02  -9.220464229584e-01 
 -3.620180860162e-02  -5.734772607684e-02  -1.098572611809e+00   1.383563317358e-02  -5.516555905342e-02  -1.110943913460e+00   1.383563317358e-02  -5.516555905342e-02  -1.110943913460e+00 
  0.000000000000e+00   8.831378072500e-02   4.042998552322e-01   0.000000000000e+00   8.831378072500e-02   4.042998552322e-01  -5.949324741960e-02   8.731932193041e-02   3.897200226784e-01 
 -5.869481712580e-02   8.267748355865e-02   3.466232419014e-01  -5.137429386377e-02   6.665349006653e-02   2.253429442644e-01  -3.138553351164e-02   3.450571745634e-02  -4.972078800201e-01 
 -2.084651030600e-02   3.193569555879e-02  -1.052170872688e+00  -3.606416657567e-02   5.279271677136e-02  -1.086211085320e+00   1.657194108702e-03   5.513638257980e-02  -1.076158761978e+00 
  1.657194108702e-03   5.513638257980e-02  -1.076158761978e+00   0.000000000000e+00   3.229132294655e-02  -3.360075410455e-03   0.000000000000e+00   3.229132294655e-02  -3.360075410455e-03 
 -2.334438450634e-02   3.227399289608e-02  -2.960651414469e-03  -2.330800890923e-02   3.212620690465e-02  -3.394433064386e-03  -2.044937387109e-02   3.098064661026e-02  -7.100453227758e-02 
 -2.334566414356e-02   1.773838140070e-02  -8.920494467020e-02  -2.887990511954e-02   3.692337125540e-02  -9.261404871941e-01  -3.172658383846e-02   3.399278596044e-02  -9.555617570877e-01 
  5.760515108705e-03   5.001829564571e-02  -9.466900229454e-01   5.760515108705e-03   5.001829564571e-02  -9.466900229454e-01   0.000000000000e+00   3.156247781590e-03   1.771935373545e-01 
  0.000000000000e+00   3.156247781590e-03   1.771935373545e-01   1.030969899148e-02   3.156281774864e-03   1.771932840347e-01   0.000000000000e+00   3.206275170669e-03  -1.000000014901e-01 
  0.000000000000e+00   3.542126389220e-03  -1.000000014901e-01   0.000000000000e+00   2.611943986267e-03  -1.000000014901e-01   0.000000000000e+00  -2.012229710817e-02  -1.000000014901e-01 
  0.000000000000e+00  -2.248533070087e-02  -1.000000014901e-01   0.000000000000e+00  -1.443796791136e-02  -1.000000014901e-01   0.000000000000e+00  -1.443796791136e-02  -1.000000014901e-01 
  0.000000000000e+00   2.480422612280e-03   2.313358038664e-01   0.000000000000e+00   2.480422612280e-03   2.313358038664e-01  -2.468046545982e-02   2.480425639078e-03   2.313356995583e-01 
 -2.465775050223e-02   2.516838256270e-03   2.299195826054e-01  -2.254951559007e-02   5.137036554515e-03   1.250991672277e-01  -1.583788171411e-02   1.312507688999e-02  -1.674906164408e-01 
 -1.388702448457e-02   1.379750762135e-02  -2.716740965843e-01  -1.670566760004e-02   0.000000000000e+00  -1.000000014901e-01  -4.190471954644e-03   1.624346151948e-02  -3.565547466278e-01 
 -4.190471954644e-03   1.624346151948e-02  -3.565547466278e-01   0.000000000000e+00  -5.321653187275e-02  -5.665690638125e-03   0.000000000000e+00  -5.321653187275e-02  -5.665690638125e-03 
 -2.075774781406e-02  -5.321653559804e-02  -5.665782373399e-03  -2.059352211654e-02  -5.328124389052e-02  -1.023770868778e-02  -1.869719475508e-02  -5.328707024455e-02  -5.171606689692e-02 
 -1.221267133951e-02  -3.462590277195e-02  -2.987403273582e-01  -1.688278838992e-02   1.453086920083e-02  -3.871976733208e-01  -1.960252597928e-02   0.000000000000e+00  -1.000000014901e-01 
 -7.007897831500e-03   1.367969717830e-02  -4.204535782337e-01  -7.007897831500e-03   1.367969717830e-02  -4.204535782337e-01   0.000000000000e+00   0.000000000000e+00   1.475605219603e-01 
  0.000000000000e+00   0.000000000000e+00   1.475605219603e-01  -2.951513603330e-02   0.000000000000e+00   1.475604325533e-01   0.000000000000e+00   0.000000000000e+00  -1.000000014901e-01 
  0.000000000000e+00   0.000000000000e+00  -1.000000014901e-01   0.000000000000e+00   1.100320423575e-05  -1.000000014901e-01  -5.550183355808e-03   4.353076685220e-03  -4.836071133614e-01 
 -1.914972625673e-02   2.723259058257e-06  -1.010788008571e-01  -3.924143034965e-03   6.910686381161e-03  -6.083452105522e-01  -3.924143034965e-03   6.910686381161e-03  -6.083452105522e-01 
  0.000000000000e+00   0.000000000000e+00   1.475605219603e-01   0.000000000000e+00   0.000000000000e+00   1.475605219603e-01  -2.951513603330e-02   0.000000000000e+00   1.475604325533e-01 
  0.000000000000e+00   0.000000000000e+00  -1.000000014901e-01   0.000000000000e+00   0.000000000000e+00  -1.000000014901e-01   0.000000000000e+00   1.100320423575e-05  -1.000000014901e-01 
 -5.550183355808e-03   4.353076685220e-03  -4.836071133614e-01  -1.914972625673e-02   2.723259058257e-06  -1.010788008571e-01  -3.924143034965e-03   6.910686381161e-03  -6.083452105522e-01 
 -3.924143034965e-03   6.910686381161e-03  -6.083452105522e-01 

