# vtk DataFile Version 2.0
Written using VisIt writer
ASCII
DATASET RECTILINEAR_GRID
DIMENSIONS 10 10 10
X_COORDINATES 10 float
  0.000000000000e+00   5.000000000000e-01   1.000000000000e+00   1.500000000000e+00   2.000000000000e+00   2.500000000000e+00   3.000000000000e+00   3.500000000000e+00   4.000000000000e+00 
  4.500000000000e+00 
Y_COORDINATES 10 float
  0.000000000000e+00   5.000000000000e-01   1.000000000000e+00   1.500000000000e+00   2.000000000000e+00   2.500000000000e+00   3.000000000000e+00   3.500000000000e+00   4.000000000000e+00 
  4.500000000000e+00 
Z_COORDINATES 10 float
  0.000000000000e+00   5.000000000000e-01   1.000000000000e+00   1.500000000000e+00   2.000000000000e+00   2.500000000000e+00   3.000000000000e+00   3.500000000000e+00   4.000000000000e+00 
  4.500000000000e+00 
CELL_DATA 729
POINT_DATA 1000
VECTORS velocity float
  0.000000000000e+00  -1.040305569768e-01  -2.067575454712e-01   3.251200000000e+04   0.000000000000e+00   0.000000000000e+00   0.000000000000e+00   0.000000000000e+00   0.000000000000e+00 
  1.422195881605e-01  -5.296486988664e-02  -1.452494710684e-01   0.000000000000e+00   0.000000000000e+00   0.000000000000e+00   0.000000000000e+00   1.431655808000e+09   1.070945600000e+09 
  1.055186241865e-01  -6.753372400999e-02  -1.579501926899e-01   1.071994176000e+09   0.000000000000e+00   0.000000000000e+00   0.000000000000e+00   0.000000000000e+00   0.000000000000e+00 
  3.052803277969e-01  -1.072610914707e-01  -1.756764799356e-01   0.000000000000e+00  -1.040305569768e-01  -2.067575454712e-01   1.070945600000e+09   0.000000000000e+00   0.000000000000e+00 
  8.941007405519e-02  -9.490627050400e-02  -1.981901079416e-01   1.422195881605e-01  -5.296486988664e-02  -1.452494710684e-01   1.431655808000e+09   1.070945600000e+09   0.000000000000e+00 
  1.014572009444e-01  -4.262006655335e-02  -1.364397704601e-01   1.055186241865e-01  -6.753372400999e-02  -1.579501926899e-01   0.000000000000e+00   0.000000000000e+00   1.071644672000e+09 
  3.052803277969e-01  -1.072610914707e-01  -1.756764799356e-01   3.052803277969e-01  -1.072610914707e-01  -1.756764799356e-01   0.000000000000e+00   7.859840989113e-03  -1.673637926579e-01 
  0.000000000000e+00   7.859840989113e-03  -1.673637926579e-01  -9.352799504995e-03  -1.544357836246e-01  -1.782288551331e-01   9.516795980744e-04  -3.432406485081e-01  -1.773336380720e-01 
 -3.193407086655e-03  -2.838324010372e-01  -1.829982697964e-01   6.869300454855e-02  -1.150921359658e-01  -1.389544755220e-01   1.109931245446e-01   8.888764306903e-03  -1.350109875202e-01 
  7.256659120321e-02   5.204999819398e-02  -1.310531497002e-01   2.079476714134e-01  -1.357933785766e-02  -1.389425992966e-01   2.079476714134e-01  -1.357933785766e-02  -1.389425992966e-01 
  0.000000000000e+00  -3.933496773243e-02  -1.640683263540e-01   0.000000000000e+00  -3.933496773243e-02  -1.640683263540e-01   5.699003860354e-02   1.400104071945e-02  -1.512303203344e-01 
  1.846102252603e-02   1.813067123294e-02  -1.295953243971e-01   2.107119373977e-02  -1.273697335273e-02  -1.381669044495e-01   4.606394469738e-02  -1.378834992647e-01  -1.437862813473e-01 
  3.409527242184e-02  -3.438712656498e-02  -1.782243996859e-01   1.407398879528e-01   8.606102317572e-02  -1.318975985050e-01   1.754375994205e-01   4.083812981844e-02  -1.272716373205e-01 
  1.754375994205e-01   4.083812981844e-02  -1.272716373205e-01   0.000000000000e+00  -9.222730994225e-02  -1.874839365482e-01   0.000000000000e+00  -9.222730994225e-02  -1.874839365482e-01 
 -2.256628125906e-02  -1.737625338137e-02  -2.109394073486e-01   1.374987661839e-01   2.216587215662e-02  -1.379647552967e-01   8.337076008320e-02   6.831943243742e-02  -1.295024752617e-01 
  1.024658083916e-01   5.224859714508e-02  -1.219854801893e-01   5.882516130805e-02  -1.323924399912e-03  -1.466242969036e-01   9.849870949984e-02  -2.265691012144e-02  -1.530335247517e-01 
  2.255563735962e-01  -2.675395831466e-02  -1.766334325075e-01   2.255563735962e-01  -2.675395831466e-02  -1.766334325075e-01   0.000000000000e+00  -2.713173627853e-02  -1.789843887091e-01 
  0.000000000000e+00  -2.713173627853e-02  -1.789843887091e-01   3.162637725472e-02   3.577010333538e-02  -1.832948923111e-01   9.775613993406e-02  -5.823286250234e-02  -1.624951064587e-01 
  3.119740821421e-02  -5.096977949142e-02  -1.847327798605e-01   1.265069544315e-01   5.505976080894e-02  -1.338880360126e-01   9.111732989550e-02   8.819179236889e-02  -1.318985223770e-01 
  9.259068220854e-02   6.166749168187e-03  -1.296890228987e-01   2.159574478865e-01  -4.815358668566e-02  -1.437264084816e-01   2.159574478865e-01  -4.815358668566e-02  -1.437264084816e-01 
  0.000000000000e+00  -1.140161082149e-01  -1.943450421095e-01   0.000000000000e+00  -1.140161082149e-01  -1.943450421095e-01   1.335945874453e-01   1.539119146764e-02  -1.860929876566e-01 
  3.992063552141e-02   2.874935604632e-02  -1.447868496180e-01   4.861871246248e-03   7.491970900446e-03  -1.524583399296e-01   3.292890265584e-02  -5.984684452415e-02  -1.585238724947e-01 
  4.530937224627e-02   4.710170626640e-02  -1.736527085304e-01   2.037853151560e-01   4.666952043772e-02  -1.295854300261e-01   2.245790809393e-01  -2.618257328868e-02  -1.346032023430e-01 
  2.245790809393e-01  -2.618257328868e-02  -1.346032023430e-01   0.000000000000e+00  -1.635295599699e-01  -2.288623154163e-01   0.000000000000e+00  -1.635295599699e-01  -2.288623154163e-01 
 -2.512398362160e-02   1.300729904324e-02  -2.220983803272e-01   6.374862790108e-02   1.022561173886e-02  -1.439184248447e-01   2.616899833083e-02  -4.704547580332e-03  -1.358888596296e-01 
  3.405870171264e-03   3.126523643732e-02  -1.300695389509e-01   2.853409200907e-02  -1.235547102988e-02  -1.467079669237e-01   1.750808060169e-01  -5.846651270986e-02  -1.545301824808e-01 
  2.072791755199e-01  -3.898980468512e-02  -1.923446506262e-01   2.072791755199e-01  -3.898980468512e-02  -1.923446506262e-01   0.000000000000e+00   0.000000000000e+00  -1.863256841898e-01 
  0.000000000000e+00   0.000000000000e+00  -1.863256841898e-01  -7.722853869200e-02   0.000000000000e+00  -1.955950707197e-01  -7.332531362772e-02   0.000000000000e+00  -1.615073382854e-01 
 -8.816527202725e-03   0.000000000000e+00  -1.737472862005e-01   1.930564343929e-01   0.000000000000e+00  -1.215299069881e-01   1.572666019201e-01   0.000000000000e+00  -1.186280399561e-01 
  2.483004927635e-01   0.000000000000e+00  -1.194561943412e-01   2.927371263504e-01   0.000000000000e+00  -1.305870860815e-01   2.927371263504e-01   0.000000000000e+00  -1.305870860815e-01 
  0.000000000000e+00   0.000000000000e+00  -1.863256841898e-01   0.000000000000e+00   0.000000000000e+00  -1.863256841898e-01  -7.722853869200e-02   0.000000000000e+00  -1.955950707197e-01 
 -7.332531362772e-02   0.000000000000e+00  -1.615073382854e-01  -8.816527202725e-03   0.000000000000e+00  -1.737472862005e-01   1.930564343929e-01   0.000000000000e+00  -1.215299069881e-01 
  1.572666019201e-01   0.000000000000e+00  -1.186280399561e-01   2.483004927635e-01   0.000000000000e+00  -1.194561943412e-01   2.927371263504e-01   0.000000000000e+00  -1.305870860815e-01 
  2.927371263504e-01   0.000000000000e+00  -1.305870860815e-01   0.000000000000e+00  -1.040305569768e-01  -2.067575454712e-01   0.000000000000e+00  -1.040305569768e-01  -2.067575454712e-01 
  8.941007405519e-02  -9.490627050400e-02  -1.981901079416e-01   1.422195881605e-01  -5.296486988664e-02  -1.452494710684e-01   6.381096690893e-02  -4.593851417303e-02  -1.388981640339e-01 
  1.014572009444e-01  -4.262006655335e-02  -1.364397704601e-01   1.055186241865e-01  -6.753372400999e-02  -1.579501926899e-01   1.906192004681e-01  -7.731544971466e-02  -1.610349863768e-01 
  3.052803277969e-01  -1.072610914707e-01  -1.756764799356e-01   3.052803277969e-01  -1.072610914707e-01  -1.756764799356e-01   0.000000000000e+00  -1.040305569768e-01  -2.067575454712e-01 
  0.000000000000e+00  -1.040305569768e-01  -2.067575454712e-01   8.941007405519e-02  -9.490627050400e-02  -1.981901079416e-01   1.422195881605e-01  -5.296486988664e-02  -1.452494710684e-01 
  6.381096690893e-02  -4.593851417303e-02  -1.388981640339e-01   1.014572009444e-01  -4.262006655335e-02  -1.364397704601e-01   1.055186241865e-01  -6.753372400999e-02  -1.579501926899e-01 
  1.906192004681e-01  -7.731544971466e-02  -1.610349863768e-01   3.052803277969e-01  -1.072610914707e-01  -1.756764799356e-01   3.052803277969e-01  -1.072610914707e-01  -1.756764799356e-01 
  0.000000000000e+00   7.859840989113e-03  -1.673637926579e-01   0.000000000000e+00   7.859840989113e-03  -1.673637926579e-01  -9.352799504995e-03  -1.544357836246e-01  -1.782288551331e-01 
  9.516795980744e-04  -3.432406485081e-01  -1.773336380720e-01  -3.193407086655e-03  -2.838324010372e-01  -1.829982697964e-01   6.869300454855e-02  -1.150921359658e-01  -1.389544755220e-01 
  1.109931245446e-01   8.888764306903e-03  -1.350109875202e-01   7.256659120321e-02   5.204999819398e-02  -1.310531497002e-01   2.079476714134e-01  -1.357933785766e-02  -1.389425992966e-01 
  2.079476714134e-01  -1.357933785766e-02  -1.389425992966e-01   0.000000000000e+00  -3.933496773243e-02  -1.640683263540e-01   0.000000000000e+00  -3.933496773243e-02  -1.640683263540e-01 
  5.699003860354e-02   1.400104071945e-02  -1.512303203344e-01   1.846102252603e-02   1.813067123294e-02  -1.295953243971e-01   2.107119373977e-02  -1.273697335273e-02  -1.381669044495e-01 
  4.606394469738e-02  -1.378834992647e-01  -1.437862813473e-01   3.409527242184e-02  -3.438712656498e-02  -1.782243996859e-01   1.407398879528e-01   8.606102317572e-02  -1.318975985050e-01 
  1.754375994205e-01   4.083812981844e-02  -1.272716373205e-01   1.754375994205e-01   4.083812981844e-02  -1.272716373205e-01   0.000000000000e+00  -9.222730994225e-02  -1.874839365482e-01 
  0.000000000000e+00  -9.222730994225e-02  -1.874839365482e-01  -2.256628125906e-02  -1.737625338137e-02  -2.109394073486e-01   1.374987661839e-01   2.216587215662e-02  -1.379647552967e-01 
  8.337076008320e-02   6.831943243742e-02  -1.295024752617e-01   1.024658083916e-01   5.224859714508e-02  -1.219854801893e-01   5.882516130805e-02  -1.323924399912e-03  -1.466242969036e-01 
  9.849870949984e-02  -2.265691012144e-02  -1.530335247517e-01   2.255563735962e-01  -2.675395831466e-02  -1.766334325075e-01   2.255563735962e-01  -2.675395831466e-02  -1.766334325075e-01 
  0.000000000000e+00  -2.713173627853e-02  -1.789843887091e-01   0.000000000000e+00  -2.713173627853e-02  -1.789843887091e-01   3.162637725472e-02   3.577010333538e-02  -1.832948923111e-01 
  9.775613993406e-02  -5.823286250234e-02  -1.624951064587e-01   3.119740821421e-02  -5.096977949142e-02  -1.847327798605e-01   1.265069544315e-01   5.505976080894e-02  -1.338880360126e-01 
  9.111732989550e-02   8.819179236889e-02  -1.318985223770e-01   9.259068220854e-02   6.166749168187e-03  -1.296890228987e-01   2.159574478865e-01  -4.815358668566e-02  -1.437264084816e-01 
  2.159574478865e-01  -4.815358668566e-02  -1.437264084816e-01   0.000000000000e+00  -1.140161082149e-01  -1.943450421095e-01   0.000000000000e+00  -1.140161082149e-01  -1.943450421095e-01 
  1.335945874453e-01   1.539119146764e-02  -1.860929876566e-01   3.992063552141e-02   2.874935604632e-02  -1.447868496180e-01   4.861871246248e-03   7.491970900446e-03  -1.524583399296e-01 
  3.292890265584e-02  -5.984684452415e-02  -1.585238724947e-01   4.530937224627e-02   4.710170626640e-02  -1.736527085304e-01   2.037853151560e-01   4.666952043772e-02  -1.295854300261e-01 
  2.245790809393e-01  -2.618257328868e-02  -1.346032023430e-01   2.245790809393e-01  -2.618257328868e-02  -1.346032023430e-01   0.000000000000e+00  -1.635295599699e-01  -2.288623154163e-01 
  0.000000000000e+00  -1.635295599699e-01  -2.288623154163e-01  -2.512398362160e-02   1.300729904324e-02  -2.220983803272e-01   6.374862790108e-02   1.022561173886e-02  -1.439184248447e-01 
  2.616899833083e-02  -4.704547580332e-03  -1.358888596296e-01   3.405870171264e-03   3.126523643732e-02  -1.300695389509e-01   2.853409200907e-02  -1.235547102988e-02  -1.467079669237e-01 
  1.750808060169e-01  -5.846651270986e-02  -1.545301824808e-01   2.072791755199e-01  -3.898980468512e-02  -1.923446506262e-01   2.072791755199e-01  -3.898980468512e-02  -1.923446506262e-01 
  0.000000000000e+00   0.000000000000e+00  -1.863256841898e-01   0.000000000000e+00   0.000000000000e+00  -1.863256841898e-01  -7.722853869200e-02   0.000000000000e+00  -1.955950707197e-01 
 -7.332531362772e-02   0.000000000000e+00  -1.615073382854e-01  -8.816527202725e-03   0.000000000000e+00  -1.737472862005e-01   1.930564343929e-01   0.000000000000e+00  -1.215299069881e-01 
  1.572666019201e-01   0.000000000000e+00  -1.186280399561e-01   2.483004927635e-01   0.000000000000e+00  -1.194561943412e-01   2.927371263504e-01   0.000000000000e+00  -1.305870860815e-01 
  2.927371263504e-01   0.000000000000e+00  -1.305870860815e-01   0.000000000000e+00   0.000000000000e+00  -1.863256841898e-01   0.000000000000e+00   0.000000000000e+00  -1.863256841898e-01 
 -7.722853869200e-02   0.000000000000e+00  -1.955950707197e-01  -7.332531362772e-02   0.000000000000e+00  -1.615073382854e-01  -8.816527202725e-03   0.000000000000e+00  -1.737472862005e-01 
  1.930564343929e-01   0.000000000000e+00  -1.215299069881e-01   1.572666019201e-01   0.000000000000e+00  -1.186280399561e-01   2.483004927635e-01   0.000000000000e+00  -1.194561943412e-01 
  2.927371263504e-01   0.000000000000e+00  -1.305870860815e-01   2.927371263504e-01   0.000000000000e+00  -1.305870860815e-01   0.000000000000e+00  -1.152435392141e-01  -9.895735979080e-01 
  0.000000000000e+00  -1.152435392141e-01  -9.895735979080e-01   2.200998067856e-01  -6.655544787645e-02  -5.645613670349e-01   9.217910468578e-02  -1.123319938779e-01  -7.635384202003e-01 
 -2.710759341717e-01  -8.012831956148e-02  -6.698848605156e-01   3.576481640339e-01  -7.298533618450e-02  -9.906099438667e-01   2.077819257975e-01  -3.001260757446e-02  -7.671314477921e-01 
  0.000000000000e+00  -5.569574888796e-03  -3.896501287818e-02   1.737778544426e+00  -3.887543082237e-02  -8.519020080566e-01   1.737778544426e+00  -3.887543082237e-02  -8.519020080566e-01 
  0.000000000000e+00  -1.152435392141e-01  -9.895735979080e-01   0.000000000000e+00  -1.152435392141e-01  -9.895735979080e-01   2.200998067856e-01  -6.655544787645e-02  -5.645613670349e-01 
  9.217910468578e-02  -1.123319938779e-01  -7.635384202003e-01  -2.710759341717e-01  -8.012831956148e-02  -6.698848605156e-01   3.576481640339e-01  -7.298533618450e-02  -9.906099438667e-01 
  2.077819257975e-01  -3.001260757446e-02  -7.671314477921e-01   0.000000000000e+00  -5.569574888796e-03  -3.896501287818e-02   1.737778544426e+00  -3.887543082237e-02  -8.519020080566e-01 
  1.737778544426e+00  -3.887543082237e-02  -8.519020080566e-01   0.000000000000e+00   1.818716824055e-01  -5.630081892014e-01   0.000000000000e+00   1.818716824055e-01  -5.630081892014e-01 
  2.693271636963e-01   1.869123801589e-02  -1.937728673220e-01   1.651324331760e-01  -1.893037110567e-01  -7.598075270653e-01   1.087983977050e-02  -1.735203415155e-01  -2.380674481392e-01 
  1.700904667377e-01  -2.717026695609e-02  -5.765717029572e-01   1.498661488295e-01  -8.191148750484e-03  -6.477677226067e-01   6.786501407623e-02   4.239724576473e-02  -6.894685328007e-02 
  2.321774512529e-01  -1.261599268764e-02  -6.105740368366e-02   2.321774512529e-01  -1.261599268764e-02  -6.105740368366e-02   0.000000000000e+00  -2.808902561665e-01  -7.122122645378e-01 
  0.000000000000e+00  -2.808902561665e-01  -7.122122645378e-01   3.921539485455e-01  -1.103581562638e-01  -7.202854156494e-01   3.869086802006e-01  -1.875483896583e-03  -1.055543065071e+00 
  1.081457510591e-01   2.283547073603e-02  -5.549940466881e-01   1.340268254280e-01   3.493269681931e-01  -6.349085569382e-01   1.257891654968e-01   1.116416044533e-02  -6.004918813705e-01 
  1.400129944086e-01   8.389486372471e-02  -6.810239702463e-02   1.754844933748e-01   4.088184237480e-02  -7.272835820913e-02   1.754844933748e-01   4.088184237480e-02  -7.272835820913e-02 
  0.000000000000e+00   3.383416309953e-02  -9.776243567467e-01   0.000000000000e+00   3.383416309953e-02  -9.776243567467e-01   2.912810742855e-01   3.604410588741e-01  -9.182584285736e-01 
  5.722618699074e-01   1.913034766912e-01  -1.561826616526e-01   1.728118956089e-01   5.902977660298e-02  -7.049752026796e-02   7.371878623962e-01   0.000000000000e+00  -6.487520337105e-01 
  6.976487040520e-01   1.534702256322e-03  -6.238666772842e-01   1.156279966235e-01  -2.191319502890e-02  -4.696648195386e-02   2.217228710651e-01  -2.674907445908e-02  -2.336657047272e-02 
  2.217228710651e-01  -2.674907445908e-02  -2.336657047272e-02   0.000000000000e+00   9.971719980240e-02  -1.310447692871e+00   0.000000000000e+00   9.971719980240e-02  -1.310447692871e+00 
  1.512797772884e-01   2.669668793678e-01  -1.429625868797e+00   6.369069218636e-01   1.043670102954e-01  -1.673717856407e+00   0.000000000000e+00  -2.455639839172e-02  -1.526721753180e-02 
  1.867720961571e+00   1.761266402900e-02  -6.347001791000e-01   1.795820474625e+00   5.555413290858e-02  -6.688020229340e-01   0.000000000000e+00   1.376335509121e-02  -7.031097263098e-02 
  0.000000000000e+00  -4.705991223454e-02  -5.627359822392e-02   0.000000000000e+00  -4.705991223454e-02  -5.627359822392e-02   0.000000000000e+00  -4.874441027641e-02  -1.052479624748e+00 
  0.000000000000e+00  -4.874441027641e-02  -1.052479624748e+00   1.326141953468e-01   5.876293778419e-01  -1.587986588478e+00   4.524841308594e-01   3.081893622875e-01  -1.232675790787e+00 
  9.390013664961e-02  -1.644768938422e-02  -4.754166677594e-02   6.976904273033e-01  -5.428785830736e-02  -4.147612676024e-02   6.842944622040e-01   1.720525883138e-02  -2.634728886187e-02 
  2.031139135361e-01   4.181905463338e-02  -7.041457295418e-02   2.209381163120e-01  -2.500686608255e-02  -1.730795979500e+00   2.209381163120e-01  -2.500686608255e-02  -1.730795979500e+00 
  0.000000000000e+00  -3.118897974491e-01  -1.060662984848e+00   0.000000000000e+00  -3.118897974491e-01  -1.060662984848e+00   1.296587139368e-01   1.843141615391e-01  -1.340844988823e+00 
  3.751818835735e-01   1.096450313926e-01  -1.038604378700e+00   2.210118293762e+00   9.169337898493e-02  -6.411113590002e-02   3.384230852127e+00   0.000000000000e+00  -6.993046402931e-02 
  2.082613557577e-01  -9.522619657218e-03  -5.329203978181e-02   1.759248077869e-01  -5.690934136510e-02  -4.546981304884e-02   2.072929292917e-01  -3.900801762938e-02  -1.673414468765e+00 
  2.072929292917e-01  -3.900801762938e-02  -1.673414468765e+00   0.000000000000e+00   0.000000000000e+00  -1.251475930214e+00   0.000000000000e+00   0.000000000000e+00  -1.251475930214e+00 
  8.544629067183e-02   0.000000000000e+00  -1.196203589439e+00   5.809239149094e-01   0.000000000000e+00  -1.129914402962e+00  -3.562821745872e-01   0.000000000000e+00  -2.625272050500e-02 
 -6.433016657829e-01   0.000000000000e+00  -7.847009599209e-02   1.581685245037e-01  -1.903114571178e-05  -8.137195557356e-02   2.482265830040e-01  -2.541236199249e-07  -8.054380863905e-02 
  2.927369475365e-01  -9.539433045574e-13  -6.941291689873e-02   2.927369475365e-01  -9.539433045574e-13  -6.941291689873e-02   0.000000000000e+00   0.000000000000e+00  -1.251475930214e+00 
  0.000000000000e+00   0.000000000000e+00  -1.251475930214e+00   8.544629067183e-02   0.000000000000e+00  -1.196203589439e+00   5.809239149094e-01   0.000000000000e+00  -1.129914402962e+00 
 -3.562821745872e-01   0.000000000000e+00  -2.625272050500e-02  -6.433016657829e-01   0.000000000000e+00  -7.847009599209e-02   1.581685245037e-01  -1.903114571178e-05  -8.137195557356e-02 
  2.482265830040e-01  -2.541236199249e-07  -8.054380863905e-02   2.927369475365e-01  -9.539433045574e-13  -6.941291689873e-02   2.927369475365e-01  -9.539433045574e-13  -6.941291689873e-02 
  0.000000000000e+00  -5.399914085865e-02  -4.639652669430e-01   0.000000000000e+00  -5.399914085865e-02  -4.639652669430e-01   2.195630967617e-01  -7.056673616171e-02  -7.964653968811e-01 
  3.361913859844e-01  -6.702606379986e-02  -1.425966858864e+00   0.000000000000e+00  -1.068703159690e-01  -1.000000014901e-01   1.888786703348e-01  -1.128782033920e-01  -6.741601824760e-01 
  1.888786703348e-01  -6.015932187438e-02  -6.930634379387e-01   0.000000000000e+00   4.734189435840e-02  -1.000000014901e-01   8.600816726685e-01   4.923718050122e-02  -1.000000014901e-01 
  8.600816726685e-01   4.923718050122e-02  -1.000000014901e-01   0.000000000000e+00  -5.399914085865e-02  -4.639652669430e-01   0.000000000000e+00  -5.399914085865e-02  -4.639652669430e-01 
  2.195630967617e-01  -7.056673616171e-02  -7.964653968811e-01   3.361913859844e-01  -6.702606379986e-02  -1.425966858864e+00   0.000000000000e+00  -1.068703159690e-01  -1.000000014901e-01 
  1.888786703348e-01  -1.128782033920e-01  -6.741601824760e-01   1.888786703348e-01  -6.015932187438e-02  -6.930634379387e-01   0.000000000000e+00   4.734189435840e-02  -1.000000014901e-01 
  8.600816726685e-01   4.923718050122e-02  -1.000000014901e-01   8.600816726685e-01   4.923718050122e-02  -1.000000014901e-01   0.000000000000e+00   4.243686795235e-02  -1.861050426960e-01 
  0.000000000000e+00   4.243686795235e-02  -1.861050426960e-01   7.615632563829e-02  -1.375903468579e-02  -1.820715218782e-01   1.028515547514e-01  -6.819424033165e-02  -4.789766967297e-01 
  2.126550674438e-02  -1.452669203281e-01  -2.953238189220e-01   1.742166280746e-01  -1.128782033920e-01  -6.930634379387e-01   1.648181974888e-01  -4.578651115298e-02  -6.646537780762e-01 
  6.024691835046e-02   4.883437231183e-02  -7.557078450918e-02   4.333102405071e-01   4.923718050122e-02  -1.000000014901e-01   4.333102405071e-01   4.923718050122e-02  -1.000000014901e-01 
  0.000000000000e+00  -2.655766308308e-01  -1.498292535543e-01   0.000000000000e+00  -2.655766308308e-01  -1.498292535543e-01   1.346511393785e-01  -2.070259749889e-01  -1.679651886225e-01 
  0.000000000000e+00  -1.101759523153e-01  -6.117510795593e-01   7.388450205326e-02   1.360164210200e-02  -5.568646788597e-01   2.582094371319e-01   0.000000000000e+00  -6.412295699120e-01 
  2.134813666344e-01   3.332014894113e-03  -6.058799624443e-01   1.411664932966e-01   7.240281999111e-02  -6.883016973734e-02   2.148442268372e-01   0.000000000000e+00  -1.000000014901e-01 
  2.148442268372e-01   0.000000000000e+00  -1.000000014901e-01   0.000000000000e+00  -1.286909729242e-01  -2.547518312931e-01   0.000000000000e+00  -1.286909729242e-01  -2.547518312931e-01 
 -3.350291028619e-02   1.158726289868e-01  -4.255560636520e-01   2.694577276707e-01   1.535879373550e-01  -2.918380796909e-01   2.606776058674e-01   4.889063909650e-02  -2.289930284023e-01 
  8.438519239426e-01   0.000000000000e+00  -6.661081910133e-01   5.402089357376e-01   4.501224495471e-03  -6.396141648293e-01   1.439538300037e-01  -2.121441997588e-02  -9.973552078009e-02 
  2.113202810287e-01   0.000000000000e+00  -2.417737059295e-02   2.113202810287e-01   0.000000000000e+00  -2.417737059295e-02   0.000000000000e+00   1.600330024958e-01  -7.848438620567e-02 
  0.000000000000e+00   1.600330024958e-01  -7.848438620567e-02  -2.031876891851e-02   9.115318953991e-02   9.957659244537e-02   6.884106993675e-02   7.837326824665e-02  -7.923842668533e-01 
  1.934207439423e+00  -1.317177433521e-02  -3.287867903709e-01   1.224194049835e+00   0.000000000000e+00  -7.020584940910e-01   0.000000000000e+00   3.119783475995e-02  -6.661081910133e-01 
  0.000000000000e+00   1.834773086011e-02  -1.000000014901e-01   0.000000000000e+00  -4.358792304993e-02  -1.000000014901e-01   0.000000000000e+00  -4.358792304993e-02  -1.000000014901e-01 
  0.000000000000e+00   2.281274199486e-01  -4.710676372051e-01   0.000000000000e+00   2.281274199486e-01  -4.710676372051e-01   1.105904206634e-01   3.672141134739e-01  -8.634902238846e-01 
  1.889733374119e-01   4.918444752693e-01  -1.009062528610e+00   2.289112567902e+00   0.000000000000e+00  -4.911870062351e-01   2.872432947159e+00  -3.553694486618e-02  -1.330547332764e-01 
  1.090683221817e+00   4.669489804655e-03  -5.470924079418e-02   3.085162937641e-01   3.303977847099e-02  -6.912123411894e-02   2.205232083797e-01  -2.203477732837e-02  -1.714666724205e+00 
  2.205232083797e-01  -2.203477732837e-02  -1.714666724205e+00   0.000000000000e+00  -6.638997793198e-02  -5.787549018860e-01   0.000000000000e+00  -6.638997793198e-02  -5.787549018860e-01 
  6.575351953506e-02  -6.987375020981e-02  -7.960294485092e-01   4.349689185619e-01   5.905395746231e-02  -3.774460256100e-01   2.959175109863e+00   1.297024935484e-01   7.288237214088e-01 
  4.449551582336e+00   5.973258614540e-02  -4.103194177151e-01   0.000000000000e+00   1.679092831910e-02  -1.000000014901e-01   0.000000000000e+00  -4.339123517275e-02  -1.000000014901e-01 
  0.000000000000e+00  -3.910132497549e-02  -1.000000014901e-01   0.000000000000e+00  -3.910132497549e-02  -1.000000014901e-01   0.000000000000e+00   0.000000000000e+00  -8.126238584518e-01 
  0.000000000000e+00   0.000000000000e+00  -8.126238584518e-01   6.958150118589e-02   0.000000000000e+00  -1.034520983696e+00   5.220326185226e-01   0.000000000000e+00  -1.009178876877e+00 
 -4.134511649609e-01   0.000000000000e+00   7.452654838562e-01  -6.655510663986e-01   3.292821565992e-05   7.073149085045e-01  -3.903541564941e-01   2.231478902104e-05   1.813506931067e-01 
  9.726430475712e-02  -5.314303052728e-06  -4.960801452398e-02   2.862500846386e-01  -5.155246185495e-07  -6.908647716045e-02   2.862500846386e-01  -5.155246185495e-07  -6.908647716045e-02 
  0.000000000000e+00   0.000000000000e+00  -8.126238584518e-01   0.000000000000e+00   0.000000000000e+00  -8.126238584518e-01   6.958150118589e-02   0.000000000000e+00  -1.034520983696e+00 
  5.220326185226e-01   0.000000000000e+00  -1.009178876877e+00  -4.134511649609e-01   0.000000000000e+00   7.452654838562e-01  -6.655510663986e-01   3.292821565992e-05   7.073149085045e-01 
 -3.903541564941e-01   2.231478902104e-05   1.813506931067e-01   9.726430475712e-02  -5.314303052728e-06  -4.960801452398e-02   2.862500846386e-01  -5.155246185495e-07  -6.908647716045e-02 
  2.862500846386e-01  -5.155246185495e-07  -6.908647716045e-02   0.000000000000e+00  -1.473754942417e-01  -5.581356883049e-01   0.000000000000e+00  -1.473754942417e-01  -5.581356883049e-01 
  2.476443350315e-01  -1.095220297575e-01  -4.987988770008e-01   4.724914133549e-01  -7.759690284729e-02  -1.268315196037e+00   0.000000000000e+00  -8.061821013689e-02  -1.000000014901e-01 
  0.000000000000e+00  -1.043381020427e-01  -1.000000014901e-01   0.000000000000e+00   1.535917632282e-02  -1.000000014901e-01   0.000000000000e+00   4.923718050122e-02  -1.000000014901e-01 
  8.108423948288e-01  -2.062894282062e-06  -2.043343067169e+00   8.108423948288e-01  -2.062894282062e-06  -2.043343067169e+00   0.000000000000e+00  -1.473754942417e-01  -5.581356883049e-01 
  0.000000000000e+00  -1.473754942417e-01  -5.581356883049e-01   2.476443350315e-01  -1.095220297575e-01  -4.987988770008e-01   4.724914133549e-01  -7.759690284729e-02  -1.268315196037e+00 
  0.000000000000e+00  -8.061821013689e-02  -1.000000014901e-01   0.000000000000e+00  -1.043381020427e-01  -1.000000014901e-01   0.000000000000e+00   1.535917632282e-02  -1.000000014901e-01 
  0.000000000000e+00   4.923718050122e-02  -1.000000014901e-01   8.108423948288e-01  -2.062894282062e-06  -2.043343067169e+00   8.108423948288e-01  -2.062894282062e-06  -2.043343067169e+00 
  0.000000000000e+00  -2.712409794331e-01  -3.279102444649e-01   0.000000000000e+00  -2.712409794331e-01  -3.279102444649e-01   8.670361340046e-02  -6.248162128031e-03  -4.135541021824e-01 
  2.487441450357e-01  -3.443285077810e-02  -7.529276609421e-01   1.287015825510e-01  -7.940927892923e-02  -2.063473165035e-01   1.108355745673e-01  -1.053460463881e-01  -1.000000014901e-01 
  9.795082360506e-02   1.475075259805e-02  -3.511855006218e-01   6.664710585028e-03   4.923718050122e-02  -1.000000014901e-01   0.000000000000e+00   9.847642481327e-02  -1.000000014901e-01 
  0.000000000000e+00   9.847642481327e-02  -1.000000014901e-01   0.000000000000e+00   3.877243027091e-02  -2.667999267578e-01   0.000000000000e+00   3.877243027091e-02  -2.667999267578e-01 
  6.716457754374e-02   4.696127492934e-03  -2.199023663998e-01   6.442888081074e-02  -2.153484523296e-02  -3.238530457020e-01   6.543798744678e-02  -3.705070540309e-02  -4.165935516357e-01 
  3.545106649399e-01  -2.990180440247e-02  -4.787977337837e-01   2.686762809753e-01   1.521893963218e-02  -5.081722140312e-01   6.624796986580e-02   3.131736069918e-02  -8.705172687769e-02 
  4.705608263612e-02   0.000000000000e+00  -1.000000014901e-01   4.705608263612e-02   0.000000000000e+00  -1.000000014901e-01   0.000000000000e+00   1.613360643387e-01   8.155671507120e-02 
  0.000000000000e+00   1.613360643387e-01   8.155671507120e-02  -5.731657892466e-02   1.152016371489e-01   4.513799212873e-03   4.849772155285e-02   9.961156547070e-02  -8.123933523893e-02 
  7.580099254847e-02   1.030238866806e-01  -2.621771693230e-01   8.737967014313e-01   2.380911074579e-02  -1.000000014901e-01   4.787016510963e-01   5.964217707515e-03  -4.210978746414e-01 
  1.590519547462e-01  -9.764004498720e-04  -9.977304190397e-02   1.489265859127e-01   0.000000000000e+00  -1.000000014901e-01   1.489265859127e-01   0.000000000000e+00  -1.000000014901e-01 
  0.000000000000e+00   1.313061863184e-01  -2.625980973244e-01   0.000000000000e+00   1.313061863184e-01  -2.625980973244e-01   2.253107726574e-02  -4.660644009709e-02  -1.495720297098e-01 
  1.675866395235e-01   0.000000000000e+00  -2.265286594629e-01   0.000000000000e+00   1.040222272277e-01  -3.300665616989e-01   1.173016309738e+00   3.811170533299e-02  -1.000000014901e-01 
  0.000000000000e+00   3.416846320033e-02  -1.000000014901e-01   0.000000000000e+00   1.877882145345e-02  -1.000000014901e-01   1.231152471155e-02   0.000000000000e+00  -1.000000014901e-01 
  1.231152471155e-02   0.000000000000e+00  -1.000000014901e-01   0.000000000000e+00   5.150240659714e-01  -3.603373169899e-01   0.000000000000e+00   5.150240659714e-01  -3.603373169899e-01 
  2.681202255189e-02   5.063008069992e-01  -4.447307586670e-01   1.370476335287e-01   8.115206360817e-01  -5.104359984398e-01   1.325868964195e-01   4.531033039093e-01  -4.343162477016e-01 
  1.585254073143e+00   9.981850534678e-02  -3.231232166290e-01   7.118782997131e-01   3.796537965536e-02  -1.413753777742e-01   5.038267374039e-01   3.305659443140e-02  -8.318693190813e-02 
  2.278106063604e-01  -1.648684777319e-02  -1.648848414421e+00   2.278106063604e-01  -1.648684777319e-02  -1.648848414421e+00   0.000000000000e+00  -8.692985028028e-02  -4.238843321800e-01 
  0.000000000000e+00  -8.692985028028e-02  -4.238843321800e-01   8.290719985962e-02  -7.335752248764e-02  -5.459385514259e-01   2.976389229298e-01  -1.622701808810e-02  -6.540286540985e-01 
  1.169937774539e-01  -3.172788023949e-02  -3.785215616226e-01   4.631174087524e+00  -1.224415656179e-02  -4.842857122421e-01   0.000000000000e+00  -6.670861504972e-03  -1.000000014901e-01 
  0.000000000000e+00  -2.283305302262e-02  -1.000000014901e-01   0.000000000000e+00  -3.746201097965e-02  -1.000000014901e-01   0.000000000000e+00  -3.746201097965e-02  -1.000000014901e-01 
  0.000000000000e+00   0.000000000000e+00  -9.256815165281e-02   0.000000000000e+00   0.000000000000e+00  -9.256815165281e-02  -4.475914686918e-02   0.000000000000e+00  -7.682626247406e-01 
  3.156742155552e-01   0.000000000000e+00  -1.118945598602e+00  -3.894057869911e-01   0.000000000000e+00   8.041856288910e-01  -5.399091839790e-01   1.171777057607e-05   7.599732875824e-01 
 -4.649744033813e-01   3.249958172091e-05   4.702841341496e-01  -1.039686128497e-01  -6.354165634548e-06   9.733051061630e-02   2.388395071030e-01  -3.199958655387e-06  -5.639234930277e-02 
  2.388395071030e-01  -3.199958655387e-06  -5.639234930277e-02   0.000000000000e+00   0.000000000000e+00  -9.256815165281e-02   0.000000000000e+00   0.000000000000e+00  -9.256815165281e-02 
 -4.475914686918e-02   0.000000000000e+00  -7.682626247406e-01   3.156742155552e-01   0.000000000000e+00  -1.118945598602e+00  -3.894057869911e-01   0.000000000000e+00   8.041856288910e-01 
 -5.399091839790e-01   1.171777057607e-05   7.599732875824e-01  -4.649744033813e-01   3.249958172091e-05   4.702841341496e-01  -1.039686128497e-01  -6.354165634548e-06   9.733051061630e-02 
  2.388395071030e-01  -3.199958655387e-06  -5.639234930277e-02   2.388395071030e-01  -3.199958655387e-06  -5.639234930277e-02   0.000000000000e+00   3.939759731293e-02  -7.604831457138e-01 
  0.000000000000e+00   3.939759731293e-02  -7.604831457138e-01   1.339861005545e-01   5.838781222701e-02  -8.895986080170e-01   1.416922211647e-01   7.412939518690e-02  -8.806361556053e-01 
  0.000000000000e+00   6.370417028666e-02  -1.000000014901e-01   0.000000000000e+00  -8.252863772213e-03  -1.000000014901e-01   0.000000000000e+00   2.715208102018e-03  -1.000000014901e-01 
  0.000000000000e+00   2.159718889743e-03  -1.000000014901e-01   0.000000000000e+00   0.000000000000e+00  -1.944864511490e+00   0.000000000000e+00   0.000000000000e+00  -1.944864511490e+00 
  0.000000000000e+00   3.939759731293e-02  -7.604831457138e-01   0.000000000000e+00   3.939759731293e-02  -7.604831457138e-01   1.339861005545e-01   5.838781222701e-02  -8.895986080170e-01 
  1.416922211647e-01   7.412939518690e-02  -8.806361556053e-01   0.000000000000e+00   6.370417028666e-02  -1.000000014901e-01   0.000000000000e+00  -8.252863772213e-03  -1.000000014901e-01 
  0.000000000000e+00   2.715208102018e-03  -1.000000014901e-01   0.000000000000e+00   2.159718889743e-03  -1.000000014901e-01   0.000000000000e+00   0.000000000000e+00  -1.944864511490e+00 
  0.000000000000e+00   0.000000000000e+00  -1.944864511490e+00   0.000000000000e+00  -8.373300731182e-02  -7.547986507416e-01   0.000000000000e+00  -8.373300731182e-02  -7.547986507416e-01 
  3.461214527488e-02   9.564930200577e-02  -8.221955895424e-01   8.068095147610e-02   8.741015940905e-02  -8.448910713196e-01   1.010112315416e-01   6.974719464779e-02  -5.844381451607e-01 
  1.072080209851e-01  -3.914262633771e-03  -1.074258983135e-01   0.000000000000e+00   9.753799531609e-04  -1.774479448795e-01   0.000000000000e+00   6.697332719341e-04  -1.000000014901e-01 
  0.000000000000e+00   0.000000000000e+00  -1.000000014901e-01   0.000000000000e+00   0.000000000000e+00  -1.000000014901e-01   0.000000000000e+00  -3.386931717396e-01  -4.358816146851e-01 
  0.000000000000e+00  -3.386931717396e-01  -4.358816146851e-01   9.134452044964e-02  -2.336225658655e-01  -3.953835070133e-01   9.508515149355e-02  -3.150854706764e-01  -3.427947759628e-01 
  5.058939382434e-02  -4.482935070992e-01  -3.184485733509e-01   2.885429374874e-02  -3.193066418171e-01  -4.235023558140e-01   2.706556022167e-02   4.288755881134e-04  -3.516084849834e-01 
  5.780118051916e-03   2.740391064435e-04  -9.598604589701e-02   1.898790523410e-02   0.000000000000e+00  -1.000000014901e-01   1.898790523410e-02   0.000000000000e+00  -1.000000014901e-01 
  0.000000000000e+00   4.944369494915e-01  -7.440635934472e-03   0.000000000000e+00   4.944369494915e-01  -7.440635934472e-03  -1.369292289019e-01   4.420595169067e-01  -1.275884658098e-01 
 -7.458967715502e-02   1.642248034477e-02  -1.756753772497e-01  -7.291944348253e-04  -2.894707024097e-01  -5.661948919296e-01   1.471423506737e-01  -2.703507542610e-01  -5.627611279488e-01 
  3.319526612759e-01   9.990924445447e-05  -5.211266875267e-01   1.341445595026e-01   1.301735173911e-04  -1.063964962959e-01   8.266520500183e-02   0.000000000000e+00  -1.000000014901e-01 
  8.266520500183e-02   0.000000000000e+00  -1.000000014901e-01   0.000000000000e+00   1.342694759369e-01  -1.613585948944e-01   0.000000000000e+00   1.342694759369e-01  -1.613585948944e-01 
  3.086965158582e-02   1.050830185413e-01  -4.038982689381e-01   8.813708275557e-02   1.466392725706e-01  -3.433647453785e-01   1.010836586356e-01   7.218553870916e-02  -1.314069986343e+00 
  3.064768016338e-01   3.447316586971e-02  -1.103933095932e+00   1.065787225962e-01   2.670319750905e-02  -6.784852743149e-01   4.939811304212e-02   1.775146462023e-02  -3.393780291080e-01 
  2.885222434998e-02   0.000000000000e+00  -1.283421218395e-01   2.885222434998e-02   0.000000000000e+00  -1.283421218395e-01   0.000000000000e+00   1.063178405166e-01  -4.572090804577e-01 
  0.000000000000e+00   1.063178405166e-01  -4.572090804577e-01  -1.566318050027e-02   3.063093423843e-01  -4.058097004890e-01   4.347427934408e-02   6.488400101662e-01  -5.383076071739e-01 
  1.712499111891e-01   0.000000000000e+00  -2.410056114197e+00   1.712499111891e-01   1.144061825471e-04  -2.433059692383e+00   0.000000000000e+00   6.461695302278e-03  -1.567050576210e+00 
  5.567396804690e-02   1.521465368569e-02  -7.638765573502e-01   1.243177428842e-01  -7.154042832553e-03  -1.344675064087e+00   1.243177428842e-01  -7.154042832553e-03  -1.344675064087e+00 
  0.000000000000e+00   2.734222635627e-02  -3.350862562656e-01   0.000000000000e+00   2.734222635627e-02  -3.350862562656e-01  -6.115537136793e-03  -2.300764806569e-02  -4.575840234756e-01 
  0.000000000000e+00  -3.775906562805e-02  -1.058264136314e+00   1.044589281082e-01  -6.096778064966e-02  -2.516569852829e+00   2.380409091711e-01   0.000000000000e+00  -2.449778795242e+00 
  0.000000000000e+00   0.000000000000e+00  -1.000000014901e-01   0.000000000000e+00  -4.333836492151e-03  -1.000000014901e-01   0.000000000000e+00  -2.099952660501e-02  -1.000000014901e-01 
  0.000000000000e+00  -2.099952660501e-02  -1.000000014901e-01   0.000000000000e+00   0.000000000000e+00  -5.406405329704e-01   0.000000000000e+00   0.000000000000e+00  -5.406405329704e-01 
 -4.724885523319e-02  -5.112810526043e-03  -4.694002270699e-01   7.149074971676e-02  -1.268428191543e-02  -8.686755895615e-01   2.840958535671e-02   0.000000000000e+00  -1.000000014901e-01 
  1.429098397493e-01   0.000000000000e+00  -8.829275369644e-01   5.907504633069e-02   0.000000000000e+00  -5.556949377060e-01   1.021758653224e-02  -9.799653198570e-04  -2.478652596474e-01 
  1.160945966840e-01  -2.387256827205e-03  -1.076544374228e-01   1.160945966840e-01  -2.387256827205e-03  -1.076544374228e-01   0.000000000000e+00   0.000000000000e+00  -5.406405329704e-01 
  0.000000000000e+00   0.000000000000e+00  -5.406405329704e-01  -4.724885523319e-02  -5.112810526043e-03  -4.694002270699e-01   7.149074971676e-02  -1.268428191543e-02  -8.686755895615e-01 
  2.840958535671e-02   0.000000000000e+00  -1.000000014901e-01   1.429098397493e-01   0.000000000000e+00  -8.829275369644e-01   5.907504633069e-02   0.000000000000e+00  -5.556949377060e-01 
  1.021758653224e-02  -9.799653198570e-04  -2.478652596474e-01   1.160945966840e-01  -2.387256827205e-03  -1.076544374228e-01   1.160945966840e-01  -2.387256827205e-03  -1.076544374228e-01 
  0.000000000000e+00  -3.644110634923e-02  -6.385732889175e-01   0.000000000000e+00  -3.644110634923e-02  -6.385732889175e-01   1.303490251303e-01  -3.442673757672e-02  -9.770548343658e-01 
  0.000000000000e+00  -1.483676116914e-02  -8.763156533241e-01   5.267438665032e-02  -4.023062810302e-02  -1.000000014901e-01   0.000000000000e+00   0.000000000000e+00  -1.000000014901e-01 
  0.000000000000e+00   0.000000000000e+00  -1.000000014901e-01   0.000000000000e+00   0.000000000000e+00  -1.000000014901e-01   0.000000000000e+00   0.000000000000e+00  -1.000000014901e-01 
  0.000000000000e+00   0.000000000000e+00  -1.000000014901e-01   0.000000000000e+00  -3.644110634923e-02  -6.385732889175e-01   0.000000000000e+00  -3.644110634923e-02  -6.385732889175e-01 
  1.303490251303e-01  -3.442673757672e-02  -9.770548343658e-01   0.000000000000e+00  -1.483676116914e-02  -8.763156533241e-01   5.267438665032e-02  -4.023062810302e-02  -1.000000014901e-01 
  0.000000000000e+00   0.000000000000e+00  -1.000000014901e-01   0.000000000000e+00   0.000000000000e+00  -1.000000014901e-01   0.000000000000e+00   0.000000000000e+00  -1.000000014901e-01 
  0.000000000000e+00   0.000000000000e+00  -1.000000014901e-01   0.000000000000e+00   0.000000000000e+00  -1.000000014901e-01   0.000000000000e+00  -2.553659379482e-01  -4.262814819813e-01 
  0.000000000000e+00  -2.553659379482e-01  -4.262814819813e-01   4.230359569192e-02  -1.133705973625e-01  -6.566600799561e-01   5.854262113571e-01  -8.548556268215e-02  -5.338647961617e-01 
  7.586584091187e-01  -1.641923636198e-01  -4.889124333858e-01   3.352346718311e-01   0.000000000000e+00  -1.040662005544e-01   0.000000000000e+00   0.000000000000e+00  -1.000000014901e-01 
  0.000000000000e+00   0.000000000000e+00  -1.000000014901e-01   0.000000000000e+00   0.000000000000e+00  -1.000000014901e-01   0.000000000000e+00   0.000000000000e+00  -1.000000014901e-01 
  0.000000000000e+00  -4.708551168442e-01  -2.018812745810e-01   0.000000000000e+00  -4.708551168442e-01  -2.018812745810e-01   1.818119175732e-02  -5.475176572800e-01  -2.869002819061e-01 
  1.112840473652e-01  -6.629001498222e-01  -1.000000014901e-01   0.000000000000e+00  -6.933395266533e-01  -1.000000014901e-01   0.000000000000e+00  -1.446895003319e-01  -1.000000014901e-01 
  0.000000000000e+00   0.000000000000e+00  -1.000000014901e-01   0.000000000000e+00   0.000000000000e+00  -1.000000014901e-01   0.000000000000e+00   0.000000000000e+00  -1.000000014901e-01 
  0.000000000000e+00   0.000000000000e+00  -1.000000014901e-01   0.000000000000e+00   2.972938716412e-01  -4.158439040184e-01   0.000000000000e+00   2.972938716412e-01  -4.158439040184e-01 
 -3.090284764767e-02  -1.122749522328e-01  -4.054558873177e-01   4.202648997307e-02  -5.940540432930e-01  -5.032376050949e-01   1.570999994874e-02  -6.733514070511e-01  -8.104622960091e-01 
  6.855536717921e-03  -3.443939685822e-01  -1.139327049255e+00   1.235113665462e-02   0.000000000000e+00  -9.455227851868e-01   0.000000000000e+00   0.000000000000e+00  -1.000000014901e-01 
  0.000000000000e+00   0.000000000000e+00  -1.000000014901e-01   0.000000000000e+00   0.000000000000e+00  -1.000000014901e-01   0.000000000000e+00  -8.743851631880e-02  -4.581357836723e-01 
  0.000000000000e+00  -8.743851631880e-02  -4.581357836723e-01   6.900895386934e-02  -8.434876799583e-02  -4.445945918560e-01   6.595717370510e-02  -1.484901309013e-01  -4.137956798077e-01 
  8.479757606983e-02  -1.601640135050e-01  -1.604349017143e+00   2.115747928619e-01  -9.103719890118e-02  -1.794757604599e+00   1.519467979670e-01  -5.336486548185e-02  -1.360048651695e+00 
  9.311833232641e-02  -1.371131371707e-02  -8.949918150902e-01   5.496791377664e-02  -3.860702039674e-03  -2.189035266638e-01   5.496791377664e-02  -3.860702039674e-03  -2.189035266638e-01 
  0.000000000000e+00   3.881718516350e-01  -3.716144561768e-01   0.000000000000e+00   3.881718516350e-01  -3.716144561768e-01   5.135140195489e-02   3.049194514751e-01  -3.745821416378e-01 
  1.675683706999e-01   2.365810722113e-01  -9.211375117302e-01   5.525121688843e-01   3.588818758726e-02  -2.449778795242e+00   4.471044838428e-01   1.283384673297e-02  -2.444592475891e+00 
  1.840827465057e-01   5.930174607784e-03  -1.534173846245e+00   8.878421038389e-02   3.297114744782e-03  -9.899500012398e-01   4.818453267217e-02   6.662275642157e-03  -1.025141954422e+00 
  4.818453267217e-02   6.662275642157e-03  -1.025141954422e+00   0.000000000000e+00   3.112662136555e-01  -4.317452907562e-01   0.000000000000e+00   3.112662136555e-01  -4.317452907562e-01 
  1.566812954843e-02   1.559010148048e-01  -3.329007625580e-01   3.658605217934e-01  -3.050701320171e-02  -1.000000014901e-01   1.712499111891e-01   5.823204293847e-03  -2.382987737656e+00 
  1.712499111891e-01   2.957276767120e-03  -2.449778795242e+00   0.000000000000e+00   1.790982903913e-03  -1.000000014901e-01   0.000000000000e+00   1.136727980338e-03  -1.000000014901e-01 
  0.000000000000e+00   4.768981016241e-04  -1.000000014901e-01   0.000000000000e+00   4.768981016241e-04  -1.000000014901e-01   0.000000000000e+00   0.000000000000e+00  -2.624916136265e-01 
  0.000000000000e+00   0.000000000000e+00  -2.624916136265e-01   3.420464461669e-03   3.423300385475e-02  -2.765734493732e-01   7.034102827311e-02  -2.547963149846e-02  -3.163475692272e-01 
  8.632589876652e-02   5.823204293847e-03  -1.000000014901e-01   9.137590229511e-02   2.947505097836e-03  -1.153341174126e+00   3.760687261820e-02   1.783516490832e-03  -6.896445751190e-01 
  1.816882193089e-02   9.082066826522e-04  -4.306250214577e-01   9.979453869164e-03  -1.082590431906e-03  -2.385113388300e-01   9.979453869164e-03  -1.082590431906e-03  -2.385113388300e-01 
  0.000000000000e+00   0.000000000000e+00  -2.624916136265e-01   0.000000000000e+00   0.000000000000e+00  -2.624916136265e-01   3.420464461669e-03   3.423300385475e-02  -2.765734493732e-01 
  7.034102827311e-02  -2.547963149846e-02  -3.163475692272e-01   8.632589876652e-02   5.823204293847e-03  -1.000000014901e-01   9.137590229511e-02   2.947505097836e-03  -1.153341174126e+00 
  3.760687261820e-02   1.783516490832e-03  -6.896445751190e-01   1.816882193089e-02   9.082066826522e-04  -4.306250214577e-01   9.979453869164e-03  -1.082590431906e-03  -2.385113388300e-01 
  9.979453869164e-03  -1.082590431906e-03  -2.385113388300e-01   0.000000000000e+00  -2.723961472511e-01  -5.640670657158e-01   0.000000000000e+00  -2.723961472511e-01  -5.640670657158e-01 
  1.410868316889e-01  -2.306120842695e-01  -6.558421254158e-01   6.551978588104e-01  -1.053744778037e-01  -6.809189319611e-01   1.136679649353e+00  -1.680517569184e-03  -6.609922051430e-01 
  0.000000000000e+00   0.000000000000e+00  -1.000000014901e-01   0.000000000000e+00   0.000000000000e+00  -1.000000014901e-01   1.878523349762e+00   5.057079344988e-02  -6.131118535995e-01 
  1.777381777763e+00   0.000000000000e+00  -6.636826395988e-01   1.777381777763e+00   0.000000000000e+00  -6.636826395988e-01   0.000000000000e+00  -2.723961472511e-01  -5.640670657158e-01 
  0.000000000000e+00  -2.723961472511e-01  -5.640670657158e-01   1.410868316889e-01  -2.306120842695e-01  -6.558421254158e-01   6.551978588104e-01  -1.053744778037e-01  -6.809189319611e-01 
  1.136679649353e+00  -1.680517569184e-03  -6.609922051430e-01   0.000000000000e+00   0.000000000000e+00  -1.000000014901e-01   0.000000000000e+00   0.000000000000e+00  -1.000000014901e-01 
  1.878523349762e+00   5.057079344988e-02  -6.131118535995e-01   1.777381777763e+00   0.000000000000e+00  -6.636826395988e-01   1.777381777763e+00   0.000000000000e+00  -6.636826395988e-01 
  0.000000000000e+00  -1.363119333982e-01  -2.566253244877e-01   0.000000000000e+00  -1.363119333982e-01  -2.566253244877e-01  -3.884419333190e-03  -2.484053969383e-01  -3.299013972282e-01 
  1.693117022514e+00   0.000000000000e+00  -6.741183400154e-01   1.693117022514e+00   0.000000000000e+00  -8.282889127731e-01   0.000000000000e+00   0.000000000000e+00  -1.301984488964e-01 
  0.000000000000e+00   0.000000000000e+00  -1.000000014901e-01   0.000000000000e+00  -5.057079344988e-02  -1.000000014901e-01   0.000000000000e+00   0.000000000000e+00  -3.818413317204e-01 
  0.000000000000e+00   0.000000000000e+00  -3.818413317204e-01   0.000000000000e+00  -3.353616297245e-01  -4.305258691311e-01   0.000000000000e+00  -3.353616297245e-01  -4.305258691311e-01 
  6.221959367394e-02  -6.407325267792e-01  -5.107195377350e-01   1.273334264755e+00  -7.571002244949e-01  -8.462586998940e-01   1.706297874451e+00  -7.439194321632e-01  -9.990086555481e-01 
  0.000000000000e+00   0.000000000000e+00  -1.000000014901e-01   0.000000000000e+00   0.000000000000e+00  -1.000000014901e-01   0.000000000000e+00   0.000000000000e+00  -1.000000014901e-01 
  0.000000000000e+00   0.000000000000e+00  -2.709508836269e-01   0.000000000000e+00   0.000000000000e+00  -2.709508836269e-01   0.000000000000e+00  -5.083449184895e-02  -3.796608448029e-01 
  0.000000000000e+00  -5.083449184895e-02  -3.796608448029e-01   1.292132586241e-02  -5.999548435211e-01  -3.774377703667e-01   1.112840473652e-01  -7.307386398315e-01  -7.741429805756e-01 
  0.000000000000e+00  -7.439194321632e-01  -8.911267518997e-01   0.000000000000e+00   0.000000000000e+00  -9.249128699303e-01   0.000000000000e+00   0.000000000000e+00  -3.259769678116e-01 
  0.000000000000e+00   0.000000000000e+00  -1.000000014901e-01   0.000000000000e+00   0.000000000000e+00  -2.152168750763e-01   0.000000000000e+00   0.000000000000e+00  -2.152168750763e-01 
  0.000000000000e+00   7.074446231127e-02  -4.741263091564e-01   0.000000000000e+00   7.074446231127e-02  -4.741263091564e-01   6.421935558319e-02  -6.826763153076e-01  -4.380519390106e-01 
  0.000000000000e+00   0.000000000000e+00  -3.731731176376e-01   0.000000000000e+00   0.000000000000e+00  -1.388183474541e+00   0.000000000000e+00   0.000000000000e+00  -1.662056565285e+00 
  0.000000000000e+00   0.000000000000e+00  -1.423159480095e+00   0.000000000000e+00   0.000000000000e+00  -1.192561388016e+00   0.000000000000e+00   0.000000000000e+00  -4.104632735252e-01 
  0.000000000000e+00   0.000000000000e+00  -4.104632735252e-01   0.000000000000e+00   3.172845244408e-01  -2.936038076878e-01   0.000000000000e+00   3.172845244408e-01  -2.936038076878e-01 
  1.515645384789e-01  -3.408162295818e-01  -1.906964927912e-01   3.658605217934e-01   0.000000000000e+00  -4.484235048294e-01   9.597168564796e-01   0.000000000000e+00  -1.858169794083e+00 
  9.597168564796e-01   0.000000000000e+00  -1.858169794083e+00   0.000000000000e+00   0.000000000000e+00  -1.166411042213e+00   0.000000000000e+00   0.000000000000e+00  -8.168098330498e-01 
  0.000000000000e+00   0.000000000000e+00  -6.163554787636e-01   0.000000000000e+00   0.000000000000e+00  -6.163554787636e-01   0.000000000000e+00   2.922193408012e-01  -1.647378802299e-01 
  0.000000000000e+00   2.922193408012e-01  -1.647378802299e-01   7.099834829569e-02  -5.515409260988e-02  -8.475643396378e-02   3.425982892513e-01  -6.318859010935e-02   6.874794960022e-01 
  9.992356896400e-01   3.961898013949e-02  -1.818650960922e+00   9.201979637146e-01   1.001337004709e-04  -1.858169794083e+00   0.000000000000e+00   0.000000000000e+00  -1.000000014901e-01 
  0.000000000000e+00   0.000000000000e+00  -1.000000014901e-01   0.000000000000e+00   0.000000000000e+00  -1.000000014901e-01   0.000000000000e+00   0.000000000000e+00  -1.000000014901e-01 
  0.000000000000e+00   0.000000000000e+00  -3.699822723866e-01   0.000000000000e+00   0.000000000000e+00  -3.699822723866e-01   1.311588659883e-02   0.000000000000e+00  -2.222032397985e-01 
  0.000000000000e+00  -6.318859010935e-02   3.337006568909e-01   0.000000000000e+00   0.000000000000e+00  -1.000000014901e-01   0.000000000000e+00   1.001337004709e-04  -9.790848493576e-01 
  0.000000000000e+00   0.000000000000e+00  -6.332976818085e-01   0.000000000000e+00   0.000000000000e+00  -4.590085446835e-01   0.000000000000e+00   0.000000000000e+00  -3.594191372395e-01 
  0.000000000000e+00   0.000000000000e+00  -3.594191372395e-01   0.000000000000e+00   0.000000000000e+00  -3.699822723866e-01   0.000000000000e+00   0.000000000000e+00  -3.699822723866e-01 
  1.311588659883e-02   0.000000000000e+00  -2.222032397985e-01   0.000000000000e+00  -6.318859010935e-02   3.337006568909e-01   0.000000000000e+00   0.000000000000e+00  -1.000000014901e-01 
  0.000000000000e+00   1.001337004709e-04  -9.790848493576e-01   0.000000000000e+00   0.000000000000e+00  -6.332976818085e-01   0.000000000000e+00   0.000000000000e+00  -4.590085446835e-01 
  0.000000000000e+00   0.000000000000e+00  -3.594191372395e-01   0.000000000000e+00   0.000000000000e+00  -3.594191372395e-01   0.000000000000e+00  -2.438575029373e-01  -1.000564813614e+00 
  0.000000000000e+00  -2.438575029373e-01  -1.000564813614e+00   1.253536045551e-01  -2.266128063202e-01  -9.060385823250e-01   3.103286921978e-01  -2.360643297434e-01  -8.047381043434e-01 
  7.679603099823e-01  -1.883237957954e-01  -6.198737621307e-01   1.980961114168e-02   0.000000000000e+00  -1.000000014901e-01   0.000000000000e+00   0.000000000000e+00  -1.000000014901e-01 
  1.827952504158e+00   0.000000000000e+00  -7.142534255981e-01   1.827952504158e+00   0.000000000000e+00  -6.636826395988e-01   1.827952504158e+00   0.000000000000e+00  -6.636826395988e-01 
  0.000000000000e+00  -2.438575029373e-01  -1.000564813614e+00   0.000000000000e+00  -2.438575029373e-01  -1.000564813614e+00   1.253536045551e-01  -2.266128063202e-01  -9.060385823250e-01 
  3.103286921978e-01  -2.360643297434e-01  -8.047381043434e-01   7.679603099823e-01  -1.883237957954e-01  -6.198737621307e-01   1.980961114168e-02   0.000000000000e+00  -1.000000014901e-01 
  0.000000000000e+00   0.000000000000e+00  -1.000000014901e-01   1.827952504158e+00   0.000000000000e+00  -7.142534255981e-01   1.827952504158e+00   0.000000000000e+00  -6.636826395988e-01 
  1.827952504158e+00   0.000000000000e+00  -6.636826395988e-01   0.000000000000e+00  -1.996827572584e-01  -2.236174196005e-01   0.000000000000e+00  -1.996827572584e-01  -2.236174196005e-01 
  1.586100086570e-02  -2.206117808819e-01  -3.239253163338e-01   9.176603555679e-01  -2.803067564964e-01  -7.054821848869e-01   1.399215459824e+00  -3.431756198406e-01  -8.377946019173e-01 
  6.158911585808e-01   0.000000000000e+00  -2.134612202644e-01   3.723724782467e-01   0.000000000000e+00  -1.000000014901e-01   9.139762520790e-01   0.000000000000e+00  -1.000000014901e-01 
  9.139762520790e-01   0.000000000000e+00  -3.818413317204e-01   9.139762520790e-01   0.000000000000e+00  -3.818413317204e-01   0.000000000000e+00  -8.664724826813e-01  -3.217397630215e-01 
  0.000000000000e+00  -8.664724826813e-01  -3.217397630215e-01   4.051437601447e-02  -7.258859276772e-01  -5.682803988457e-01   1.693117022514e+00  -7.440360188484e-01  -9.424124360085e-01 
  1.693117022514e+00  -7.430074214935e-01  -9.990086555481e-01   0.000000000000e+00  -1.556341350079e-01  -1.000000014901e-01   4.777742549777e-02   0.000000000000e+00  -1.000000014901e-01 
  5.543687343597e-01   0.000000000000e+00  -1.000000014901e-01   5.543686747551e-01   0.000000000000e+00  -2.709500491619e-01   5.543686747551e-01   0.000000000000e+00  -2.709500491619e-01 
  1.297352276742e-02   0.000000000000e+00  -1.000000014901e-01   1.297352276742e-02   0.000000000000e+00  -1.000000014901e-01   2.566004544497e-02  -5.990523099899e-01  -3.033162653446e-01 
  8.685306310654e-01  -7.349710464478e-01  -8.560199141502e-01   8.531874418259e-01  -7.405419349670e-01  -9.161933064461e-01   3.513922393322e-01  -3.703739643097e-01  -9.295988082886e-01 
  2.094644606113e-01   0.000000000000e+00  -3.442717790604e-01   3.582724332809e-01   0.000000000000e+00  -1.000000014901e-01   3.685085475445e-01   0.000000000000e+00  -2.147683650255e-01 
  3.685085475445e-01   0.000000000000e+00  -2.147683650255e-01   0.000000000000e+00   0.000000000000e+00  -3.448256254196e-01   0.000000000000e+00   0.000000000000e+00  -3.448256254196e-01 
  5.164900422096e-02  -3.233220577240e-01  -3.035751283169e-01   5.682655796409e-02  -3.234965205193e-01  -2.653809487820e-01   3.995741009712e-01  -2.473771125078e-01  -1.434881567955e+00 
  5.247470736504e-01  -1.380713433027e-01  -1.678158879280e+00   3.443297743797e-01  -8.365610241890e-02  -1.425009846687e+00   1.961005777121e-01  -9.984098374844e-03  -1.186474919319e+00 
  1.089646592736e-01  -2.663611667231e-03  -4.142299592495e-01   1.089646592736e-01  -2.663611667231e-03  -4.142299592495e-01   0.000000000000e+00  -6.013598758727e-03  -2.708111107349e-01 
  0.000000000000e+00  -6.013598758727e-03  -2.708111107349e-01   1.020941808820e-01  -9.749663621187e-02  -4.240104928613e-02   1.322295516729e-01  -6.591897457838e-02  -4.502578377724e-01 
  9.597168564796e-01  -3.868292784318e-03  -1.858169794083e+00   9.597168564796e-01  -1.136536127888e-03  -1.858169794083e+00   3.951365351677e-01  -4.239200497977e-04  -1.166411042213e+00 
  1.909061819315e-01  -1.928750571096e-04  -8.154807090759e-01   1.027418822050e-01  -2.620874147397e-04  -6.127545237541e-01   1.027418822050e-01  -2.620874147397e-04  -6.127545237541e-01 
  0.000000000000e+00  -1.069376394153e-01   5.416667461395e-01   0.000000000000e+00  -1.069376394153e-01   5.416667461395e-01  -4.129426553845e-02  -7.828731834888e-02   4.314643442631e-01 
  0.000000000000e+00  -3.475583344698e-02   6.874794960022e-01   9.597168564796e-01   1.001337004709e-04  -1.897688627243e+00   9.597168564796e-01   1.001337004709e-04  -1.858169794083e+00 
  0.000000000000e+00   6.073570693843e-05  -1.000000014901e-01   0.000000000000e+00   4.072527735843e-05  -1.000000014901e-01   0.000000000000e+00   2.912974196079e-05  -1.000000014901e-01 
  0.000000000000e+00   2.912974196079e-05  -1.000000014901e-01   0.000000000000e+00   0.000000000000e+00  -1.733524501324e-01   0.000000000000e+00   0.000000000000e+00  -1.733524501324e-01 
 -9.720102883875e-03  -2.427764609456e-02   2.012974210083e-02  -4.001980181783e-03  -3.442855551839e-02   3.296284377575e-01   4.798584282398e-01   1.001337004709e-04  -1.000000014901e-01 
  4.798584282398e-01   1.001337004709e-04  -9.790848493576e-01   1.975682675838e-01   6.073570693843e-05  -6.332302093506e-01   9.545309096575e-02   4.072527372045e-05  -4.578970968723e-01 
  5.137094110250e-02   2.912974196079e-05  -3.567327558994e-01   5.137094110250e-02   2.912974196079e-05  -3.567327558994e-01   0.000000000000e+00   0.000000000000e+00  -1.733524501324e-01 
  0.000000000000e+00   0.000000000000e+00  -1.733524501324e-01  -9.720102883875e-03  -2.427764609456e-02   2.012974210083e-02  -4.001980181783e-03  -3.442855551839e-02   3.296284377575e-01 
  4.798584282398e-01   1.001337004709e-04  -1.000000014901e-01   4.798584282398e-01   1.001337004709e-04  -9.790848493576e-01   1.975682675838e-01   6.073570693843e-05  -6.332302093506e-01 
  9.545309096575e-02   4.072527372045e-05  -4.578970968723e-01   5.137094110250e-02   2.912974196079e-05  -3.567327558994e-01   5.137094110250e-02   2.912974196079e-05  -3.567327558994e-01 
  0.000000000000e+00  -2.438575029373e-01  -1.000564813614e+00   0.000000000000e+00  -2.438575029373e-01  -1.000564813614e+00   1.253536045551e-01  -2.266128063202e-01  -9.060385823250e-01 
  3.103286921978e-01  -2.360643297434e-01  -8.047381043434e-01   7.679603099823e-01  -1.883237957954e-01  -6.198737621307e-01   1.980961114168e-02   0.000000000000e+00  -1.000000014901e-01 
  0.000000000000e+00   0.000000000000e+00  -1.000000014901e-01   1.827952504158e+00   0.000000000000e+00  -7.142534255981e-01   1.827952504158e+00   0.000000000000e+00  -6.636826395988e-01 
  1.827952504158e+00   0.000000000000e+00  -6.636826395988e-01   0.000000000000e+00  -2.438575029373e-01  -1.000564813614e+00   0.000000000000e+00  -2.438575029373e-01  -1.000564813614e+00 
  1.253536045551e-01  -2.266128063202e-01  -9.060385823250e-01   3.103286921978e-01  -2.360643297434e-01  -8.047381043434e-01   7.679603099823e-01  -1.883237957954e-01  -6.198737621307e-01 
  1.980961114168e-02   0.000000000000e+00  -1.000000014901e-01   0.000000000000e+00   0.000000000000e+00  -1.000000014901e-01   1.827952504158e+00   0.000000000000e+00  -7.142534255981e-01 
  1.827952504158e+00   0.000000000000e+00  -6.636826395988e-01   1.827952504158e+00   0.000000000000e+00  -6.636826395988e-01   0.000000000000e+00  -1.996827572584e-01  -2.236174196005e-01 
  0.000000000000e+00  -1.996827572584e-01  -2.236174196005e-01   1.586100086570e-02  -2.206117808819e-01  -3.239253163338e-01   9.176603555679e-01  -2.803067564964e-01  -7.054821848869e-01 
  1.399215459824e+00  -3.431756198406e-01  -8.377946019173e-01   6.158911585808e-01   0.000000000000e+00  -2.134612202644e-01   3.723724782467e-01   0.000000000000e+00  -1.000000014901e-01 
  9.139762520790e-01   0.000000000000e+00  -1.000000014901e-01   9.139762520790e-01   0.000000000000e+00  -3.818413317204e-01   9.139762520790e-01   0.000000000000e+00  -3.818413317204e-01 
  0.000000000000e+00  -8.664724826813e-01  -3.217397630215e-01   0.000000000000e+00  -8.664724826813e-01  -3.217397630215e-01   4.051437601447e-02  -7.258859276772e-01  -5.682803988457e-01 
  1.693117022514e+00  -7.440360188484e-01  -9.424124360085e-01   1.693117022514e+00  -7.430074214935e-01  -9.990086555481e-01   0.000000000000e+00  -1.556341350079e-01  -1.000000014901e-01 
  4.777742549777e-02   0.000000000000e+00  -1.000000014901e-01   5.543687343597e-01   0.000000000000e+00  -1.000000014901e-01   5.543686747551e-01   0.000000000000e+00  -2.709500491619e-01 
  5.543686747551e-01   0.000000000000e+00  -2.709500491619e-01   1.297352276742e-02   0.000000000000e+00  -1.000000014901e-01   1.297352276742e-02   0.000000000000e+00  -1.000000014901e-01 
  2.566004544497e-02  -5.990523099899e-01  -3.033162653446e-01   8.685306310654e-01  -7.349710464478e-01  -8.560199141502e-01   8.531874418259e-01  -7.405419349670e-01  -9.161933064461e-01 
  3.513922393322e-01  -3.703739643097e-01  -9.295988082886e-01   2.094644606113e-01   0.000000000000e+00  -3.442717790604e-01   3.582724332809e-01   0.000000000000e+00  -1.000000014901e-01 
  3.685085475445e-01   0.000000000000e+00  -2.147683650255e-01   3.685085475445e-01   0.000000000000e+00  -2.147683650255e-01   0.000000000000e+00   0.000000000000e+00  -3.448256254196e-01 
  0.000000000000e+00   0.000000000000e+00  -3.448256254196e-01   5.164900422096e-02  -3.233220577240e-01  -3.035751283169e-01   5.682655796409e-02  -3.234965205193e-01  -2.653809487820e-01 
  3.995741009712e-01  -2.473771125078e-01  -1.434881567955e+00   5.247470736504e-01  -1.380713433027e-01  -1.678158879280e+00   3.443297743797e-01  -8.365610241890e-02  -1.425009846687e+00 
  1.961005777121e-01  -9.984098374844e-03  -1.186474919319e+00   1.089646592736e-01  -2.663611667231e-03  -4.142299592495e-01   1.089646592736e-01  -2.663611667231e-03  -4.142299592495e-01 
  0.000000000000e+00  -6.013598758727e-03  -2.708111107349e-01   0.000000000000e+00  -6.013598758727e-03  -2.708111107349e-01   1.020941808820e-01  -9.749663621187e-02  -4.240104928613e-02 
  1.322295516729e-01  -6.591897457838e-02  -4.502578377724e-01   9.597168564796e-01  -3.868292784318e-03  -1.858169794083e+00   9.597168564796e-01  -1.136536127888e-03  -1.858169794083e+00 
  3.951365351677e-01  -4.239200497977e-04  -1.166411042213e+00   1.909061819315e-01  -1.928750571096e-04  -8.154807090759e-01   1.027418822050e-01  -2.620874147397e-04  -6.127545237541e-01 
  1.027418822050e-01  -2.620874147397e-04  -6.127545237541e-01   0.000000000000e+00  -1.069376394153e-01   5.416667461395e-01   0.000000000000e+00  -1.069376394153e-01   5.416667461395e-01 
 -4.129426553845e-02  -7.828731834888e-02   4.314643442631e-01   0.000000000000e+00  -3.475583344698e-02   6.874794960022e-01   9.597168564796e-01   1.001337004709e-04  -1.897688627243e+00 
  9.597168564796e-01   1.001337004709e-04  -1.858169794083e+00   0.000000000000e+00   6.073570693843e-05  -1.000000014901e-01   0.000000000000e+00   4.072527735843e-05  -1.000000014901e-01 
  0.000000000000e+00   2.912974196079e-05  -1.000000014901e-01   0.000000000000e+00   2.912974196079e-05  -1.000000014901e-01   0.000000000000e+00   0.000000000000e+00  -1.733524501324e-01 
  0.000000000000e+00   0.000000000000e+00  -1.733524501324e-01  -9.720102883875e-03  -2.427764609456e-02   2.012974210083e-02  -4.001980181783e-03  -3.442855551839e-02   3.296284377575e-01 
  4.798584282398e-01   1.001337004709e-04  -1.000000014901e-01   4.798584282398e-01   1.001337004709e-04  -9.790848493576e-01   1.975682675838e-01   6.073570693843e-05  -6.332302093506e-01 
  9.545309096575e-02   4.072527372045e-05  -4.578970968723e-01   5.137094110250e-02   2.912974196079e-05  -3.567327558994e-01   5.137094110250e-02   2.912974196079e-05  -3.567327558994e-01 
  0.000000000000e+00   0.000000000000e+00  -1.733524501324e-01   0.000000000000e+00   0.000000000000e+00  -1.733524501324e-01  -9.720102883875e-03  -2.427764609456e-02   2.012974210083e-02 
 -4.001980181783e-03  -3.442855551839e-02   3.296284377575e-01   4.798584282398e-01   1.001337004709e-04  -1.000000014901e-01   4.798584282398e-01   1.001337004709e-04  -9.790848493576e-01 
  1.975682675838e-01   6.073570693843e-05  -6.332302093506e-01   9.545309096575e-02   4.072527372045e-05  -4.578970968723e-01   5.137094110250e-02   2.912974196079e-05  -3.567327558994e-01 
  5.137094110250e-02   2.912974196079e-05  -3.567327558994e-01 

