# vtk DataFile Version 2.0
Written using VisIt writer
ASCII
DATASET RECTILINEAR_GRID
DIMENSIONS 10 10 10
X_COORDINATES 10 float
  0.000000000000e+00   5.000000000000e-01   1.000000000000e+00   1.500000000000e+00   2.000000000000e+00   2.500000000000e+00   3.000000000000e+00   3.500000000000e+00   4.000000000000e+00 
  4.500000000000e+00 
Y_COORDINATES 10 float
  0.000000000000e+00   5.000000000000e-01   1.000000000000e+00   1.500000000000e+00   2.000000000000e+00   2.500000000000e+00   3.000000000000e+00   3.500000000000e+00   4.000000000000e+00 
  4.500000000000e+00 
Z_COORDINATES 10 float
  0.000000000000e+00   5.000000000000e-01   1.000000000000e+00   1.500000000000e+00   2.000000000000e+00   2.500000000000e+00   3.000000000000e+00   3.500000000000e+00   4.000000000000e+00 
  4.500000000000e+00 
CELL_DATA 729
POINT_DATA 1000
VECTORS velocity float
  0.000000000000e+00  -2.318773865700e-01  -4.474152624607e-01   6.409009434272e-10   2.330132531370e-09   2.665739184948e-09   2.685248091439e-06   6.409978658972e-10   6.235323368742e-10 
  7.220629602671e-02  -2.032522857189e-01  -4.533097743988e-01   6.700733301557e-10   8.142401683453e-13   1.357144891258e-19   6.337064206718e-10   1.724700808836e-07   6.410545982938e-10 
 -7.291957736015e-02  -2.353952676058e-01  -4.762959480286e-01   2.640485945449e-06   6.701442178958e-10   6.409694996989e-10   1.680083369138e-04   2.330132531370e-09   6.664347962371e-10 
 -1.419033110142e-01  -2.662699520588e-01  -5.434899926186e-01   0.000000000000e+00  -2.318773865700e-01  -4.474152624607e-01   6.409690556097e-10   8.142401683453e-13   1.356847106238e-19 
 -1.167710795999e-01  -2.517878413200e-01  -5.258614420891e-01   7.220629602671e-02  -2.032522857189e-01  -4.533097743988e-01   6.409689445874e-10   6.409690556097e-10   6.409690556097e-10 
 -7.794493436813e-02  -2.087522000074e-01  -4.133454859257e-01  -7.291957736015e-02  -2.353952676058e-01  -4.762959480286e-01   1.356847106238e-19   6.336922098171e-10   6.409690556097e-10 
 -1.419033110142e-01  -2.662699520588e-01  -5.434899926186e-01  -1.419033110142e-01  -2.662699520588e-01  -5.434899926186e-01   0.000000000000e+00  -1.095057465136e-02  -3.949263989925e-01 
  0.000000000000e+00  -1.095057465136e-02  -3.949263989925e-01  -1.543638408184e-01  -3.331527858973e-02  -4.816187918186e-01  -6.258291751146e-02  -8.981030434370e-02  -5.032146573067e-01 
 -7.176893949509e-02  -1.451925337315e-01  -6.809938549995e-01   8.423668891191e-02  -5.215648189187e-02  -4.951828420162e-01   4.104309529066e-02  -5.953012779355e-02  -5.132254958153e-01 
 -6.826517730951e-02  -5.560623481870e-02  -4.319116771221e-01  -9.565404802561e-02  -5.178604274988e-02  -4.609774649143e-01  -9.565404802561e-02  -5.178604274988e-02  -4.609774649143e-01 
  0.000000000000e+00   5.348351225257e-02  -3.655271232128e-01   0.000000000000e+00   5.348351225257e-02  -3.655271232128e-01  -1.126457154751e-01   1.664624512196e-01  -4.627766907215e-01 
 -5.667619407177e-02   1.276084929705e-01  -3.743649721146e-01  -1.071808636189e-01   1.213958114386e-01  -4.042493999004e-01  -1.648436859250e-02   1.213615909219e-01  -4.429976642132e-01 
 -4.861480742693e-02   6.094479933381e-02  -5.821781158447e-01   3.349793702364e-02   8.733572810888e-02  -4.212222695351e-01  -1.866375654936e-02   3.290530666709e-02  -4.824626147747e-01 
 -1.866375654936e-02   3.290530666709e-02  -4.824626147747e-01   0.000000000000e+00   5.349662154913e-02  -4.263733625412e-01   0.000000000000e+00   5.349662154913e-02  -4.263733625412e-01 
 -1.707506626844e-01   1.190856005996e-02  -7.381448149681e-01   7.592001557350e-02  -2.149312198162e-02  -5.584807991982e-01  -6.654559168965e-03   1.048507727683e-02  -5.103175044060e-01 
 -5.997050553560e-02  -1.899771019816e-02  -4.122896790504e-01  -7.773794978857e-02   5.597806349397e-02  -4.436329901218e-01  -6.418746709824e-02   5.728612095118e-02  -4.768988490105e-01 
 -1.214455217123e-01  -1.665358990431e-02  -6.699567437172e-01  -1.214455217123e-01  -1.665358990431e-02  -6.699567437172e-01   0.000000000000e+00  -6.211550906301e-02  -3.585786521435e-01 
  0.000000000000e+00  -6.211550906301e-02  -3.585786521435e-01  -1.640155166388e-01   3.560994565487e-02  -4.365122020245e-01  -2.733325399458e-02  -8.893818408251e-02  -5.475329756737e-01 
 -7.818623632193e-02  -2.846777997911e-02  -7.210521697998e-01  -4.758158698678e-03  -3.060095198452e-02  -5.030484795570e-01  -4.358107224107e-03  -1.474231202155e-02  -4.822145998478e-01 
 -5.339244753122e-02  -4.380056634545e-02  -3.939615786076e-01  -7.327696681023e-02   1.339882146567e-02  -4.494627416134e-01  -7.327696681023e-02   1.339882146567e-02  -4.494627416134e-01 
  0.000000000000e+00  -6.443940103054e-02  -4.138463437557e-01   0.000000000000e+00  -6.443940103054e-02  -4.138463437557e-01  -1.284854710102e-01   1.080194786191e-01  -4.857971668243e-01 
 -4.945878311992e-02   1.230960935354e-01  -4.154224395752e-01  -1.007428392768e-01   1.115822643042e-01  -4.923955202103e-01  -1.341605037451e-01  -3.215761855245e-02  -5.883244872093e-01 
 -1.491805762053e-01  -1.534914691001e-02  -7.199627161026e-01   8.454952389002e-03  -3.732830518857e-03  -4.816275238991e-01  -2.806971780956e-02  -2.334073372185e-02  -5.062568187714e-01 
 -2.806971780956e-02  -2.334073372185e-02  -5.062568187714e-01   0.000000000000e+00  -1.393883526325e-01  -4.524215161800e-01   0.000000000000e+00  -1.393883526325e-01  -4.524215161800e-01 
 -1.638717204332e-01   2.820319309831e-02  -5.390092134476e-01   1.497335452586e-02   1.003773361444e-01  -4.391968250275e-01   4.388151864987e-05   8.528483659029e-02  -4.402918815613e-01 
 -5.886121839285e-02   5.444969981909e-02  -4.116321206093e-01  -8.716654777527e-02   2.534811571240e-02  -4.695406258106e-01  -8.516671508551e-02  -7.171835750341e-02  -5.403527021408e-01 
 -1.070106104016e-01  -1.022974476218e-01  -6.783889532089e-01  -1.070106104016e-01  -1.022974476218e-01  -6.783889532089e-01   0.000000000000e+00   0.000000000000e+00  -4.116001129150e-01 
  0.000000000000e+00   0.000000000000e+00  -4.116001129150e-01  -2.569361627102e-01   0.000000000000e+00  -4.321305453777e-01  -5.635821446776e-02   0.000000000000e+00  -4.708200991154e-01 
 -3.769350424409e-02   0.000000000000e+00  -6.759355664253e-01   6.390564143658e-02   0.000000000000e+00  -5.575072169304e-01   8.529932796955e-02   0.000000000000e+00  -4.618411958218e-01 
  4.331767186522e-02   0.000000000000e+00  -4.778038263321e-01   1.499244198203e-02   0.000000000000e+00  -5.197103023529e-01   1.499244198203e-02   0.000000000000e+00  -5.197103023529e-01 
  0.000000000000e+00   0.000000000000e+00  -4.116001129150e-01   0.000000000000e+00   0.000000000000e+00  -4.116001129150e-01  -2.569361627102e-01   0.000000000000e+00  -4.321305453777e-01 
 -5.635821446776e-02   0.000000000000e+00  -4.708200991154e-01  -3.769350424409e-02   0.000000000000e+00  -6.759355664253e-01   6.390564143658e-02   0.000000000000e+00  -5.575072169304e-01 
  8.529932796955e-02   0.000000000000e+00  -4.618411958218e-01   4.331767186522e-02   0.000000000000e+00  -4.778038263321e-01   1.499244198203e-02   0.000000000000e+00  -5.197103023529e-01 
  1.499244198203e-02   0.000000000000e+00  -5.197103023529e-01   0.000000000000e+00  -2.318773865700e-01  -4.474152624607e-01   0.000000000000e+00  -2.318773865700e-01  -4.474152624607e-01 
 -1.167710795999e-01  -2.517878413200e-01  -5.258614420891e-01   7.220629602671e-02  -2.032522857189e-01  -4.533097743988e-01  -2.362900227308e-02  -2.070739567280e-01  -4.507755935192e-01 
 -7.794493436813e-02  -2.087522000074e-01  -4.133454859257e-01  -7.291957736015e-02  -2.353952676058e-01  -4.762959480286e-01  -1.390964239836e-01  -2.492850571871e-01  -4.638165235519e-01 
 -1.419033110142e-01  -2.662699520588e-01  -5.434899926186e-01  -1.419033110142e-01  -2.662699520588e-01  -5.434899926186e-01   0.000000000000e+00  -2.318773865700e-01  -4.474152624607e-01 
  0.000000000000e+00  -2.318773865700e-01  -4.474152624607e-01  -1.167710795999e-01  -2.517878413200e-01  -5.258614420891e-01   7.220629602671e-02  -2.032522857189e-01  -4.533097743988e-01 
 -2.362900227308e-02  -2.070739567280e-01  -4.507755935192e-01  -7.794493436813e-02  -2.087522000074e-01  -4.133454859257e-01  -7.291957736015e-02  -2.353952676058e-01  -4.762959480286e-01 
 -1.390964239836e-01  -2.492850571871e-01  -4.638165235519e-01  -1.419033110142e-01  -2.662699520588e-01  -5.434899926186e-01  -1.419033110142e-01  -2.662699520588e-01  -5.434899926186e-01 
  0.000000000000e+00  -1.095057465136e-02  -3.949263989925e-01   0.000000000000e+00  -1.095057465136e-02  -3.949263989925e-01  -1.543638408184e-01  -3.331527858973e-02  -4.816187918186e-01 
 -6.258291751146e-02  -8.981030434370e-02  -5.032146573067e-01  -7.176893949509e-02  -1.451925337315e-01  -6.809938549995e-01   8.423668891191e-02  -5.215648189187e-02  -4.951828420162e-01 
  4.104309529066e-02  -5.953012779355e-02  -5.132254958153e-01  -6.826517730951e-02  -5.560623481870e-02  -4.319116771221e-01  -9.565404802561e-02  -5.178604274988e-02  -4.609774649143e-01 
 -9.565404802561e-02  -5.178604274988e-02  -4.609774649143e-01   0.000000000000e+00   5.348351225257e-02  -3.655271232128e-01   0.000000000000e+00   5.348351225257e-02  -3.655271232128e-01 
 -1.126457154751e-01   1.664624512196e-01  -4.627766907215e-01  -5.667619407177e-02   1.276084929705e-01  -3.743649721146e-01  -1.071808636189e-01   1.213958114386e-01  -4.042493999004e-01 
 -1.648436859250e-02   1.213615909219e-01  -4.429976642132e-01  -4.861480742693e-02   6.094479933381e-02  -5.821781158447e-01   3.349793702364e-02   8.733572810888e-02  -4.212222695351e-01 
 -1.866375654936e-02   3.290530666709e-02  -4.824626147747e-01  -1.866375654936e-02   3.290530666709e-02  -4.824626147747e-01   0.000000000000e+00   5.349662154913e-02  -4.263733625412e-01 
  0.000000000000e+00   5.349662154913e-02  -4.263733625412e-01  -1.707506626844e-01   1.190856005996e-02  -7.381448149681e-01   7.592001557350e-02  -2.149312198162e-02  -5.584807991982e-01 
 -6.654559168965e-03   1.048507727683e-02  -5.103175044060e-01  -5.997050553560e-02  -1.899771019816e-02  -4.122896790504e-01  -7.773794978857e-02   5.597806349397e-02  -4.436329901218e-01 
 -6.418746709824e-02   5.728612095118e-02  -4.768988490105e-01  -1.214455217123e-01  -1.665358990431e-02  -6.699567437172e-01  -1.214455217123e-01  -1.665358990431e-02  -6.699567437172e-01 
  0.000000000000e+00  -6.211550906301e-02  -3.585786521435e-01   0.000000000000e+00  -6.211550906301e-02  -3.585786521435e-01  -1.640155166388e-01   3.560994565487e-02  -4.365122020245e-01 
 -2.733325399458e-02  -8.893818408251e-02  -5.475329756737e-01  -7.818623632193e-02  -2.846777997911e-02  -7.210521697998e-01  -4.758158698678e-03  -3.060095198452e-02  -5.030484795570e-01 
 -4.358107224107e-03  -1.474231202155e-02  -4.822145998478e-01  -5.339244753122e-02  -4.380056634545e-02  -3.939615786076e-01  -7.327696681023e-02   1.339882146567e-02  -4.494627416134e-01 
 -7.327696681023e-02   1.339882146567e-02  -4.494627416134e-01   0.000000000000e+00  -6.443940103054e-02  -4.138463437557e-01   0.000000000000e+00  -6.443940103054e-02  -4.138463437557e-01 
 -1.284854710102e-01   1.080194786191e-01  -4.857971668243e-01  -4.945878311992e-02   1.230960935354e-01  -4.154224395752e-01  -1.007428392768e-01   1.115822643042e-01  -4.923955202103e-01 
 -1.341605037451e-01  -3.215761855245e-02  -5.883244872093e-01  -1.491805762053e-01  -1.534914691001e-02  -7.199627161026e-01   8.454952389002e-03  -3.732830518857e-03  -4.816275238991e-01 
 -2.806971780956e-02  -2.334073372185e-02  -5.062568187714e-01  -2.806971780956e-02  -2.334073372185e-02  -5.062568187714e-01   0.000000000000e+00  -1.393883526325e-01  -4.524215161800e-01 
  0.000000000000e+00  -1.393883526325e-01  -4.524215161800e-01  -1.638717204332e-01   2.820319309831e-02  -5.390092134476e-01   1.497335452586e-02   1.003773361444e-01  -4.391968250275e-01 
  4.388151864987e-05   8.528483659029e-02  -4.402918815613e-01  -5.886121839285e-02   5.444969981909e-02  -4.116321206093e-01  -8.716654777527e-02   2.534811571240e-02  -4.695406258106e-01 
 -8.516671508551e-02  -7.171835750341e-02  -5.403527021408e-01  -1.070106104016e-01  -1.022974476218e-01  -6.783889532089e-01  -1.070106104016e-01  -1.022974476218e-01  -6.783889532089e-01 
  0.000000000000e+00   0.000000000000e+00  -4.116001129150e-01   0.000000000000e+00   0.000000000000e+00  -4.116001129150e-01  -2.569361627102e-01   0.000000000000e+00  -4.321305453777e-01 
 -5.635821446776e-02   0.000000000000e+00  -4.708200991154e-01  -3.769350424409e-02   0.000000000000e+00  -6.759355664253e-01   6.390564143658e-02   0.000000000000e+00  -5.575072169304e-01 
  8.529932796955e-02   0.000000000000e+00  -4.618411958218e-01   4.331767186522e-02   0.000000000000e+00  -4.778038263321e-01   1.499244198203e-02   0.000000000000e+00  -5.197103023529e-01 
  1.499244198203e-02   0.000000000000e+00  -5.197103023529e-01   0.000000000000e+00   0.000000000000e+00  -4.116001129150e-01   0.000000000000e+00   0.000000000000e+00  -4.116001129150e-01 
 -2.569361627102e-01   0.000000000000e+00  -4.321305453777e-01  -5.635821446776e-02   0.000000000000e+00  -4.708200991154e-01  -3.769350424409e-02   0.000000000000e+00  -6.759355664253e-01 
  6.390564143658e-02   0.000000000000e+00  -5.575072169304e-01   8.529932796955e-02   0.000000000000e+00  -4.618411958218e-01   4.331767186522e-02   0.000000000000e+00  -4.778038263321e-01 
  1.499244198203e-02   0.000000000000e+00  -5.197103023529e-01   1.499244198203e-02   0.000000000000e+00  -5.197103023529e-01   0.000000000000e+00  -3.036309182644e-01  -8.974440097809e-01 
  0.000000000000e+00  -3.036309182644e-01  -8.974440097809e-01  -1.561580002308e-01  -3.142940998077e-01  -1.002107501030e+00  -3.034393675625e-02  -3.000056743622e-01  -1.113123893738e+00 
 -5.466615408659e-02  -3.055443763733e-01  -1.130508542061e+00  -5.361605063081e-02  -3.121907711029e-01  -1.172435879707e+00  -5.791363492608e-02  -3.212552964687e-01  -1.124785661697e+00 
 -4.410266503692e-02  -3.276717960835e-01  -1.070513725281e+00  -2.662117965519e-02  -3.286255896091e-01  -9.798824191093e-01  -2.662117965519e-02  -3.286255896091e-01  -9.798824191093e-01 
  0.000000000000e+00  -3.036309182644e-01  -8.974440097809e-01   0.000000000000e+00  -3.036309182644e-01  -8.974440097809e-01  -1.561580002308e-01  -3.142940998077e-01  -1.002107501030e+00 
 -3.034393675625e-02  -3.000056743622e-01  -1.113123893738e+00  -5.466615408659e-02  -3.055443763733e-01  -1.130508542061e+00  -5.361605063081e-02  -3.121907711029e-01  -1.172435879707e+00 
 -5.791363492608e-02  -3.212552964687e-01  -1.124785661697e+00  -4.410266503692e-02  -3.276717960835e-01  -1.070513725281e+00  -2.662117965519e-02  -3.286255896091e-01  -9.798824191093e-01 
 -2.662117965519e-02  -3.286255896091e-01  -9.798824191093e-01   0.000000000000e+00  -6.157337129116e-02  -1.012191653252e+00   0.000000000000e+00  -6.157337129116e-02  -1.012191653252e+00 
 -1.685976833105e-01  -6.826154142618e-02  -1.031872749329e+00  -3.744105622172e-02  -7.146608829498e-02  -1.063992857933e+00  -5.554491654038e-02  -7.456801831722e-02  -1.003776907921e+00 
 -5.054686218500e-02  -8.252410590649e-02  -1.128043055534e+00  -3.945636749268e-02  -8.755830675364e-02  -1.179923534393e+00  -2.800318412483e-02  -9.139996767044e-02  -1.193543910980e+00 
 -1.576847769320e-02  -9.174232184887e-02  -1.169214844704e+00  -1.576847769320e-02  -9.174232184887e-02  -1.169214844704e+00   0.000000000000e+00   1.263751536608e-01  -9.807360172272e-01 
  0.000000000000e+00   1.263751536608e-01  -9.807360172272e-01  -1.613814234734e-01   1.169462800026e-01  -1.006591796875e+00  -4.251172393560e-02   9.673710167408e-02  -1.167164921761e+00 
 -6.153983250260e-02   9.184288978577e-02  -1.198111653328e+00  -5.105582997203e-02   1.119094863534e-01  -1.163932204247e+00  -3.907873481512e-02   1.161849945784e-01  -9.869193434715e-01 
 -2.171913161874e-02   1.479579508305e-01  -1.109240412712e+00  -1.697536371648e-02   1.523988842964e-01  -1.111060976982e+00  -1.697536371648e-02   1.523988842964e-01  -1.111060976982e+00 
  0.000000000000e+00   2.277530170977e-02  -8.999412655830e-01   0.000000000000e+00   2.277530170977e-02  -8.999412655830e-01  -1.511176377535e-01   2.802567742765e-02  -8.335701823235e-01 
 -4.181992262602e-02   3.122504428029e-02  -1.093561410904e+00  -6.512922048569e-02   2.425636351109e-02  -1.156203866005e+00  -4.454908519983e-02   3.003209643066e-02  -1.194890856743e+00 
 -4.285688325763e-02   2.776861935854e-02  -1.173900842667e+00  -3.655133396387e-02   2.857814915478e-02  -1.107596397400e+00  -3.314555063844e-02   2.146149426699e-02  -9.222349524498e-01 
 -3.314555063844e-02   2.146149426699e-02  -9.222349524498e-01   0.000000000000e+00  -3.286204859614e-02  -1.071499466896e+00   0.000000000000e+00  -3.286204859614e-02  -1.071499466896e+00 
 -1.623220145702e-01  -3.690936043859e-02  -1.112897634506e+00  -4.339038580656e-02  -4.394742846489e-02  -1.126075148582e+00  -6.592746824026e-02  -4.679950699210e-02  -9.540958404541e-01 
 -3.422388061881e-02  -3.880924731493e-02  -1.080213785172e+00  -3.744345158339e-02  -2.709635905921e-02  -1.143293142319e+00  -2.572647854686e-02  -2.421290054917e-02  -1.198681592941e+00 
 -1.859451085329e-02  -1.879474893212e-02  -1.149057030678e+00  -1.859451085329e-02  -1.879474893212e-02  -1.149057030678e+00   0.000000000000e+00   1.489337254316e-02  -1.004507303238e+00 
  0.000000000000e+00   1.489337254316e-02  -1.004507303238e+00  -1.516290903091e-01   2.163918688893e-02  -1.094266176224e+00  -2.798126637936e-02   3.279561549425e-02  -1.216448187828e+00 
 -6.209329888225e-02   3.914789855480e-02  -1.177435994148e+00  -5.103356018662e-02   3.056077472866e-02  -1.089298486710e+00  -5.016752704978e-02   2.662659622729e-02  -9.936755299568e-01 
 -2.893366478384e-02   2.428771369159e-02  -1.099928617477e+00  -1.538508012891e-02   2.752415090799e-02  -1.059752941132e+00  -1.538508012891e-02   2.752415090799e-02  -1.059752941132e+00 
  0.000000000000e+00  -3.954369947314e-02  -8.536865115166e-01   0.000000000000e+00  -3.954369947314e-02  -8.536865115166e-01  -1.589073687792e-01  -4.266750440001e-02  -8.627030253410e-01 
 -2.127907611430e-02  -2.734334394336e-02  -1.112684011459e+00  -4.157462343574e-02  -4.132512956858e-03  -1.174393892288e+00  -3.479323908687e-02   1.412065466866e-03  -1.240211844444e+00 
 -5.426499992609e-02  -4.956044256687e-03  -1.221624493599e+00  -3.389762341976e-02  -1.324510015547e-02  -1.109452962875e+00  -2.753022825345e-03  -6.954938173294e-03  -9.213245511055e-01 
 -2.753022825345e-03  -6.954938173294e-03  -9.213245511055e-01   0.000000000000e+00   0.000000000000e+00  -8.127204775810e-01   0.000000000000e+00   0.000000000000e+00  -8.127204775810e-01 
 -1.777254045010e-01   0.000000000000e+00  -8.905410170555e-01  -5.075159668922e-02   0.000000000000e+00  -1.003263473511e+00  -3.497280925512e-02   0.000000000000e+00  -8.961749672890e-01 
 -1.274696644396e-02   0.000000000000e+00  -1.159729480743e+00  -6.364830583334e-02   0.000000000000e+00  -1.323357462883e+00  -2.990174293518e-02   0.000000000000e+00  -1.340607762337e+00 
 -4.857444670051e-03   0.000000000000e+00  -1.276469469070e+00  -4.857444670051e-03   0.000000000000e+00  -1.276469469070e+00   0.000000000000e+00   0.000000000000e+00  -8.127204775810e-01 
  0.000000000000e+00   0.000000000000e+00  -8.127204775810e-01  -1.777254045010e-01   0.000000000000e+00  -8.905410170555e-01  -5.075159668922e-02   0.000000000000e+00  -1.003263473511e+00 
 -3.497280925512e-02   0.000000000000e+00  -8.961749672890e-01  -1.274696644396e-02   0.000000000000e+00  -1.159729480743e+00  -6.364830583334e-02   0.000000000000e+00  -1.323357462883e+00 
 -2.990174293518e-02   0.000000000000e+00  -1.340607762337e+00  -4.857444670051e-03   0.000000000000e+00  -1.276469469070e+00  -4.857444670051e-03   0.000000000000e+00  -1.276469469070e+00 
  0.000000000000e+00  -2.454038858414e-01  -9.890084266663e-01   0.000000000000e+00  -2.454038858414e-01  -9.890084266663e-01  -1.337587684393e-01  -2.557923197746e-01  -1.027195096016e+00 
 -4.584095254540e-02  -2.467962503433e-01  -1.040578842163e+00  -4.523459821939e-02  -2.506822049618e-01  -1.030729651451e+00  -4.190402105451e-02  -2.542819678783e-01  -1.017583131790e+00 
 -3.420551493764e-02  -2.595912218094e-01  -1.004896998405e+00  -3.298650681973e-02  -2.659191489220e-01  -9.920800924301e-01  -1.774486340582e-02  -2.702400386333e-01  -9.827741980553e-01 
 -1.774486340582e-02  -2.702400386333e-01  -9.827741980553e-01   0.000000000000e+00  -2.454038858414e-01  -9.890084266663e-01   0.000000000000e+00  -2.454038858414e-01  -9.890084266663e-01 
 -1.337587684393e-01  -2.557923197746e-01  -1.027195096016e+00  -4.584095254540e-02  -2.467962503433e-01  -1.040578842163e+00  -4.523459821939e-02  -2.506822049618e-01  -1.030729651451e+00 
 -4.190402105451e-02  -2.542819678783e-01  -1.017583131790e+00  -3.420551493764e-02  -2.595912218094e-01  -1.004896998405e+00  -3.298650681973e-02  -2.659191489220e-01  -9.920800924301e-01 
 -1.774486340582e-02  -2.702400386333e-01  -9.827741980553e-01  -1.774486340582e-02  -2.702400386333e-01  -9.827741980553e-01   0.000000000000e+00  -2.567987889051e-02  -9.291700720787e-01 
  0.000000000000e+00  -2.567987889051e-02  -9.291700720787e-01  -1.390644758940e-01  -2.747670002282e-02  -1.016418218613e+00  -5.115805938840e-02  -2.955306693912e-02  -1.040240168571e+00 
 -4.657081514597e-02  -3.073528222740e-02  -1.032225966454e+00  -3.929345682263e-02  -3.373169153929e-02  -1.016599774361e+00  -2.746395580471e-02  -3.650767728686e-02  -1.000501513481e+00 
 -2.198658697307e-02  -3.324362263083e-02  -9.926108121872e-01  -1.193424500525e-02  -3.322445973754e-02  -9.868108034134e-01  -1.193424500525e-02  -3.322445973754e-02  -9.868108034134e-01 
  0.000000000000e+00   3.812217712402e-02  -9.104194045067e-01   0.000000000000e+00   3.812217712402e-02  -9.104194045067e-01  -1.372104287148e-01   4.028122872114e-02  -9.588284492493e-01 
 -4.208233579993e-02   5.689679831266e-02  -1.024280786514e+00  -4.300256446004e-02   6.223006919026e-02  -1.014189600945e+00  -4.635979607701e-02   4.665512219071e-02  -1.014223814011e+00 
 -3.801076859236e-02   4.570135846734e-02  -9.606601595879e-01  -2.011830918491e-02   5.429026857018e-02  -9.882749319077e-01  -1.840120181441e-02   5.524935200810e-02  -9.918773770332e-01 
 -1.840120181441e-02   5.524935200810e-02  -9.918773770332e-01   0.000000000000e+00   3.999141603708e-02  -7.659562826157e-01   0.000000000000e+00   3.999141603708e-02  -7.659562826157e-01 
 -1.336632817984e-01   3.918327391148e-02  -8.830163478851e-01  -4.530152678490e-02   3.486700728536e-02  -1.011655569077e+00  -4.601508378983e-02   3.295725584030e-02  -1.004306793213e+00 
 -3.544760122895e-02   4.514145106077e-02  -1.002019286156e+00  -2.979237399995e-02   5.309417098761e-02  -9.898587465286e-01  -3.215884789824e-02   4.342028498650e-02  -9.861711263657e-01 
 -2.685712650418e-02   3.573363274336e-02  -9.270858764648e-01  -2.685712650418e-02   3.573363274336e-02  -9.270858764648e-01   0.000000000000e+00  -3.429444134235e-02  -9.587335586548e-01 
  0.000000000000e+00  -3.429444134235e-02  -9.587335586548e-01  -1.321158856153e-01  -3.169363737106e-02  -1.010828018188e+00  -5.768743157387e-02  -4.488610848784e-02  -1.035684943199e+00 
 -5.414122715592e-02  -5.300800502300e-02  -9.398883581161e-01  -3.515224903822e-02  -5.079626291990e-02  -9.906034469604e-01  -2.701733075082e-02  -4.449580237269e-02  -9.932143092155e-01 
 -1.989334821701e-02  -2.750406228006e-02  -9.834128618240e-01  -1.197845675051e-02  -1.263683941215e-02  -9.802342057228e-01  -1.197845675051e-02  -1.263683941215e-02  -9.802342057228e-01 
  0.000000000000e+00   4.338695202023e-03  -9.088196158409e-01   0.000000000000e+00   4.338695202023e-03  -9.088196158409e-01  -1.241177171469e-01   1.409792061895e-02  -9.808507561684e-01 
 -3.749586269259e-02   2.833943255246e-02  -1.033493041992e+00  -4.083935171366e-02   3.804430365562e-02  -1.029500842094e+00  -4.465994238853e-02   3.171467781067e-02  -1.022093415260e+00 
 -3.501414880157e-02   2.505309879780e-02  -9.827532172203e-01  -2.611665800214e-02   1.995732448995e-02  -9.817520976067e-01  -2.356489188969e-02   1.479634735733e-02  -9.832895398140e-01 
 -2.356489188969e-02   1.479634735733e-02  -9.832895398140e-01   0.000000000000e+00  -3.278358653188e-02  -8.052346706390e-01   0.000000000000e+00  -3.278358653188e-02  -8.052346706390e-01 
 -1.352506577969e-01  -3.961030021310e-02  -9.011180996895e-01  -3.554854914546e-02  -2.971372194588e-02  -1.018176794052e+00  -2.902835235000e-02  -1.224262267351e-02  -1.023117303848e+00 
 -1.865452528000e-02   8.827683515847e-03  -1.020181298256e+00  -2.471804991364e-02   1.440456509590e-02  -1.002207994461e+00  -3.535252064466e-02   4.390063695610e-03  -9.797151088715e-01 
 -2.679964713752e-02   1.448250841349e-04  -9.074856638908e-01  -2.679964713752e-02   1.448250841349e-04  -9.074856638908e-01   0.000000000000e+00   0.000000000000e+00  -8.718100190163e-01 
  0.000000000000e+00   0.000000000000e+00  -8.718100190163e-01  -1.442939490080e-01   0.000000000000e+00  -9.630394577980e-01  -5.904800817370e-02   0.000000000000e+00  -1.040952205658e+00 
 -3.200767934322e-02   0.000000000000e+00  -9.675671458244e-01   8.544604294002e-03   0.000000000000e+00  -9.789926409721e-01  -1.450221519917e-02   0.000000000000e+00  -1.012611031532e+00 
 -2.583817578852e-02   0.000000000000e+00  -9.938929080963e-01  -1.138018071651e-02   0.000000000000e+00  -9.590970873833e-01  -1.138018071651e-02   0.000000000000e+00  -9.590970873833e-01 
  0.000000000000e+00   0.000000000000e+00  -8.718100190163e-01   0.000000000000e+00   0.000000000000e+00  -8.718100190163e-01  -1.442939490080e-01   0.000000000000e+00  -9.630394577980e-01 
 -5.904800817370e-02   0.000000000000e+00  -1.040952205658e+00  -3.200767934322e-02   0.000000000000e+00  -9.675671458244e-01   8.544604294002e-03   0.000000000000e+00  -9.789926409721e-01 
 -1.450221519917e-02   0.000000000000e+00  -1.012611031532e+00  -2.583817578852e-02   0.000000000000e+00  -9.938929080963e-01  -1.138018071651e-02   0.000000000000e+00  -9.590970873833e-01 
 -1.138018071651e-02   0.000000000000e+00  -9.590970873833e-01   0.000000000000e+00  -1.399416923523e-01  -5.950624346733e-01   0.000000000000e+00  -1.399416923523e-01  -5.950624346733e-01 
 -1.047152802348e-01  -1.659345179796e-01  -8.976150751114e-01  -6.564287096262e-02  -1.784948557615e-01  -1.065843105316e+00  -3.460054472089e-02  -1.859017759562e-01  -1.057368993759e+00 
 -3.950284048915e-02  -1.927452087402e-01  -1.051884174347e+00  -1.953403837979e-02  -1.961332410574e-01  -1.039911508560e+00  -2.029594965279e-02  -2.004362344742e-01  -1.025788426399e+00 
 -8.025703951716e-03  -2.023643702269e-01  -1.014031410217e+00  -8.025703951716e-03  -2.023643702269e-01  -1.014031410217e+00   0.000000000000e+00  -1.399416923523e-01  -5.950624346733e-01 
  0.000000000000e+00  -1.399416923523e-01  -5.950624346733e-01  -1.047152802348e-01  -1.659345179796e-01  -8.976150751114e-01  -6.564287096262e-02  -1.784948557615e-01  -1.065843105316e+00 
 -3.460054472089e-02  -1.859017759562e-01  -1.057368993759e+00  -3.950284048915e-02  -1.927452087402e-01  -1.051884174347e+00  -1.953403837979e-02  -1.961332410574e-01  -1.039911508560e+00 
 -2.029594965279e-02  -2.004362344742e-01  -1.025788426399e+00  -8.025703951716e-03  -2.023643702269e-01  -1.014031410217e+00  -8.025703951716e-03  -2.023643702269e-01  -1.014031410217e+00 
  0.000000000000e+00  -1.068515051156e-02  -6.049535870552e-01   0.000000000000e+00  -1.068515051156e-02  -6.049535870552e-01  -1.012091487646e-01   3.026531822979e-02  -9.233460426331e-01 
 -6.475003063679e-02   3.118328750134e-02  -1.060493707657e+00  -3.340770676732e-02   3.089129179716e-02  -1.047640323639e+00  -4.115339741111e-02   2.971139736474e-02  -1.044561147690e+00 
 -1.905068941414e-02   2.753591351211e-02  -1.037790536880e+00  -1.728930138052e-02   2.740242518485e-02  -1.030943512917e+00  -6.661453284323e-03   2.764082327485e-02  -1.024962782860e+00 
 -6.661453284323e-03   2.764082327485e-02  -1.024962782860e+00   0.000000000000e+00   1.742585748434e-02  -4.272016584873e-01   0.000000000000e+00   1.742585748434e-02  -4.272016584873e-01 
 -1.079161837697e-01  -1.585288904607e-02  -8.454575538635e-01  -6.310645490885e-02  -1.093485392630e-02  -1.056623339653e+00  -3.089058212936e-02  -9.452101774514e-03  -1.048750162125e+00 
 -3.984209895134e-02  -1.268748007715e-02  -1.042078495026e+00  -2.226595208049e-02  -1.178428623825e-02  -1.030047535896e+00  -1.707111112773e-02  -5.896617658436e-03  -1.023511648178e+00 
 -7.519670296460e-03  -4.169989377260e-03  -1.014510989189e+00  -7.519670296460e-03  -4.169989377260e-03  -1.014510989189e+00   0.000000000000e+00   4.166996106505e-02  -5.471415519714e-01 
  0.000000000000e+00   4.166996106505e-02  -5.471415519714e-01  -9.994824230671e-02   3.783303871751e-02  -8.964226245880e-01  -6.110637634993e-02   4.047388955951e-02  -1.050433874130e+00 
 -3.231805562973e-02   4.061565920711e-02  -1.047146797180e+00  -3.552912548184e-02   4.492865875363e-02  -1.042637228966e+00  -1.894101873040e-02   4.842233657837e-02  -1.034481763840e+00 
 -1.953753642738e-02   4.688891768456e-02  -1.022707819939e+00  -1.069482509047e-02   4.396205022931e-02  -1.008172154427e+00  -1.069482509047e-02   4.396205022931e-02  -1.008172154427e+00 
  0.000000000000e+00  -2.173798531294e-02  -3.463198840618e-01   0.000000000000e+00  -2.173798531294e-02  -3.463198840618e-01  -1.012180447578e-01  -3.201288729906e-02  -8.323198556900e-01 
 -6.791564822197e-02  -3.842340409756e-02  -1.056257128716e+00  -3.673648461699e-02  -4.115633293986e-02  -1.039880275726e+00  -3.513941168785e-02  -3.853183984756e-02  -1.032031178474e+00 
 -1.840360090137e-02  -3.642319142818e-02  -1.024441480637e+00  -1.802944950759e-02  -3.275475651026e-02  -1.020667314529e+00  -6.194468587637e-03  -2.817974984646e-02  -1.014884710312e+00 
 -6.194468587637e-03  -2.817974984646e-02  -1.014884710312e+00   0.000000000000e+00   5.443050176837e-04  -4.745562076569e-01   0.000000000000e+00   5.443050176837e-04  -4.745562076569e-01 
 -1.009254530072e-01   1.262128911912e-02  -8.574874401093e-01  -6.214463710785e-02   1.764683984220e-02  -1.056290626526e+00  -2.948270924389e-02   2.341173030436e-02  -1.055038332939e+00 
 -3.875875100493e-02   2.060687541962e-02  -1.047898054123e+00  -2.224919013679e-02   1.716861687601e-02  -1.036645770073e+00  -2.080618403852e-02   1.490884460509e-02  -1.027519822121e+00 
 -7.964742369950e-03   1.399083249271e-02  -1.005851626396e+00  -7.964742369950e-03   1.399083249271e-02  -1.005851626396e+00   0.000000000000e+00  -3.162483870983e-02  -5.211377143860e-01 
  0.000000000000e+00  -3.162483870983e-02  -5.211377143860e-01  -9.836897999048e-02  -2.313437685370e-02  -8.837591409683e-01  -5.641627311707e-02  -1.343380194157e-02  -1.037307977676e+00 
 -2.380369789898e-02  -4.520122893155e-03  -1.039361000061e+00  -3.256122395396e-02   1.031637424603e-03  -1.047819375992e+00  -1.718148216605e-02   3.692995291203e-03  -1.049471616745e+00 
 -2.370587922633e-02   1.051861443557e-03  -1.037258744240e+00  -1.289192866534e-02  -2.848963253200e-03  -1.011456608772e+00  -1.289192866534e-02  -2.848963253200e-03  -1.011456608772e+00 
  0.000000000000e+00   0.000000000000e+00  -4.940284490585e-01   0.000000000000e+00   0.000000000000e+00  -4.940284490585e-01  -1.008387878537e-01   0.000000000000e+00  -8.935353755951e-01 
 -6.103207916021e-02   0.000000000000e+00  -1.040884494781e+00  -2.820003405213e-02   0.000000000000e+00  -1.019769310951e+00  -2.759244851768e-02   0.000000000000e+00  -1.030142784119e+00 
 -1.055999100208e-02   0.000000000000e+00  -1.055473923683e+00  -2.174271456897e-02   0.000000000000e+00  -1.055331826210e+00  -1.028055697680e-02   0.000000000000e+00  -1.053968548775e+00 
 -1.028055697680e-02   0.000000000000e+00  -1.053968548775e+00   0.000000000000e+00   0.000000000000e+00  -4.940284490585e-01   0.000000000000e+00   0.000000000000e+00  -4.940284490585e-01 
 -1.008387878537e-01   0.000000000000e+00  -8.935353755951e-01  -6.103207916021e-02   0.000000000000e+00  -1.040884494781e+00  -2.820003405213e-02   0.000000000000e+00  -1.019769310951e+00 
 -2.759244851768e-02   0.000000000000e+00  -1.030142784119e+00  -1.055999100208e-02   0.000000000000e+00  -1.055473923683e+00  -2.174271456897e-02   0.000000000000e+00  -1.055331826210e+00 
 -1.028055697680e-02   0.000000000000e+00  -1.053968548775e+00  -1.028055697680e-02   0.000000000000e+00  -1.053968548775e+00   0.000000000000e+00  -8.657750487328e-02  -3.477427363396e-01 
  0.000000000000e+00  -8.657750487328e-02  -3.477427363396e-01  -6.364065408707e-02  -1.043749079108e-01  -8.277955651283e-01  -5.283672362566e-02  -1.245484873652e-01  -1.097160935402e+00 
 -2.168852463365e-02  -1.308189332485e-01  -1.080886363983e+00  -2.913476340473e-02  -1.372705847025e-01  -1.066670417786e+00  -9.609084576368e-03  -1.393105834723e-01  -1.055240511894e+00 
 -1.299969572574e-02  -1.425723433495e-01  -1.046093463898e+00  -3.022367600352e-03  -1.435155719519e-01  -1.039721965790e+00  -3.022367600352e-03  -1.435155719519e-01  -1.039721965790e+00 
  0.000000000000e+00  -8.657750487328e-02  -3.477427363396e-01   0.000000000000e+00  -8.657750487328e-02  -3.477427363396e-01  -6.364065408707e-02  -1.043749079108e-01  -8.277955651283e-01 
 -5.283672362566e-02  -1.245484873652e-01  -1.097160935402e+00  -2.168852463365e-02  -1.308189332485e-01  -1.080886363983e+00  -2.913476340473e-02  -1.372705847025e-01  -1.066670417786e+00 
 -9.609084576368e-03  -1.393105834723e-01  -1.055240511894e+00  -1.299969572574e-02  -1.425723433495e-01  -1.046093463898e+00  -3.022367600352e-03  -1.435155719519e-01  -1.039721965790e+00 
 -3.022367600352e-03  -1.435155719519e-01  -1.039721965790e+00   0.000000000000e+00   1.420329790562e-02  -4.420290589333e-01   0.000000000000e+00   1.420329790562e-02  -4.420290589333e-01 
 -6.333955377340e-02   7.423806190491e-02  -8.693246841431e-01  -5.493060126901e-02   7.638498395681e-02  -1.098392128944e+00  -1.953468844295e-02   7.964123785496e-02  -1.081326961517e+00 
 -3.054258041084e-02   8.029370009899e-02  -1.067764997482e+00  -9.142201393843e-03   8.120962232351e-02  -1.055815935135e+00  -1.211593300104e-02   8.214269578457e-02  -1.047704219818e+00 
 -2.452005865052e-03   8.250506222248e-02  -1.042144536972e+00  -2.452005865052e-03   8.250506222248e-02  -1.042144536972e+00   0.000000000000e+00  -3.437561541796e-02  -4.518250226974e-01 
  0.000000000000e+00  -3.437561541796e-02  -4.518250226974e-01  -5.820063501596e-02  -5.862718820572e-02  -8.510822057724e-01  -5.103040859103e-02  -5.235565453768e-02  -1.067654609680e+00 
 -1.673230156302e-02  -5.217919871211e-02  -1.049944400787e+00  -3.036978282034e-02  -5.059312656522e-02  -1.037610292435e+00  -9.151270613074e-03  -4.923876002431e-02  -1.024482011795e+00 
 -1.267024409026e-02  -4.813852533698e-02  -1.017407178879e+00  -2.831313293427e-03  -4.780630022287e-02  -1.012063860893e+00  -2.831313293427e-03  -4.780630022287e-02  -1.012063860893e+00 
  0.000000000000e+00   4.105389490724e-02  -4.454019665718e-01   0.000000000000e+00   4.105389490724e-02  -4.454019665718e-01  -5.655136704445e-02   3.338540345430e-02  -8.232746720314e-01 
 -5.048019438982e-02   3.341097012162e-02  -1.082533359528e+00  -1.878619007766e-02   3.249871358275e-02  -1.065058112144e+00  -2.789702638984e-02   3.483776003122e-02  -1.054020643234e+00 
 -9.307246655226e-03   3.534258529544e-02  -1.043642759323e+00  -1.247838791460e-02   3.554226085544e-02  -1.035180568695e+00  -3.317277412862e-03   3.512905538082e-02  -1.026896119118e+00 
 -3.317277412862e-03   3.512905538082e-02  -1.026896119118e+00   0.000000000000e+00  -3.655362129211e-02  -4.397905766964e-01   0.000000000000e+00  -3.655362129211e-02  -4.397905766964e-01 
 -4.812229424715e-02  -3.274001553655e-02  -8.553663492203e-01  -4.776548966765e-02  -2.899820730090e-02  -1.077981710434e+00  -1.869387365878e-02  -2.677590027452e-02  -1.055461287498e+00 
 -2.739394642413e-02  -2.540355175734e-02  -1.043972849846e+00  -9.256229735911e-03  -2.462003193796e-02  -1.033673405647e+00  -1.236194092780e-02  -2.412002347410e-02  -1.025669813156e+00 
 -3.197693731636e-03  -2.383915148675e-02  -1.020712852478e+00  -3.197693731636e-03  -2.383915148675e-02  -1.020712852478e+00   0.000000000000e+00   1.404644921422e-02  -4.803744554520e-01 
  0.000000000000e+00   1.404644921422e-02  -4.803744554520e-01  -5.568685382605e-02   9.419558569789e-03  -8.718548417091e-01  -4.813012480736e-02   8.782565593719e-03  -1.086528658867e+00 
 -1.744043454528e-02   1.000017300248e-02  -1.070263981819e+00  -2.580969035625e-02   1.110143121332e-02  -1.056408882141e+00  -9.003114886582e-03   1.122673787177e-02  -1.042358756065e+00 
 -1.295144110918e-02   1.070371177047e-02  -1.032126188278e+00  -4.679016768932e-03   9.658912196755e-03  -1.026532530785e+00  -4.679016768932e-03   9.658912196755e-03  -1.026532530785e+00 
  0.000000000000e+00  -1.343092042953e-02  -4.780929982662e-01   0.000000000000e+00  -1.343092042953e-02  -4.780929982662e-01  -5.530707165599e-02  -8.011624217033e-03  -8.675908446312e-01 
 -4.923655465245e-02  -7.184760645032e-03  -1.079967021942e+00  -1.605278067291e-02  -4.199633374810e-03  -1.067277669907e+00  -2.306965738535e-02  -1.293987617828e-03  -1.056683540344e+00 
 -6.524453405291e-03   5.512588541023e-04  -1.045927286148e+00  -1.256055664271e-02   6.874548271298e-04  -1.034566998482e+00  -4.668534267694e-03   1.814143179217e-04  -1.025187849998e+00 
 -4.668534267694e-03   1.814143179217e-04  -1.025187849998e+00   0.000000000000e+00   0.000000000000e+00  -4.461308121681e-01   0.000000000000e+00   0.000000000000e+00  -4.461308121681e-01 
 -5.539522320032e-02   0.000000000000e+00  -8.791249990463e-01  -5.102561041713e-02   0.000000000000e+00  -1.080293416977e+00  -1.766371913254e-02   0.000000000000e+00  -1.064566373825e+00 
 -2.159822173417e-02   0.000000000000e+00  -1.055922985077e+00  -4.043508786708e-03   0.000000000000e+00  -1.049221992493e+00  -1.109908893704e-02   0.000000000000e+00  -1.039640784264e+00 
 -2.279598498717e-03   0.000000000000e+00  -1.030633568764e+00  -2.279598498717e-03   0.000000000000e+00  -1.030633568764e+00   0.000000000000e+00   0.000000000000e+00  -4.461308121681e-01 
  0.000000000000e+00   0.000000000000e+00  -4.461308121681e-01  -5.539522320032e-02   0.000000000000e+00  -8.791249990463e-01  -5.102561041713e-02   0.000000000000e+00  -1.080293416977e+00 
 -1.766371913254e-02   0.000000000000e+00  -1.064566373825e+00  -2.159822173417e-02   0.000000000000e+00  -1.055922985077e+00  -4.043508786708e-03   0.000000000000e+00  -1.049221992493e+00 
 -1.109908893704e-02   0.000000000000e+00  -1.039640784264e+00  -2.279598498717e-03   0.000000000000e+00  -1.030633568764e+00  -2.279598498717e-03   0.000000000000e+00  -1.030633568764e+00 
  0.000000000000e+00  -4.806853458285e-02  -4.490004777908e-01   0.000000000000e+00  -4.806853458285e-02  -4.490004777908e-01  -4.530901834369e-02  -6.740873306990e-02  -8.229368925095e-01 
 -3.920694440603e-02  -7.747797667980e-02  -1.094886302948e+00  -1.400183886290e-02  -8.267839998007e-02  -1.085035562515e+00  -2.218595705926e-02  -8.714170008898e-02  -1.063050508499e+00 
 -6.058220285922e-03  -8.797357976437e-02  -1.051719784737e+00  -9.530737996101e-03  -9.000258147717e-02  -1.042309403419e+00  -1.845452818088e-03  -9.029961377382e-02  -1.037390947342e+00 
 -1.845452818088e-03  -9.029961377382e-02  -1.037390947342e+00   0.000000000000e+00  -4.806853458285e-02  -4.490004777908e-01   0.000000000000e+00  -4.806853458285e-02  -4.490004777908e-01 
 -4.530901834369e-02  -6.740873306990e-02  -8.229368925095e-01  -3.920694440603e-02  -7.747797667980e-02  -1.094886302948e+00  -1.400183886290e-02  -8.267839998007e-02  -1.085035562515e+00 
 -2.218595705926e-02  -8.714170008898e-02  -1.063050508499e+00  -6.058220285922e-03  -8.797357976437e-02  -1.051719784737e+00  -9.530737996101e-03  -9.000258147717e-02  -1.042309403419e+00 
 -1.845452818088e-03  -9.029961377382e-02  -1.037390947342e+00  -1.845452818088e-03  -9.029961377382e-02  -1.037390947342e+00   0.000000000000e+00   5.666065029800e-03  -4.326385855675e-01 
  0.000000000000e+00   5.666065029800e-03  -4.326385855675e-01  -4.582863673568e-02   6.062914058566e-02  -8.345854282379e-01  -4.357061162591e-02   6.234423443675e-02  -1.108283400536e+00 
 -9.176531806588e-03   7.159107178450e-02  -1.087273836136e+00  -2.270969189703e-02   7.338046282530e-02  -1.069622039795e+00  -5.252700764686e-03   7.435476034880e-02  -1.058772206306e+00 
 -8.903949521482e-03   7.532911747694e-02  -1.050091028214e+00  -1.590286381543e-03   7.590379565954e-02  -1.045749306679e+00  -1.590286381543e-03   7.590379565954e-02  -1.045749306679e+00 
  0.000000000000e+00  -1.488898508251e-02  -4.888697564602e-01   0.000000000000e+00  -1.488898508251e-02  -4.888697564602e-01  -4.553318023682e-02  -6.883581727743e-02  -8.504689931870e-01 
 -4.097982123494e-02  -6.500449031591e-02  -1.069516062737e+00  -4.461465403438e-03  -6.703753024340e-02  -1.046867370605e+00  -2.264086715877e-02  -7.014244794846e-02  -1.028210878372e+00 
 -4.827878903598e-03  -7.052568346262e-02  -1.017531037331e+00  -8.954406715930e-03  -7.052550464869e-02  -1.008719563484e+00  -1.647106255405e-03  -7.054281979799e-02  -1.003886342049e+00 
 -1.647106255405e-03  -7.054281979799e-02  -1.003886342049e+00   0.000000000000e+00   3.523954376578e-02  -4.082880020142e-01   0.000000000000e+00   3.523954376578e-02  -4.082880020142e-01 
 -4.537229612470e-02   2.853477746248e-02  -8.214137554169e-01  -3.839565441012e-02   2.989206463099e-02  -1.087077498436e+00  -1.169084012508e-02   2.658218145370e-02  -1.070833921432e+00 
 -2.069716714323e-02   3.048879094422e-02  -1.054873585701e+00  -5.642160307616e-03   3.131634742022e-02  -1.043784022331e+00  -8.835191838443e-03   3.200232610106e-02  -1.034749388695e+00 
 -1.692580059171e-03   3.214410319924e-02  -1.029569864273e+00  -1.692580059171e-03   3.214410319924e-02  -1.029569864273e+00   0.000000000000e+00  -2.789156511426e-02  -4.505812823772e-01 
  0.000000000000e+00  -2.789156511426e-02  -4.505812823772e-01  -4.132444411516e-02  -2.558649703860e-02  -8.334096670151e-01  -3.669706359506e-02  -2.309600077569e-02  -1.077444314957e+00 
 -1.151524763554e-02  -2.166851237416e-02  -1.060736894608e+00  -2.069525606930e-02  -2.196801826358e-02  -1.045059680939e+00  -6.118858233094e-03  -2.191960625350e-02  -1.034724116325e+00 
 -8.955299854279e-03  -2.151612937450e-02  -1.025967836380e+00  -1.471459749155e-03  -2.105010859668e-02  -1.020738124847e+00  -1.471459749155e-03  -2.105010859668e-02  -1.020738124847e+00 
  0.000000000000e+00   1.908579654992e-02  -4.030210971832e-01   0.000000000000e+00   1.908579654992e-02  -4.030210971832e-01  -4.828878492117e-02   1.028422266245e-02  -8.105093240738e-01 
 -4.043659940362e-02   6.723301485181e-03  -1.082958221436e+00  -1.170164998621e-02   7.296446710825e-03  -1.066818237305e+00  -1.830079779029e-02   8.958708494902e-03  -1.051423430443e+00 
 -5.616328213364e-03   9.299956262112e-03  -1.041593194008e+00  -9.148778393865e-03   9.234321303666e-03  -1.032825946808e+00  -1.618314767256e-03   9.204971604049e-03  -1.026475071907e+00 
 -1.618314767256e-03   9.204971604049e-03  -1.026475071907e+00   0.000000000000e+00  -7.982115261257e-03  -4.306898415089e-01   0.000000000000e+00  -7.982115261257e-03  -4.306898415089e-01 
 -4.954276978970e-02  -4.728199448436e-03  -8.319171667099e-01  -4.337496310472e-02  -6.034411024302e-03  -1.078974843025e+00  -1.065059565008e-02  -3.274742746726e-03  -1.063434839249e+00 
 -1.620296388865e-02  -6.293028709479e-04  -1.049434185028e+00  -3.353984560817e-03   1.026396756060e-03  -1.041299104691e+00  -8.170548826456e-03   1.714691519737e-03  -1.032823443413e+00 
 -1.429838244803e-03   1.907141180709e-03  -1.026459455490e+00  -1.429838244803e-03   1.907141180709e-03  -1.026459455490e+00   0.000000000000e+00   0.000000000000e+00  -4.606424868107e-01 
  0.000000000000e+00   0.000000000000e+00  -4.606424868107e-01  -5.140278115869e-02   0.000000000000e+00  -8.491373062134e-01  -4.561908915639e-02   0.000000000000e+00  -1.079061985016e+00 
 -1.076551526785e-02   0.000000000000e+00  -1.061812400818e+00  -1.553095690906e-02   0.000000000000e+00  -1.048266530037e+00  -2.403332618997e-03   0.000000000000e+00  -1.042231917381e+00 
 -7.434215862304e-03   0.000000000000e+00  -1.034928441048e+00  -1.296637696214e-03   0.000000000000e+00  -1.030605554581e+00  -1.296637696214e-03   0.000000000000e+00  -1.030605554581e+00 
  0.000000000000e+00   0.000000000000e+00  -4.606424868107e-01   0.000000000000e+00   0.000000000000e+00  -4.606424868107e-01  -5.140278115869e-02   0.000000000000e+00  -8.491373062134e-01 
 -4.561908915639e-02   0.000000000000e+00  -1.079061985016e+00  -1.076551526785e-02   0.000000000000e+00  -1.061812400818e+00  -1.553095690906e-02   0.000000000000e+00  -1.048266530037e+00 
 -2.403332618997e-03   0.000000000000e+00  -1.042231917381e+00  -7.434215862304e-03   0.000000000000e+00  -1.034928441048e+00  -1.296637696214e-03   0.000000000000e+00  -1.030605554581e+00 
 -1.296637696214e-03   0.000000000000e+00  -1.030605554581e+00   0.000000000000e+00   7.691333442926e-02   1.914937794209e-01   0.000000000000e+00   7.691333442926e-02   1.914937794209e-01 
 -5.966291949153e-02   2.092083171010e-02  -1.396051496267e-01  -4.404053092003e-02   1.405314914882e-02  -1.053894400597e+00  -1.499246712774e-02   1.740034483373e-02  -1.085362553596e+00 
 -2.218191884458e-02   1.841132156551e-02  -1.059620857239e+00  -6.058222614229e-03   1.883094385266e-02  -1.048189759254e+00  -9.530737996101e-03   1.913595944643e-02  -1.037689566612e+00 
 -1.845452818088e-03   1.937182247639e-02  -1.032526373863e+00  -1.845452818088e-03   1.937182247639e-02  -1.032526373863e+00   0.000000000000e+00   7.691333442926e-02   1.914937794209e-01 
  0.000000000000e+00   7.691333442926e-02   1.914937794209e-01  -5.966291949153e-02   2.092083171010e-02  -1.396051496267e-01  -4.404053092003e-02   1.405314914882e-02  -1.053894400597e+00 
 -1.499246712774e-02   1.740034483373e-02  -1.085362553596e+00  -2.218191884458e-02   1.841132156551e-02  -1.059620857239e+00  -6.058222614229e-03   1.883094385266e-02  -1.048189759254e+00 
 -9.530737996101e-03   1.913595944643e-02  -1.037689566612e+00  -1.845452818088e-03   1.937182247639e-02  -1.032526373863e+00  -1.845452818088e-03   1.937182247639e-02  -1.032526373863e+00 
  0.000000000000e+00   1.453052274883e-02   3.327408432961e-01   0.000000000000e+00   1.453052274883e-02   3.327408432961e-01  -5.822207033634e-02   3.757983073592e-02   3.265923634171e-02 
 -4.703263565898e-02   5.711090192199e-02  -1.117592811584e+00  -1.042496506125e-02   7.112128287554e-02  -1.093336939812e+00  -2.270279452205e-02   7.337919622660e-02  -1.071962475777e+00 
 -5.252703558654e-03   7.435476034880e-02  -1.061401605606e+00  -8.903949521482e-03   7.532911747694e-02  -1.051548600197e+00  -1.590286381543e-03   7.590379565954e-02  -1.046726942062e+00 
 -1.590286381543e-03   7.590379565954e-02  -1.046726942062e+00   0.000000000000e+00  -1.434378791600e-03   2.572064101696e-01   0.000000000000e+00  -1.434378791600e-03   2.572064101696e-01 
 -5.635085701942e-02  -3.513509780169e-02  -1.098515763879e-01  -4.461187496781e-02  -5.869234353304e-02  -1.066379189491e+00  -5.785561632365e-03  -6.676678359509e-02  -1.037069916725e+00 
 -2.263140492141e-02  -7.014054805040e-02  -1.013751745224e+00  -4.827881697565e-03  -7.052568346262e-02  -1.003964304924e+00  -8.954406715930e-03  -7.052550464869e-02  -9.935679435730e-01 
 -1.647106255405e-03  -7.054281979799e-02  -9.882879257202e-01  -1.647106255405e-03  -7.054281979799e-02  -9.882879257202e-01   0.000000000000e+00   2.304449677467e-02   3.851726055145e-01 
  0.000000000000e+00   2.304449677467e-02   3.851726055145e-01  -6.189094483852e-02   2.578963711858e-02   3.243408352137e-02  -4.394740611315e-02   2.902512066066e-02  -1.096488475800e+00 
 -1.275461073965e-02   2.666143886745e-02  -1.079163789749e+00  -2.069270797074e-02   3.048664331436e-02  -1.062190532684e+00  -5.642162635922e-03   3.131634742022e-02  -1.051586508751e+00 
 -8.835191838443e-03   3.200232610106e-02  -1.041895270348e+00  -1.692580059171e-03   3.214410319924e-02  -1.037127137184e+00  -1.692580059171e-03   3.214410319924e-02  -1.037127137184e+00 
  0.000000000000e+00  -1.665131188929e-02   3.508370816708e-01   0.000000000000e+00  -1.665131188929e-02   3.508370816708e-01  -5.823685601354e-02  -2.111890353262e-02  -1.179031003267e-02 
 -4.178674519062e-02  -2.267819084227e-02  -1.081353068352e+00  -1.251355279237e-02  -2.170127071440e-02  -1.063635230064e+00  -2.069066278636e-02  -2.196786925197e-02  -1.046392440796e+00 
 -6.118860095739e-03  -2.191960625350e-02  -1.035503625870e+00  -8.955299854279e-03  -2.151612937450e-02  -1.025423288345e+00  -1.471459749155e-03  -2.105010859668e-02  -1.020698904991e+00 
 -1.471459749155e-03  -2.105010859668e-02  -1.020698904991e+00   0.000000000000e+00   7.245156913996e-03   3.530989289284e-01   0.000000000000e+00   7.245156913996e-03   3.530989289284e-01 
 -6.170016899705e-02   8.764689788222e-03  -5.249704699963e-03  -4.546101018786e-02   7.154697552323e-03  -1.090915083885e+00  -1.281498000026e-02   7.291847839952e-03  -1.072111845016e+00 
 -1.829771697521e-02   8.957773447037e-03  -1.057191252708e+00  -5.616330541670e-03   9.299956262112e-03  -1.047900915146e+00  -9.148778393865e-03   9.234321303666e-03  -1.038231611252e+00 
 -1.618314767256e-03   9.204971604049e-03  -1.033561468124e+00  -1.618314767256e-03   9.204971604049e-03  -1.033561468124e+00   0.000000000000e+00  -3.406618721783e-03   3.564049899578e-01 
  0.000000000000e+00  -3.406618721783e-03   3.564049899578e-01  -6.147183105350e-02  -4.067409317940e-03  -6.272505968809e-03  -4.765110835433e-02  -5.618734285235e-03  -1.086910605431e+00 
 -1.187081355602e-02  -3.350789891556e-03  -1.067654967308e+00  -1.620053127408e-02  -6.308302399702e-04  -1.054607152939e+00  -3.353986423463e-03   1.026396523230e-03  -1.048233151436e+00 
 -8.170548826456e-03   1.714691519737e-03  -1.040779829025e+00  -1.429838244803e-03   1.907141180709e-03  -1.037089228630e+00  -1.429838244803e-03   1.907141180709e-03  -1.037089228630e+00 
  0.000000000000e+00   0.000000000000e+00   3.647142052650e-01   0.000000000000e+00   0.000000000000e+00   3.647142052650e-01  -6.369920819998e-02   0.000000000000e+00  -3.739229403436e-03 
 -4.989127814770e-02   0.000000000000e+00  -1.088419318199e+00  -1.205582078546e-02   0.000000000000e+00  -1.067412257195e+00  -1.552900578827e-02   0.000000000000e+00  -1.054513692856e+00 
 -2.403334714472e-03   0.000000000000e+00  -1.049636006355e+00  -7.434215862304e-03   0.000000000000e+00  -1.043616652489e+00  -1.296637696214e-03   0.000000000000e+00  -1.040506243706e+00 
 -1.296637696214e-03   0.000000000000e+00  -1.040506243706e+00   0.000000000000e+00   0.000000000000e+00   3.647142052650e-01   0.000000000000e+00   0.000000000000e+00   3.647142052650e-01 
 -6.369920819998e-02   0.000000000000e+00  -3.739229403436e-03  -4.989127814770e-02   0.000000000000e+00  -1.088419318199e+00  -1.205582078546e-02   0.000000000000e+00  -1.067412257195e+00 
 -1.552900578827e-02   0.000000000000e+00  -1.054513692856e+00  -2.403334714472e-03   0.000000000000e+00  -1.049636006355e+00  -7.434215862304e-03   0.000000000000e+00  -1.043616652489e+00 
 -1.296637696214e-03   0.000000000000e+00  -1.040506243706e+00  -1.296637696214e-03   0.000000000000e+00  -1.040506243706e+00   0.000000000000e+00   7.555518299341e-02   4.291308671236e-02 
  0.000000000000e+00   7.555518299341e-02   4.291308671236e-02  -3.449289873242e-02   4.272273927927e-02  -2.145225298591e-04  -3.836758807302e-02   3.095207549632e-02  -6.262822151184e-01 
 -2.095137350261e-02   3.332461789250e-02  -1.019965052605e+00  -2.213224954903e-02   3.721419349313e-02  -1.058809638023e+00  -6.071842275560e-03   3.800172731280e-02  -1.048194289207e+00 
 -9.530736133456e-03   3.850356116891e-02  -1.037689566612e+00  -1.845452818088e-03   3.883156552911e-02  -1.032526373863e+00  -1.845452818088e-03   3.883156552911e-02  -1.032526373863e+00 
  0.000000000000e+00   7.555518299341e-02   4.291308671236e-02   0.000000000000e+00   7.555518299341e-02   4.291308671236e-02  -3.449289873242e-02   4.272273927927e-02  -2.145225298591e-04 
 -3.836758807302e-02   3.095207549632e-02  -6.262822151184e-01  -2.095137350261e-02   3.332461789250e-02  -1.019965052605e+00  -2.213224954903e-02   3.721419349313e-02  -1.058809638023e+00 
 -6.071842275560e-03   3.800172731280e-02  -1.048194289207e+00  -9.530736133456e-03   3.850356116891e-02  -1.037689566612e+00  -1.845452818088e-03   3.883156552911e-02  -1.032526373863e+00 
 -1.845452818088e-03   3.883156552911e-02  -1.032526373863e+00   0.000000000000e+00   3.114781808108e-03  -2.442863211036e-02   0.000000000000e+00   3.114781808108e-03  -2.442863211036e-02 
 -1.552411075681e-02   1.039810385555e-02  -1.093922182918e-02  -2.831113338470e-02   3.375450149179e-02  -6.684824228287e-01  -1.498459931463e-02   6.255861371756e-02  -1.032814979553e+00 
 -2.239126712084e-02   7.295097410679e-02  -1.071161627769e+00  -5.267225205898e-03   7.435356825590e-02  -1.061405777931e+00  -8.903947658837e-03   7.532911747694e-02  -1.051548600197e+00 
 -1.590286381543e-03   7.590379565954e-02  -1.046726942062e+00  -1.590286381543e-03   7.590379565954e-02  -1.046726942062e+00   0.000000000000e+00   8.896908722818e-03   1.956377178431e-02 
  0.000000000000e+00   8.896908722818e-03   1.956377178431e-02  -2.135528996587e-02  -4.081494698767e-04  -1.101604849100e-02  -3.079345077276e-02  -2.955024689436e-02  -6.380838751793e-01 
 -1.216070074588e-02  -5.823854357004e-02  -9.802330732346e-01  -2.220877632499e-02  -6.966952979565e-02  -1.013066053391e+00  -4.842608701438e-03  -7.052496075630e-02  -1.003968119621e+00 
 -8.954405784607e-03  -7.052550464869e-02  -9.935679435730e-01  -1.647106255405e-03  -7.054281979799e-02  -9.882879257202e-01  -1.647106255405e-03  -7.054281979799e-02  -9.882879257202e-01 
  0.000000000000e+00   5.117994733155e-03   1.043995562941e-02   0.000000000000e+00   5.117994733155e-03   1.043995562941e-02  -1.885187625885e-02   9.486426599324e-03   1.563699357212e-02 
 -2.903633005917e-02   1.925577409565e-02  -6.451574563980e-01  -1.690522953868e-02   2.496441639960e-02  -1.017338156700e+00  -2.053983509541e-02   3.026810102165e-02  -1.061272978783e+00 
 -5.654785316437e-03   3.131546080112e-02  -1.051590561867e+00  -8.835190907121e-03   3.200232610106e-02  -1.041895270348e+00  -1.692580059171e-03   3.214410319924e-02  -1.037127137184e+00 
 -1.692580059171e-03   3.214410319924e-02  -1.037127137184e+00   0.000000000000e+00  -7.653992623091e-03   1.140573527664e-02   0.000000000000e+00  -7.653992623091e-03   1.140573527664e-02 
 -1.811791211367e-02  -1.049946341664e-02   5.924694240093e-03  -2.772337384522e-02  -1.658882759511e-02  -6.401059031487e-01  -1.639091782272e-02  -2.052974328399e-02  -1.003302097321e+00 
 -2.051711268723e-02  -2.191095612943e-02  -1.045510888100e+00  -6.131060421467e-03  -2.191959880292e-02  -1.035507917404e+00  -8.955298922956e-03  -2.151613123715e-02  -1.025423288345e+00 
 -1.471459749155e-03  -2.105010859668e-02  -1.020698904991e+00  -1.471459749155e-03  -2.105010859668e-02  -1.020698904991e+00   0.000000000000e+00   3.752670949325e-03   1.154568977654e-02 
  0.000000000000e+00   3.752670949325e-03   1.154568977654e-02  -2.017425373197e-02   4.811835009605e-03   7.577071432024e-03  -3.043631464243e-02   5.983266513795e-03  -6.451168060303e-01 
 -1.730710081756e-02   6.991983857006e-03  -1.011284947395e+00  -1.825773343444e-02   8.879976347089e-03  -1.056252121925e+00  -5.627041682601e-03   9.299600496888e-03  -1.047904372215e+00 
 -9.148777462542e-03   9.234321303666e-03  -1.038231611252e+00  -1.618314767256e-03   9.204971604049e-03  -1.033561468124e+00  -1.618314767256e-03   9.204971604049e-03  -1.033561468124e+00 
  0.000000000000e+00  -3.669255878776e-03   1.018678303808e-02   0.000000000000e+00  -3.669255878776e-03   1.018678303808e-02  -1.934590376914e-02  -3.753395518288e-03   6.297584157437e-03 
 -3.083293326199e-02  -4.686065018177e-03  -6.432567238808e-01  -1.670473441482e-02  -3.656770801172e-03  -1.007197976112e+00  -1.622088253498e-02  -7.505820249207e-04  -1.053637385368e+00 
 -3.364888951182e-03   1.024891505949e-03  -1.048235416412e+00  -8.170546963811e-03   1.714691286907e-03  -1.040779829025e+00  -1.429838244803e-03   1.907141180709e-03  -1.037089228630e+00 
 -1.429838244803e-03   1.907141180709e-03  -1.037089228630e+00   0.000000000000e+00   0.000000000000e+00   8.749048225582e-03   0.000000000000e+00   0.000000000000e+00   8.749048225582e-03 
 -2.011490426958e-02   0.000000000000e+00   5.798167549074e-03  -3.219897300005e-02   0.000000000000e+00  -6.443558931351e-01  -1.719081588089e-02   0.000000000000e+00  -1.007146477699e+00 
 -1.559608150274e-02   0.000000000000e+00  -1.053544759750e+00  -2.414513146505e-03   0.000000000000e+00  -1.049637675285e+00  -7.434213999659e-03   0.000000000000e+00  -1.043616652489e+00 
 -1.296637696214e-03   0.000000000000e+00  -1.040506243706e+00  -1.296637696214e-03   0.000000000000e+00  -1.040506243706e+00   0.000000000000e+00   0.000000000000e+00   8.749048225582e-03 
  0.000000000000e+00   0.000000000000e+00   8.749048225582e-03  -2.011490426958e-02   0.000000000000e+00   5.798167549074e-03  -3.219897300005e-02   0.000000000000e+00  -6.443558931351e-01 
 -1.719081588089e-02   0.000000000000e+00  -1.007146477699e+00  -1.559608150274e-02   0.000000000000e+00  -1.053544759750e+00  -2.414513146505e-03   0.000000000000e+00  -1.049637675285e+00 
 -7.434213999659e-03   0.000000000000e+00  -1.043616652489e+00  -1.296637696214e-03   0.000000000000e+00  -1.040506243706e+00  -1.296637696214e-03   0.000000000000e+00  -1.040506243706e+00 
  0.000000000000e+00   7.555518299341e-02   4.291308671236e-02   0.000000000000e+00   7.555518299341e-02   4.291308671236e-02  -3.449289873242e-02   4.272273927927e-02  -2.145225298591e-04 
 -3.836758807302e-02   3.095207549632e-02  -6.262822151184e-01  -2.095137350261e-02   3.332461789250e-02  -1.019965052605e+00  -2.213224954903e-02   3.721419349313e-02  -1.058809638023e+00 
 -6.071842275560e-03   3.800172731280e-02  -1.048194289207e+00  -9.530736133456e-03   3.850356116891e-02  -1.037689566612e+00  -1.845452818088e-03   3.883156552911e-02  -1.032526373863e+00 
 -1.845452818088e-03   3.883156552911e-02  -1.032526373863e+00   0.000000000000e+00   7.555518299341e-02   4.291308671236e-02   0.000000000000e+00   7.555518299341e-02   4.291308671236e-02 
 -3.449289873242e-02   4.272273927927e-02  -2.145225298591e-04  -3.836758807302e-02   3.095207549632e-02  -6.262822151184e-01  -2.095137350261e-02   3.332461789250e-02  -1.019965052605e+00 
 -2.213224954903e-02   3.721419349313e-02  -1.058809638023e+00  -6.071842275560e-03   3.800172731280e-02  -1.048194289207e+00  -9.530736133456e-03   3.850356116891e-02  -1.037689566612e+00 
 -1.845452818088e-03   3.883156552911e-02  -1.032526373863e+00  -1.845452818088e-03   3.883156552911e-02  -1.032526373863e+00   0.000000000000e+00   3.114781808108e-03  -2.442863211036e-02 
  0.000000000000e+00   3.114781808108e-03  -2.442863211036e-02  -1.552411075681e-02   1.039810385555e-02  -1.093922182918e-02  -2.831113338470e-02   3.375450149179e-02  -6.684824228287e-01 
 -1.498459931463e-02   6.255861371756e-02  -1.032814979553e+00  -2.239126712084e-02   7.295097410679e-02  -1.071161627769e+00  -5.267225205898e-03   7.435356825590e-02  -1.061405777931e+00 
 -8.903947658837e-03   7.532911747694e-02  -1.051548600197e+00  -1.590286381543e-03   7.590379565954e-02  -1.046726942062e+00  -1.590286381543e-03   7.590379565954e-02  -1.046726942062e+00 
  0.000000000000e+00   8.896908722818e-03   1.956377178431e-02   0.000000000000e+00   8.896908722818e-03   1.956377178431e-02  -2.135528996587e-02  -4.081494698767e-04  -1.101604849100e-02 
 -3.079345077276e-02  -2.955024689436e-02  -6.380838751793e-01  -1.216070074588e-02  -5.823854357004e-02  -9.802330732346e-01  -2.220877632499e-02  -6.966952979565e-02  -1.013066053391e+00 
 -4.842608701438e-03  -7.052496075630e-02  -1.003968119621e+00  -8.954405784607e-03  -7.052550464869e-02  -9.935679435730e-01  -1.647106255405e-03  -7.054281979799e-02  -9.882879257202e-01 
 -1.647106255405e-03  -7.054281979799e-02  -9.882879257202e-01   0.000000000000e+00   5.117994733155e-03   1.043995562941e-02   0.000000000000e+00   5.117994733155e-03   1.043995562941e-02 
 -1.885187625885e-02   9.486426599324e-03   1.563699357212e-02  -2.903633005917e-02   1.925577409565e-02  -6.451574563980e-01  -1.690522953868e-02   2.496441639960e-02  -1.017338156700e+00 
 -2.053983509541e-02   3.026810102165e-02  -1.061272978783e+00  -5.654785316437e-03   3.131546080112e-02  -1.051590561867e+00  -8.835190907121e-03   3.200232610106e-02  -1.041895270348e+00 
 -1.692580059171e-03   3.214410319924e-02  -1.037127137184e+00  -1.692580059171e-03   3.214410319924e-02  -1.037127137184e+00   0.000000000000e+00  -7.653992623091e-03   1.140573527664e-02 
  0.000000000000e+00  -7.653992623091e-03   1.140573527664e-02  -1.811791211367e-02  -1.049946341664e-02   5.924694240093e-03  -2.772337384522e-02  -1.658882759511e-02  -6.401059031487e-01 
 -1.639091782272e-02  -2.052974328399e-02  -1.003302097321e+00  -2.051711268723e-02  -2.191095612943e-02  -1.045510888100e+00  -6.131060421467e-03  -2.191959880292e-02  -1.035507917404e+00 
 -8.955298922956e-03  -2.151613123715e-02  -1.025423288345e+00  -1.471459749155e-03  -2.105010859668e-02  -1.020698904991e+00  -1.471459749155e-03  -2.105010859668e-02  -1.020698904991e+00 
  0.000000000000e+00   3.752670949325e-03   1.154568977654e-02   0.000000000000e+00   3.752670949325e-03   1.154568977654e-02  -2.017425373197e-02   4.811835009605e-03   7.577071432024e-03 
 -3.043631464243e-02   5.983266513795e-03  -6.451168060303e-01  -1.730710081756e-02   6.991983857006e-03  -1.011284947395e+00  -1.825773343444e-02   8.879976347089e-03  -1.056252121925e+00 
 -5.627041682601e-03   9.299600496888e-03  -1.047904372215e+00  -9.148777462542e-03   9.234321303666e-03  -1.038231611252e+00  -1.618314767256e-03   9.204971604049e-03  -1.033561468124e+00 
 -1.618314767256e-03   9.204971604049e-03  -1.033561468124e+00   0.000000000000e+00  -3.669255878776e-03   1.018678303808e-02   0.000000000000e+00  -3.669255878776e-03   1.018678303808e-02 
 -1.934590376914e-02  -3.753395518288e-03   6.297584157437e-03  -3.083293326199e-02  -4.686065018177e-03  -6.432567238808e-01  -1.670473441482e-02  -3.656770801172e-03  -1.007197976112e+00 
 -1.622088253498e-02  -7.505820249207e-04  -1.053637385368e+00  -3.364888951182e-03   1.024891505949e-03  -1.048235416412e+00  -8.170546963811e-03   1.714691286907e-03  -1.040779829025e+00 
 -1.429838244803e-03   1.907141180709e-03  -1.037089228630e+00  -1.429838244803e-03   1.907141180709e-03  -1.037089228630e+00   0.000000000000e+00   0.000000000000e+00   8.749048225582e-03 
  0.000000000000e+00   0.000000000000e+00   8.749048225582e-03  -2.011490426958e-02   0.000000000000e+00   5.798167549074e-03  -3.219897300005e-02   0.000000000000e+00  -6.443558931351e-01 
 -1.719081588089e-02   0.000000000000e+00  -1.007146477699e+00  -1.559608150274e-02   0.000000000000e+00  -1.053544759750e+00  -2.414513146505e-03   0.000000000000e+00  -1.049637675285e+00 
 -7.434213999659e-03   0.000000000000e+00  -1.043616652489e+00  -1.296637696214e-03   0.000000000000e+00  -1.040506243706e+00  -1.296637696214e-03   0.000000000000e+00  -1.040506243706e+00 
  0.000000000000e+00   0.000000000000e+00   8.749048225582e-03   0.000000000000e+00   0.000000000000e+00   8.749048225582e-03  -2.011490426958e-02   0.000000000000e+00   5.798167549074e-03 
 -3.219897300005e-02   0.000000000000e+00  -6.443558931351e-01  -1.719081588089e-02   0.000000000000e+00  -1.007146477699e+00  -1.559608150274e-02   0.000000000000e+00  -1.053544759750e+00 
 -2.414513146505e-03   0.000000000000e+00  -1.049637675285e+00  -7.434213999659e-03   0.000000000000e+00  -1.043616652489e+00  -1.296637696214e-03   0.000000000000e+00  -1.040506243706e+00 
 -1.296637696214e-03   0.000000000000e+00  -1.040506243706e+00 

