# vtk DataFile Version 2.0
Written using VisIt writer
ASCII
DATASET RECTILINEAR_GRID
DIMENSIONS 10 10 10
X_COORDINATES 10 float
  0.000000000000e+00   5.000000000000e-01   1.000000000000e+00   1.500000000000e+00   2.000000000000e+00   2.500000000000e+00   3.000000000000e+00   3.500000000000e+00   4.000000000000e+00 
  4.500000000000e+00 
Y_COORDINATES 10 float
  0.000000000000e+00   5.000000000000e-01   1.000000000000e+00   1.500000000000e+00   2.000000000000e+00   2.500000000000e+00   3.000000000000e+00   3.500000000000e+00   4.000000000000e+00 
  4.500000000000e+00 
Z_COORDINATES 10 float
  0.000000000000e+00   5.000000000000e-01   1.000000000000e+00   1.500000000000e+00   2.000000000000e+00   2.500000000000e+00   3.000000000000e+00   3.500000000000e+00   4.000000000000e+00 
  4.500000000000e+00 
CELL_DATA 729
POINT_DATA 1000
VECTORS velocity float
  0.000000000000e+00  -1.240930110216e-01  -2.386242151260e-01   3.251200000000e+04   0.000000000000e+00   0.000000000000e+00   0.000000000000e+00   0.000000000000e+00   0.000000000000e+00 
  3.828238323331e-02  -8.048536628485e-02  -1.761164963245e-01   0.000000000000e+00   0.000000000000e+00   0.000000000000e+00   0.000000000000e+00   1.431655808000e+09   1.070945600000e+09 
 -1.059292554855e-01  -8.777163922787e-02  -1.624304503202e-01   1.071994176000e+09   0.000000000000e+00   0.000000000000e+00   0.000000000000e+00   0.000000000000e+00   0.000000000000e+00 
  7.176163792610e-02  -1.743597090244e-01  -1.856028586626e-01   0.000000000000e+00  -1.240930110216e-01  -2.386242151260e-01   1.070945600000e+09   0.000000000000e+00   0.000000000000e+00 
  4.934895411134e-02  -1.165303289890e-01  -2.089555561543e-01   3.828238323331e-02  -8.048536628485e-02  -1.761164963245e-01   1.431655808000e+09   1.070945600000e+09   0.000000000000e+00 
 -4.458142444491e-02  -6.922373175621e-02  -1.382498294115e-01  -1.059292554855e-01  -8.777163922787e-02  -1.624304503202e-01   0.000000000000e+00   0.000000000000e+00   1.071644672000e+09 
  7.176163792610e-02  -1.743597090244e-01  -1.856028586626e-01   7.176163792610e-02  -1.743597090244e-01  -1.856028586626e-01   0.000000000000e+00  -1.822445355356e-02  -1.993509232998e-01 
  0.000000000000e+00  -1.822445355356e-02  -1.993509232998e-01  -1.117741782218e-02  -1.297837197781e-01  -2.149621546268e-01   2.021505683661e-01  -2.516832947731e-01  -2.071450650692e-01 
  4.976065829396e-02  -1.380947977304e-01  -1.973620057106e-01   4.643865674734e-02  -3.861503303051e-02  -1.421983242035e-01   6.789276842028e-03  -2.670513838530e-02  -1.423555761576e-01 
 -2.249007346109e-03  -5.926509574056e-02  -1.398886442184e-01   7.009386271238e-02   9.082876145840e-03  -1.572875678539e-01   7.009386271238e-02   9.082876145840e-03  -1.572875678539e-01 
  0.000000000000e+00   5.311655253172e-02  -1.882542967796e-01   0.000000000000e+00   5.311655253172e-02  -1.882542967796e-01   2.821096219122e-02   1.882399991155e-02  -1.743448823690e-01 
  8.379191905260e-02  -3.608463704586e-02  -1.603885442019e-01   4.262587428093e-02  -1.224963441491e-01  -1.585948467255e-01   3.295169398189e-02  -1.530342847109e-01  -1.552611589432e-01 
  6.258946657181e-02  -5.931847169995e-02  -1.828221678734e-01   3.001206927001e-02  -4.732901975513e-02  -1.422691643238e-01   9.490717202425e-02   2.840211614966e-03  -1.379152983427e-01 
  9.490717202425e-02   2.840211614966e-03  -1.379152983427e-01   0.000000000000e+00  -3.789264336228e-02  -2.367936223745e-01   0.000000000000e+00  -3.789264336228e-02  -2.367936223745e-01 
 -5.079803615808e-02  -4.936311393976e-02  -2.169393301010e-01   1.359257996082e-01  -5.379631370306e-02  -1.948508918285e-01   2.991621382535e-02  -8.560478687286e-02  -1.502893865108e-01 
 -5.048429220915e-02  -9.546506404877e-02  -1.383409202099e-01   3.523676842451e-02  -3.566670417786e-02  -1.560372412205e-01  -1.545876916498e-02  -3.572718054056e-02  -1.615100800991e-01 
 -8.769123815000e-03  -1.317284256220e-01  -1.898902058601e-01  -8.769123815000e-03  -1.317284256220e-01  -1.898902058601e-01   0.000000000000e+00   3.849485889077e-02  -1.834710538387e-01 
  0.000000000000e+00   3.849485889077e-02  -1.834710538387e-01  -3.963851835579e-03  -4.904626682401e-02  -1.958408057690e-01   1.171986684203e-01  -3.122842498124e-02  -2.015260457993e-01 
  1.501535810530e-02  -2.125028334558e-02  -1.925255209208e-01   1.063988804817e-01   5.759783834219e-02  -1.390625983477e-01   9.982335567474e-02  -4.126494377851e-02  -1.464506536722e-01 
 -7.100521773100e-02  -9.533691219985e-03  -1.504338681698e-01  -9.911993891001e-02   1.213530311361e-03  -1.587839424610e-01  -9.911993891001e-02   1.213530311361e-03  -1.587839424610e-01 
  0.000000000000e+00  -7.870009168983e-03  -1.987103968859e-01   0.000000000000e+00  -7.870009168983e-03  -1.987103968859e-01  -8.069137111306e-03  -5.799088627100e-02  -1.903037130833e-01 
  3.953876346350e-02   2.364734001458e-02  -1.747832447290e-01   8.786135911942e-02   3.155455738306e-02  -1.601888239384e-01   9.965073317289e-02  -4.805696196854e-03  -1.717136502266e-01 
  1.087727397680e-01  -2.250578068197e-02  -1.820173114538e-01   4.768890142441e-02   2.262894809246e-02  -1.462794989347e-01   4.874692857265e-02  -3.826013952494e-02  -1.453379839659e-01 
  4.874692857265e-02  -3.826013952494e-02  -1.453379839659e-01   0.000000000000e+00   2.143741399050e-02  -2.239444106817e-01   0.000000000000e+00   2.143741399050e-02  -2.239444106817e-01 
 -2.606678381562e-02  -5.981704592705e-02  -2.319198697805e-01   1.236408650875e-01   3.843963146210e-02  -1.615239083767e-01   1.044540852308e-01   2.610520925373e-03  -1.553075462580e-01 
  1.049110442400e-01   5.118114128709e-02  -1.380975693464e-01   4.696088656783e-02   2.838310785592e-02  -1.532128751278e-01   1.808651909232e-02  -4.063060134649e-02  -1.643509119749e-01 
  2.030113488436e-01  -9.766914695501e-02  -1.952030062675e-01   2.030113488436e-01  -9.766914695501e-02  -1.952030062675e-01   0.000000000000e+00   0.000000000000e+00  -1.782040297985e-01 
  0.000000000000e+00   0.000000000000e+00  -1.782040297985e-01  -1.323230471462e-02   0.000000000000e+00  -1.750972121954e-01  -1.041814498603e-02   0.000000000000e+00  -1.619776636362e-01 
  3.921483177692e-03   0.000000000000e+00  -1.871397197247e-01   2.497147321701e-01   0.000000000000e+00  -1.281627565622e-01   1.840081512928e-01   0.000000000000e+00  -1.268906742334e-01 
  1.278162896633e-01   0.000000000000e+00  -1.278227269650e-01   3.255092799664e-01   0.000000000000e+00  -1.324950307608e-01   3.255092799664e-01   0.000000000000e+00  -1.324950307608e-01 
  0.000000000000e+00   0.000000000000e+00  -1.782040297985e-01   0.000000000000e+00   0.000000000000e+00  -1.782040297985e-01  -1.323230471462e-02   0.000000000000e+00  -1.750972121954e-01 
 -1.041814498603e-02   0.000000000000e+00  -1.619776636362e-01   3.921483177692e-03   0.000000000000e+00  -1.871397197247e-01   2.497147321701e-01   0.000000000000e+00  -1.281627565622e-01 
  1.840081512928e-01   0.000000000000e+00  -1.268906742334e-01   1.278162896633e-01   0.000000000000e+00  -1.278227269650e-01   3.255092799664e-01   0.000000000000e+00  -1.324950307608e-01 
  3.255092799664e-01   0.000000000000e+00  -1.324950307608e-01   0.000000000000e+00  -1.240930110216e-01  -2.386242151260e-01   0.000000000000e+00  -1.240930110216e-01  -2.386242151260e-01 
  4.934895411134e-02  -1.165303289890e-01  -2.089555561543e-01   3.828238323331e-02  -8.048536628485e-02  -1.761164963245e-01   6.325382739305e-02  -5.202819034457e-02  -1.512364447117e-01 
 -4.458142444491e-02  -6.922373175621e-02  -1.382498294115e-01  -1.059292554855e-01  -8.777163922787e-02  -1.624304503202e-01  -1.326216012239e-02  -1.126807704568e-01  -1.671390384436e-01 
  7.176163792610e-02  -1.743597090244e-01  -1.856028586626e-01   7.176163792610e-02  -1.743597090244e-01  -1.856028586626e-01   0.000000000000e+00  -1.240930110216e-01  -2.386242151260e-01 
  0.000000000000e+00  -1.240930110216e-01  -2.386242151260e-01   4.934895411134e-02  -1.165303289890e-01  -2.089555561543e-01   3.828238323331e-02  -8.048536628485e-02  -1.761164963245e-01 
  6.325382739305e-02  -5.202819034457e-02  -1.512364447117e-01  -4.458142444491e-02  -6.922373175621e-02  -1.382498294115e-01  -1.059292554855e-01  -8.777163922787e-02  -1.624304503202e-01 
 -1.326216012239e-02  -1.126807704568e-01  -1.671390384436e-01   7.176163792610e-02  -1.743597090244e-01  -1.856028586626e-01   7.176163792610e-02  -1.743597090244e-01  -1.856028586626e-01 
  0.000000000000e+00  -1.822445355356e-02  -1.993509232998e-01   0.000000000000e+00  -1.822445355356e-02  -1.993509232998e-01  -1.117741782218e-02  -1.297837197781e-01  -2.149621546268e-01 
  2.021505683661e-01  -2.516832947731e-01  -2.071450650692e-01   4.976065829396e-02  -1.380947977304e-01  -1.973620057106e-01   4.643865674734e-02  -3.861503303051e-02  -1.421983242035e-01 
  6.789276842028e-03  -2.670513838530e-02  -1.423555761576e-01  -2.249007346109e-03  -5.926509574056e-02  -1.398886442184e-01   7.009386271238e-02   9.082876145840e-03  -1.572875678539e-01 
  7.009386271238e-02   9.082876145840e-03  -1.572875678539e-01   0.000000000000e+00   5.311655253172e-02  -1.882542967796e-01   0.000000000000e+00   5.311655253172e-02  -1.882542967796e-01 
  2.821096219122e-02   1.882399991155e-02  -1.743448823690e-01   8.379191905260e-02  -3.608463704586e-02  -1.603885442019e-01   4.262587428093e-02  -1.224963441491e-01  -1.585948467255e-01 
  3.295169398189e-02  -1.530342847109e-01  -1.552611589432e-01   6.258946657181e-02  -5.931847169995e-02  -1.828221678734e-01   3.001206927001e-02  -4.732901975513e-02  -1.422691643238e-01 
  9.490717202425e-02   2.840211614966e-03  -1.379152983427e-01   9.490717202425e-02   2.840211614966e-03  -1.379152983427e-01   0.000000000000e+00  -3.789264336228e-02  -2.367936223745e-01 
  0.000000000000e+00  -3.789264336228e-02  -2.367936223745e-01  -5.079803615808e-02  -4.936311393976e-02  -2.169393301010e-01   1.359257996082e-01  -5.379631370306e-02  -1.948508918285e-01 
  2.991621382535e-02  -8.560478687286e-02  -1.502893865108e-01  -5.048429220915e-02  -9.546506404877e-02  -1.383409202099e-01   3.523676842451e-02  -3.566670417786e-02  -1.560372412205e-01 
 -1.545876916498e-02  -3.572718054056e-02  -1.615100800991e-01  -8.769123815000e-03  -1.317284256220e-01  -1.898902058601e-01  -8.769123815000e-03  -1.317284256220e-01  -1.898902058601e-01 
  0.000000000000e+00   3.849485889077e-02  -1.834710538387e-01   0.000000000000e+00   3.849485889077e-02  -1.834710538387e-01  -3.963851835579e-03  -4.904626682401e-02  -1.958408057690e-01 
  1.171986684203e-01  -3.122842498124e-02  -2.015260457993e-01   1.501535810530e-02  -2.125028334558e-02  -1.925255209208e-01   1.063988804817e-01   5.759783834219e-02  -1.390625983477e-01 
  9.982335567474e-02  -4.126494377851e-02  -1.464506536722e-01  -7.100521773100e-02  -9.533691219985e-03  -1.504338681698e-01  -9.911993891001e-02   1.213530311361e-03  -1.587839424610e-01 
 -9.911993891001e-02   1.213530311361e-03  -1.587839424610e-01   0.000000000000e+00  -7.870009168983e-03  -1.987103968859e-01   0.000000000000e+00  -7.870009168983e-03  -1.987103968859e-01 
 -8.069137111306e-03  -5.799088627100e-02  -1.903037130833e-01   3.953876346350e-02   2.364734001458e-02  -1.747832447290e-01   8.786135911942e-02   3.155455738306e-02  -1.601888239384e-01 
  9.965073317289e-02  -4.805696196854e-03  -1.717136502266e-01   1.087727397680e-01  -2.250578068197e-02  -1.820173114538e-01   4.768890142441e-02   2.262894809246e-02  -1.462794989347e-01 
  4.874692857265e-02  -3.826013952494e-02  -1.453379839659e-01   4.874692857265e-02  -3.826013952494e-02  -1.453379839659e-01   0.000000000000e+00   2.143741399050e-02  -2.239444106817e-01 
  0.000000000000e+00   2.143741399050e-02  -2.239444106817e-01  -2.606678381562e-02  -5.981704592705e-02  -2.319198697805e-01   1.236408650875e-01   3.843963146210e-02  -1.615239083767e-01 
  1.044540852308e-01   2.610520925373e-03  -1.553075462580e-01   1.049110442400e-01   5.118114128709e-02  -1.380975693464e-01   4.696088656783e-02   2.838310785592e-02  -1.532128751278e-01 
  1.808651909232e-02  -4.063060134649e-02  -1.643509119749e-01   2.030113488436e-01  -9.766914695501e-02  -1.952030062675e-01   2.030113488436e-01  -9.766914695501e-02  -1.952030062675e-01 
  0.000000000000e+00   0.000000000000e+00  -1.782040297985e-01   0.000000000000e+00   0.000000000000e+00  -1.782040297985e-01  -1.323230471462e-02   0.000000000000e+00  -1.750972121954e-01 
 -1.041814498603e-02   0.000000000000e+00  -1.619776636362e-01   3.921483177692e-03   0.000000000000e+00  -1.871397197247e-01   2.497147321701e-01   0.000000000000e+00  -1.281627565622e-01 
  1.840081512928e-01   0.000000000000e+00  -1.268906742334e-01   1.278162896633e-01   0.000000000000e+00  -1.278227269650e-01   3.255092799664e-01   0.000000000000e+00  -1.324950307608e-01 
  3.255092799664e-01   0.000000000000e+00  -1.324950307608e-01   0.000000000000e+00   0.000000000000e+00  -1.782040297985e-01   0.000000000000e+00   0.000000000000e+00  -1.782040297985e-01 
 -1.323230471462e-02   0.000000000000e+00  -1.750972121954e-01  -1.041814498603e-02   0.000000000000e+00  -1.619776636362e-01   3.921483177692e-03   0.000000000000e+00  -1.871397197247e-01 
  2.497147321701e-01   0.000000000000e+00  -1.281627565622e-01   1.840081512928e-01   0.000000000000e+00  -1.268906742334e-01   1.278162896633e-01   0.000000000000e+00  -1.278227269650e-01 
  3.255092799664e-01   0.000000000000e+00  -1.324950307608e-01   3.255092799664e-01   0.000000000000e+00  -1.324950307608e-01   0.000000000000e+00  -1.653197705746e-01  -6.773906350136e-01 
  0.000000000000e+00  -1.653197705746e-01  -6.773906350136e-01   3.935876488686e-01  -4.863807559013e-02  -2.698631584644e-01   5.051683187485e-01   2.307489328086e-02  -5.151488780975e-01 
  7.169948816299e-01   1.366454549134e-02  -4.012704789639e-01   1.353671550751e-01  -2.471557259560e-02  -7.088563442230e-01  -9.662299603224e-02  -5.612112209201e-02  -6.720694303513e-01 
 -2.735970728099e-02  -1.764655113220e-01  -6.673352122307e-01  -1.030528843403e-01   0.000000000000e+00  -3.193947076797e-01  -1.030528843403e-01   0.000000000000e+00  -3.193947076797e-01 
  0.000000000000e+00  -1.653197705746e-01  -6.773906350136e-01   0.000000000000e+00  -1.653197705746e-01  -6.773906350136e-01   3.935876488686e-01  -4.863807559013e-02  -2.698631584644e-01 
  5.051683187485e-01   2.307489328086e-02  -5.151488780975e-01   7.169948816299e-01   1.366454549134e-02  -4.012704789639e-01   1.353671550751e-01  -2.471557259560e-02  -7.088563442230e-01 
 -9.662299603224e-02  -5.612112209201e-02  -6.720694303513e-01  -2.735970728099e-02  -1.764655113220e-01  -6.673352122307e-01  -1.030528843403e-01   0.000000000000e+00  -3.193947076797e-01 
 -1.030528843403e-01   0.000000000000e+00  -3.193947076797e-01   0.000000000000e+00   1.654068939388e-02  -7.665377855301e-01   0.000000000000e+00   1.654068939388e-02  -7.665377855301e-01 
  2.165577262640e-01  -4.013834893703e-02  -8.652209639549e-01   3.245791196823e-01   4.348703473806e-02  -8.870300650597e-01   1.873633861542e-01  -4.730387777090e-02  -5.507320165634e-01 
  8.010652661324e-02  -4.046934098005e-02  -5.780167505145e-02  -2.639943547547e-02  -7.075574249029e-02  -6.927156448364e-01  -9.335628151894e-02  -3.687430024147e-01  -6.946839690208e-01 
 -4.091371595860e-01  -9.419104456902e-01  -4.166876077652e-01  -4.091371595860e-01  -9.419104456902e-01  -4.166876077652e-01   0.000000000000e+00   1.343892663717e-01  -1.243036150932e+00 
  0.000000000000e+00   1.343892663717e-01  -1.243036150932e+00   2.621221244335e-01   4.722666367888e-02  -8.964496254921e-01   4.216684997082e-01  -5.985972285271e-02  -8.442447185516e-01 
  7.241103053093e-01  -9.117802977562e-02  -7.789894938469e-01   1.157707050443e-01  -1.405367553234e-01  -5.837912559509e-01  -2.586691081524e-01  -6.201523914933e-02   3.713441491127e-01 
 -1.496513932943e-01  -3.055807948112e-01  -2.182427644730e-01   1.083400323987e-01  -7.340919971466e-01  -3.731358945370e-01   1.083400323987e-01  -7.340919971466e-01  -3.731358945370e-01 
  0.000000000000e+00   1.068908870220e-01  -9.132477045059e-01   0.000000000000e+00   1.068908870220e-01  -9.132477045059e-01   3.257665932178e-01   6.079706549644e-02  -8.397049903870e-01 
  4.289676249027e-01  -1.076377555728e-01  -8.606164455414e-01   6.048892140388e-01  -6.549583375454e-02  -7.593277692795e-01  -5.047101378441e-01  -6.476599723101e-02  -6.528384685516e-01 
 -8.718873858452e-01  -5.806496739388e-02  -2.954807281494e-01  -3.847176134586e-01  -1.770487055182e-02  -3.489578962326e-01   1.721561849117e-01  -2.068931758404e-01  -3.118951022625e-01 
  1.721561849117e-01  -2.068931758404e-01  -3.118951022625e-01   0.000000000000e+00   1.458222270012e-01  -9.903421401978e-01   0.000000000000e+00   1.458222270012e-01  -9.903421401978e-01 
  1.539567708969e-01  -1.691554188728e-01  -1.304730176926e+00   1.849437952042e-01   1.445909589529e-02  -8.732344508171e-01   4.195410311222e-01   5.286062136292e-02  -5.716648101807e-01 
 -7.525707036257e-02   2.717398852110e-02  -7.391813993454e-01  -8.331011980772e-02   2.717108279467e-02  -7.396104931831e-01  -4.304808676243e-01   4.577413201332e-02  -4.034926891327e-01 
  4.613015949726e-01  -3.512630462646e-01  -7.630828619003e-01   4.613015949726e-01  -3.512630462646e-01  -7.630828619003e-01   0.000000000000e+00   1.423759907484e-01  -1.199696540833e+00 
  0.000000000000e+00   1.423759907484e-01  -1.199696540833e+00   1.640743017197e-01   4.037332162261e-02  -1.262770771980e+00   2.224186807871e-01   2.710426226258e-02  -1.047203183174e+00 
  2.395542263985e-01  -6.843019276857e-02  -7.913817763329e-01  -3.900492191315e-01  -1.293646246195e-01  -9.320861101151e-01   2.039524465799e-01   3.880482912064e-01  -7.057392001152e-01 
 -1.563830673695e-01   4.116281270981e-01  -4.228933155537e-01   2.534326612949e-01  -2.114859223366e-01  -7.432506680489e-01   2.534326612949e-01  -2.114859223366e-01  -7.432506680489e-01 
  0.000000000000e+00   2.616665326059e-02  -9.656156897545e-01   0.000000000000e+00   2.616665326059e-02  -9.656156897545e-01   7.742546498775e-02  -1.620662957430e-02  -1.326627612114e+00 
  2.003223299980e-01   1.200942695141e-01  -1.288360118866e+00   1.563776470721e-02  -8.526366204023e-02  -1.595002293587e+00  -6.415532529354e-02  -3.191960975528e-02  -1.472411274910e+00 
 -2.269008755684e-01   8.637496829033e-02  -1.441759228706e+00  -1.832074113190e-02   6.894607096910e-02  -4.529350101948e-01   2.131351232529e-01  -1.238105595112e-01  -7.981895804405e-01 
  2.131351232529e-01  -1.238105595112e-01  -7.981895804405e-01   0.000000000000e+00   0.000000000000e+00  -9.569642543793e-01   0.000000000000e+00   0.000000000000e+00  -9.569642543793e-01 
  1.498904228210e-01   0.000000000000e+00  -4.948373138905e-01   7.378680258989e-02   1.063580997288e-02  -9.112948775291e-01   7.351713180542e-01   0.000000000000e+00  -6.825374960899e-01 
  7.753583788872e-01  -3.778982209042e-03  -6.451894044876e-01  -2.865634262562e-01   5.196964833885e-03  -1.822545647621e+00  -7.771795988083e-01   2.509113168344e-03  -7.552880048752e-01 
  3.216004073620e-01  -4.071405623108e-03  -8.548528552055e-01   3.216004073620e-01  -4.071405623108e-03  -8.548528552055e-01   0.000000000000e+00   0.000000000000e+00  -9.569642543793e-01 
  0.000000000000e+00   0.000000000000e+00  -9.569642543793e-01   1.498904228210e-01   0.000000000000e+00  -4.948373138905e-01   7.378680258989e-02   1.063580997288e-02  -9.112948775291e-01 
  7.351713180542e-01   0.000000000000e+00  -6.825374960899e-01   7.753583788872e-01  -3.778982209042e-03  -6.451894044876e-01  -2.865634262562e-01   5.196964833885e-03  -1.822545647621e+00 
 -7.771795988083e-01   2.509113168344e-03  -7.552880048752e-01   3.216004073620e-01  -4.071405623108e-03  -8.548528552055e-01   3.216004073620e-01  -4.071405623108e-03  -8.548528552055e-01 
  0.000000000000e+00   3.729020711035e-03  -8.289944529533e-01   0.000000000000e+00   3.729020711035e-03  -8.289944529533e-01   3.224234580994e-01   5.291046947241e-02  -4.570471048355e-01 
  5.059635043144e-01   8.788742125034e-02  -4.878207147121e-01   7.398728132248e-01   5.727159604430e-02  -1.097347378731e+00   0.000000000000e+00   1.100511848927e-02  -1.000000014901e-01 
 -8.556980639696e-02  -1.114272400737e-01  -5.764946937561e-01  -7.804270088673e-02  -1.921678781509e-01  -5.046541094780e-01  -3.144036978483e-02   0.000000000000e+00  -4.049975872040e-01 
 -3.144036978483e-02   0.000000000000e+00  -4.049975872040e-01   0.000000000000e+00   3.729020711035e-03  -8.289944529533e-01   0.000000000000e+00   3.729020711035e-03  -8.289944529533e-01 
  3.224234580994e-01   5.291046947241e-02  -4.570471048355e-01   5.059635043144e-01   8.788742125034e-02  -4.878207147121e-01   7.398728132248e-01   5.727159604430e-02  -1.097347378731e+00 
  0.000000000000e+00   1.100511848927e-02  -1.000000014901e-01  -8.556980639696e-02  -1.114272400737e-01  -5.764946937561e-01  -7.804270088673e-02  -1.921678781509e-01  -5.046541094780e-01 
 -3.144036978483e-02   0.000000000000e+00  -4.049975872040e-01  -3.144036978483e-02   0.000000000000e+00  -4.049975872040e-01   0.000000000000e+00   8.256401866674e-02  -6.564338803291e-01 
  0.000000000000e+00   8.256401866674e-02  -6.564338803291e-01   2.386909574270e-01  -3.736552596092e-02  -4.464906156063e-01   2.229762375355e-01   5.059241503477e-02  -4.029684960842e-01 
  2.228618562222e-01   2.599319443107e-02  -4.486747086048e-01   8.821979165077e-02  -9.490035474300e-03  -4.984509572387e-02  -2.549657225609e-01  -1.284964382648e-01  -9.581685811281e-02 
 -2.560700178146e-01  -5.905931591988e-01  -1.000000014901e-01  -3.401595652103e-01  -8.729328513145e-01  -3.360199928284e-01  -3.401595652103e-01  -8.729328513145e-01  -3.360199928284e-01 
  0.000000000000e+00   1.645081788301e-01  -6.055474877357e-01   0.000000000000e+00   1.645081788301e-01  -6.055474877357e-01   2.324945777655e-01   5.242493748665e-02  -4.848986268044e-01 
  2.719267308712e-01   1.092402497306e-03  -2.889643907547e-01   4.001687169075e-01  -1.236663665622e-02  -2.932274937630e-01  -1.063456237316e-01  -8.660405874252e-02   2.065814658999e-02 
 -6.225522756577e-01   0.000000000000e+00   8.256961107254e-01  -5.806578397751e-01  -4.433750808239e-01  -6.646977365017e-02  -1.001919880509e-01  -8.729328513145e-01  -1.000000014901e-01 
 -1.001919880509e-01  -8.729328513145e-01  -1.000000014901e-01   0.000000000000e+00   6.922754645348e-02  -6.158862113953e-01   0.000000000000e+00   6.922754645348e-02  -6.158862113953e-01 
  2.823893725872e-01  -2.759319357574e-02  -2.999370396137e-01   3.139487206936e-01  -6.535492092371e-02  -1.277635991573e-01   1.420385092497e-01   6.068063154817e-02  -5.535002797842e-02 
 -6.209310293198e-01  -5.697863176465e-02   1.034038066864e-01  -8.540593385696e-01  -6.179569661617e-02   4.246398806572e-01  -7.897894382477e-01  -3.632768243551e-02   1.374819427729e-01 
 -1.450818330050e-01  -1.695535928011e-01  -2.328171133995e-01  -1.450818330050e-01  -1.695535928011e-01  -2.328171133995e-01   0.000000000000e+00   2.822682447731e-02  -4.926812350750e-01 
  0.000000000000e+00   2.822682447731e-02  -4.926812350750e-01   1.945882439613e-01   2.134817838669e-02  -4.951008558273e-01   1.085032895207e-01   3.531305491924e-02  -4.916602373123e-01 
  6.530481576920e-01   5.616851896048e-02  -2.486179322004e-01   5.402637720108e-01  -4.459202289581e-02  -7.047454714775e-01  -4.082024693489e-01  -8.086545765400e-02  -2.616450786591e-01 
 -5.171701908112e-01  -1.481508556753e-02  -2.167745679617e-02   6.004986166954e-01  -2.300637215376e-01  -3.349932432175e-01   6.004986166954e-01  -2.300637215376e-01  -3.349932432175e-01 
  0.000000000000e+00   1.209661886096e-01  -6.017197370529e-01   0.000000000000e+00   1.209661886096e-01  -6.017197370529e-01   2.092892825603e-01   6.560536473989e-02  -3.251888453960e-01 
  1.153162866831e-01   3.597529605031e-02  -4.073140919209e-01  -2.953454554081e-01   6.120168417692e-02  -7.327206730843e-01  -5.677274465561e-01  -5.114061012864e-02  -1.118136763573e+00 
 -2.289256900549e-01   1.557786762714e-01  -7.128755450249e-01   3.425593137741e+00   1.275707930326e-01  -6.785665154457e-01   2.214457035065e+00  -1.233805045485e-01  -5.819523930550e-01 
  2.214457035065e+00  -1.233805045485e-01  -5.819523930550e-01   0.000000000000e+00  -7.042921334505e-02  -6.975740790367e-01   0.000000000000e+00  -7.042921334505e-02  -6.975740790367e-01 
  3.092625737190e-02   1.554405316710e-04  -4.134365022182e-01   2.925304174423e-01   6.457290798426e-02  -6.577249765396e-01  -1.330773830414e+00  -6.402120925486e-04  -5.030313730240e-01 
 -7.697721123695e-01  -4.533634334803e-02  -5.696154832840e-01  -8.657789230347e-01  -5.485908593982e-03  -7.752128243446e-01  -7.204915285110e-01   8.043365180492e-02  -6.904492378235e-01 
  9.582754373550e-01   1.935806870461e-02  -7.532176971436e-01   9.582754373550e-01   1.935806870461e-02  -7.532176971436e-01   0.000000000000e+00   0.000000000000e+00  -5.637755990028e-01 
  0.000000000000e+00   0.000000000000e+00  -5.637755990028e-01  -3.447701781988e-02   0.000000000000e+00  -4.886060655117e-01   9.179558604956e-02   1.723375543952e-02  -7.275429964066e-01 
 -2.200862616301e-01   0.000000000000e+00  -5.859977006912e-01  -2.520824670792e-01   0.000000000000e+00  -7.448289990425e-01  -8.780623674393e-01   0.000000000000e+00  -1.073963284492e+00 
 -8.963748812675e-01   5.469250609167e-04  -1.083119511604e+00   0.000000000000e+00  -2.188357291743e-03  -1.000000014901e-01   0.000000000000e+00  -2.188357291743e-03  -1.000000014901e-01 
  0.000000000000e+00   0.000000000000e+00  -5.637755990028e-01   0.000000000000e+00   0.000000000000e+00  -5.637755990028e-01  -3.447701781988e-02   0.000000000000e+00  -4.886060655117e-01 
  9.179558604956e-02   1.723375543952e-02  -7.275429964066e-01  -2.200862616301e-01   0.000000000000e+00  -5.859977006912e-01  -2.520824670792e-01   0.000000000000e+00  -7.448289990425e-01 
 -8.780623674393e-01   0.000000000000e+00  -1.073963284492e+00  -8.963748812675e-01   5.469250609167e-04  -1.083119511604e+00   0.000000000000e+00  -2.188357291743e-03  -1.000000014901e-01 
  0.000000000000e+00  -2.188357291743e-03  -1.000000014901e-01   0.000000000000e+00   4.145339597017e-03  -7.007938027382e-01   0.000000000000e+00   4.145339597017e-03  -7.007938027382e-01 
  2.742839418352e-02  -6.059004366398e-02  -5.913105607033e-01   2.707640528679e-01   2.637067809701e-02  -1.225411415100e+00   0.000000000000e+00   2.983607724309e-02  -1.589434385300e+00 
  0.000000000000e+00  -2.827743301168e-03  -1.000000014901e-01   0.000000000000e+00  -1.775079593062e-02  -1.460104286671e-01   0.000000000000e+00   0.000000000000e+00  -1.000000014901e-01 
 -9.134024381638e-03   5.550185218453e-02  -2.857445478439e-01  -9.134024381638e-03   5.550185218453e-02  -2.857445478439e-01   0.000000000000e+00   4.145339597017e-03  -7.007938027382e-01 
  0.000000000000e+00   4.145339597017e-03  -7.007938027382e-01   2.742839418352e-02  -6.059004366398e-02  -5.913105607033e-01   2.707640528679e-01   2.637067809701e-02  -1.225411415100e+00 
  0.000000000000e+00   2.983607724309e-02  -1.589434385300e+00   0.000000000000e+00  -2.827743301168e-03  -1.000000014901e-01   0.000000000000e+00  -1.775079593062e-02  -1.460104286671e-01 
  0.000000000000e+00   0.000000000000e+00  -1.000000014901e-01  -9.134024381638e-03   5.550185218453e-02  -2.857445478439e-01  -9.134024381638e-03   5.550185218453e-02  -2.857445478439e-01 
  0.000000000000e+00   1.351863443851e-01  -4.785417318344e-01   0.000000000000e+00   1.351863443851e-01  -4.785417318344e-01   1.430501192808e-01  -5.847354233265e-02  -5.816071853042e-02 
 -4.421657323837e-02  -3.940562251955e-03  -3.864308297634e-01   5.838224291801e-02   1.032105088234e-02  -4.755789339542e-01   4.726089909673e-02  -1.601539924741e-02   1.514046937227e-01 
 -4.886449277401e-01  -3.478828072548e-02   3.571763932705e-01  -1.523308157921e-01   0.000000000000e+00  -1.000000014901e-01  -3.534617647529e-02   4.110004007816e-02  -1.000000014901e-01 
 -3.534617647529e-02   4.110004007816e-02  -1.000000014901e-01   0.000000000000e+00   1.202135682106e-01  -3.494145870209e-01   0.000000000000e+00   1.202135682106e-01  -3.494145870209e-01 
  1.110652983189e-01   7.703145593405e-02  -2.586567103863e-01   1.006874293089e-01   5.688706785440e-02  -2.738599479198e-01   1.776990294456e-01   5.787163041532e-03  -7.145859599113e-01 
 -3.750834986567e-02  -5.398811399937e-02   4.487496912479e-01  -6.885523796082e-01  -4.737334325910e-03   1.033854246140e+00  -6.379060745239e-01  -1.332872509956e-01   1.912440508604e-01 
  1.244527772069e-01   0.000000000000e+00  -1.000000014901e-01   1.244527772069e-01   0.000000000000e+00  -1.000000014901e-01   0.000000000000e+00   8.294577151537e-02  -5.058350563049e-01 
  0.000000000000e+00   8.294577151537e-02  -5.058350563049e-01   7.850950211287e-02  -2.311740815639e-01  -2.134782820940e-01   1.979285478592e-01  -1.960072666407e-01  -7.921131849289e-01 
  4.612480476499e-02  -6.988672167063e-02  -1.151911497116e+00  -1.831857264042e-01  -3.866457939148e-02   3.701202273369e-01  -7.806647419930e-01   0.000000000000e+00   1.059054136276e+00 
 -6.616315841675e-01   1.227441988885e-02   5.210108757019e-01   6.594680547714e-01  -1.015501469374e-01  -6.540174782276e-02   6.594680547714e-01  -1.015501469374e-01  -6.540174782276e-02 
  0.000000000000e+00   1.027758717537e-01  -4.272463023663e-01   0.000000000000e+00   1.027758717537e-01  -4.272463023663e-01   1.569859385490e-01   2.607571184635e-01  -1.084177792072e-01 
  1.027512103319e-01  -1.012640818954e-01  -1.026839137077e+00   8.296830207109e-02  -1.589888483286e-01  -1.192491650581e+00  -2.693589404225e-02  -4.942667484283e-02  -1.054073333740e+00 
 -1.530637294054e-01  -5.324799567461e-02   2.877169549465e-01   2.652832269669e+00   7.342325896025e-02  -1.000000014901e-01   2.949636459351e+00  -2.399968169630e-02  -4.769273996353e-01 
  2.949636459351e+00  -2.399968169630e-02  -4.769273996353e-01   0.000000000000e+00   6.972484290600e-02  -4.161657989025e-01   0.000000000000e+00   6.972484290600e-02  -4.161657989025e-01 
  5.740987509489e-02   4.101481288671e-02  -1.109034195542e-01   1.156338602304e-01   1.147811040282e-01  -4.986747503281e-01  -2.207380235195e-01   1.584200114012e-01  -3.876262009144e-01 
 -2.861980348825e-03  -5.551738291979e-02  -4.922151565552e-02   4.451207071543e-02   4.413088038564e-02  -2.767224311829e+00   4.134263992310e+00   1.369884759188e-01  -3.916528463364e+00 
  4.078286170959e+00   1.151318997145e-01  -3.944517374039e+00   4.078286170959e+00   1.151318997145e-01  -3.944517374039e+00   0.000000000000e+00   3.410962224007e-02  -5.214767456055e-01 
  0.000000000000e+00   3.410962224007e-02  -5.214767456055e-01  -6.862423568964e-02   2.106020972133e-02  -6.117228865623e-01   5.407299399376e-01   2.615904062986e-02  -4.321464598179e-01 
  0.000000000000e+00   1.904784119688e-03  -4.041359126568e-01  -7.677941322327e-01  -1.880375593901e-01  -6.077849268913e-01  -1.984282135963e-01  -3.602151572704e-02  -8.281349539757e-01 
  1.907768487930e+00   8.101072162390e-02  -2.695271015167e+00   4.106275081635e+00   1.089996024966e-01  -3.280945777893e+00   4.106275081635e+00   1.089996024966e-01  -3.280945777893e+00 
  0.000000000000e+00   0.000000000000e+00  -4.404122829437e-01   0.000000000000e+00   0.000000000000e+00  -4.404122829437e-01   8.778452873230e-03   0.000000000000e+00  -3.750467672944e-02 
  8.258158713579e-02   0.000000000000e+00  -7.877392321825e-02   2.141271233559e-01   4.500187351368e-04  -4.916685223579e-01  -4.540168344975e-01  -7.564055919647e-02  -8.087419867516e-01 
 -7.151110768318e-01   0.000000000000e+00  -1.092275738716e+00  -3.435438871384e-01   5.039166286588e-02  -1.158731460571e+00   1.157972693443e+00   6.457604467869e-02  -1.073172211647e+00 
  1.157972693443e+00   6.457604467869e-02  -1.073172211647e+00   0.000000000000e+00   0.000000000000e+00  -4.404122829437e-01   0.000000000000e+00   0.000000000000e+00  -4.404122829437e-01 
  8.778452873230e-03   0.000000000000e+00  -3.750467672944e-02   8.258158713579e-02   0.000000000000e+00  -7.877392321825e-02   2.141271233559e-01   4.500187351368e-04  -4.916685223579e-01 
 -4.540168344975e-01  -7.564055919647e-02  -8.087419867516e-01  -7.151110768318e-01   0.000000000000e+00  -1.092275738716e+00  -3.435438871384e-01   5.039166286588e-02  -1.158731460571e+00 
  1.157972693443e+00   6.457604467869e-02  -1.073172211647e+00   1.157972693443e+00   6.457604467869e-02  -1.073172211647e+00   0.000000000000e+00   6.172114238143e-02  -4.943777620792e-01 
  0.000000000000e+00   6.172114238143e-02  -4.943777620792e-01   1.768681220710e-02  -5.326880887151e-02  -2.245186269283e-01  -1.421675179154e-02  -9.253195673227e-02  -6.256889700890e-01 
 -8.218798786402e-03  -6.907777488232e-02  -9.991785883904e-01  -4.124477040023e-03   4.776218160987e-02  -9.378345310688e-02  -2.624535467476e-03   2.865936234593e-02  -1.135665997863e-01 
  0.000000000000e+00   2.412974461913e-02  -1.000000014901e-01  -1.633493043482e-02   4.830094799399e-02  -3.001463711262e-01  -1.633493043482e-02   4.830094799399e-02  -3.001463711262e-01 
  0.000000000000e+00   6.172114238143e-02  -4.943777620792e-01   0.000000000000e+00   6.172114238143e-02  -4.943777620792e-01   1.768681220710e-02  -5.326880887151e-02  -2.245186269283e-01 
 -1.421675179154e-02  -9.253195673227e-02  -6.256889700890e-01  -8.218798786402e-03  -6.907777488232e-02  -9.991785883904e-01  -4.124477040023e-03   4.776218160987e-02  -9.378345310688e-02 
 -2.624535467476e-03   2.865936234593e-02  -1.135665997863e-01   0.000000000000e+00   2.412974461913e-02  -1.000000014901e-01  -1.633493043482e-02   4.830094799399e-02  -3.001463711262e-01 
 -1.633493043482e-02   4.830094799399e-02  -3.001463711262e-01   0.000000000000e+00   9.282833337784e-02  -5.305150747299e-01   0.000000000000e+00   9.282833337784e-02  -5.305150747299e-01 
  1.604733616114e-01  -1.327510625124e-01   4.534050449729e-02   1.218285039067e-01  -8.642498403788e-02  -4.381131529808e-01   0.000000000000e+00  -5.237651243806e-02  -4.657316803932e-01 
  0.000000000000e+00   7.491640001535e-02  -1.340699009597e-02   0.000000000000e+00   5.947747454047e-02  -1.000000014901e-01  -8.486215025187e-03   2.408954873681e-02  -1.000000014901e-01 
 -2.512835711241e-02   4.830094799399e-02  -1.000000014901e-01  -2.512835711241e-02   4.830094799399e-02  -1.000000014901e-01   0.000000000000e+00   3.894488140941e-02  -1.343680322170e-01 
  0.000000000000e+00   3.894488140941e-02  -1.343680322170e-01  -6.695874780416e-02  -3.397582098842e-02   1.177195012569e-01   3.063311800361e-02  -3.290071338415e-02  -6.876987963915e-02 
  8.927359431982e-02  -2.144394628704e-02  -6.364156603813e-01  -6.420057732612e-03   6.026447936893e-02   5.865277349949e-02  -1.997441947460e-01   0.000000000000e+00  -1.000000014901e-01 
  1.745328493416e-02   2.848906815052e-02   1.245958656073e-01   4.775287508965e-01   0.000000000000e+00  -1.000000014901e-01   4.775287508965e-01   0.000000000000e+00  -1.000000014901e-01 
  0.000000000000e+00   7.270704209805e-02  -4.007576107979e-01   0.000000000000e+00   7.270704209805e-02  -4.007576107979e-01  -3.533396497369e-02  -7.522539794445e-02  -6.634061038494e-02 
  6.579627841711e-02  -1.126271784306e-01  -8.410599231720e-01   4.623980820179e-02  -9.410516172647e-02  -1.079206824303e+00  -6.171739473939e-02  -1.301801949739e-01  -1.959862112999e-01 
 -3.717191517353e-01  -1.375388652086e-01  -1.000000014901e-01   7.301317900419e-02  -4.182546865195e-03   1.561649888754e-01   7.842431068420e-01  -6.723407655954e-02  -4.270920753479e-01 
  7.842431068420e-01  -6.723407655954e-02  -4.270920753479e-01   0.000000000000e+00   1.059379726648e-01  -4.688411951065e-01   0.000000000000e+00   1.059379726648e-01  -4.688411951065e-01 
 -3.614934906363e-02   1.833475381136e-01  -1.828546524048e-01   4.113128781319e-02  -1.045058369637e-01  -6.616053581238e-01   4.491719231009e-02  -1.171583533287e-01  -4.316744804382e-01 
 -2.192485844716e-03  -2.135270386934e-01  -5.746651291847e-01   3.492126613855e-02  -1.647113859653e-01  -1.442351460457e+00   1.636496067047e+00   1.375191006809e-02  -1.000000014901e-01 
  1.554562091827e+00   1.201020460576e-02  -1.450337052345e+00   1.554562091827e+00   1.201020460576e-02  -1.450337052345e+00   0.000000000000e+00   1.105529069901e-01  -3.213226795197e-01 
  0.000000000000e+00   1.105529069901e-01  -3.213226795197e-01  -7.346133701503e-03   7.352441549301e-02   6.233672052622e-02   1.867670863867e-01   3.192897513509e-02  -3.767366111279e-01 
 -5.758266430348e-03  -5.553534999490e-02  -5.748765468597e-01   2.262950316072e-02  -2.702650129795e-01  -7.145056128502e-01   6.639463454485e-02  -2.741731703281e-01  -1.995420694351e+00 
  1.419587969780e+00   1.740223914385e-02  -3.972506046295e+00   0.000000000000e+00   5.381602048874e-02  -3.944517374039e+00   0.000000000000e+00   5.381602048874e-02  -3.944517374039e+00 
  0.000000000000e+00   3.700058162212e-02  -3.825272023678e-01   0.000000000000e+00   3.700058162212e-02  -3.825272023678e-01   6.618979852647e-03   5.027130246162e-02  -1.427714973688e-01 
  4.825310707092e-01   2.737886272371e-02  -1.561071276665e-01   4.486458003521e-01  -1.231831088662e-01  -5.602124929428e-01  -1.463019400835e-01  -1.921607404947e-01  -6.359397768974e-01 
 -2.066605240107e-01  -1.341073364019e-01  -5.197571516037e-01  -3.902571797371e-01  -3.901530802250e-02  -2.273098230362e+00   9.109919518232e-02   2.024654857814e-02  -2.946849346161e+00 
  9.109919518232e-02   2.024654857814e-02  -2.946849346161e+00   0.000000000000e+00   0.000000000000e+00  -2.328447252512e-01   0.000000000000e+00   0.000000000000e+00  -2.328447252512e-01 
 -1.157328765839e-02   0.000000000000e+00  -7.945008575916e-02   2.206058055162e-01   0.000000000000e+00  -8.681898564100e-02   4.017041325569e-01   1.147627085447e-01  -1.474657535553e+00 
  0.000000000000e+00   2.485874742270e-01  -2.182340770960e-01  -2.665477991104e-01   0.000000000000e+00   4.150601029396e-01  -3.347242772579e-01  -1.503996551037e-02  -9.495932459831e-01 
  7.387955673039e-03   8.382846601307e-03  -1.680957913399e+00   7.387955673039e-03   8.382846601307e-03  -1.680957913399e+00   0.000000000000e+00   0.000000000000e+00  -2.328447252512e-01 
  0.000000000000e+00   0.000000000000e+00  -2.328447252512e-01  -1.157328765839e-02   0.000000000000e+00  -7.945008575916e-02   2.206058055162e-01   0.000000000000e+00  -8.681898564100e-02 
  4.017041325569e-01   1.147627085447e-01  -1.474657535553e+00   0.000000000000e+00   2.485874742270e-01  -2.182340770960e-01  -2.665477991104e-01   0.000000000000e+00   4.150601029396e-01 
 -3.347242772579e-01  -1.503996551037e-02  -9.495932459831e-01   7.387955673039e-03   8.382846601307e-03  -1.680957913399e+00   7.387955673039e-03   8.382846601307e-03  -1.680957913399e+00 
  0.000000000000e+00  -1.757465675473e-02  -7.028073668480e-01   0.000000000000e+00  -1.757465675473e-02  -7.028073668480e-01   3.388264402747e-02   8.015139959753e-03  -4.821176230907e-01 
 -2.040830105543e-01  -1.619667261839e-01   2.516345679760e-01   0.000000000000e+00   0.000000000000e+00  -1.000000014901e-01   0.000000000000e+00   3.858735412359e-02  -1.000000014901e-01 
 -6.324830930680e-03   0.000000000000e+00  -1.000000014901e-01  -6.324830930680e-03   2.194779925048e-02  -1.000000014901e-01   0.000000000000e+00   0.000000000000e+00  -1.000000014901e-01 
  0.000000000000e+00   0.000000000000e+00  -1.000000014901e-01   0.000000000000e+00  -1.757465675473e-02  -7.028073668480e-01   0.000000000000e+00  -1.757465675473e-02  -7.028073668480e-01 
  3.388264402747e-02   8.015139959753e-03  -4.821176230907e-01  -2.040830105543e-01  -1.619667261839e-01   2.516345679760e-01   0.000000000000e+00   0.000000000000e+00  -1.000000014901e-01 
  0.000000000000e+00   3.858735412359e-02  -1.000000014901e-01  -6.324830930680e-03   0.000000000000e+00  -1.000000014901e-01  -6.324830930680e-03   2.194779925048e-02  -1.000000014901e-01 
  0.000000000000e+00   0.000000000000e+00  -1.000000014901e-01   0.000000000000e+00   0.000000000000e+00  -1.000000014901e-01   0.000000000000e+00  -4.159852862358e-02  -8.142041563988e-01 
  0.000000000000e+00  -4.159852862358e-02  -8.142041563988e-01  -3.516060998663e-03  -1.286605447531e-01  -2.116224914789e-01  -2.385463379323e-02  -1.384471505880e-01  -2.780119180679e-01 
 -1.330008637160e-02   2.140328288078e-02  -4.135076701641e-01   0.000000000000e+00   9.372186660767e-02  -1.000000014901e-01  -1.264966186136e-02   9.372186660767e-02  -1.000000014901e-01 
 -1.264966186136e-02   4.963553696871e-02  -1.000000014901e-01   0.000000000000e+00   3.570687770844e-02  -1.000000014901e-01   0.000000000000e+00   3.570687770844e-02  -1.000000014901e-01 
  0.000000000000e+00  -1.152893248945e-02  -2.586216926575e-01   0.000000000000e+00  -1.152893248945e-02  -2.586216926575e-01  -3.822463378310e-02  -4.296199977398e-02  -1.651176065207e-01 
 -1.984395086765e-02  -6.196211650968e-02  -1.696767210960e-01  -3.093550913036e-02   4.351903498173e-02  -2.472846508026e-01  -4.854885488749e-02   9.372186660767e-02  -4.901822209358e-01 
 -1.264966186136e-02   9.372186660767e-02  -1.000000014901e-01  -1.264966186136e-02   5.580831691623e-02  -3.534906208515e-01  -4.858044907451e-03   3.540226817131e-02  -1.307262927294e-01 
 -4.858044907451e-03   3.540226817131e-02  -1.307262927294e-01   0.000000000000e+00   3.682212159038e-02  -2.340907603502e-01   0.000000000000e+00   3.682212159038e-02  -2.340907603502e-01 
 -5.923484638333e-02   7.383270189166e-03  -1.951038241386e-01  -5.001329630613e-02  -3.009795211256e-02  -6.144933700562e-01  -1.227235570550e-01  -1.118960529566e-01  -1.000000014901e-01 
 -1.247306168079e-01  -1.328686904162e-02  -6.523668766022e-01  -4.139719903469e-02   0.000000000000e+00  -5.353353023529e-01   2.964947223663e-01   2.186623029411e-02  -5.534284710884e-01 
  4.940719008446e-01   2.181477099657e-02  -6.562527418137e-01   4.940719008446e-01   2.181477099657e-02  -6.562527418137e-01   0.000000000000e+00   1.682004332542e-01  -3.649879992008e-01 
  0.000000000000e+00   1.682004332542e-01  -3.649879992008e-01  -8.204398304224e-02   1.684352755547e-01  -3.037686049938e-01  -8.146977052093e-03  -1.092798411846e-01  -2.498489618301e-01 
 -1.223561763763e-01  -2.332036942244e-01  -1.000000014901e-01  -1.707361787558e-01  -2.179927080870e-01  -8.755056858063e-01  -4.290982708335e-02  -1.370510011911e-01  -1.130988478661e+00 
  9.391186833382e-01  -4.828504100442e-02  -1.412476897240e+00   1.003231644630e+00  -5.641415249556e-03  -1.052325844765e+00   1.003231644630e+00  -5.641415249556e-03  -1.052325844765e+00 
  0.000000000000e+00   5.406969785690e-02  -3.669238686562e-01   0.000000000000e+00   5.406969785690e-02  -3.669238686562e-01  -5.431035533547e-02   7.930106483400e-03  -1.863986551762e-01 
  1.817651093006e-01  -8.287601172924e-02  -3.769680559635e-01   2.233306020498e-01  -2.332036942244e-01  -8.755794167519e-01   0.000000000000e+00  -1.924756169319e-01  -1.379591107368e+00 
  4.347079619765e-02  -1.668446958065e-01  -1.214929461479e+00   6.967670321465e-01  -3.096550703049e-02  -3.053167104721e+00   2.813622951508e-01   1.393044274300e-02  -1.000000014901e-01 
  2.813622951508e-01   1.393044274300e-02  -1.000000014901e-01   0.000000000000e+00   2.853177674115e-02  -4.096069931984e-01   0.000000000000e+00   2.853177674115e-02  -4.096069931984e-01 
 -1.762084662914e-02  -2.002207636833e-01  -5.421143770218e-02   4.319613873959e-01  -1.160736456513e-01  -3.413581550121e-01   4.865351915359e-01  -4.427399486303e-02  -1.056006312370e+00 
  8.314588069916e-01  -1.924755871296e-01  -6.813830137253e-01  -2.660955488682e-01  -1.975662540644e-03  -4.189212620258e-02  -3.788030445576e-01  -1.334107480943e-02   4.150601029396e-01 
  0.000000000000e+00   3.419580170885e-03  -8.497958779335e-01   0.000000000000e+00   3.419580170885e-03  -8.497958779335e-01   0.000000000000e+00   0.000000000000e+00  -2.697393894196e-01 
  0.000000000000e+00   0.000000000000e+00  -2.697393894196e-01   1.297350823879e-01   0.000000000000e+00  -2.426957041025e-01   3.046307861805e-01  -1.924082823098e-02  -1.157911777496e+00 
  6.450816392899e-01  -5.915882997215e-03  -1.474657535553e+00   9.255598783493e-01   1.585972867906e-02  -3.035030364990e-01  -1.510666161776e-01   2.485874742270e-01   4.150601029396e-01 
 -3.208210468292e-01   7.630381733179e-02  -1.167945284396e-02  -1.264092922211e-01   3.611997887492e-02  -7.305346131325e-01  -1.264092922211e-01   3.611997887492e-02  -7.305346131325e-01 
  0.000000000000e+00   0.000000000000e+00  -2.697393894196e-01   0.000000000000e+00   0.000000000000e+00  -2.697393894196e-01   1.297350823879e-01   0.000000000000e+00  -2.426957041025e-01 
  3.046307861805e-01  -1.924082823098e-02  -1.157911777496e+00   6.450816392899e-01  -5.915882997215e-03  -1.474657535553e+00   9.255598783493e-01   1.585972867906e-02  -3.035030364990e-01 
 -1.510666161776e-01   2.485874742270e-01   4.150601029396e-01  -3.208210468292e-01   7.630381733179e-02  -1.167945284396e-02  -1.264092922211e-01   3.611997887492e-02  -7.305346131325e-01 
 -1.264092922211e-01   3.611997887492e-02  -7.305346131325e-01   0.000000000000e+00   7.761023938656e-02  -6.156104207039e-01   0.000000000000e+00   7.761023938656e-02  -6.156104207039e-01 
 -2.367163449526e-02   1.954650692642e-02  -5.449350476265e-01  -2.175679355860e-01  -5.253493785858e-02   5.265094637871e-01  -1.332725435495e-01   2.320113405585e-02  -1.000000014901e-01 
  0.000000000000e+00   0.000000000000e+00  -1.000000014901e-01   0.000000000000e+00   0.000000000000e+00  -1.000000014901e-01   0.000000000000e+00   0.000000000000e+00  -4.545899331570e-01 
  0.000000000000e+00   4.422748170327e-04  -2.118116021156e-01   0.000000000000e+00   4.422748170327e-04  -2.118116021156e-01   0.000000000000e+00   7.761023938656e-02  -6.156104207039e-01 
  0.000000000000e+00   7.761023938656e-02  -6.156104207039e-01  -2.367163449526e-02   1.954650692642e-02  -5.449350476265e-01  -2.175679355860e-01  -5.253493785858e-02   5.265094637871e-01 
 -1.332725435495e-01   2.320113405585e-02  -1.000000014901e-01   0.000000000000e+00   0.000000000000e+00  -1.000000014901e-01   0.000000000000e+00   0.000000000000e+00  -1.000000014901e-01 
  0.000000000000e+00   0.000000000000e+00  -4.545899331570e-01   0.000000000000e+00   4.422748170327e-04  -2.118116021156e-01   0.000000000000e+00   4.422748170327e-04  -2.118116021156e-01 
  0.000000000000e+00   6.588823348284e-02  -6.449561715126e-01   0.000000000000e+00   6.588823348284e-02  -6.449561715126e-01  -5.866976827383e-02  -6.296905688941e-03  -5.189617872238e-01 
 -7.482882589102e-02  -5.301631242037e-02  -2.415022403002e-01   0.000000000000e+00   6.278382986784e-02  -1.000000014901e-01   0.000000000000e+00   9.372186660767e-02  -1.000000014901e-01 
 -3.358658403158e-02   7.278494536877e-02  -8.301167488098e-01   8.287259377539e-03   0.000000000000e+00  -8.091798424721e-01   0.000000000000e+00   1.254252973013e-03  -1.000000014901e-01 
  0.000000000000e+00   1.254252973013e-03  -1.000000014901e-01   0.000000000000e+00  -1.838459521532e-01   1.624587774277e-01   0.000000000000e+00  -1.838459521532e-01   1.624587774277e-01 
 -7.378970831633e-02  -1.484337300062e-01   2.849284186959e-02  -6.035020574927e-02  -1.194299310446e-01   1.310390233994e-01   0.000000000000e+00   0.000000000000e+00   2.044901132584e+00 
  0.000000000000e+00   9.372186660767e-02  -7.228788137436e-01  -1.264966186136e-02   1.146587878466e-01  -8.091798424721e-01  -1.264966186136e-02   0.000000000000e+00  -8.091798424721e-01 
  0.000000000000e+00   0.000000000000e+00  -5.093573331833e-01   0.000000000000e+00   0.000000000000e+00  -5.093573331833e-01   0.000000000000e+00   3.444255143404e-02  -9.926696866751e-02 
  0.000000000000e+00   3.444255143404e-02  -9.926696866751e-02  -9.004341810942e-02   3.154212981462e-02  -1.006742492318e-01   0.000000000000e+00  -6.108932429925e-04   2.607038736343e+00 
 -1.223561763763e-01   0.000000000000e+00   2.769457817078e+00  -1.223561763763e-01   0.000000000000e+00   2.789278984070e+00   0.000000000000e+00   0.000000000000e+00   1.362047433853e+00 
  0.000000000000e+00   0.000000000000e+00   6.797748804092e-01   0.000000000000e+00   0.000000000000e+00   3.687808513641e-01   0.000000000000e+00   0.000000000000e+00   3.687808513641e-01 
  0.000000000000e+00  -8.437721990049e-03   1.151934713125e-01   0.000000000000e+00  -8.437721990049e-03   1.151934713125e-01  -5.162894725800e-02   1.268618798349e-04   5.931708216667e-02 
  0.000000000000e+00   0.000000000000e+00   2.440590858459e+00  -3.855958208442e-02  -1.494070887566e-01   2.853254318237e+00  -2.061527818441e-01  -2.332036942244e-01   2.817837715149e+00 
  0.000000000000e+00   0.000000000000e+00   2.090897083282e+00   1.238439902663e-01  -6.509539089166e-04  -3.026557527483e-02   4.637704789639e-01  -1.315023982897e-03  -6.206458210945e-01 
  4.637704789639e-01  -1.315023982897e-03  -6.206458210945e-01   0.000000000000e+00   2.647660970688e-01  -1.816494464874e-01   0.000000000000e+00   2.647660970688e-01  -1.816494464874e-01 
 -2.217119187117e-02   2.269966900349e-01  -1.562878042459e-01   0.000000000000e+00   0.000000000000e+00  -3.910210132599e-01   0.000000000000e+00  -3.170002996922e-01  -5.118682384491e-01 
  0.000000000000e+00  -2.332036942244e-01  -1.000000014901e-01   4.073701798916e-02  -1.824472695589e-01  -5.981386899948e-01   3.724633455276e-01  -9.853101521730e-02  -1.939259767532e+00 
  2.924025654793e-01  -3.205229341984e-02  -8.746258616447e-01   2.924025654793e-01  -3.205229341984e-02  -8.746258616447e-01   0.000000000000e+00   3.901283740997e-01  -8.972267806530e-02 
  0.000000000000e+00   3.901283740997e-01  -8.972267806530e-02  -2.099473401904e-02  -1.127465218306e-01  -1.044369563460e-01   4.587458074093e-01  -1.270846128464e-01  -4.810373187065e-01 
  5.207641124725e-01   0.000000000000e+00  -5.377495288849e-01   9.255598783493e-01  -5.914565548301e-02  -6.954729557037e-01   1.933267712593e-01  -2.993326634169e-04  -1.000000014901e-01 
  0.000000000000e+00   2.652643481269e-03  -1.000000014901e-01   0.000000000000e+00   5.111022386700e-03  -1.000000014901e-01   0.000000000000e+00   5.111022386700e-03  -1.000000014901e-01 
  0.000000000000e+00   0.000000000000e+00  -3.243674635887e-01   0.000000000000e+00   0.000000000000e+00  -3.243674635887e-01   1.610027104616e-01   0.000000000000e+00  -4.969517588615e-01 
  3.281883895397e-01   0.000000000000e+00  -5.296121835709e-01   6.948339343071e-01   0.000000000000e+00  -5.822520852089e-01   8.776942491531e-01   0.000000000000e+00  -8.550433516502e-01 
  0.000000000000e+00   1.125808358192e-01  -3.123947083950e-01  -8.998846262693e-02   7.972577214241e-02  -1.638754904270e-01  -8.513603359461e-02   4.911539703608e-02  -3.331097364426e-01 
 -8.513603359461e-02   4.911539703608e-02  -3.331097364426e-01   0.000000000000e+00   0.000000000000e+00  -3.243674635887e-01   0.000000000000e+00   0.000000000000e+00  -3.243674635887e-01 
  1.610027104616e-01   0.000000000000e+00  -4.969517588615e-01   3.281883895397e-01   0.000000000000e+00  -5.296121835709e-01   6.948339343071e-01   0.000000000000e+00  -5.822520852089e-01 
  8.776942491531e-01   0.000000000000e+00  -8.550433516502e-01   0.000000000000e+00   1.125808358192e-01  -3.123947083950e-01  -8.998846262693e-02   7.972577214241e-02  -1.638754904270e-01 
 -8.513603359461e-02   4.911539703608e-02  -3.331097364426e-01  -8.513603359461e-02   4.911539703608e-02  -3.331097364426e-01   0.000000000000e+00   1.623538136482e-01   3.157896697521e-01 
  0.000000000000e+00   1.623538136482e-01   3.157896697521e-01  -8.960679173470e-02   9.728471189737e-02   1.804704517126e-01  -4.487676918507e-02   6.290169805288e-02  -1.000000014901e-01 
 -6.700330227613e-02   3.169367834926e-02  -9.010248631239e-02   0.000000000000e+00   1.929202675819e-02  -1.000000014901e-01   0.000000000000e+00   0.000000000000e+00  -1.000000014901e-01 
  0.000000000000e+00   0.000000000000e+00  -4.545899033546e-01   0.000000000000e+00   2.709348045755e-04  -2.854346036911e-01   0.000000000000e+00   2.709348045755e-04  -2.854346036911e-01 
  0.000000000000e+00   1.623538136482e-01   3.157896697521e-01   0.000000000000e+00   1.623538136482e-01   3.157896697521e-01  -8.960679173470e-02   9.728471189737e-02   1.804704517126e-01 
 -4.487676918507e-02   6.290169805288e-02  -1.000000014901e-01  -6.700330227613e-02   3.169367834926e-02  -9.010248631239e-02   0.000000000000e+00   1.929202675819e-02  -1.000000014901e-01 
  0.000000000000e+00   0.000000000000e+00  -1.000000014901e-01   0.000000000000e+00   0.000000000000e+00  -4.545899033546e-01   0.000000000000e+00   2.709348045755e-04  -2.854346036911e-01 
  0.000000000000e+00   2.709348045755e-04  -2.854346036911e-01   0.000000000000e+00   1.032242029905e-01  -4.705976843834e-01   0.000000000000e+00   1.032242029905e-01  -4.705976843834e-01 
 -5.507839523489e-05   8.738157898188e-02  -4.062843620777e-01  -1.041302271187e-02   5.713542178273e-02  -3.435637354851e-01   0.000000000000e+00   4.807198792696e-02  -5.877351388335e-02 
  0.000000000000e+00   4.686093330383e-02  -1.000000014901e-01   0.000000000000e+00   0.000000000000e+00  -7.882429361343e-01   0.000000000000e+00   0.000000000000e+00  -8.091798424721e-01 
  0.000000000000e+00   4.113349132240e-04  -1.000000014901e-01   0.000000000000e+00   4.113349132240e-04  -1.000000014901e-01   0.000000000000e+00  -3.537141978741e-01  -6.120344623923e-02 
  0.000000000000e+00  -3.537141978741e-01  -6.120344623923e-02  -4.487921670079e-02  -1.920170336962e-01  -5.438497662544e-02  -5.216773226857e-02  -1.242226734757e-01   1.412701606750e-01 
 -3.725973144174e-02   2.247832715511e-02   1.782232761383e+00  -2.186428010464e-02   4.686093330383e-02  -7.683218717575e-01  -6.324830930680e-03   0.000000000000e+00  -8.091798424721e-01 
 -6.324830930680e-03   0.000000000000e+00  -8.091798424721e-01  -2.604071982205e-03   1.104789407691e-04  -5.245655775070e-01  -2.604071982205e-03   1.104789407691e-04  -5.245655775070e-01 
  0.000000000000e+00   8.726587146521e-02  -1.987308114767e-01   0.000000000000e+00   8.726587146521e-02  -1.987308114767e-01  -7.367625087500e-02   3.087512776256e-02  -1.992471665144e-01 
 -5.891213193536e-02  -3.890777006745e-04   2.647583007812e+00  -6.118054687977e-02   0.000000000000e+00   2.769457817078e+00  -6.117885187268e-02   0.000000000000e+00   2.775600433350e+00 
 -1.313614938408e-02   0.000000000000e+00   4.204086363316e-01  -6.602018605918e-03   0.000000000000e+00  -4.430377483368e-02  -3.413840895519e-03   3.961220863857e-05  -1.294362992048e-01 
 -3.413840895519e-03   3.961220863857e-05  -1.294362992048e-01   0.000000000000e+00  -7.714095711708e-02  -2.635336816311e-01   0.000000000000e+00  -7.714095711708e-02  -2.635336816311e-01 
  1.275429595262e-02  -7.693435251713e-02  -4.948915839195e-01   0.000000000000e+00  -2.269043034175e-04   2.546096324921e+00   0.000000000000e+00   0.000000000000e+00   2.685661315918e+00 
  0.000000000000e+00  -1.180046349764e-01   2.769457817078e+00   0.000000000000e+00  -5.660464987159e-02   2.470770120621e+00   4.197250306606e-02  -2.517163194716e-02   1.529085874557e+00 
  1.401399821043e-01  -1.139214076102e-02   4.745135009289e-01   1.401399821043e-01  -1.139214076102e-02   4.745135009289e-01   0.000000000000e+00   1.707194298506e-01  -2.126032710075e-01 
  0.000000000000e+00   1.707194298506e-01  -2.126032710075e-01   2.422371134162e-02   1.120776906610e-01  -2.139481455088e-01   1.094614192843e-01  -1.133737969212e-03  -4.256577789783e-01 
  1.700832098722e-01   0.000000000000e+00  -5.233637094498e-01   1.281197667122e-01  -1.211254894733e-01  -3.121762275696e-01   1.005507484078e-01  -1.305052489042e-01  -4.378218352795e-01 
  2.341567426920e-01  -1.067767068744e-01  -1.169595122337e+00   2.428825199604e-01  -6.961496174335e-02  -9.474161267281e-01   2.428825199604e-01  -6.961496174335e-02  -9.474161267281e-01 
  0.000000000000e+00   4.285095334053e-01  -3.395981490612e-01   0.000000000000e+00   4.285095334053e-01  -3.395981490612e-01   1.002818644047e-01   2.398240119219e-01  -3.030813038349e-01 
  2.586090862751e-01  -4.518780484796e-02  -4.967648684978e-01   4.287468492985e-01  -9.102619253099e-03  -5.602229237556e-01   5.087391734123e-01  -3.205534070730e-02  -6.595121026039e-01 
  2.708915770054e-01  -7.060909643769e-03  -2.994866967201e-01   1.101697906852e-01   5.775782279670e-03  -1.000000014901e-01   0.000000000000e+00   8.776126429439e-03  -1.000000014901e-01 
  0.000000000000e+00   8.776126429439e-03  -1.000000014901e-01   0.000000000000e+00   0.000000000000e+00  -2.930419445038e-01   0.000000000000e+00   0.000000000000e+00  -2.930419445038e-01 
  1.172680780292e-01   5.833997391164e-03  -3.805420100689e-01   2.527269721031e-01  -1.183102279902e-02  -5.570738315582e-01   0.000000000000e+00  -7.901942444732e-05  -6.527857780457e-01 
  0.000000000000e+00  -4.063701635459e-05  -8.550433516502e-01   0.000000000000e+00   5.537350103259e-02  -1.000000014901e-01   0.000000000000e+00   6.566368043423e-02  -1.234970316291e-01 
 -3.352920338511e-02   5.246483534575e-02  -1.965308040380e-01  -3.352920338511e-02   5.246483534575e-02  -1.965308040380e-01   0.000000000000e+00   0.000000000000e+00  -2.930419445038e-01 
  0.000000000000e+00   0.000000000000e+00  -2.930419445038e-01   1.172680780292e-01   5.833997391164e-03  -3.805420100689e-01   2.527269721031e-01  -1.183102279902e-02  -5.570738315582e-01 
  0.000000000000e+00  -7.901942444732e-05  -6.527857780457e-01   0.000000000000e+00  -4.063701635459e-05  -8.550433516502e-01   0.000000000000e+00   5.537350103259e-02  -1.000000014901e-01 
  0.000000000000e+00   6.566368043423e-02  -1.234970316291e-01  -3.352920338511e-02   5.246483534575e-02  -1.965308040380e-01  -3.352920338511e-02   5.246483534575e-02  -1.965308040380e-01 
  0.000000000000e+00   1.623538136482e-01   3.157896697521e-01   0.000000000000e+00   1.623538136482e-01   3.157896697521e-01  -8.960679173470e-02   9.728471189737e-02   1.804704517126e-01 
 -4.487676918507e-02   6.290169805288e-02  -1.000000014901e-01  -6.700330227613e-02   3.169367834926e-02  -9.010248631239e-02   0.000000000000e+00   1.929202675819e-02  -1.000000014901e-01 
  0.000000000000e+00   0.000000000000e+00  -1.000000014901e-01   0.000000000000e+00   0.000000000000e+00  -4.545899033546e-01   0.000000000000e+00   2.709348045755e-04  -2.854346036911e-01 
  0.000000000000e+00   2.709348045755e-04  -2.854346036911e-01   0.000000000000e+00   1.623538136482e-01   3.157896697521e-01   0.000000000000e+00   1.623538136482e-01   3.157896697521e-01 
 -8.960679173470e-02   9.728471189737e-02   1.804704517126e-01  -4.487676918507e-02   6.290169805288e-02  -1.000000014901e-01  -6.700330227613e-02   3.169367834926e-02  -9.010248631239e-02 
  0.000000000000e+00   1.929202675819e-02  -1.000000014901e-01   0.000000000000e+00   0.000000000000e+00  -1.000000014901e-01   0.000000000000e+00   0.000000000000e+00  -4.545899033546e-01 
  0.000000000000e+00   2.709348045755e-04  -2.854346036911e-01   0.000000000000e+00   2.709348045755e-04  -2.854346036911e-01   0.000000000000e+00   1.032242029905e-01  -4.705976843834e-01 
  0.000000000000e+00   1.032242029905e-01  -4.705976843834e-01  -5.507839523489e-05   8.738157898188e-02  -4.062843620777e-01  -1.041302271187e-02   5.713542178273e-02  -3.435637354851e-01 
  0.000000000000e+00   4.807198792696e-02  -5.877351388335e-02   0.000000000000e+00   4.686093330383e-02  -1.000000014901e-01   0.000000000000e+00   0.000000000000e+00  -7.882429361343e-01 
  0.000000000000e+00   0.000000000000e+00  -8.091798424721e-01   0.000000000000e+00   4.113349132240e-04  -1.000000014901e-01   0.000000000000e+00   4.113349132240e-04  -1.000000014901e-01 
  0.000000000000e+00  -3.537141978741e-01  -6.120344623923e-02   0.000000000000e+00  -3.537141978741e-01  -6.120344623923e-02  -4.487921670079e-02  -1.920170336962e-01  -5.438497662544e-02 
 -5.216773226857e-02  -1.242226734757e-01   1.412701606750e-01  -3.725973144174e-02   2.247832715511e-02   1.782232761383e+00  -2.186428010464e-02   4.686093330383e-02  -7.683218717575e-01 
 -6.324830930680e-03   0.000000000000e+00  -8.091798424721e-01  -6.324830930680e-03   0.000000000000e+00  -8.091798424721e-01  -2.604071982205e-03   1.104789407691e-04  -5.245655775070e-01 
 -2.604071982205e-03   1.104789407691e-04  -5.245655775070e-01   0.000000000000e+00   8.726587146521e-02  -1.987308114767e-01   0.000000000000e+00   8.726587146521e-02  -1.987308114767e-01 
 -7.367625087500e-02   3.087512776256e-02  -1.992471665144e-01  -5.891213193536e-02  -3.890777006745e-04   2.647583007812e+00  -6.118054687977e-02   0.000000000000e+00   2.769457817078e+00 
 -6.117885187268e-02   0.000000000000e+00   2.775600433350e+00  -1.313614938408e-02   0.000000000000e+00   4.204086363316e-01  -6.602018605918e-03   0.000000000000e+00  -4.430377483368e-02 
 -3.413840895519e-03   3.961220863857e-05  -1.294362992048e-01  -3.413840895519e-03   3.961220863857e-05  -1.294362992048e-01   0.000000000000e+00  -7.714095711708e-02  -2.635336816311e-01 
  0.000000000000e+00  -7.714095711708e-02  -2.635336816311e-01   1.275429595262e-02  -7.693435251713e-02  -4.948915839195e-01   0.000000000000e+00  -2.269043034175e-04   2.546096324921e+00 
  0.000000000000e+00   0.000000000000e+00   2.685661315918e+00   0.000000000000e+00  -1.180046349764e-01   2.769457817078e+00   0.000000000000e+00  -5.660464987159e-02   2.470770120621e+00 
  4.197250306606e-02  -2.517163194716e-02   1.529085874557e+00   1.401399821043e-01  -1.139214076102e-02   4.745135009289e-01   1.401399821043e-01  -1.139214076102e-02   4.745135009289e-01 
  0.000000000000e+00   1.707194298506e-01  -2.126032710075e-01   0.000000000000e+00   1.707194298506e-01  -2.126032710075e-01   2.422371134162e-02   1.120776906610e-01  -2.139481455088e-01 
  1.094614192843e-01  -1.133737969212e-03  -4.256577789783e-01   1.700832098722e-01   0.000000000000e+00  -5.233637094498e-01   1.281197667122e-01  -1.211254894733e-01  -3.121762275696e-01 
  1.005507484078e-01  -1.305052489042e-01  -4.378218352795e-01   2.341567426920e-01  -1.067767068744e-01  -1.169595122337e+00   2.428825199604e-01  -6.961496174335e-02  -9.474161267281e-01 
  2.428825199604e-01  -6.961496174335e-02  -9.474161267281e-01   0.000000000000e+00   4.285095334053e-01  -3.395981490612e-01   0.000000000000e+00   4.285095334053e-01  -3.395981490612e-01 
  1.002818644047e-01   2.398240119219e-01  -3.030813038349e-01   2.586090862751e-01  -4.518780484796e-02  -4.967648684978e-01   4.287468492985e-01  -9.102619253099e-03  -5.602229237556e-01 
  5.087391734123e-01  -3.205534070730e-02  -6.595121026039e-01   2.708915770054e-01  -7.060909643769e-03  -2.994866967201e-01   1.101697906852e-01   5.775782279670e-03  -1.000000014901e-01 
  0.000000000000e+00   8.776126429439e-03  -1.000000014901e-01   0.000000000000e+00   8.776126429439e-03  -1.000000014901e-01   0.000000000000e+00   0.000000000000e+00  -2.930419445038e-01 
  0.000000000000e+00   0.000000000000e+00  -2.930419445038e-01   1.172680780292e-01   5.833997391164e-03  -3.805420100689e-01   2.527269721031e-01  -1.183102279902e-02  -5.570738315582e-01 
  0.000000000000e+00  -7.901942444732e-05  -6.527857780457e-01   0.000000000000e+00  -4.063701635459e-05  -8.550433516502e-01   0.000000000000e+00   5.537350103259e-02  -1.000000014901e-01 
  0.000000000000e+00   6.566368043423e-02  -1.234970316291e-01  -3.352920338511e-02   5.246483534575e-02  -1.965308040380e-01  -3.352920338511e-02   5.246483534575e-02  -1.965308040380e-01 
  0.000000000000e+00   0.000000000000e+00  -2.930419445038e-01   0.000000000000e+00   0.000000000000e+00  -2.930419445038e-01   1.172680780292e-01   5.833997391164e-03  -3.805420100689e-01 
  2.527269721031e-01  -1.183102279902e-02  -5.570738315582e-01   0.000000000000e+00  -7.901942444732e-05  -6.527857780457e-01   0.000000000000e+00  -4.063701635459e-05  -8.550433516502e-01 
  0.000000000000e+00   5.537350103259e-02  -1.000000014901e-01   0.000000000000e+00   6.566368043423e-02  -1.234970316291e-01  -3.352920338511e-02   5.246483534575e-02  -1.965308040380e-01 
 -3.352920338511e-02   5.246483534575e-02  -1.965308040380e-01 

