# vtk DataFile Version 2.0
Written using VisIt writer
ASCII
DATASET RECTILINEAR_GRID
DIMENSIONS 10 10 10
X_COORDINATES 10 float
  0.000000000000e+00   5.000000000000e-01   1.000000000000e+00   1.500000000000e+00   2.000000000000e+00   2.500000000000e+00   3.000000000000e+00   3.500000000000e+00   4.000000000000e+00 
  4.500000000000e+00 
Y_COORDINATES 10 float
  0.000000000000e+00   5.000000000000e-01   1.000000000000e+00   1.500000000000e+00   2.000000000000e+00   2.500000000000e+00   3.000000000000e+00   3.500000000000e+00   4.000000000000e+00 
  4.500000000000e+00 
Z_COORDINATES 10 float
  0.000000000000e+00   5.000000000000e-01   1.000000000000e+00   1.500000000000e+00   2.000000000000e+00   2.500000000000e+00   3.000000000000e+00   3.500000000000e+00   4.000000000000e+00 
  4.500000000000e+00 
CELL_DATA 729
POINT_DATA 1000
VECTORS velocity float
  0.000000000000e+00  -1.442389190197e-01  -2.641150355339e-01   3.251200000000e+04   0.000000000000e+00   0.000000000000e+00   0.000000000000e+00   0.000000000000e+00   0.000000000000e+00 
  1.501475721598e-01  -9.370588511229e-02  -1.777825504541e-01   0.000000000000e+00   0.000000000000e+00   0.000000000000e+00   0.000000000000e+00   1.431655808000e+09   1.070945600000e+09 
  8.477397263050e-02  -9.599737823009e-02  -1.779875159264e-01   1.071994176000e+09   0.000000000000e+00   0.000000000000e+00   0.000000000000e+00   0.000000000000e+00   0.000000000000e+00 
  5.581936240196e-02  -2.278201729059e-01  -1.942825168371e-01   0.000000000000e+00  -1.442389190197e-01  -2.641150355339e-01   1.070945600000e+09   0.000000000000e+00   0.000000000000e+00 
  4.744758456945e-02  -1.426804512739e-01  -2.394060194492e-01   1.501475721598e-01  -9.370588511229e-02  -1.777825504541e-01   1.431655808000e+09   1.070945600000e+09   0.000000000000e+00 
  1.232264116406e-01  -6.447540968657e-02  -1.435227394104e-01   8.477397263050e-02  -9.599737823009e-02  -1.779875159264e-01   0.000000000000e+00   0.000000000000e+00   1.071644672000e+09 
  5.581936240196e-02  -2.278201729059e-01  -1.942825168371e-01   5.581936240196e-02  -2.278201729059e-01  -1.942825168371e-01   0.000000000000e+00   7.841899991035e-02  -2.174128592014e-01 
  0.000000000000e+00   7.841899991035e-02  -2.174128592014e-01  -3.262696042657e-02  -2.119742035866e-01  -2.261404395103e-01   1.972894817591e-01  -2.425592988729e-01  -1.998267620802e-01 
  1.065935939550e-01  -1.637628823519e-01  -1.988649517298e-01   8.298654854298e-02  -5.965138226748e-02  -1.437497437000e-01   8.498272299767e-02   1.155634038150e-02  -1.416541635990e-01 
  7.696998864412e-02  -2.491293661296e-02  -1.394125223160e-01   7.583262026310e-02  -5.166586115956e-02  -1.485821455717e-01   7.583262026310e-02  -5.166586115956e-02  -1.485821455717e-01 
  0.000000000000e+00   6.835055351257e-02  -1.904482096434e-01   0.000000000000e+00   6.835055351257e-02  -1.904482096434e-01   7.587465643883e-02  -7.174935191870e-02  -1.897888630629e-01 
  1.141049042344e-01   1.239914074540e-02  -1.643051952124e-01   7.718842476606e-02   2.849300764501e-02  -1.547167748213e-01   1.271820217371e-01  -8.216802030802e-02  -1.497336775064e-01 
  2.119560241699e-01  -1.145097427070e-02  -1.790811866522e-01   9.539372473955e-02  -6.937305629253e-02  -1.432943642139e-01   1.690403819084e-01  -2.525315247476e-02  -1.317931115627e-01 
  1.690403819084e-01  -2.525315247476e-02  -1.317931115627e-01   0.000000000000e+00   9.144627489150e-03  -2.323119342327e-01   0.000000000000e+00   9.144627489150e-03  -2.323119342327e-01 
 -2.013219296932e-01  -1.115885227919e-01  -2.728027105331e-01   7.544972747564e-02  -1.687491126359e-02  -2.092119306326e-01   1.240236982703e-01  -2.118792757392e-02  -1.485269516706e-01 
  7.870205491781e-02  -4.587956890464e-02  -1.416590213776e-01   7.531118392944e-02   1.997372508049e-02  -1.513859182596e-01   1.254628151655e-01  -6.719679385424e-02  -1.525025963783e-01 
  2.161972820759e-01  -9.087430685759e-02  -1.776311695576e-01   2.161972820759e-01  -9.087430685759e-02  -1.776311695576e-01   0.000000000000e+00  -1.117118727416e-02  -1.916950345039e-01 
  0.000000000000e+00  -1.117118727416e-02  -1.916950345039e-01  -5.882424768060e-03  -2.068225527182e-03  -2.036925107241e-01   1.217824965715e-01   3.326685726643e-02  -2.026013582945e-01 
  1.650024950504e-01  -6.684716790915e-02  -1.985919922590e-01   6.060697138309e-02  -8.308732509613e-02  -1.541708558798e-01   4.835173860192e-02  -4.408873245120e-02  -1.433262526989e-01 
  1.421868614852e-02   8.822687668726e-04  -1.335651129484e-01   1.472021788359e-01   3.913275897503e-02  -1.394682973623e-01   1.472021788359e-01   3.913275897503e-02  -1.394682973623e-01 
  0.000000000000e+00   5.990448873490e-03  -1.738953888416e-01   0.000000000000e+00   5.990448873490e-03  -1.738953888416e-01   2.660372853279e-02  -1.454465650022e-02  -1.743516623974e-01 
  2.250399440527e-02   3.760601580143e-02  -1.583276540041e-01   1.178031787276e-01   1.050005331635e-01  -1.615358740091e-01   1.081294491887e-01  -3.742854110897e-03  -1.767588406801e-01 
  1.396769136190e-01  -8.086974918842e-02  -1.934484243393e-01   1.195059269667e-01  -5.830878019333e-02  -1.443230509758e-01   1.210497617722e-01  -4.408503696322e-02  -1.390804946423e-01 
  1.210497617722e-01  -4.408503696322e-02  -1.390804946423e-01   0.000000000000e+00  -7.360504567623e-02  -1.969804763794e-01   0.000000000000e+00  -7.360504567623e-02  -1.969804763794e-01 
 -7.738666236401e-02  -2.053180150688e-02  -2.107371240854e-01   3.421268984675e-02   4.459473490715e-02  -1.480340361595e-01   9.500907361507e-02   8.128713816404e-02  -1.428133696318e-01 
  9.220021963120e-02   3.861193358898e-02  -1.381663829088e-01   1.218448430300e-01   5.213398113847e-02  -1.472672671080e-01   1.640041321516e-01  -2.369590476155e-02  -1.571858972311e-01 
  1.903413534164e-01  -4.429231956601e-02  -1.916079521179e-01   1.903413534164e-01  -4.429231956601e-02  -1.916079521179e-01   0.000000000000e+00   0.000000000000e+00  -1.649734377861e-01 
  0.000000000000e+00   0.000000000000e+00  -1.649734377861e-01  -9.817610681057e-02   0.000000000000e+00  -1.778207719326e-01   6.375304609537e-02   0.000000000000e+00  -1.532029807568e-01 
  1.891208998859e-02   0.000000000000e+00  -1.830598115921e-01   1.298566013575e-01   0.000000000000e+00  -1.381189972162e-01   1.032068282366e-01   0.000000000000e+00  -1.247613504529e-01 
  1.891418695450e-01   0.000000000000e+00  -1.220816969872e-01   2.675740420818e-01   0.000000000000e+00  -1.291497498751e-01   2.675740420818e-01   0.000000000000e+00  -1.291497498751e-01 
  0.000000000000e+00   0.000000000000e+00  -1.649734377861e-01   0.000000000000e+00   0.000000000000e+00  -1.649734377861e-01  -9.817610681057e-02   0.000000000000e+00  -1.778207719326e-01 
  6.375304609537e-02   0.000000000000e+00  -1.532029807568e-01   1.891208998859e-02   0.000000000000e+00  -1.830598115921e-01   1.298566013575e-01   0.000000000000e+00  -1.381189972162e-01 
  1.032068282366e-01   0.000000000000e+00  -1.247613504529e-01   1.891418695450e-01   0.000000000000e+00  -1.220816969872e-01   2.675740420818e-01   0.000000000000e+00  -1.291497498751e-01 
  2.675740420818e-01   0.000000000000e+00  -1.291497498751e-01   0.000000000000e+00  -1.442389190197e-01  -2.641150355339e-01   0.000000000000e+00  -1.442389190197e-01  -2.641150355339e-01 
  4.744758456945e-02  -1.426804512739e-01  -2.394060194492e-01   1.501475721598e-01  -9.370588511229e-02  -1.777825504541e-01   1.973653286695e-01  -6.419247388840e-02  -1.495068669319e-01 
  1.232264116406e-01  -6.447540968657e-02  -1.435227394104e-01   8.477397263050e-02  -9.599737823009e-02  -1.779875159264e-01   1.212645098567e-01  -9.188384562731e-02  -1.745976954699e-01 
  5.581936240196e-02  -2.278201729059e-01  -1.942825168371e-01   5.581936240196e-02  -2.278201729059e-01  -1.942825168371e-01   0.000000000000e+00  -1.442389190197e-01  -2.641150355339e-01 
  0.000000000000e+00  -1.442389190197e-01  -2.641150355339e-01   4.744758456945e-02  -1.426804512739e-01  -2.394060194492e-01   1.501475721598e-01  -9.370588511229e-02  -1.777825504541e-01 
  1.973653286695e-01  -6.419247388840e-02  -1.495068669319e-01   1.232264116406e-01  -6.447540968657e-02  -1.435227394104e-01   8.477397263050e-02  -9.599737823009e-02  -1.779875159264e-01 
  1.212645098567e-01  -9.188384562731e-02  -1.745976954699e-01   5.581936240196e-02  -2.278201729059e-01  -1.942825168371e-01   5.581936240196e-02  -2.278201729059e-01  -1.942825168371e-01 
  0.000000000000e+00   7.841899991035e-02  -2.174128592014e-01   0.000000000000e+00   7.841899991035e-02  -2.174128592014e-01  -3.262696042657e-02  -2.119742035866e-01  -2.261404395103e-01 
  1.972894817591e-01  -2.425592988729e-01  -1.998267620802e-01   1.065935939550e-01  -1.637628823519e-01  -1.988649517298e-01   8.298654854298e-02  -5.965138226748e-02  -1.437497437000e-01 
  8.498272299767e-02   1.155634038150e-02  -1.416541635990e-01   7.696998864412e-02  -2.491293661296e-02  -1.394125223160e-01   7.583262026310e-02  -5.166586115956e-02  -1.485821455717e-01 
  7.583262026310e-02  -5.166586115956e-02  -1.485821455717e-01   0.000000000000e+00   6.835055351257e-02  -1.904482096434e-01   0.000000000000e+00   6.835055351257e-02  -1.904482096434e-01 
  7.587465643883e-02  -7.174935191870e-02  -1.897888630629e-01   1.141049042344e-01   1.239914074540e-02  -1.643051952124e-01   7.718842476606e-02   2.849300764501e-02  -1.547167748213e-01 
  1.271820217371e-01  -8.216802030802e-02  -1.497336775064e-01   2.119560241699e-01  -1.145097427070e-02  -1.790811866522e-01   9.539372473955e-02  -6.937305629253e-02  -1.432943642139e-01 
  1.690403819084e-01  -2.525315247476e-02  -1.317931115627e-01   1.690403819084e-01  -2.525315247476e-02  -1.317931115627e-01   0.000000000000e+00   9.144627489150e-03  -2.323119342327e-01 
  0.000000000000e+00   9.144627489150e-03  -2.323119342327e-01  -2.013219296932e-01  -1.115885227919e-01  -2.728027105331e-01   7.544972747564e-02  -1.687491126359e-02  -2.092119306326e-01 
  1.240236982703e-01  -2.118792757392e-02  -1.485269516706e-01   7.870205491781e-02  -4.587956890464e-02  -1.416590213776e-01   7.531118392944e-02   1.997372508049e-02  -1.513859182596e-01 
  1.254628151655e-01  -6.719679385424e-02  -1.525025963783e-01   2.161972820759e-01  -9.087430685759e-02  -1.776311695576e-01   2.161972820759e-01  -9.087430685759e-02  -1.776311695576e-01 
  0.000000000000e+00  -1.117118727416e-02  -1.916950345039e-01   0.000000000000e+00  -1.117118727416e-02  -1.916950345039e-01  -5.882424768060e-03  -2.068225527182e-03  -2.036925107241e-01 
  1.217824965715e-01   3.326685726643e-02  -2.026013582945e-01   1.650024950504e-01  -6.684716790915e-02  -1.985919922590e-01   6.060697138309e-02  -8.308732509613e-02  -1.541708558798e-01 
  4.835173860192e-02  -4.408873245120e-02  -1.433262526989e-01   1.421868614852e-02   8.822687668726e-04  -1.335651129484e-01   1.472021788359e-01   3.913275897503e-02  -1.394682973623e-01 
  1.472021788359e-01   3.913275897503e-02  -1.394682973623e-01   0.000000000000e+00   5.990448873490e-03  -1.738953888416e-01   0.000000000000e+00   5.990448873490e-03  -1.738953888416e-01 
  2.660372853279e-02  -1.454465650022e-02  -1.743516623974e-01   2.250399440527e-02   3.760601580143e-02  -1.583276540041e-01   1.178031787276e-01   1.050005331635e-01  -1.615358740091e-01 
  1.081294491887e-01  -3.742854110897e-03  -1.767588406801e-01   1.396769136190e-01  -8.086974918842e-02  -1.934484243393e-01   1.195059269667e-01  -5.830878019333e-02  -1.443230509758e-01 
  1.210497617722e-01  -4.408503696322e-02  -1.390804946423e-01   1.210497617722e-01  -4.408503696322e-02  -1.390804946423e-01   0.000000000000e+00  -7.360504567623e-02  -1.969804763794e-01 
  0.000000000000e+00  -7.360504567623e-02  -1.969804763794e-01  -7.738666236401e-02  -2.053180150688e-02  -2.107371240854e-01   3.421268984675e-02   4.459473490715e-02  -1.480340361595e-01 
  9.500907361507e-02   8.128713816404e-02  -1.428133696318e-01   9.220021963120e-02   3.861193358898e-02  -1.381663829088e-01   1.218448430300e-01   5.213398113847e-02  -1.472672671080e-01 
  1.640041321516e-01  -2.369590476155e-02  -1.571858972311e-01   1.903413534164e-01  -4.429231956601e-02  -1.916079521179e-01   1.903413534164e-01  -4.429231956601e-02  -1.916079521179e-01 
  0.000000000000e+00   0.000000000000e+00  -1.649734377861e-01   0.000000000000e+00   0.000000000000e+00  -1.649734377861e-01  -9.817610681057e-02   0.000000000000e+00  -1.778207719326e-01 
  6.375304609537e-02   0.000000000000e+00  -1.532029807568e-01   1.891208998859e-02   0.000000000000e+00  -1.830598115921e-01   1.298566013575e-01   0.000000000000e+00  -1.381189972162e-01 
  1.032068282366e-01   0.000000000000e+00  -1.247613504529e-01   1.891418695450e-01   0.000000000000e+00  -1.220816969872e-01   2.675740420818e-01   0.000000000000e+00  -1.291497498751e-01 
  2.675740420818e-01   0.000000000000e+00  -1.291497498751e-01   0.000000000000e+00   0.000000000000e+00  -1.649734377861e-01   0.000000000000e+00   0.000000000000e+00  -1.649734377861e-01 
 -9.817610681057e-02   0.000000000000e+00  -1.778207719326e-01   6.375304609537e-02   0.000000000000e+00  -1.532029807568e-01   1.891208998859e-02   0.000000000000e+00  -1.830598115921e-01 
  1.298566013575e-01   0.000000000000e+00  -1.381189972162e-01   1.032068282366e-01   0.000000000000e+00  -1.247613504529e-01   1.891418695450e-01   0.000000000000e+00  -1.220816969872e-01 
  2.675740420818e-01   0.000000000000e+00  -1.291497498751e-01   2.675740420818e-01   0.000000000000e+00  -1.291497498751e-01   0.000000000000e+00  -1.861388534307e-01  -1.270141363144e+00 
  0.000000000000e+00  -1.861388534307e-01  -1.270141363144e+00  -1.863394528627e-01  -5.669652819633e-01  -1.163050889969e+00   3.702138066292e-01  -2.439942508936e-01  -8.543203473091e-01 
  7.840958833694e-01   1.751317232847e-01  -8.224492669106e-01   5.705198645592e-01   5.443873815238e-03  -6.243835687637e-01  -1.260018795729e-01  -9.391531348228e-03  -8.571605086327e-01 
  8.692506700754e-03   6.965620443225e-03  -5.256018042564e-01   0.000000000000e+00  -9.571789205074e-02  -5.717487540096e-03   0.000000000000e+00  -9.571789205074e-02  -5.717487540096e-03 
  0.000000000000e+00  -1.861388534307e-01  -1.270141363144e+00   0.000000000000e+00  -1.861388534307e-01  -1.270141363144e+00  -1.863394528627e-01  -5.669652819633e-01  -1.163050889969e+00 
  3.702138066292e-01  -2.439942508936e-01  -8.543203473091e-01   7.840958833694e-01   1.751317232847e-01  -8.224492669106e-01   5.705198645592e-01   5.443873815238e-03  -6.243835687637e-01 
 -1.260018795729e-01  -9.391531348228e-03  -8.571605086327e-01   8.692506700754e-03   6.965620443225e-03  -5.256018042564e-01   0.000000000000e+00  -9.571789205074e-02  -5.717487540096e-03 
  0.000000000000e+00  -9.571789205074e-02  -5.717487540096e-03   0.000000000000e+00  -3.125870227814e-02  -5.727558135986e-01   0.000000000000e+00  -3.125870227814e-02  -5.727558135986e-01 
 -6.572629511356e-02  -1.025051623583e-01  -9.107506871223e-01   3.563166856766e-01  -1.344944387674e-01  -7.082129120827e-01   6.267822980881e-01   2.567705810070e-01  -6.306703686714e-01 
  2.536711394787e-01   6.843774579465e-03  -3.509942293167e-01   1.415691152215e-02   1.253028512001e-01  -4.454572498798e-01   4.629800841212e-02   2.621170133352e-02  -5.271264910698e-01 
  6.567169725895e-02  -4.243041947484e-02  -5.141786113381e-02   6.567169725895e-02  -4.243041947484e-02  -5.141786113381e-02   0.000000000000e+00   3.706056624651e-02  -9.446418285370e-01 
  0.000000000000e+00   3.706056624651e-02  -9.446418285370e-01   7.749005407095e-02   1.279042810202e-01  -1.149005889893e+00   1.951661407948e-01  -3.640939667821e-02  -9.254195094109e-01 
  5.061632394791e-01   3.123297356069e-02  -1.031554341316e+00   4.413703382015e-01   5.529044196010e-02  -7.576787471771e-01   1.286088526249e-01   1.938910409808e-02  -4.007469117641e-01 
  9.460949897766e-02  -5.390717834234e-02  -5.670564249158e-02   1.694705337286e-01  -2.609565854073e-02  -6.820689141750e-02   1.694705337286e-01  -2.609565854073e-02  -6.820689141750e-02 
  0.000000000000e+00   4.005461465567e-03  -1.039176821709e+00   0.000000000000e+00   4.005461465567e-03  -1.039176821709e+00  -5.430483818054e-01   1.800240576267e-02  -1.282589912415e+00 
 -5.618905425072e-01   1.700366102159e-02  -1.298586726189e+00   6.646189689636e-01  -1.287305504084e-01  -7.715148329735e-01   3.528269827366e-01   6.376438736916e-01  -7.635840177536e-01 
 -8.693304657936e-02   2.418363541365e-01  -7.610170841217e-01   7.481000572443e-02  -2.271905913949e-02  -5.492396950722e-01   2.104393392801e-01  -8.957368880510e-02  -2.236882969737e-02 
  2.104393392801e-01  -8.957368880510e-02  -2.236882969737e-02   0.000000000000e+00   1.958750374615e-02  -8.778867721558e-01   0.000000000000e+00   1.958750374615e-02  -8.778867721558e-01 
 -3.494430184364e-01   1.893887817860e-01  -8.883983492851e-01  -2.848511934280e-01   5.177546292543e-02  -8.737399578094e-01   7.741110920906e-01   3.669720143080e-02  -7.351691126823e-01 
  6.466594338417e-01   6.762218475342e-01  -8.090791106224e-01  -1.112411543727e-01   2.224072664976e-01  -6.796365976334e-01   3.794554993510e-02   4.594831913710e-02  -5.687707662582e-01 
  1.249854639173e-01   3.931494057178e-02  -6.053170189261e-02   1.249854639173e-01   3.931494057178e-02  -6.053170189261e-02   0.000000000000e+00   4.717753082514e-02  -4.957614243031e-01 
  0.000000000000e+00   4.717753082514e-02  -4.957614243031e-01  -8.072769641876e-02   5.831703543663e-01  -1.122579455376e+00   2.366025149822e-01   1.529050469398e-01  -1.074354648590e+00 
  4.082347750664e-01  -1.070648711175e-02  -9.298799633980e-01   4.229224026203e-01   2.797926068306e-01  -9.921895861626e-01  -4.181207120419e-01   5.153577774763e-02  -6.156545281410e-01 
  1.561456769705e-01   2.660001395270e-03  -1.082677006721e+00   0.000000000000e+00  -3.720819577575e-02  -6.091949716210e-02   0.000000000000e+00  -3.720819577575e-02  -6.091949716210e-02 
  0.000000000000e+00   1.528798341751e-01  -6.168922781944e-01   0.000000000000e+00   1.528798341751e-01  -6.168922781944e-01   1.966413110495e-01   3.714961111546e-01  -1.112725257874e+00 
  3.178697824478e-01   6.645644456148e-02  -1.525647521019e+00   3.036318421364e-01  -1.598938554525e-02  -1.296316623688e+00  -8.294998109341e-02   3.998321592808e-01  -4.770185947418e-01 
  4.830682277679e-02   4.241537153721e-01  -5.808385610580e-01   3.134307861328e-01   1.181587874889e-01  -1.069814205170e+00   1.647114306688e-01  -2.231937274337e-02  -8.392049930990e-03 
  1.647114306688e-01  -2.231937274337e-02  -8.392049930990e-03   0.000000000000e+00   0.000000000000e+00  -5.351871848106e-01   0.000000000000e+00   0.000000000000e+00  -5.351871848106e-01 
  1.988827139139e-01   0.000000000000e+00  -1.340700238943e-01  -1.344241648912e-01   0.000000000000e+00  -1.697038769722e+00   3.602806329727e-01   0.000000000000e+00  -1.694018580019e-02 
 -4.332503974438e-01   0.000000000000e+00   2.336915135384e-01  -3.027676045895e-01   0.000000000000e+00   2.576074600220e-01   4.255989193916e-01   2.210330916569e-03  -7.791830599308e-02 
  2.599890530109e-01   6.269026198424e-05  -7.085025310516e-02   2.599890530109e-01   6.269026198424e-05  -7.085025310516e-02   0.000000000000e+00   0.000000000000e+00  -5.351871848106e-01 
  0.000000000000e+00   0.000000000000e+00  -5.351871848106e-01   1.988827139139e-01   0.000000000000e+00  -1.340700238943e-01  -1.344241648912e-01   0.000000000000e+00  -1.697038769722e+00 
  3.602806329727e-01   0.000000000000e+00  -1.694018580019e-02  -4.332503974438e-01   0.000000000000e+00   2.336915135384e-01  -3.027676045895e-01   0.000000000000e+00   2.576074600220e-01 
  4.255989193916e-01   2.210330916569e-03  -7.791830599308e-02   2.599890530109e-01   6.269026198424e-05  -7.085025310516e-02   2.599890530109e-01   6.269026198424e-05  -7.085025310516e-02 
  0.000000000000e+00  -8.510420471430e-02  -2.855663299561e-01   0.000000000000e+00  -8.510420471430e-02  -2.855663299561e-01  -2.018710225821e-01   1.710885390639e-02  -7.218945026398e-01 
  7.001562416553e-02  -1.027253046632e-01  -4.943331778049e-01   7.851444482803e-01  -1.166701614857e-01  -3.631150126457e-01   8.621097207069e-01   3.533554822206e-02  -1.299879401922e-01 
 -5.865468829870e-02   5.795566365123e-02  -4.991917908192e-01  -5.865468829870e-02   2.233582362533e-02  -5.665389895439e-01   0.000000000000e+00  -6.362774223089e-02  -1.000000014901e-01 
  0.000000000000e+00  -6.362774223089e-02  -1.000000014901e-01   0.000000000000e+00  -8.510420471430e-02  -2.855663299561e-01   0.000000000000e+00  -8.510420471430e-02  -2.855663299561e-01 
 -2.018710225821e-01   1.710885390639e-02  -7.218945026398e-01   7.001562416553e-02  -1.027253046632e-01  -4.943331778049e-01   7.851444482803e-01  -1.166701614857e-01  -3.631150126457e-01 
  8.621097207069e-01   3.533554822206e-02  -1.299879401922e-01  -5.865468829870e-02   5.795566365123e-02  -4.991917908192e-01  -5.865468829870e-02   2.233582362533e-02  -5.665389895439e-01 
  0.000000000000e+00  -6.362774223089e-02  -1.000000014901e-01   0.000000000000e+00  -6.362774223089e-02  -1.000000014901e-01   0.000000000000e+00  -1.200824454427e-01  -2.717170715332e-01 
  0.000000000000e+00  -1.200824454427e-01  -2.717170715332e-01  -4.068519175053e-01   4.036590456963e-02  -4.122279286385e-01  -2.652892172337e-01  -5.010167881846e-02  -4.767723381519e-01 
  4.540849924088e-01  -9.450279921293e-02  -6.080973744392e-01   5.160427689552e-01   4.608286172152e-02  -4.959395527840e-01   5.255618691444e-01   5.795566365123e-02  -5.665389895439e-01 
  5.259404778481e-01   3.391006216407e-02  -5.204086303711e-01   7.643727958202e-02  -2.923716977239e-02  -9.324292093515e-02   7.643727958202e-02  -2.923716977239e-02  -9.324292093515e-02 
  0.000000000000e+00   4.129709303379e-02  -1.758900880814e-01   0.000000000000e+00   4.129709303379e-02  -1.758900880814e-01   2.092050909996e-01   1.989659667015e-01   2.939001023769e-01 
  2.094891667366e-01   6.474351882935e-02  -4.797891676426e-01   5.853719711304e-01   3.596794307232e-01  -7.041206955910e-01   7.295458912849e-01   1.744442731142e-01  -7.000002264977e-01 
  5.261077284813e-01   7.646727561951e-02  -1.000000014901e-01   5.261077284813e-01   4.201322421432e-02  -1.000000014901e-01   0.000000000000e+00  -2.256801724434e-02  -1.000000014901e-01 
  0.000000000000e+00  -2.256801724434e-02  -1.000000014901e-01   0.000000000000e+00   5.514409393072e-02  -3.149255514145e-01   0.000000000000e+00   5.514409393072e-02  -3.149255514145e-01 
  6.165570393205e-02   5.342813953757e-02  -1.682796776295e-01   2.356988936663e-01  -1.693301051855e-01  -2.629126049578e-02   3.305194973946e-01  -4.026989638805e-01  -6.349766254425e-01 
  2.852864861488e-01   9.867118671536e-03  -6.657106280327e-01   1.159251630306e-01   8.626700192690e-02  -6.837887763977e-01   7.687406241894e-02   4.451962187886e-02  -5.876361131668e-01 
  1.909698098898e-01  -6.718319654465e-02  -7.106558978558e-02   1.909698098898e-01  -6.718319654465e-02  -7.106558978558e-02   0.000000000000e+00   7.338618487120e-02  -2.499284595251e-01 
  0.000000000000e+00   7.338618487120e-02  -2.499284595251e-01   1.531860325485e-03  -8.691319078207e-02  -1.223722994328e-01  -1.834587901831e-01   7.270071655512e-02  -2.840964496136e-01 
  4.540553390980e-01  -1.577689647675e-01  -6.053555607796e-01   4.684714078903e-01   1.921282261610e-01  -6.128278970718e-01   1.367522054352e-03   2.077972888947e-01  -4.316293895245e-01 
  1.137875169516e-01   1.004570722580e-01  -5.494579076767e-01   1.172922104597e-01   4.782029613853e-02  -1.238165646791e-01   1.172922104597e-01   4.782029613853e-02  -1.238165646791e-01 
  0.000000000000e+00   5.362046416849e-03  -3.971682190895e-01   0.000000000000e+00   5.362046416849e-03  -3.971682190895e-01  -1.431218832731e-01   2.871271371841e-01  -5.467050671577e-01 
  6.561790592968e-03   5.476386472583e-02  -1.128340244293e+00   3.531459867954e-01  -2.683806605637e-02  -3.865857124329e-01   4.168372452259e-01   2.720630466938e-01  -3.233906030655e-01 
 -4.331571236253e-02   3.039104640484e-01  -1.412712335587e-01   2.963220477104e-01   1.139798238873e-01  -6.125169396400e-01   9.417387843132e-02   4.475649446249e-03  -2.191231250763e-01 
  9.417387843132e-02   4.475649446249e-03  -2.191231250763e-01   0.000000000000e+00   3.854451701045e-02  -4.094534218311e-01   0.000000000000e+00   3.854451701045e-02  -4.094534218311e-01 
  1.762236207724e-01   8.808699995279e-02  -6.963546276093e-01   6.049987673759e-01   7.717873156071e-02  -1.862504839897e+00   4.534690082073e-01   6.043273210526e-02  -1.862504839897e+00 
  5.831083059311e-01   2.414202094078e-01  -1.770714372396e-01   5.749184489250e-01   9.221266955137e-02  -4.742889702320e-01   8.907691240311e-01   7.643251866102e-02  -8.006849884987e-01 
  0.000000000000e+00   1.817534491420e-02  -1.000000014901e-01   0.000000000000e+00   1.817534491420e-02  -1.000000014901e-01   0.000000000000e+00   0.000000000000e+00  -2.002219855785e-01 
  0.000000000000e+00   0.000000000000e+00  -2.002219855785e-01   7.159977406263e-02   0.000000000000e+00  -3.824096322060e-01   1.280594617128e-01   0.000000000000e+00  -1.331659674644e+00 
  6.387412548065e-01   0.000000000000e+00   2.701196968555e-01   7.548409104347e-01   0.000000000000e+00   2.701196968555e-01   9.251990318298e-01   0.000000000000e+00  -8.793532103300e-02 
  9.888513684273e-01   1.662530994508e-04  -1.000498607755e-01   7.375403642654e-01   1.300665171584e-04  -8.091185241938e-02   7.375403642654e-01   1.300665171584e-04  -8.091185241938e-02 
  0.000000000000e+00   0.000000000000e+00  -2.002219855785e-01   0.000000000000e+00   0.000000000000e+00  -2.002219855785e-01   7.159977406263e-02   0.000000000000e+00  -3.824096322060e-01 
  1.280594617128e-01   0.000000000000e+00  -1.331659674644e+00   6.387412548065e-01   0.000000000000e+00   2.701196968555e-01   7.548409104347e-01   0.000000000000e+00   2.701196968555e-01 
  9.251990318298e-01   0.000000000000e+00  -8.793532103300e-02   9.888513684273e-01   1.662530994508e-04  -1.000498607755e-01   7.375403642654e-01   1.300665171584e-04  -8.091185241938e-02 
  7.375403642654e-01   1.300665171584e-04  -8.091185241938e-02   0.000000000000e+00   4.616851732135e-02  -3.312440812588e-01   0.000000000000e+00   4.616851732135e-02  -3.312440812588e-01 
  4.080622922629e-03  -3.122332692146e-02  -3.239608705044e-01  -1.876456104219e-02  -1.350569128990e-01  -3.971952497959e-01   1.009646892548e+00  -1.188795641065e-01  -3.965268135071e-01 
  9.434773921967e-01   0.000000000000e+00  -4.296115934849e-01   0.000000000000e+00   1.815531775355e-02  -5.110035538673e-01   1.387675255537e-01   1.445185299963e-02  -5.714199542999e-01 
  1.065881550312e-01  -3.209377080202e-02  -2.775808870792e-01   1.065881550312e-01  -3.209377080202e-02  -2.775808870792e-01   0.000000000000e+00   4.616851732135e-02  -3.312440812588e-01 
  0.000000000000e+00   4.616851732135e-02  -3.312440812588e-01   4.080622922629e-03  -3.122332692146e-02  -3.239608705044e-01  -1.876456104219e-02  -1.350569128990e-01  -3.971952497959e-01 
  1.009646892548e+00  -1.188795641065e-01  -3.965268135071e-01   9.434773921967e-01   0.000000000000e+00  -4.296115934849e-01   0.000000000000e+00   1.815531775355e-02  -5.110035538673e-01 
  1.387675255537e-01   1.445185299963e-02  -5.714199542999e-01   1.065881550312e-01  -3.209377080202e-02  -2.775808870792e-01   1.065881550312e-01  -3.209377080202e-02  -2.775808870792e-01 
  0.000000000000e+00   1.483006924391e-01  -3.694218397141e-01   0.000000000000e+00   1.483006924391e-01  -3.694218397141e-01  -3.709180951118e-01  -7.404866814613e-02  -3.166776299477e-01 
 -6.972866654396e-01  -1.421600282192e-01  -3.354831337929e-01   7.958238720894e-01  -1.850491315126e-01  -7.327127456665e-01   7.545988559723e-01   0.000000000000e+00  -8.213775157928e-01 
  5.261077284813e-01   0.000000000000e+00  -1.006256580353e+00   5.261077284813e-01   6.110664457083e-03  -1.006256580353e+00   2.718003094196e-01  -1.088925544173e-02  -4.453163146973e-01 
  2.718003094196e-01  -1.088925544173e-02  -4.453163146973e-01   0.000000000000e+00   8.172273635864e-02  -6.071179509163e-01   0.000000000000e+00   8.172273635864e-02  -6.071179509163e-01 
  8.187175542116e-02  -7.835857570171e-02  -3.990561068058e-01   1.330418735743e-01   2.671508304775e-02  -6.187473535538e-01   6.203086972237e-01   3.247135877609e-01  -8.588973283768e-01 
  7.645117044449e-01   8.134350925684e-02  -8.239315152168e-01   4.912245869637e-01   6.328399479389e-02  -1.041139721870e+00   5.609908103943e-01   0.000000000000e+00  -1.006256580353e+00 
  0.000000000000e+00  -7.307698484510e-03  -1.000000014901e-01   0.000000000000e+00  -7.307698484510e-03  -1.000000014901e-01   0.000000000000e+00  -1.176262721419e-01  -4.227851331234e-01 
  0.000000000000e+00  -1.176262721419e-01  -4.227851331234e-01   2.273305505514e-02  -2.714192681015e-02  -2.652640640736e-01   1.591076999903e-01  -2.496270537376e-01  -3.635759055614e-01 
  3.416766226292e-01  -6.406883597374e-01  -8.676922917366e-01   3.726071119308e-01   8.683808147907e-02  -7.593699693680e-01   2.750294506550e-01   1.330502331257e-01  -9.855343103409e-01 
  0.000000000000e+00   0.000000000000e+00  -9.923349618912e-01   2.156979963183e-02  -1.280331611633e-02  -4.335915446281e-01   2.156979963183e-02  -1.280331611633e-02  -4.335915446281e-01 
  0.000000000000e+00   2.301539480686e-01  -2.971236705780e-01   0.000000000000e+00   2.301539480686e-01  -2.971236705780e-01   6.344417482615e-02   2.110287398100e-01  -7.667749375105e-02 
  2.312980294228e-01   1.045374050736e-01  -3.891570568085e-01   3.743993937969e-01  -2.265394330025e-01  -5.088468194008e-01   4.518752396107e-01   3.468778729439e-02  -5.921507477760e-01 
  2.734504640102e-01   0.000000000000e+00  -2.899818420410e-01   2.163169533014e-01   1.552077382803e-02  -4.741980433464e-01   1.586366146803e-01   2.268768660724e-02  -2.327815294266e-01 
  1.586366146803e-01   2.268768660724e-02  -2.327815294266e-01   0.000000000000e+00  -7.993314415216e-03  -4.467816054821e-01   0.000000000000e+00  -7.993314415216e-03  -4.467816054821e-01 
  1.304937601089e-01  -2.286315523088e-02  -4.233924746513e-01   2.171755135059e-01   3.145082155243e-03  -4.727642238140e-01   5.414311289787e-01   1.429357007146e-02  -1.031245589256e+00 
  5.510845184326e-01   2.070970982313e-01  -5.092852711678e-01   2.331954240799e-01   0.000000000000e+00  -1.000000014901e-01   3.957188129425e-01   5.803505331278e-02  -5.789356231689e-01 
  1.770746558905e-01   2.420050650835e-02  -3.269554674625e-01   1.770746558905e-01   2.420050650835e-02  -3.269554674625e-01   0.000000000000e+00  -2.203420996666e-01  -4.415834844112e-01 
  0.000000000000e+00  -2.203420996666e-01  -4.415834844112e-01   1.935119032860e-01  -1.456059794873e-02  -2.990929782391e-01   4.576714336872e-01  -6.647846102715e-02  -5.189720392227e-01 
  6.475570797920e-01   7.536236941814e-02  -1.309593558311e+00   6.147590875626e-01   8.819445222616e-02  -1.075792431831e+00   5.890156626701e-01   0.000000000000e+00  -1.215304255486e+00 
  7.541979551315e-01   3.162061795592e-02  -1.278235793114e+00   0.000000000000e+00   1.780737005174e-02  -1.000000014901e-01   0.000000000000e+00   1.780737005174e-02  -1.000000014901e-01 
  0.000000000000e+00   0.000000000000e+00  -2.426480799913e-01   0.000000000000e+00   0.000000000000e+00  -2.426480799913e-01   2.145379781723e-01   0.000000000000e+00  -1.934121847153e-01 
  1.715581566095e-01   0.000000000000e+00  -5.705918669701e-01   6.747400164604e-01   0.000000000000e+00  -1.088813021779e-01   7.361468672752e-01   0.000000000000e+00  -9.558552503586e-01 
  1.042119026184e+00   0.000000000000e+00  -1.299496293068e+00   1.042119026184e+00   8.787032857072e-05  -7.561468482018e-01   8.895374536514e-01   9.078978473553e-05  -4.183101654053e-01 
  8.895374536514e-01   9.078978473553e-05  -4.183101654053e-01   0.000000000000e+00   0.000000000000e+00  -2.426480799913e-01   0.000000000000e+00   0.000000000000e+00  -2.426480799913e-01 
  2.145379781723e-01   0.000000000000e+00  -1.934121847153e-01   1.715581566095e-01   0.000000000000e+00  -5.705918669701e-01   6.747400164604e-01   0.000000000000e+00  -1.088813021779e-01 
  7.361468672752e-01   0.000000000000e+00  -9.558552503586e-01   1.042119026184e+00   0.000000000000e+00  -1.299496293068e+00   1.042119026184e+00   8.787032857072e-05  -7.561468482018e-01 
  8.895374536514e-01   9.078978473553e-05  -4.183101654053e-01   8.895374536514e-01   9.078978473553e-05  -4.183101654053e-01   0.000000000000e+00   6.046191602945e-02  -6.428007483482e-01 
  0.000000000000e+00   6.046191602945e-02  -6.428007483482e-01   2.878756821156e-02  -1.105047613382e-01  -1.508298993111e+00   6.666805148125e-01  -7.571498304605e-02  -5.947158932686e-01 
  9.765621423721e-01  -1.491460502148e-01  -4.626963734627e-01   9.765621423721e-01  -7.437337934971e-02  -4.296115934849e-01   4.496124982834e-01   7.971114828251e-04  -6.406505703926e-01 
  2.634831070900e-01   1.166412699968e-02  -7.219845652580e-01   2.082075178623e-01   2.523777540773e-03  -5.004703402519e-01   2.082075178623e-01   2.523777540773e-03  -5.004703402519e-01 
  0.000000000000e+00   6.046191602945e-02  -6.428007483482e-01   0.000000000000e+00   6.046191602945e-02  -6.428007483482e-01   2.878756821156e-02  -1.105047613382e-01  -1.508298993111e+00 
  6.666805148125e-01  -7.571498304605e-02  -5.947158932686e-01   9.765621423721e-01  -1.491460502148e-01  -4.626963734627e-01   9.765621423721e-01  -7.437337934971e-02  -4.296115934849e-01 
  4.496124982834e-01   7.971114828251e-04  -6.406505703926e-01   2.634831070900e-01   1.166412699968e-02  -7.219845652580e-01   2.082075178623e-01   2.523777540773e-03  -5.004703402519e-01 
  2.082075178623e-01   2.523777540773e-03  -5.004703402519e-01   0.000000000000e+00   1.695612818003e-01  -4.948876500130e-01   0.000000000000e+00   1.695612818003e-01  -4.948876500130e-01 
  1.913278549910e-02  -4.510185122490e-02  -4.969211518764e-01  -6.174322217703e-03  -6.680725514889e-02  -4.627753794193e-01   7.002277970314e-01  -1.602851003408e-01  -4.364183247089e-01 
  6.713722348213e-01  -7.915114611387e-02  -9.038200378418e-01   2.539106011391e-01  -4.713523085229e-04  -1.006256580353e+00   2.602185010910e-01   5.016153212637e-03  -1.006256580353e+00 
  1.888123452663e-01  -8.337338804267e-04  -5.921401381493e-01   1.888123452663e-01  -8.337338804267e-04  -5.921401381493e-01   0.000000000000e+00   3.660596907139e-01  -1.094076111913e-01 
  0.000000000000e+00   3.660596907139e-01  -1.094076111913e-01  -2.016226947308e-02   1.532643437386e-01  -1.722242087126e-01   2.212537638843e-02   4.993894696236e-02  -6.060370802879e-01 
  1.617193371058e-01   1.850422024727e-01  -7.957128882408e-01   3.489280343056e-01   0.000000000000e+00  -8.768964409828e-01   0.000000000000e+00   0.000000000000e+00  -9.713734388351e-01 
  0.000000000000e+00   9.757955558598e-03  -1.006256580353e+00   0.000000000000e+00   4.975489806384e-03  -1.000000014901e-01   0.000000000000e+00   4.975489806384e-03  -1.000000014901e-01 
  0.000000000000e+00  -9.068743884563e-02  -4.253721609712e-02   0.000000000000e+00  -9.068743884563e-02  -4.253721609712e-02   2.339011803269e-02  -7.594995200634e-02  -2.069794088602e-01 
  8.084993064404e-02  -3.802525252104e-02  -3.710736632347e-01   1.070953998715e-02  -1.895768381655e-02  -1.000000014901e-01   0.000000000000e+00   0.000000000000e+00  -1.000000014901e-01 
  5.421155095100e-01  -1.462721840587e-17  -9.419598579407e-01   2.207431495190e-01   3.146691620350e-02  -9.782400727272e-01   1.192384213209e-01   1.150754839182e-02  -5.841897130013e-01 
  1.192384213209e-01   1.150754839182e-02  -5.841897130013e-01   0.000000000000e+00   1.353059411049e-01  -4.626540243626e-01   0.000000000000e+00   1.353059411049e-01  -4.626540243626e-01 
  2.920587733388e-02   1.520870029926e-01  -4.672612547874e-01   1.270585656166e-01   1.122880578041e-01  -4.481103420258e-01   1.983188986778e-01  -1.093330904841e-01  -5.893802046776e-01 
  4.343159198761e-01   0.000000000000e+00  -1.364416182041e-01   5.161735415459e-01  -4.719937965274e-02  -2.169834971428e-01   3.734644651413e-01  -3.508646413684e-02  -3.554247319698e-01 
  1.176849231124e-01  -3.200273960829e-02  -2.655071914196e-01   1.176849231124e-01  -3.200273960829e-02  -2.655071914196e-01   0.000000000000e+00   1.750240921974e-01  -4.140272438526e-01 
  0.000000000000e+00   1.750240921974e-01  -4.140272438526e-01   3.950431942940e-02   7.241812348366e-02  -3.168059885502e-01   9.956584870815e-02   3.295010328293e-02  -7.175325751305e-01 
  3.186722695827e-01   3.090040758252e-02  -9.657053351402e-01   3.612555563450e-01  -3.550883755088e-02  -9.142292141914e-01   4.327916502953e-01  -5.406947061419e-02  -5.323928594589e-01 
  3.024648129940e-01  -2.897095307708e-02  -7.102166414261e-01  -1.151609122753e-01  -4.801566537935e-04  -2.036322802305e-01  -1.151609122753e-01  -4.801566537935e-04  -2.036322802305e-01 
  0.000000000000e+00   1.976640708745e-02  -4.046607315540e-01   0.000000000000e+00   1.976640708745e-02  -4.046607315540e-01   9.800457209349e-02   3.472710028291e-02  -5.604529380798e-01 
  5.680117756128e-02  -8.387257345021e-03  -1.298485636711e+00   2.608398795128e-01   3.037310205400e-02  -1.014642715454e+00   3.994343876839e-01   1.724703237414e-02  -1.078121066093e+00 
  5.017490983009e-01   7.858646102250e-03  -1.179976820946e+00   3.873278796673e-01   3.396332031116e-04  -1.229908823967e+00   0.000000000000e+00   0.000000000000e+00  -1.000000014901e-01 
  0.000000000000e+00   0.000000000000e+00  -1.000000014901e-01   0.000000000000e+00   0.000000000000e+00  -4.920493662357e-01   0.000000000000e+00   0.000000000000e+00  -4.920493662357e-01 
  7.774807512760e-02   0.000000000000e+00  -2.597533464432e-01  -7.770916819572e-02   0.000000000000e+00  -6.675845384598e-01  -2.972442209721e-01   0.000000000000e+00  -1.095212578773e+00 
  0.000000000000e+00   0.000000000000e+00  -9.411985278130e-01   0.000000000000e+00   0.000000000000e+00  -1.000000014901e-01   0.000000000000e+00   3.635989560280e-04  -1.000000014901e-01 
 -5.969218164682e-02   0.000000000000e+00  -1.540074348450e-01  -5.969218164682e-02   0.000000000000e+00  -1.540074348450e-01   0.000000000000e+00   0.000000000000e+00  -4.920493662357e-01 
  0.000000000000e+00   0.000000000000e+00  -4.920493662357e-01   7.774807512760e-02   0.000000000000e+00  -2.597533464432e-01  -7.770916819572e-02   0.000000000000e+00  -6.675845384598e-01 
 -2.972442209721e-01   0.000000000000e+00  -1.095212578773e+00   0.000000000000e+00   0.000000000000e+00  -9.411985278130e-01   0.000000000000e+00   0.000000000000e+00  -1.000000014901e-01 
  0.000000000000e+00   3.635989560280e-04  -1.000000014901e-01  -5.969218164682e-02   0.000000000000e+00  -1.540074348450e-01  -5.969218164682e-02   0.000000000000e+00  -1.540074348450e-01 
  0.000000000000e+00   1.706487126648e-02  -5.704062581062e-01   0.000000000000e+00   1.706487126648e-02  -5.704062581062e-01   5.273791961372e-03  -2.173093520105e-02  -6.314573287964e-01 
  7.908382415771e-01  -2.654367126524e-02  -8.386327624321e-01   0.000000000000e+00  -6.326548289508e-03  -1.000000014901e-01   0.000000000000e+00   0.000000000000e+00  -1.000000014901e-01 
  0.000000000000e+00   7.732941210270e-02  -1.000000014901e-01   0.000000000000e+00   4.730275273323e-02  -1.607616543770e-01   0.000000000000e+00   3.264243528247e-02  -2.297872155905e-01 
  0.000000000000e+00   3.264243528247e-02  -2.297872155905e-01   0.000000000000e+00   1.706487126648e-02  -5.704062581062e-01   0.000000000000e+00   1.706487126648e-02  -5.704062581062e-01 
  5.273791961372e-03  -2.173093520105e-02  -6.314573287964e-01   7.908382415771e-01  -2.654367126524e-02  -8.386327624321e-01   0.000000000000e+00  -6.326548289508e-03  -1.000000014901e-01 
  0.000000000000e+00   0.000000000000e+00  -1.000000014901e-01   0.000000000000e+00   7.732941210270e-02  -1.000000014901e-01   0.000000000000e+00   4.730275273323e-02  -1.607616543770e-01 
  0.000000000000e+00   3.264243528247e-02  -2.297872155905e-01   0.000000000000e+00   3.264243528247e-02  -2.297872155905e-01   0.000000000000e+00   5.255366209894e-03  -3.390416502953e-01 
  0.000000000000e+00   5.255366209894e-03  -3.390416502953e-01   2.140612900257e-02  -9.059640020132e-02  -4.530051946640e-01   1.500093191862e-01  -5.601086840034e-02  -5.343849658966e-01 
  6.581020355225e-02  -1.948190387338e-03  -3.127936720848e-01   4.567075669765e-01   0.000000000000e+00  -1.000000014901e-01   3.626321554184e-01   7.733347266912e-02  -9.809689521790e-01 
  2.833018600941e-01   4.841960594058e-02  -7.035114765167e-01   2.098990380764e-01   3.561929240823e-02  -5.095418691635e-01   2.098990380764e-01   3.561929240823e-02  -5.095418691635e-01 
  0.000000000000e+00   2.249115854502e-01  -1.922407150269e-01   0.000000000000e+00   2.249115854502e-01  -1.922407150269e-01  -1.177120022476e-02   1.979363858700e-01  -2.414231598377e-01 
 -2.044160617515e-03   1.550367474556e-01  -4.489654302597e-01   0.000000000000e+00   0.000000000000e+00   1.210767179728e-01   9.971345663071e-01   0.000000000000e+00   3.680885136127e-01 
  9.634718894958e-01  -5.595161020756e-02  -9.707552194595e-01   3.997114300728e-01  -3.784723579884e-02  -1.000000014901e-01   1.954135745764e-01  -3.066561743617e-02  -1.000000014901e-01 
  1.954135745764e-01  -3.066561743617e-02  -1.000000014901e-01   0.000000000000e+00   1.219002902508e-01  -1.184717789292e-01   0.000000000000e+00   1.219002902508e-01  -1.184717789292e-01 
 -2.031605876982e-02   1.075379252434e-01  -1.562764495611e-01  -2.800402697176e-03  -1.030256785452e-02  -2.495992928743e-01   0.000000000000e+00   0.000000000000e+00  -1.000000014901e-01 
  9.051877260208e-01  -8.192013204098e-02   4.084433913231e-01   9.391548037529e-01  -1.030651405454e-01   6.518073379993e-02   0.000000000000e+00  -8.847809582949e-02  -2.712299861014e-02 
  0.000000000000e+00  -6.376133114100e-02  -9.168724715710e-02   0.000000000000e+00  -6.376133114100e-02  -9.168724715710e-02   0.000000000000e+00   2.792689204216e-01  -4.124962389469e-01 
  0.000000000000e+00   2.792689204216e-01  -4.124962389469e-01   3.485927125439e-03   2.589628398418e-01  -4.161994159222e-01   4.076201096177e-02  -9.419993497431e-03  -4.459070265293e-01 
  3.426613211632e-01  -9.642191976309e-02  -4.326753914356e-01   6.447015404701e-01  -1.472689360380e-01  -1.000000014901e-01   6.662968397141e-01  -1.320068538189e-01  -5.659161806107e-01 
  3.443473279476e-01  -1.185052320361e-01  -6.279932856560e-01  -1.455798652023e-02  -5.298971012235e-02  -4.295710325241e-01  -1.455798652023e-02  -5.298971012235e-02  -4.295710325241e-01 
  0.000000000000e+00   2.616655230522e-01  -3.659273087978e-01   0.000000000000e+00   2.616655230522e-01  -3.659273087978e-01   2.094755694270e-02   2.094303369522e-01  -2.958251237869e-01 
  6.279192119837e-02   1.315086036921e-01  -5.724300146103e-01   9.913085401058e-02  -7.916988432407e-02  -9.647074937820e-01   3.963112235069e-01  -6.897363811731e-02  -1.000000014901e-01 
  4.021163582802e-01  -7.551888376474e-02  -3.933983743191e-01   7.568284124136e-02   4.089084541192e-05  -2.080194652081e-01  -1.900654882193e-01   0.000000000000e+00  -1.000000014901e-01 
 -1.900654882193e-01   0.000000000000e+00  -1.000000014901e-01   0.000000000000e+00   5.624879151583e-02  -4.217527210712e-01   0.000000000000e+00   5.624879151583e-02  -4.217527210712e-01 
  5.181709304452e-02   4.132225364447e-02  -1.446475237608e-01   1.198561564088e-01   1.376982033253e-02  -8.119616508484e-01   1.696339398623e-01   1.935599371791e-02  -9.766768813133e-01 
  2.819743752480e-01   0.000000000000e+00  -9.825672507286e-01   2.437978386879e-01  -2.269565872848e-02  -1.000000014901e-01   0.000000000000e+00   5.350992432795e-04  -1.000000014901e-01 
 -1.918395012617e-01   1.070198486559e-03  -1.000000014901e-01  -1.918395012617e-01   1.070198486559e-03  -1.000000014901e-01   0.000000000000e+00   0.000000000000e+00  -3.517149984837e-01 
  0.000000000000e+00   0.000000000000e+00  -3.517149984837e-01   2.905391901731e-02   0.000000000000e+00  -3.701426088810e-01   6.271395683289e-01   0.000000000000e+00  -8.953764438629e-01 
  0.000000000000e+00   0.000000000000e+00  -1.128125548363e+00   0.000000000000e+00   0.000000000000e+00  -1.000000014901e-01   4.128870740533e-02  -4.495104309171e-03  -1.000000014901e-01 
 -3.430064022541e-02   5.350991850719e-04  -1.000000014901e-01  -9.503274410963e-02   1.070198486559e-03  -1.000000014901e-01  -9.503274410963e-02   1.070198486559e-03  -1.000000014901e-01 
  0.000000000000e+00   0.000000000000e+00  -3.517149984837e-01   0.000000000000e+00   0.000000000000e+00  -3.517149984837e-01   2.905391901731e-02   0.000000000000e+00  -3.701426088810e-01 
  6.271395683289e-01   0.000000000000e+00  -8.953764438629e-01   0.000000000000e+00   0.000000000000e+00  -1.128125548363e+00   0.000000000000e+00   0.000000000000e+00  -1.000000014901e-01 
  4.128870740533e-02  -4.495104309171e-03  -1.000000014901e-01  -3.430064022541e-02   5.350991850719e-04  -1.000000014901e-01  -9.503274410963e-02   1.070198486559e-03  -1.000000014901e-01 
 -9.503274410963e-02   1.070198486559e-03  -1.000000014901e-01   0.000000000000e+00  -3.350236639380e-02   4.074122011662e-02   0.000000000000e+00  -3.350236639380e-02   4.074122011662e-02 
  5.123360455036e-02   6.648343801498e-02   9.146124124527e-02  -9.140909463167e-02   0.000000000000e+00  -1.426472663879e+00   0.000000000000e+00   0.000000000000e+00  -1.000000014901e-01 
  1.698572635651e+00   3.382110297680e-01   3.002352714539e+00   1.331491470337e+00   1.546704322100e-01   2.818812131882e+00   0.000000000000e+00   0.000000000000e+00  -1.000000014901e-01 
  0.000000000000e+00   0.000000000000e+00  -1.000000014901e-01   0.000000000000e+00   0.000000000000e+00  -1.000000014901e-01   0.000000000000e+00  -3.350236639380e-02   4.074122011662e-02 
  0.000000000000e+00  -3.350236639380e-02   4.074122011662e-02   5.123360455036e-02   6.648343801498e-02   9.146124124527e-02  -9.140909463167e-02   0.000000000000e+00  -1.426472663879e+00 
  0.000000000000e+00   0.000000000000e+00  -1.000000014901e-01   1.698572635651e+00   3.382110297680e-01   3.002352714539e+00   1.331491470337e+00   1.546704322100e-01   2.818812131882e+00 
  0.000000000000e+00   0.000000000000e+00  -1.000000014901e-01   0.000000000000e+00   0.000000000000e+00  -1.000000014901e-01   0.000000000000e+00   0.000000000000e+00  -1.000000014901e-01 
  0.000000000000e+00  -3.108907639980e-01  -9.638980031013e-02   0.000000000000e+00  -3.108907639980e-01  -9.638980031013e-02   6.575499475002e-02  -2.918820381165e-01  -5.298735573888e-02 
  0.000000000000e+00   0.000000000000e+00  -5.129230022430e-01   0.000000000000e+00   0.000000000000e+00  -9.481374919415e-02   0.000000000000e+00  -2.887015603483e-02  -1.000000014901e-01 
  0.000000000000e+00   1.546704322100e-01   3.522670567036e-01   0.000000000000e+00   0.000000000000e+00   3.275872170925e-01   0.000000000000e+00   0.000000000000e+00   2.151919007301e-01 
  0.000000000000e+00   0.000000000000e+00   2.151919007301e-01   0.000000000000e+00  -1.750444173813e-01  -6.682193279266e-01   0.000000000000e+00  -1.750444173813e-01  -6.682193279266e-01 
 -3.797330334783e-02  -2.080712169409e-01  -5.001440644264e-01  -3.480022028089e-02   0.000000000000e+00  -3.104581534863e-01   1.949875056744e-01   0.000000000000e+00  -1.511962339282e-02 
  7.606536149979e-01   0.000000000000e+00   3.680885136127e-01   7.138726115227e-01   0.000000000000e+00  -3.216686546803e-01   5.073651075363e-01  -3.243614686653e-03  -2.512527704239e-01 
  3.027625977993e-01  -6.830567959696e-03  -2.832751572132e-01   3.027625977993e-01  -6.830567959696e-03  -2.832751572132e-01   0.000000000000e+00   1.657572388649e-01  -2.667742967606e-01 
  0.000000000000e+00   1.657572388649e-01  -2.667742967606e-01  -6.117996945977e-02   1.941249072552e-01  -2.624126076698e-01  -5.980838462710e-02  -7.081189006567e-02  -4.789931774139e-01 
  3.365608751774e-01  -8.179810643196e-02  -4.607432484627e-01   6.447015404701e-01  -1.222750097513e-01  -6.509771943092e-01   6.662969589233e-01  -9.890604764223e-02  -4.037247598171e-01 
  3.444483280182e-01  -6.803454458714e-02  -3.155506253242e-01   1.419736593962e-01  -3.637339919806e-02  -5.069872140884e-01   1.419736593962e-01  -3.637339919806e-02  -5.069872140884e-01 
  0.000000000000e+00   2.553441524506e-01  -6.012456491590e-03   0.000000000000e+00   2.553441524506e-01  -6.012456491590e-03  -6.103401258588e-02   2.553642094135e-01  -2.668249048293e-02 
 -4.625978320837e-02  -8.526684343815e-02  -8.340013027191e-01   0.000000000000e+00  -9.554686397314e-02  -1.044171571732e+00   3.563144207001e-01  -1.095599606633e-01  -1.542069911957e+00 
  4.213471710682e-01  -7.173258066177e-02  -1.530843019485e+00   0.000000000000e+00   0.000000000000e+00  -1.325596928596e+00   0.000000000000e+00   0.000000000000e+00  -7.094709277153e-01 
  0.000000000000e+00   0.000000000000e+00  -7.094709277153e-01   0.000000000000e+00   2.196552753448e-01  -2.076694220304e-01   0.000000000000e+00   2.196552753448e-01  -2.076694220304e-01 
 -1.259424164891e-02   2.132350355387e-01  -1.917458772659e-01   5.602817237377e-02  -1.918433234096e-02  -1.315770745277e-01   0.000000000000e+00  -6.897363811731e-02  -5.021240115166e-01 
  0.000000000000e+00  -3.645725920796e-02  -1.000000014901e-01   0.000000000000e+00   0.000000000000e+00  -9.349223375320e-01   0.000000000000e+00   0.000000000000e+00  -3.740955889225e-01 
 -1.918395012617e-01   0.000000000000e+00  -6.481912136078e-01  -1.918395012617e-01   0.000000000000e+00  -6.481912136078e-01   0.000000000000e+00   4.104924201965e-02  -1.300698369741e-01 
  0.000000000000e+00   4.104924201965e-02  -1.300698369741e-01   1.352499891073e-02   3.158649429679e-02  -1.062664687634e-01   2.588671743870e-01   2.118748426437e-02   2.295348346233e-01 
  1.640610247850e-01  -3.467607125640e-02  -2.619730234146e-01   3.401780501008e-02   0.000000000000e+00  -1.174716800451e-01   0.000000000000e+00   0.000000000000e+00  -3.214872479439e-01 
  0.000000000000e+00   0.000000000000e+00  -1.000000014901e-01  -2.213979214430e-01  -2.848822064698e-02  -6.777496337891e-01  -2.213979214430e-01  -2.848822064698e-02  -6.777496337891e-01 
  0.000000000000e+00   0.000000000000e+00  -3.890362009406e-02   0.000000000000e+00   0.000000000000e+00  -3.890362009406e-02   5.278778076172e-02   0.000000000000e+00  -5.865972861648e-02 
  6.097643971443e-01   0.000000000000e+00   1.314324378967e+00   0.000000000000e+00   0.000000000000e+00  -1.000000014901e-01   4.156288690865e-03   0.000000000000e+00  -1.039341911674e-01 
  4.458894953132e-03   0.000000000000e+00  -1.880041509867e-01   0.000000000000e+00   0.000000000000e+00  -1.000000014901e-01   0.000000000000e+00   0.000000000000e+00  -1.000000014901e-01 
  0.000000000000e+00   0.000000000000e+00  -1.000000014901e-01   0.000000000000e+00   0.000000000000e+00  -3.890362009406e-02   0.000000000000e+00   0.000000000000e+00  -3.890362009406e-02 
  5.278778076172e-02   0.000000000000e+00  -5.865972861648e-02   6.097643971443e-01   0.000000000000e+00   1.314324378967e+00   0.000000000000e+00   0.000000000000e+00  -1.000000014901e-01 
  4.156288690865e-03   0.000000000000e+00  -1.039341911674e-01   4.458894953132e-03   0.000000000000e+00  -1.880041509867e-01   0.000000000000e+00   0.000000000000e+00  -1.000000014901e-01 
  0.000000000000e+00   0.000000000000e+00  -1.000000014901e-01   0.000000000000e+00   0.000000000000e+00  -1.000000014901e-01   0.000000000000e+00   8.367261290550e-02  -4.350680708885e-01 
  0.000000000000e+00   8.367261290550e-02  -4.350680708885e-01   1.118841841817e-01  -3.117680782452e-03   8.050086349249e-02  -5.120376124978e-02  -1.635791361332e-02  -1.426472663879e+00 
  0.000000000000e+00   7.732859998941e-02  -1.000000014901e-01   1.515032052994e+00   1.546704322100e-01   2.635271549225e+00   1.515032052994e+00   1.546704322100e-01   2.818812131882e+00 
  0.000000000000e+00   9.381220489740e-02  -1.000000014901e-01   0.000000000000e+00   6.289804726839e-02  -1.000000014901e-01   0.000000000000e+00   6.289804726839e-02  -1.000000014901e-01 
  0.000000000000e+00   8.367261290550e-02  -4.350680708885e-01   0.000000000000e+00   8.367261290550e-02  -4.350680708885e-01   1.118841841817e-01  -3.117680782452e-03   8.050086349249e-02 
 -5.120376124978e-02  -1.635791361332e-02  -1.426472663879e+00   0.000000000000e+00   7.732859998941e-02  -1.000000014901e-01   1.515032052994e+00   1.546704322100e-01   2.635271549225e+00 
  1.515032052994e+00   1.546704322100e-01   2.818812131882e+00   0.000000000000e+00   9.381220489740e-02  -1.000000014901e-01   0.000000000000e+00   6.289804726839e-02  -1.000000014901e-01 
  0.000000000000e+00   6.289804726839e-02  -1.000000014901e-01   0.000000000000e+00  -1.922073215246e-02  -6.145641803741e-01   0.000000000000e+00  -1.922073215246e-02  -6.145641803741e-01 
  6.888661999255e-03  -1.082813814282e-01  -2.006563395262e-01   3.583450801671e-03  -5.243102833629e-02  -6.372901201248e-01   2.023438690230e-03   7.733316719532e-02  -9.839110821486e-02 
  7.575160264969e-01   1.546704322100e-01  -1.000000014901e-01   7.575160264969e-01   1.546704322100e-01   1.047087430954e+00   3.118860125542e-01   9.381406754255e-02   5.237280130386e-01 
  1.506845355034e-01   6.290364265442e-02   2.935983538628e-01   1.506845355034e-01   6.290364265442e-02   2.935983538628e-01   0.000000000000e+00  -1.349871158600e-01  -3.683910667896e-01 
  0.000000000000e+00  -1.349871158600e-01  -3.683910667896e-01  -6.134389340878e-02  -6.064261496067e-02  -3.119778931141e-01   0.000000000000e+00  -4.980110749602e-02  -3.430925905704e-01 
  3.493724018335e-02   2.067924290895e-02  -3.174663782120e-01   5.783584713936e-01   0.000000000000e+00  -1.000000014901e-01   5.799855589867e-01   4.415634647012e-02  -5.256807804108e-01 
  4.670491814613e-01   3.993648290634e-02  -5.364770293236e-01   2.947244346142e-01   2.596598491073e-02  -5.236558318138e-01   2.947244346142e-01   2.596598491073e-02  -5.236558318138e-01 
  0.000000000000e+00   1.421955972910e-01  -6.357806175947e-02   0.000000000000e+00   1.421955972910e-01  -6.357806175947e-02  -8.371344208717e-02   2.007647305727e-01  -6.376963108778e-02 
 -8.369646966457e-02   0.000000000000e+00  -7.387261390686e-01   1.471306383610e-01  -4.515905678272e-02  -7.643666863441e-01   3.949700295925e-01   0.000000000000e+00  -1.509553551674e+00 
  4.016833305359e-01  -4.622257128358e-02  -1.093644738197e+00   2.899372279644e-01  -4.412759467959e-02  -8.811241984367e-01   1.136255562305e-01  -2.512586116791e-02  -6.907007098198e-01 
  1.136255562305e-01  -2.512586116791e-02  -6.907007098198e-01   0.000000000000e+00   3.706137537956e-01  -3.908469676971e-01   0.000000000000e+00   3.706137537956e-01  -3.908469676971e-01 
 -2.925149351358e-02   3.705451786518e-01  -3.865078985691e-01  -2.905515953898e-02  -4.946204274893e-02  -1.149803102016e-01   0.000000000000e+00  -4.655363410711e-02  -1.000000014901e-01 
  0.000000000000e+00   0.000000000000e+00  -1.477037191391e+00   0.000000000000e+00  -3.023909218609e-02  -1.509553551674e+00   0.000000000000e+00  -1.450340077281e-02  -1.263588428497e+00 
 -4.463887214661e-02  -2.230075653642e-03  -6.839955449104e-01  -4.463887214661e-02  -2.230075653642e-03  -6.839955449104e-01   0.000000000000e+00   3.669834733009e-01  -1.671212911606e-01 
  0.000000000000e+00   3.669834733009e-01  -1.671212911606e-01   1.483956445009e-02   3.640375137329e-01  -1.627178043127e-01   2.229017578065e-02   3.504971265793e-01  -8.091022819281e-02 
  7.183847948909e-03  -3.822765126824e-02  -2.246984839439e-01   0.000000000000e+00   0.000000000000e+00  -1.000000014901e-01   0.000000000000e+00  -9.376092813909e-03  -1.237516164780e+00 
  0.000000000000e+00   0.000000000000e+00  -3.740955889225e-01  -9.503274410963e-02   0.000000000000e+00  -6.481912136078e-01  -9.503274410963e-02   0.000000000000e+00  -6.481912136078e-01 
  0.000000000000e+00   1.092432439327e-01  -1.646303683519e-01   0.000000000000e+00   1.092432439327e-01  -1.646303683519e-01   4.874227195978e-02   9.636058658361e-02  -1.262154877186e-01 
  9.408080577850e-02   7.497453689575e-02   2.810274660587e-01   1.016826406121e-01  -2.600972726941e-02  -1.845277994871e-01   1.347898226231e-02   0.000000000000e+00  -1.115682572126e-01 
  0.000000000000e+00  -1.793609582819e-03  -3.375282287598e-01   0.000000000000e+00   0.000000000000e+00  -1.000000014901e-01   0.000000000000e+00   0.000000000000e+00  -6.186327934265e-01 
  0.000000000000e+00   0.000000000000e+00  -6.186327934265e-01   0.000000000000e+00   0.000000000000e+00  -2.457363754511e-01   0.000000000000e+00   0.000000000000e+00  -2.457363754511e-01 
  4.237097874284e-02   0.000000000000e+00  -4.992859438062e-02   0.000000000000e+00   0.000000000000e+00   1.314324378967e+00   0.000000000000e+00   0.000000000000e+00  -1.000000014901e-01 
  3.635517787188e-03  -3.208205089322e-05  -1.152298450470e-01   1.912690233439e-03  -5.020785611123e-04  -1.943075507879e-01   0.000000000000e+00   0.000000000000e+00  -1.000000014901e-01 
  0.000000000000e+00   0.000000000000e+00  -1.000000014901e-01   0.000000000000e+00   0.000000000000e+00  -1.000000014901e-01   0.000000000000e+00   0.000000000000e+00  -2.457363754511e-01 
  0.000000000000e+00   0.000000000000e+00  -2.457363754511e-01   4.237097874284e-02   0.000000000000e+00  -4.992859438062e-02   0.000000000000e+00   0.000000000000e+00   1.314324378967e+00 
  0.000000000000e+00   0.000000000000e+00  -1.000000014901e-01   3.635517787188e-03  -3.208205089322e-05  -1.152298450470e-01   1.912690233439e-03  -5.020785611123e-04  -1.943075507879e-01 
  0.000000000000e+00   0.000000000000e+00  -1.000000014901e-01   0.000000000000e+00   0.000000000000e+00  -1.000000014901e-01   0.000000000000e+00   0.000000000000e+00  -1.000000014901e-01 
  0.000000000000e+00   8.367261290550e-02  -4.350680708885e-01   0.000000000000e+00   8.367261290550e-02  -4.350680708885e-01   1.118841841817e-01  -3.117680782452e-03   8.050086349249e-02 
 -5.120376124978e-02  -1.635791361332e-02  -1.426472663879e+00   0.000000000000e+00   7.732859998941e-02  -1.000000014901e-01   1.515032052994e+00   1.546704322100e-01   2.635271549225e+00 
  1.515032052994e+00   1.546704322100e-01   2.818812131882e+00   0.000000000000e+00   9.381220489740e-02  -1.000000014901e-01   0.000000000000e+00   6.289804726839e-02  -1.000000014901e-01 
  0.000000000000e+00   6.289804726839e-02  -1.000000014901e-01   0.000000000000e+00   8.367261290550e-02  -4.350680708885e-01   0.000000000000e+00   8.367261290550e-02  -4.350680708885e-01 
  1.118841841817e-01  -3.117680782452e-03   8.050086349249e-02  -5.120376124978e-02  -1.635791361332e-02  -1.426472663879e+00   0.000000000000e+00   7.732859998941e-02  -1.000000014901e-01 
  1.515032052994e+00   1.546704322100e-01   2.635271549225e+00   1.515032052994e+00   1.546704322100e-01   2.818812131882e+00   0.000000000000e+00   9.381220489740e-02  -1.000000014901e-01 
  0.000000000000e+00   6.289804726839e-02  -1.000000014901e-01   0.000000000000e+00   6.289804726839e-02  -1.000000014901e-01   0.000000000000e+00  -1.922073215246e-02  -6.145641803741e-01 
  0.000000000000e+00  -1.922073215246e-02  -6.145641803741e-01   6.888661999255e-03  -1.082813814282e-01  -2.006563395262e-01   3.583450801671e-03  -5.243102833629e-02  -6.372901201248e-01 
  2.023438690230e-03   7.733316719532e-02  -9.839110821486e-02   7.575160264969e-01   1.546704322100e-01  -1.000000014901e-01   7.575160264969e-01   1.546704322100e-01   1.047087430954e+00 
  3.118860125542e-01   9.381406754255e-02   5.237280130386e-01   1.506845355034e-01   6.290364265442e-02   2.935983538628e-01   1.506845355034e-01   6.290364265442e-02   2.935983538628e-01 
  0.000000000000e+00  -1.349871158600e-01  -3.683910667896e-01   0.000000000000e+00  -1.349871158600e-01  -3.683910667896e-01  -6.134389340878e-02  -6.064261496067e-02  -3.119778931141e-01 
  0.000000000000e+00  -4.980110749602e-02  -3.430925905704e-01   3.493724018335e-02   2.067924290895e-02  -3.174663782120e-01   5.783584713936e-01   0.000000000000e+00  -1.000000014901e-01 
  5.799855589867e-01   4.415634647012e-02  -5.256807804108e-01   4.670491814613e-01   3.993648290634e-02  -5.364770293236e-01   2.947244346142e-01   2.596598491073e-02  -5.236558318138e-01 
  2.947244346142e-01   2.596598491073e-02  -5.236558318138e-01   0.000000000000e+00   1.421955972910e-01  -6.357806175947e-02   0.000000000000e+00   1.421955972910e-01  -6.357806175947e-02 
 -8.371344208717e-02   2.007647305727e-01  -6.376963108778e-02  -8.369646966457e-02   0.000000000000e+00  -7.387261390686e-01   1.471306383610e-01  -4.515905678272e-02  -7.643666863441e-01 
  3.949700295925e-01   0.000000000000e+00  -1.509553551674e+00   4.016833305359e-01  -4.622257128358e-02  -1.093644738197e+00   2.899372279644e-01  -4.412759467959e-02  -8.811241984367e-01 
  1.136255562305e-01  -2.512586116791e-02  -6.907007098198e-01   1.136255562305e-01  -2.512586116791e-02  -6.907007098198e-01   0.000000000000e+00   3.706137537956e-01  -3.908469676971e-01 
  0.000000000000e+00   3.706137537956e-01  -3.908469676971e-01  -2.925149351358e-02   3.705451786518e-01  -3.865078985691e-01  -2.905515953898e-02  -4.946204274893e-02  -1.149803102016e-01 
  0.000000000000e+00  -4.655363410711e-02  -1.000000014901e-01   0.000000000000e+00   0.000000000000e+00  -1.477037191391e+00   0.000000000000e+00  -3.023909218609e-02  -1.509553551674e+00 
  0.000000000000e+00  -1.450340077281e-02  -1.263588428497e+00  -4.463887214661e-02  -2.230075653642e-03  -6.839955449104e-01  -4.463887214661e-02  -2.230075653642e-03  -6.839955449104e-01 
  0.000000000000e+00   3.669834733009e-01  -1.671212911606e-01   0.000000000000e+00   3.669834733009e-01  -1.671212911606e-01   1.483956445009e-02   3.640375137329e-01  -1.627178043127e-01 
  2.229017578065e-02   3.504971265793e-01  -8.091022819281e-02   7.183847948909e-03  -3.822765126824e-02  -2.246984839439e-01   0.000000000000e+00   0.000000000000e+00  -1.000000014901e-01 
  0.000000000000e+00  -9.376092813909e-03  -1.237516164780e+00   0.000000000000e+00   0.000000000000e+00  -3.740955889225e-01  -9.503274410963e-02   0.000000000000e+00  -6.481912136078e-01 
 -9.503274410963e-02   0.000000000000e+00  -6.481912136078e-01   0.000000000000e+00   1.092432439327e-01  -1.646303683519e-01   0.000000000000e+00   1.092432439327e-01  -1.646303683519e-01 
  4.874227195978e-02   9.636058658361e-02  -1.262154877186e-01   9.408080577850e-02   7.497453689575e-02   2.810274660587e-01   1.016826406121e-01  -2.600972726941e-02  -1.845277994871e-01 
  1.347898226231e-02   0.000000000000e+00  -1.115682572126e-01   0.000000000000e+00  -1.793609582819e-03  -3.375282287598e-01   0.000000000000e+00   0.000000000000e+00  -1.000000014901e-01 
  0.000000000000e+00   0.000000000000e+00  -6.186327934265e-01   0.000000000000e+00   0.000000000000e+00  -6.186327934265e-01   0.000000000000e+00   0.000000000000e+00  -2.457363754511e-01 
  0.000000000000e+00   0.000000000000e+00  -2.457363754511e-01   4.237097874284e-02   0.000000000000e+00  -4.992859438062e-02   0.000000000000e+00   0.000000000000e+00   1.314324378967e+00 
  0.000000000000e+00   0.000000000000e+00  -1.000000014901e-01   3.635517787188e-03  -3.208205089322e-05  -1.152298450470e-01   1.912690233439e-03  -5.020785611123e-04  -1.943075507879e-01 
  0.000000000000e+00   0.000000000000e+00  -1.000000014901e-01   0.000000000000e+00   0.000000000000e+00  -1.000000014901e-01   0.000000000000e+00   0.000000000000e+00  -1.000000014901e-01 
  0.000000000000e+00   0.000000000000e+00  -2.457363754511e-01   0.000000000000e+00   0.000000000000e+00  -2.457363754511e-01   4.237097874284e-02   0.000000000000e+00  -4.992859438062e-02 
  0.000000000000e+00   0.000000000000e+00   1.314324378967e+00   0.000000000000e+00   0.000000000000e+00  -1.000000014901e-01   3.635517787188e-03  -3.208205089322e-05  -1.152298450470e-01 
  1.912690233439e-03  -5.020785611123e-04  -1.943075507879e-01   0.000000000000e+00   0.000000000000e+00  -1.000000014901e-01   0.000000000000e+00   0.000000000000e+00  -1.000000014901e-01 
  0.000000000000e+00   0.000000000000e+00  -1.000000014901e-01 

