# vtk DataFile Version 2.0
Written using VisIt writer
ASCII
DATASET RECTILINEAR_GRID
DIMENSIONS 10 10 10
X_COORDINATES 10 float
  0.000000000000e+00   5.000000000000e-01   1.000000000000e+00   1.500000000000e+00   2.000000000000e+00   2.500000000000e+00   3.000000000000e+00   3.500000000000e+00   4.000000000000e+00 
  4.500000000000e+00 
Y_COORDINATES 10 float
  0.000000000000e+00   5.000000000000e-01   1.000000000000e+00   1.500000000000e+00   2.000000000000e+00   2.500000000000e+00   3.000000000000e+00   3.500000000000e+00   4.000000000000e+00 
  4.500000000000e+00 
Z_COORDINATES 10 float
  0.000000000000e+00   5.000000000000e-01   1.000000000000e+00   1.500000000000e+00   2.000000000000e+00   2.500000000000e+00   3.000000000000e+00   3.500000000000e+00   4.000000000000e+00 
  4.500000000000e+00 
CELL_DATA 729
POINT_DATA 1000
VECTORS velocity float
  0.000000000000e+00  -1.004698872566e-01  -2.346753180027e-01   3.251200000000e+04   0.000000000000e+00   0.000000000000e+00   0.000000000000e+00   0.000000000000e+00   0.000000000000e+00 
  1.326348353177e-02  -7.181289792061e-02  -1.513977050781e-01   0.000000000000e+00   0.000000000000e+00   0.000000000000e+00   0.000000000000e+00   1.431655808000e+09   1.070945600000e+09 
 -1.152475550771e-01  -9.488121420145e-02  -1.662134826183e-01   1.071994176000e+09   0.000000000000e+00   0.000000000000e+00   0.000000000000e+00   0.000000000000e+00   0.000000000000e+00 
 -1.241304352880e-01  -8.892713487148e-02  -1.914007812738e-01   0.000000000000e+00  -1.004698872566e-01  -2.346753180027e-01   1.070945600000e+09   0.000000000000e+00   0.000000000000e+00 
 -1.498482422903e-03  -1.172153949738e-01  -1.974118202925e-01   1.326348353177e-02  -7.181289792061e-02  -1.513977050781e-01   1.431655808000e+09   1.070945600000e+09   0.000000000000e+00 
 -8.725645393133e-02  -5.344631522894e-02  -1.350330710411e-01  -1.152475550771e-01  -9.488121420145e-02  -1.662134826183e-01   0.000000000000e+00   0.000000000000e+00   1.071644672000e+09 
 -1.241304352880e-01  -8.892713487148e-02  -1.914007812738e-01  -1.241304352880e-01  -8.892713487148e-02  -1.914007812738e-01   0.000000000000e+00   5.630809441209e-02  -1.978404372931e-01 
  0.000000000000e+00   5.630809441209e-02  -1.978404372931e-01  -7.182447612286e-02   3.541048150510e-03  -1.850412786007e-01  -3.029556013644e-02  -1.494953036308e-01  -1.707982122898e-01 
 -1.463860422373e-01  -2.518478035927e-01  -1.844047755003e-01   4.159207642078e-02  -8.643887937069e-02  -1.363033056259e-01   4.505640268326e-02  -4.524583369493e-02  -1.393178999424e-01 
  2.305264584720e-02  -1.691719703376e-02  -1.376282274723e-01  -3.097144141793e-02   3.709609806538e-02  -1.528425216675e-01  -3.097144141793e-02   3.709609806538e-02  -1.528425216675e-01 
  0.000000000000e+00  -4.992646165192e-03  -2.007431685925e-01   0.000000000000e+00  -4.992646165192e-03  -2.007431685925e-01  -1.555451098830e-02   7.839319109917e-02  -1.676758974791e-01 
  2.231971360743e-03   8.339205384254e-02  -1.394440382719e-01  -2.438707835972e-02  -4.895570874214e-02  -1.465788781643e-01  -7.788051664829e-02  -1.427630186081e-01  -1.515301615000e-01 
 -1.925233006477e-01  -6.764721125364e-02  -1.835030764341e-01   4.929718002677e-02   4.053269699216e-02  -1.351809501648e-01   4.148343950510e-02   1.974229700863e-02  -1.498401314020e-01 
  4.148343950510e-02   1.974229700863e-02  -1.498401314020e-01   0.000000000000e+00  -7.616970688105e-02  -2.709502875805e-01   0.000000000000e+00  -7.616970688105e-02  -2.709502875805e-01 
 -5.788357555866e-02  -3.705216571689e-02  -2.655643820763e-01   1.640563011169e-01  -1.872834190726e-02  -1.683506667614e-01   7.656224071980e-02  -1.911404542625e-02  -1.442864835262e-01 
 -7.030688971281e-02   2.885453030467e-02  -1.335382163525e-01  -1.688960343599e-01   8.980705402792e-03  -1.524351090193e-01  -5.139812082052e-02  -4.343786463141e-02  -1.553625464439e-01 
 -6.657905131578e-02  -7.273868471384e-02  -2.053009569645e-01  -6.657905131578e-02  -7.273868471384e-02  -2.053009569645e-01   0.000000000000e+00   2.368900179863e-02  -1.969392001629e-01 
  0.000000000000e+00   2.368900179863e-02  -1.969392001629e-01  -9.335992857814e-03  -3.303341567516e-02  -1.982532739639e-01   7.651939243078e-02  -1.859706081450e-02  -2.042547911406e-01 
 -5.287711322308e-02   1.088662538677e-02  -1.987587362528e-01   2.774140611291e-02   4.892057180405e-02  -1.388958990574e-01  -1.048720368999e-04   1.791342045180e-03  -1.355405300856e-01 
 -1.555154286325e-02  -4.182766005397e-02  -1.382037252188e-01  -1.021717209369e-02  -3.989208862185e-02  -1.565628945827e-01  -1.021717209369e-02  -3.989208862185e-02  -1.565628945827e-01 
  0.000000000000e+00   6.660806387663e-02  -1.784568279982e-01   0.000000000000e+00   6.660806387663e-02  -1.784568279982e-01  -1.270948257297e-02  -3.240438923240e-02  -1.683650761843e-01 
 -4.024556837976e-03   4.167130589485e-02  -1.485601514578e-01  -6.042782962322e-02   6.278165429831e-02  -1.591552048922e-01  -9.951218962669e-02   2.846594713628e-02  -1.651489138603e-01 
 -5.182334035635e-02  -1.859963871539e-02  -1.867927759886e-01   5.629574134946e-02   5.974313244224e-03  -1.414893418550e-01   1.105831339955e-01  -1.071505919099e-01  -1.515392363071e-01 
  1.105831339955e-01  -1.071505919099e-01  -1.515392363071e-01   0.000000000000e+00   1.198837980628e-01  -2.207763493061e-01   0.000000000000e+00   1.198837980628e-01  -2.207763493061e-01 
 -5.439167469740e-02  -2.119545079768e-02  -2.277543693781e-01   5.751999840140e-02  -2.996722608805e-02  -1.516670584679e-01   1.842069067061e-02  -2.384558320045e-02  -1.454916000366e-01 
 -5.755726248026e-02   4.551742598414e-02  -1.404244601727e-01  -2.168592996895e-02   9.592510014772e-02  -1.493138223886e-01   8.147792518139e-02   5.645503848791e-02  -1.565140932798e-01 
  2.069143392146e-02  -1.086618080735e-01  -2.064044922590e-01   2.069143392146e-02  -1.086618080735e-01  -2.064044922590e-01   0.000000000000e+00   0.000000000000e+00  -1.935273706913e-01 
  0.000000000000e+00   0.000000000000e+00  -1.935273706913e-01  -1.633367314935e-02   0.000000000000e+00  -2.033278644085e-01   4.847472067922e-03   0.000000000000e+00  -1.996436715126e-01 
 -4.410936310887e-02   0.000000000000e+00  -1.966395825148e-01   6.944170594215e-02   0.000000000000e+00  -1.388640999794e-01   2.445685118437e-02   0.000000000000e+00  -1.448418200016e-01 
  1.177575141191e-01   0.000000000000e+00  -1.306073516607e-01   7.909677922726e-02   0.000000000000e+00  -1.351056396961e-01   7.909677922726e-02   0.000000000000e+00  -1.351056396961e-01 
  0.000000000000e+00   0.000000000000e+00  -1.935273706913e-01   0.000000000000e+00   0.000000000000e+00  -1.935273706913e-01  -1.633367314935e-02   0.000000000000e+00  -2.033278644085e-01 
  4.847472067922e-03   0.000000000000e+00  -1.996436715126e-01  -4.410936310887e-02   0.000000000000e+00  -1.966395825148e-01   6.944170594215e-02   0.000000000000e+00  -1.388640999794e-01 
  2.445685118437e-02   0.000000000000e+00  -1.448418200016e-01   1.177575141191e-01   0.000000000000e+00  -1.306073516607e-01   7.909677922726e-02   0.000000000000e+00  -1.351056396961e-01 
  7.909677922726e-02   0.000000000000e+00  -1.351056396961e-01   0.000000000000e+00  -1.004698872566e-01  -2.346753180027e-01   0.000000000000e+00  -1.004698872566e-01  -2.346753180027e-01 
 -1.498482422903e-03  -1.172153949738e-01  -1.974118202925e-01   1.326348353177e-02  -7.181289792061e-02  -1.513977050781e-01  -1.229822728783e-02  -4.677972197533e-02  -1.381451785564e-01 
 -8.725645393133e-02  -5.344631522894e-02  -1.350330710411e-01  -1.152475550771e-01  -9.488121420145e-02  -1.662134826183e-01  -1.034795045853e-01  -8.925411850214e-02  -1.724956780672e-01 
 -1.241304352880e-01  -8.892713487148e-02  -1.914007812738e-01  -1.241304352880e-01  -8.892713487148e-02  -1.914007812738e-01   0.000000000000e+00  -1.004698872566e-01  -2.346753180027e-01 
  0.000000000000e+00  -1.004698872566e-01  -2.346753180027e-01  -1.498482422903e-03  -1.172153949738e-01  -1.974118202925e-01   1.326348353177e-02  -7.181289792061e-02  -1.513977050781e-01 
 -1.229822728783e-02  -4.677972197533e-02  -1.381451785564e-01  -8.725645393133e-02  -5.344631522894e-02  -1.350330710411e-01  -1.152475550771e-01  -9.488121420145e-02  -1.662134826183e-01 
 -1.034795045853e-01  -8.925411850214e-02  -1.724956780672e-01  -1.241304352880e-01  -8.892713487148e-02  -1.914007812738e-01  -1.241304352880e-01  -8.892713487148e-02  -1.914007812738e-01 
  0.000000000000e+00   5.630809441209e-02  -1.978404372931e-01   0.000000000000e+00   5.630809441209e-02  -1.978404372931e-01  -7.182447612286e-02   3.541048150510e-03  -1.850412786007e-01 
 -3.029556013644e-02  -1.494953036308e-01  -1.707982122898e-01  -1.463860422373e-01  -2.518478035927e-01  -1.844047755003e-01   4.159207642078e-02  -8.643887937069e-02  -1.363033056259e-01 
  4.505640268326e-02  -4.524583369493e-02  -1.393178999424e-01   2.305264584720e-02  -1.691719703376e-02  -1.376282274723e-01  -3.097144141793e-02   3.709609806538e-02  -1.528425216675e-01 
 -3.097144141793e-02   3.709609806538e-02  -1.528425216675e-01   0.000000000000e+00  -4.992646165192e-03  -2.007431685925e-01   0.000000000000e+00  -4.992646165192e-03  -2.007431685925e-01 
 -1.555451098830e-02   7.839319109917e-02  -1.676758974791e-01   2.231971360743e-03   8.339205384254e-02  -1.394440382719e-01  -2.438707835972e-02  -4.895570874214e-02  -1.465788781643e-01 
 -7.788051664829e-02  -1.427630186081e-01  -1.515301615000e-01  -1.925233006477e-01  -6.764721125364e-02  -1.835030764341e-01   4.929718002677e-02   4.053269699216e-02  -1.351809501648e-01 
  4.148343950510e-02   1.974229700863e-02  -1.498401314020e-01   4.148343950510e-02   1.974229700863e-02  -1.498401314020e-01   0.000000000000e+00  -7.616970688105e-02  -2.709502875805e-01 
  0.000000000000e+00  -7.616970688105e-02  -2.709502875805e-01  -5.788357555866e-02  -3.705216571689e-02  -2.655643820763e-01   1.640563011169e-01  -1.872834190726e-02  -1.683506667614e-01 
  7.656224071980e-02  -1.911404542625e-02  -1.442864835262e-01  -7.030688971281e-02   2.885453030467e-02  -1.335382163525e-01  -1.688960343599e-01   8.980705402792e-03  -1.524351090193e-01 
 -5.139812082052e-02  -4.343786463141e-02  -1.553625464439e-01  -6.657905131578e-02  -7.273868471384e-02  -2.053009569645e-01  -6.657905131578e-02  -7.273868471384e-02  -2.053009569645e-01 
  0.000000000000e+00   2.368900179863e-02  -1.969392001629e-01   0.000000000000e+00   2.368900179863e-02  -1.969392001629e-01  -9.335992857814e-03  -3.303341567516e-02  -1.982532739639e-01 
  7.651939243078e-02  -1.859706081450e-02  -2.042547911406e-01  -5.287711322308e-02   1.088662538677e-02  -1.987587362528e-01   2.774140611291e-02   4.892057180405e-02  -1.388958990574e-01 
 -1.048720368999e-04   1.791342045180e-03  -1.355405300856e-01  -1.555154286325e-02  -4.182766005397e-02  -1.382037252188e-01  -1.021717209369e-02  -3.989208862185e-02  -1.565628945827e-01 
 -1.021717209369e-02  -3.989208862185e-02  -1.565628945827e-01   0.000000000000e+00   6.660806387663e-02  -1.784568279982e-01   0.000000000000e+00   6.660806387663e-02  -1.784568279982e-01 
 -1.270948257297e-02  -3.240438923240e-02  -1.683650761843e-01  -4.024556837976e-03   4.167130589485e-02  -1.485601514578e-01  -6.042782962322e-02   6.278165429831e-02  -1.591552048922e-01 
 -9.951218962669e-02   2.846594713628e-02  -1.651489138603e-01  -5.182334035635e-02  -1.859963871539e-02  -1.867927759886e-01   5.629574134946e-02   5.974313244224e-03  -1.414893418550e-01 
  1.105831339955e-01  -1.071505919099e-01  -1.515392363071e-01   1.105831339955e-01  -1.071505919099e-01  -1.515392363071e-01   0.000000000000e+00   1.198837980628e-01  -2.207763493061e-01 
  0.000000000000e+00   1.198837980628e-01  -2.207763493061e-01  -5.439167469740e-02  -2.119545079768e-02  -2.277543693781e-01   5.751999840140e-02  -2.996722608805e-02  -1.516670584679e-01 
  1.842069067061e-02  -2.384558320045e-02  -1.454916000366e-01  -5.755726248026e-02   4.551742598414e-02  -1.404244601727e-01  -2.168592996895e-02   9.592510014772e-02  -1.493138223886e-01 
  8.147792518139e-02   5.645503848791e-02  -1.565140932798e-01   2.069143392146e-02  -1.086618080735e-01  -2.064044922590e-01   2.069143392146e-02  -1.086618080735e-01  -2.064044922590e-01 
  0.000000000000e+00   0.000000000000e+00  -1.935273706913e-01   0.000000000000e+00   0.000000000000e+00  -1.935273706913e-01  -1.633367314935e-02   0.000000000000e+00  -2.033278644085e-01 
  4.847472067922e-03   0.000000000000e+00  -1.996436715126e-01  -4.410936310887e-02   0.000000000000e+00  -1.966395825148e-01   6.944170594215e-02   0.000000000000e+00  -1.388640999794e-01 
  2.445685118437e-02   0.000000000000e+00  -1.448418200016e-01   1.177575141191e-01   0.000000000000e+00  -1.306073516607e-01   7.909677922726e-02   0.000000000000e+00  -1.351056396961e-01 
  7.909677922726e-02   0.000000000000e+00  -1.351056396961e-01   0.000000000000e+00   0.000000000000e+00  -1.935273706913e-01   0.000000000000e+00   0.000000000000e+00  -1.935273706913e-01 
 -1.633367314935e-02   0.000000000000e+00  -2.033278644085e-01   4.847472067922e-03   0.000000000000e+00  -1.996436715126e-01  -4.410936310887e-02   0.000000000000e+00  -1.966395825148e-01 
  6.944170594215e-02   0.000000000000e+00  -1.388640999794e-01   2.445685118437e-02   0.000000000000e+00  -1.448418200016e-01   1.177575141191e-01   0.000000000000e+00  -1.306073516607e-01 
  7.909677922726e-02   0.000000000000e+00  -1.351056396961e-01   7.909677922726e-02   0.000000000000e+00  -1.351056396961e-01   0.000000000000e+00  -4.491500183940e-02  -4.878517091274e-01 
  0.000000000000e+00  -4.491500183940e-02  -4.878517091274e-01   3.529693186283e-01  -1.742644421756e-02  -3.829846680164e-01   5.106959939003e-01  -1.284931227565e-02  -6.348608136177e-01 
  1.110168024898e-01  -7.296756654978e-02  -5.826410651207e-01   0.000000000000e+00   2.965970709920e-02  -6.496693193913e-02  -8.680440485477e-02   9.805453568697e-02  -3.746206164360e-01 
 -4.009200632572e-02   3.751716017723e-02  -5.043543577194e-01   3.997491300106e-02  -4.467265307903e-02  -3.603441119194e-01   3.997491300106e-02  -4.467265307903e-02  -3.603441119194e-01 
  0.000000000000e+00  -4.491500183940e-02  -4.878517091274e-01   0.000000000000e+00  -4.491500183940e-02  -4.878517091274e-01   3.529693186283e-01  -1.742644421756e-02  -3.829846680164e-01 
  5.106959939003e-01  -1.284931227565e-02  -6.348608136177e-01   1.110168024898e-01  -7.296756654978e-02  -5.826410651207e-01   0.000000000000e+00   2.965970709920e-02  -6.496693193913e-02 
 -8.680440485477e-02   9.805453568697e-02  -3.746206164360e-01  -4.009200632572e-02   3.751716017723e-02  -5.043543577194e-01   3.997491300106e-02  -4.467265307903e-02  -3.603441119194e-01 
  3.997491300106e-02  -4.467265307903e-02  -3.603441119194e-01   0.000000000000e+00   7.836034148932e-02  -4.832525849342e-01   0.000000000000e+00   7.836034148932e-02  -4.832525849342e-01 
  1.857297420502e-01   6.521426141262e-02  -3.847990334034e-01   5.727800130844e-01  -4.196588322520e-02  -7.244455218315e-01   4.270408675075e-02  -2.192444205284e-01  -5.391682982445e-01 
  9.238788485527e-02   2.562630921602e-03  -2.899075746536e-01   6.904447078705e-01   1.447669416666e-01  -3.630923330784e-01   2.667837738991e-01   4.120626300573e-02  -6.384155750275e-01 
 -4.519611969590e-02  -1.713272333145e-01  -4.715747758746e-02  -4.519611969590e-02  -1.713272333145e-01  -4.715747758746e-02   0.000000000000e+00   1.124945282936e-02  -5.639787912369e-01 
  0.000000000000e+00   1.124945282936e-02  -5.639787912369e-01   2.859239876270e-01  -9.646485000849e-02  -6.851517558098e-01   6.404572129250e-01   3.000731114298e-03  -9.706202745438e-01 
  2.386011481285e-01  -5.154837667942e-02  -5.083921551704e-01   3.316502571106e-01  -7.095609605312e-02  -3.243508636951e-01   2.031689405441e+00   1.411494612694e-02  -4.274815022945e-01 
  8.197457790375e-01  -8.475478738546e-02  -2.716013789177e-01  -7.015871256590e-02  -3.394403755665e-01   2.109604477882e-01  -7.015871256590e-02  -3.394403755665e-01   2.109604477882e-01 
  0.000000000000e+00   2.535341866314e-02  -5.698851943016e-01   0.000000000000e+00   2.535341866314e-02  -5.698851943016e-01   3.484720289707e-01   1.305945515633e-01  -3.755431771278e-01 
  5.660156607628e-01   1.011521071196e-01  -6.658745408058e-01   3.867003917694e-01  -5.734342336655e-02  -2.133096307516e-01   3.936794698238e-01   1.022336725146e-02  -3.309876024723e-01 
  3.121507763863e-01  -2.499091438949e-02  -4.056196212769e-01   8.503121137619e-01  -1.389586366713e-02   2.976985275745e-02  -3.776663215831e-03   1.562427263707e-02   1.321596652269e-01 
 -3.776663215831e-03   1.562427263707e-02   1.321596652269e-01   0.000000000000e+00  -8.205397427082e-02  -9.458443522453e-01   0.000000000000e+00  -8.205397427082e-02  -9.458443522453e-01 
  2.910714447498e-01   1.059376597404e-01  -7.742495536804e-01   3.534564375877e-01   9.584829211235e-02  -9.629439115524e-01   3.463290631771e-01  -1.528338342905e-01   3.783311322331e-02 
  8.590221405029e-01  -1.304166615009e-01   7.696200627834e-03   7.925643324852e-01  -5.147978663445e-02   1.469787657261e-01   2.389461040497e+00  -1.108114887029e-02  -5.310062766075e-01 
  1.480105370283e-01   1.558624356985e-01  -9.030170440674e-01   1.480105370283e-01   1.558624356985e-01  -9.030170440674e-01   0.000000000000e+00   1.489395089447e-02  -6.494991779327e-01 
  0.000000000000e+00   1.489395089447e-02  -6.494991779327e-01   2.386324256659e-01   7.960140705109e-02  -2.769215404987e-01   4.509355425835e-01   2.770589478314e-02  -8.879831433296e-01 
  4.824879765511e-01  -9.684807807207e-02  -9.296467900276e-01   3.679650127888e-01  -1.197139918804e-01  -5.914798378944e-01   2.466287910938e-01  -1.031155437231e-01   1.620619595051e-01 
 -3.896808717400e-03  -2.406564354897e-01  -1.466975510120e-01  -1.293542236090e-01   2.198627144098e-01  -3.780836760998e-01  -1.293542236090e-01   2.198627144098e-01  -3.780836760998e-01 
  0.000000000000e+00   8.838544040918e-02  -6.927875876427e-01   0.000000000000e+00   8.838544040918e-02  -6.927875876427e-01   2.925920486450e-01   3.674639388919e-02  -5.340896248817e-01 
  5.886309742928e-01   3.259114548564e-02  -4.637621641159e-01   2.810876071453e-01  -1.974745094776e-02  -4.379071891308e-01   1.650477945805e-01  -1.126148831099e-02  -8.023058772087e-01 
 -1.906749010086e-01  -2.565645053983e-02  -3.434875309467e-01  -7.577879726887e-02  -2.447262853384e-01  -3.273872733116e-01  -5.433139577508e-02  -1.796980947256e-01  -4.360358119011e-01 
 -5.433139577508e-02  -1.796980947256e-01  -4.360358119011e-01   0.000000000000e+00   0.000000000000e+00  -9.619680643082e-01   0.000000000000e+00   0.000000000000e+00  -9.619680643082e-01 
  4.027221500874e-01   0.000000000000e+00  -6.336261630058e-01   1.006979346275e+00   0.000000000000e+00  -4.402437806129e-01   4.839880466461e-01   0.000000000000e+00  -3.532655835152e-01 
  5.058463215828e-01   0.000000000000e+00  -7.229640483856e-01  -5.425242781639e-01   0.000000000000e+00  -8.491748571396e-01  -3.902922272682e-01   0.000000000000e+00  -7.385078072548e-01 
 -2.812384255230e-02  -3.593961894512e-02  -6.489435583353e-02  -2.812384255230e-02  -3.593961894512e-02  -6.489435583353e-02   0.000000000000e+00   0.000000000000e+00  -9.619680643082e-01 
  0.000000000000e+00   0.000000000000e+00  -9.619680643082e-01   4.027221500874e-01   0.000000000000e+00  -6.336261630058e-01   1.006979346275e+00   0.000000000000e+00  -4.402437806129e-01 
  4.839880466461e-01   0.000000000000e+00  -3.532655835152e-01   5.058463215828e-01   0.000000000000e+00  -7.229640483856e-01  -5.425242781639e-01   0.000000000000e+00  -8.491748571396e-01 
 -3.902922272682e-01   0.000000000000e+00  -7.385078072548e-01  -2.812384255230e-02  -3.593961894512e-02  -6.489435583353e-02  -2.812384255230e-02  -3.593961894512e-02  -6.489435583353e-02 
  0.000000000000e+00   8.437748998404e-02  -4.255873858929e-01   0.000000000000e+00   8.437748998404e-02  -4.255873858929e-01   1.567279994488e-01   4.264181479812e-02  -3.156118094921e-01 
  3.218906819820e-01  -4.324761219323e-03  -4.009425640106e-01   2.003762274981e-01  -2.360462211072e-02  -4.840563833714e-01   0.000000000000e+00   5.630757287145e-02  -1.000000014901e-01 
 -6.344820559025e-02   1.177099645138e-01  -5.324142426252e-02  -6.344820559025e-02   7.585044484586e-03  -7.659762352705e-02   9.515708684921e-02   5.546454712749e-02   6.147668957710e-01 
  9.515708684921e-02   5.546454712749e-02   6.147668957710e-01   0.000000000000e+00   8.437748998404e-02  -4.255873858929e-01   0.000000000000e+00   8.437748998404e-02  -4.255873858929e-01 
  1.567279994488e-01   4.264181479812e-02  -3.156118094921e-01   3.218906819820e-01  -4.324761219323e-03  -4.009425640106e-01   2.003762274981e-01  -2.360462211072e-02  -4.840563833714e-01 
  0.000000000000e+00   5.630757287145e-02  -1.000000014901e-01  -6.344820559025e-02   1.177099645138e-01  -5.324142426252e-02  -6.344820559025e-02   7.585044484586e-03  -7.659762352705e-02 
  9.515708684921e-02   5.546454712749e-02   6.147668957710e-01   9.515708684921e-02   5.546454712749e-02   6.147668957710e-01   0.000000000000e+00   6.797100603580e-02  -1.109164580703e-01 
  0.000000000000e+00   6.797100603580e-02  -1.109164580703e-01   1.604298204184e-01  -1.522456016392e-02  -9.223063290119e-02   3.883939683437e-01  -5.186967924237e-02  -5.274634957314e-01 
  0.000000000000e+00  -4.025299102068e-02  -5.298807024956e-01   8.652099221945e-02   4.712861403823e-02  -3.197236359119e-01   9.370005130768e-01   1.325603425503e-01  -3.945386707783e-01 
  5.164484381676e-01  -1.175195723772e-02  -3.669776022434e-01   4.510685801506e-02  -5.546454712749e-02  -1.000000014901e-01   4.510685801506e-02  -5.546454712749e-02  -1.000000014901e-01 
  0.000000000000e+00   8.604089170694e-02  -4.990984797478e-01   0.000000000000e+00   8.604089170694e-02  -4.990984797478e-01   1.659317612648e-01  -1.118602082133e-01  -1.749518364668e-01 
  3.801872730255e-01  -9.101636707783e-02  -3.141690492630e-01   3.245463073254e-01  -7.196099311113e-02  -3.716773390770e-01   3.922341167927e-01  -4.218773171306e-02  -3.450520634651e-01 
  1.730813860893e+00  -9.965505450964e-03  -4.186191260815e-01   1.194330573082e+00  -4.749462008476e-02   9.651485085487e-02  -6.312818080187e-02   0.000000000000e+00   5.841922760010e-01 
 -6.312818080187e-02   0.000000000000e+00   5.841922760010e-01   0.000000000000e+00  -2.881512790918e-02  -4.355830550194e-01   0.000000000000e+00  -2.881512790918e-02  -4.355830550194e-01 
  1.951670646667e-01  -6.071069091558e-02   3.549008071423e-02   2.024417072535e-01   2.473827823997e-02  -7.819197326899e-02   3.400809764862e-01  -6.246750708669e-04  -1.129272356629e-01 
  4.581235349178e-01  -5.088848527521e-03  -3.382405638695e-02   1.842987179756e+00  -9.965505450964e-03  -4.787581264973e-01   1.939834833145e+00   8.106185123324e-03   1.401198208332e-01 
  3.827377781272e-02   5.384359881282e-02   5.141085386276e-01   3.827377781272e-02   5.384359881282e-02   5.141085386276e-01   0.000000000000e+00  -2.711568027735e-02  -3.674193918705e-01 
  0.000000000000e+00  -2.711568027735e-02  -3.674193918705e-01   2.005137354136e-01  -3.453755378723e-02  -2.496760189533e-01   1.949404627085e-01   1.153722330928e-01  -7.094728350639e-01 
  4.473612010479e-01  -2.637037262321e-02  -3.551077842712e-02   5.636702775955e-01  -5.611565709114e-02   3.806635439396e-01   2.661772727966e+00   6.239693239331e-02  -3.128674030304e-01 
  3.152505636215e+00  -3.856101259589e-02  -2.820790112019e-01   1.332614660263e+00   1.170798540115e-01  -4.492220580578e-01   1.332614660263e+00   1.170798540115e-01  -4.492220580578e-01 
  0.000000000000e+00   1.684110797942e-02  -2.238252311945e-01   0.000000000000e+00   1.684110797942e-02  -2.238252311945e-01   3.060682117939e-01  -7.341866940260e-02  -2.330590188503e-01 
  4.481225311756e-01  -2.206585742533e-02  -9.524136185646e-01   4.962015151978e-01   5.150656700134e-01  -5.355845093727e-01   3.023047149181e-01  -7.836174964905e-02  -7.189836353064e-02 
  1.285725355148e+00  -5.174476280808e-02   9.499207884073e-02   1.019829869270e+00  -1.483369767666e-01   1.285135596991e-01   0.000000000000e+00   6.429131329060e-02   4.559174180031e-02 
  0.000000000000e+00   6.429131329060e-02   4.559174180031e-02   0.000000000000e+00   8.343756198883e-02  -3.055263459682e-01   0.000000000000e+00   8.343756198883e-02  -3.055263459682e-01 
  1.665571331978e-01   5.134879797697e-02   2.368149720132e-02   2.955477833748e-01   2.200114913285e-02  -8.970036357641e-02   3.249676525593e-01   7.851785421371e-01  -3.454103171825e-01 
  1.972730010748e-01  -2.645502611995e-02  -7.077384591103e-01  -3.729663789272e-01  -1.323449704796e-02  -5.459059476852e-01  -2.777180373669e-01  -9.818146005273e-03  -8.393006771803e-02 
 -4.909066259861e-01   2.820850908756e-02  -3.272534906864e-01  -4.909066259861e-01   2.820850908756e-02  -3.272534906864e-01   0.000000000000e+00   0.000000000000e+00  -5.618059039116e-01 
  0.000000000000e+00   0.000000000000e+00  -5.618059039116e-01   8.292663097382e-02   0.000000000000e+00   1.781151071191e-02   4.102807044983e-01   3.760403720662e-03  -2.331107705832e-01 
  4.697188735008e-01   1.107906573452e-03  -4.192022681236e-01   4.697188735008e-01   0.000000000000e+00  -7.345401644707e-01   0.000000000000e+00   0.000000000000e+00  -6.963971257210e-01 
 -2.411023378372e-01  -2.864954993129e-03  -5.348542332649e-01  -7.590435743332e-01  -1.764885496414e-06  -1.000000014901e-01  -7.590435743332e-01  -1.764885496414e-06  -1.000000014901e-01 
  0.000000000000e+00   0.000000000000e+00  -5.618059039116e-01   0.000000000000e+00   0.000000000000e+00  -5.618059039116e-01   8.292663097382e-02   0.000000000000e+00   1.781151071191e-02 
  4.102807044983e-01   3.760403720662e-03  -2.331107705832e-01   4.697188735008e-01   1.107906573452e-03  -4.192022681236e-01   4.697188735008e-01   0.000000000000e+00  -7.345401644707e-01 
  0.000000000000e+00   0.000000000000e+00  -6.963971257210e-01  -2.411023378372e-01  -2.864954993129e-03  -5.348542332649e-01  -7.590435743332e-01  -1.764885496414e-06  -1.000000014901e-01 
 -7.590435743332e-01  -1.764885496414e-06  -1.000000014901e-01   0.000000000000e+00   8.575795590878e-02  -1.953020542860e-01   0.000000000000e+00   8.575795590878e-02  -1.953020542860e-01 
  8.886165916920e-02   3.710921853781e-02  -2.174658626318e-01   3.356111049652e-01   0.000000000000e+00  -3.872019648552e-01  -9.117546677589e-02   0.000000000000e+00   4.295163229108e-02 
 -4.573229700327e-02  -1.315309405327e-01  -1.000000014901e-01   0.000000000000e+00  -3.183212876320e-01  -1.000000014901e-01   0.000000000000e+00  -3.348024487495e-01  -1.000000014901e-01 
  0.000000000000e+00   0.000000000000e+00   5.038378238678e-01   0.000000000000e+00   0.000000000000e+00   5.038378238678e-01   0.000000000000e+00   8.575795590878e-02  -1.953020542860e-01 
  0.000000000000e+00   8.575795590878e-02  -1.953020542860e-01   8.886165916920e-02   3.710921853781e-02  -2.174658626318e-01   3.356111049652e-01   0.000000000000e+00  -3.872019648552e-01 
 -9.117546677589e-02   0.000000000000e+00   4.295163229108e-02  -4.573229700327e-02  -1.315309405327e-01  -1.000000014901e-01   0.000000000000e+00  -3.183212876320e-01  -1.000000014901e-01 
  0.000000000000e+00  -3.348024487495e-01  -1.000000014901e-01   0.000000000000e+00   0.000000000000e+00   5.038378238678e-01   0.000000000000e+00   0.000000000000e+00   5.038378238678e-01 
  0.000000000000e+00  -3.383609652519e-02  -2.757126986980e-01   0.000000000000e+00  -3.383609652519e-02  -2.757126986980e-01   1.105153709650e-01  -3.758946806192e-02  -3.377282023430e-01 
  1.882512867451e-01  -9.642545878887e-02  -7.807352542877e-01  -8.309185504913e-02   0.000000000000e+00   9.850050210953e-01   0.000000000000e+00  -9.313542395830e-03  -3.077948391438e-01 
  0.000000000000e+00  -3.482744395733e-01  -2.552832365036e-01   0.000000000000e+00  -3.703832030296e-01  -1.344469487667e-01   0.000000000000e+00   0.000000000000e+00  -1.000000014901e-01 
  0.000000000000e+00   0.000000000000e+00  -1.000000014901e-01   0.000000000000e+00   1.201489120722e-01  -1.611723452806e-01   0.000000000000e+00   1.201489120722e-01  -1.611723452806e-01 
  1.904726400971e-02  -1.416916847229e-01  -2.921464741230e-01   1.520802527666e-01  -7.403942942619e-02  -2.943765223026e-01   5.815321952105e-02   0.000000000000e+00  -3.033843934536e-01 
  2.070263028145e-01  -3.007235750556e-02  -2.924574017525e-01   1.699558138847e+00  -4.435626789927e-02  -1.000000014901e-01   1.411109089851e+00  -1.721135228872e-01  -2.141088014469e-03 
 -4.084984958172e-02   0.000000000000e+00  -1.000000014901e-01  -4.084984958172e-02   0.000000000000e+00  -1.000000014901e-01   0.000000000000e+00   1.065947860479e-01  -2.178788036108e-01 
  0.000000000000e+00   1.065947860479e-01  -2.178788036108e-01   3.924361243844e-02   5.456626787782e-02  -3.411679863930e-01   1.921190321445e-01  -3.887030106853e-05  -3.164106011391e-01 
  2.594521343708e-01  -2.296088787261e-04  -3.057371377945e-01   3.103411197662e-01  -8.155536837876e-03  -5.056993365288e-01   1.958263635635e+00   0.000000000000e+00  -1.429428458214e+00 
  2.025989770889e+00   1.168836606666e-03  -2.340206801891e-01   2.520717680454e-01   0.000000000000e+00  -1.000000014901e-01   2.520717680454e-01   0.000000000000e+00  -1.000000014901e-01 
  0.000000000000e+00   6.651293952018e-03  -2.153418511152e-01   0.000000000000e+00   6.651293952018e-03  -2.153418511152e-01   1.973144114017e-01  -1.126525253057e-01  -2.721410691738e-01 
  3.577833473682e-01  -1.334278285503e-02  -5.648288726807e-01   2.399670630693e-01   1.065288305283e+00  -4.481140673161e-01   2.090230137110e-01  -3.063774108887e-02  -4.759090542793e-01 
  2.046556949615e+00   0.000000000000e+00  -1.483470082283e+00   2.169618844986e+00  -2.823667228222e-02  -7.890866994858e-01   9.619293212891e-01   8.422868698835e-02  -4.118072092533e-01 
  9.619293212891e-01   8.422868698835e-02  -4.118072092533e-01   0.000000000000e+00   8.976432681084e-02  -4.658382833004e-01   0.000000000000e+00   8.976432681084e-02  -4.658382833004e-01 
  3.167769014835e-01  -8.449334651232e-02  -2.495388239622e-01   4.363203048706e-01   5.150656700134e-01  -8.332799077034e-01  -2.633521892130e-02   2.126460313797e+00  -5.377008914948e-01 
 -6.233297660947e-02  -2.094994485378e-02  -2.521048188210e-01  -4.110454320908e-01   0.000000000000e+00  -1.000000014901e-01  -3.022444844246e-01  -4.084214568138e-02  -1.544539909810e-02 
 -4.980625510216e-01   1.338058034889e-03   5.102704162709e-04  -4.980625510216e-01   1.338058034889e-03   5.102704162709e-04   0.000000000000e+00   1.013050228357e-01  -3.017405271530e-01 
  0.000000000000e+00   1.013050228357e-01  -3.017405271530e-01   1.665712743998e-01   4.570287093520e-02   2.097585611045e-02   4.572119116783e-01   7.848702669144e-01  -2.262669056654e-02 
  8.947668671608e-01   2.090462446213e+00  -4.247858822346e-01   0.000000000000e+00   0.000000000000e+00  -4.758261516690e-02  -4.553710520267e-01   4.659220203757e-02   3.618992492557e-02 
 -4.952013790607e-01   7.890140987001e-04   1.205661101267e-04  -7.425081729889e-01  -2.139461599290e-02  -1.151691973209e-01  -7.425081729889e-01  -2.139461599290e-02  -1.151691973209e-01 
  0.000000000000e+00   0.000000000000e+00  -2.039637863636e-01   0.000000000000e+00   0.000000000000e+00  -2.039637863636e-01   1.742432862520e-01   0.000000000000e+00   2.855446748435e-02 
  8.078574538231e-01   0.000000000000e+00  -1.964792251587e+00   8.463914394379e-01   1.008821606636e+00  -1.083681941032e+00   2.050180882215e-01   0.000000000000e+00  -2.166085243225e-01 
 -4.608663916588e-01   0.000000000000e+00  -1.865588128567e-01  -5.010699629784e-01   0.000000000000e+00  -1.151691451669e-01  -7.701218128204e-01   0.000000000000e+00  -3.178377151489e-01 
 -7.701218128204e-01   0.000000000000e+00  -3.178377151489e-01   0.000000000000e+00   0.000000000000e+00  -2.039637863636e-01   0.000000000000e+00   0.000000000000e+00  -2.039637863636e-01 
  1.742432862520e-01   0.000000000000e+00   2.855446748435e-02   8.078574538231e-01   0.000000000000e+00  -1.964792251587e+00   8.463914394379e-01   1.008821606636e+00  -1.083681941032e+00 
  2.050180882215e-01   0.000000000000e+00  -2.166085243225e-01  -4.608663916588e-01   0.000000000000e+00  -1.865588128567e-01  -5.010699629784e-01   0.000000000000e+00  -1.151691451669e-01 
 -7.701218128204e-01   0.000000000000e+00  -3.178377151489e-01  -7.701218128204e-01   0.000000000000e+00  -3.178377151489e-01   0.000000000000e+00  -4.626725241542e-02  -6.293724775314e-01 
  0.000000000000e+00  -4.626725241542e-02  -6.293724775314e-01   9.981311112642e-02   3.440913278610e-03  -4.368852078915e-01   1.888389289379e-01  -1.757195033133e-02  -1.942110508680e-01 
  3.096351772547e-02  -2.347762323916e-02   2.032659500837e-01  -3.397305682302e-02   0.000000000000e+00  -1.000000014901e-01   0.000000000000e+00  -3.515171408653e-01  -1.000000014901e-01 
  2.408786058426e+00  -2.994588911533e-01  -7.516957521439e-01   2.304669618607e+00  -3.498155176640e-01  -8.037540316582e-01   2.304669618607e+00  -3.498155176640e-01  -8.037540316582e-01 
  0.000000000000e+00  -4.626725241542e-02  -6.293724775314e-01   0.000000000000e+00  -4.626725241542e-02  -6.293724775314e-01   9.981311112642e-02   3.440913278610e-03  -4.368852078915e-01 
  1.888389289379e-01  -1.757195033133e-02  -1.942110508680e-01   3.096351772547e-02  -2.347762323916e-02   2.032659500837e-01  -3.397305682302e-02   0.000000000000e+00  -1.000000014901e-01 
  0.000000000000e+00  -3.515171408653e-01  -1.000000014901e-01   2.408786058426e+00  -2.994588911533e-01  -7.516957521439e-01   2.304669618607e+00  -3.498155176640e-01  -8.037540316582e-01 
  2.304669618607e+00  -3.498155176640e-01  -8.037540316582e-01   0.000000000000e+00  -5.821567773819e-02  -4.821378290653e-01   0.000000000000e+00  -5.821567773819e-02  -4.821378290653e-01 
  1.816049665213e-01   4.051221534610e-02  -7.264241576195e-02   1.482045948505e-01  -4.974650219083e-02   2.394123822451e-01  -9.117546677589e-02  -4.084930196404e-02   9.850050210953e-01 
  0.000000000000e+00  -2.269825339317e-01  -1.841852217913e-01   0.000000000000e+00  -3.515171408653e-01  -1.000000014901e-01   0.000000000000e+00  -4.035754203796e-01  -1.000000014901e-01 
  0.000000000000e+00  -3.771478831768e-01  -5.634827613831e-01   0.000000000000e+00  -3.771478831768e-01  -5.634827613831e-01   0.000000000000e+00   5.729878693819e-02  -3.311390280724e-01 
  0.000000000000e+00   5.729878693819e-02  -3.311390280724e-01   6.616143882275e-02  -1.472940444946e-01  -2.277215868235e-01   2.256506383419e-01  -1.115922406316e-01  -1.893681846559e-02 
  1.397325545549e-01  -7.006300985813e-02   3.032135367393e-01   1.072314456105e-01  -7.238862663507e-02  -2.380131483078e-01   1.185784116387e-03   0.000000000000e+00  -1.000000014901e-01 
  5.012106616050e-03   0.000000000000e+00  -1.000000014901e-01  -1.044844393618e-03  -1.780374795198e-01  -3.218989670277e-01  -1.044844393618e-03  -1.780374795198e-01  -3.218989670277e-01 
  0.000000000000e+00   6.533452868462e-02  -3.045165538788e-01   0.000000000000e+00   6.533452868462e-02  -3.045165538788e-01   3.306998638436e-03  -7.803277671337e-02  -3.331792056561e-01 
  6.942612677813e-02  -8.108860999346e-02  -3.602666258812e-01   1.443974822760e-01  -5.894574522972e-02  -3.849610388279e-01   1.973665654659e-01  -5.849760957062e-03  -3.743952810764e-01 
  1.548282742500e+00   0.000000000000e+00  -1.000000014901e-01   1.434335112572e+00   0.000000000000e+00  -3.956715762615e-01   3.237529098988e-01  -5.353629216552e-02  -1.262834966183e-01 
  3.237529098988e-01  -5.353629216552e-02  -1.262834966183e-01   0.000000000000e+00  -6.922450382262e-03  -4.518985450268e-01   0.000000000000e+00  -6.922450382262e-03  -4.518985450268e-01 
  3.981760144234e-02  -4.201373830438e-02  -3.825976848602e-01   2.346630245447e-01  -2.821358852088e-02  -4.547808468342e-01   1.579502224922e-01   9.083208441734e-01  -4.696426689625e-01 
  1.293029040098e-01  -1.784920692444e-02  -3.634505271912e-01   1.068043708801e+00   0.000000000000e+00  -1.000000014901e-01   7.231814265251e-01  -9.750190190971e-03  -2.827403247356e-01 
  9.946586191654e-02   3.237779065967e-02  -2.175506800413e-01   9.946586191654e-02   3.237779065967e-02  -2.175506800413e-01   0.000000000000e+00   1.651279479265e-01  -5.340516567230e-01 
  0.000000000000e+00   1.651279479265e-01  -5.340516567230e-01   1.643431931734e-01  -2.318026125431e-02  -2.482521831989e-01   3.817744553089e-01  -8.665991015732e-03  -6.365553736687e-01 
  0.000000000000e+00   1.617993831635e+00  -4.939079284668e-01   0.000000000000e+00  -9.627873077989e-03  -3.930244147778e-01  -4.709953069687e-01   1.231898204423e-03  -3.093336895108e-02 
 -6.332263946533e-01   0.000000000000e+00  -1.000000014901e-01  -6.628485918045e-01  -9.247072972357e-03  -6.058991327882e-02  -6.628485918045e-01  -9.247072972357e-03  -6.058991327882e-02 
  0.000000000000e+00   1.637443006039e-01  -6.243073344231e-01   0.000000000000e+00   1.637443006039e-01  -6.243073344231e-01   1.679514944553e-01   9.857930243015e-02  -5.155618786812e-01 
  4.646020829678e-01   7.698031514883e-02  -8.459344506264e-01   6.681639552116e-01   1.443503499031e+00  -5.631279349327e-01   8.708690851927e-02   1.669732038863e-03  -1.000000014901e-01 
 -4.617375135422e-01   3.744869958609e-03   2.534850873053e-02  -7.104408144951e-01  -3.740277513862e-02   3.250938653946e-02  -7.067291736603e-01  -2.048169821501e-02  -4.760729148984e-02 
 -7.067291736603e-01  -2.048169821501e-02  -4.760729148984e-02   0.000000000000e+00   0.000000000000e+00  -4.178170859814e-01   0.000000000000e+00   0.000000000000e+00  -4.178170859814e-01 
  3.005577325821e-01   0.000000000000e+00  -4.874309599400e-01   7.494174242020e-01   0.000000000000e+00  -1.577228426933e+00   8.866898417473e-01   1.170192379504e-03  -1.923544168472e+00 
  0.000000000000e+00   1.109546399675e-03  -9.744491428137e-02  -5.333281755447e-01   1.445105066523e-03  -5.014589801431e-02  -6.733614802361e-01   0.000000000000e+00  -4.760728403926e-02 
 -7.401095032692e-01  -5.817579803988e-04  -1.945635974407e-01  -7.401095032692e-01  -5.817579803988e-04  -1.945635974407e-01   0.000000000000e+00   0.000000000000e+00  -4.178170859814e-01 
  0.000000000000e+00   0.000000000000e+00  -4.178170859814e-01   3.005577325821e-01   0.000000000000e+00  -4.874309599400e-01   7.494174242020e-01   0.000000000000e+00  -1.577228426933e+00 
  8.866898417473e-01   1.170192379504e-03  -1.923544168472e+00   0.000000000000e+00   1.109546399675e-03  -9.744491428137e-02  -5.333281755447e-01   1.445105066523e-03  -5.014589801431e-02 
 -6.733614802361e-01   0.000000000000e+00  -4.760728403926e-02  -7.401095032692e-01  -5.817579803988e-04  -1.945635974407e-01  -7.401095032692e-01  -5.817579803988e-04  -1.945635974407e-01 
  0.000000000000e+00   2.670488134027e-02  -1.464037001133e-01   0.000000000000e+00   2.670488134027e-02  -1.464037001133e-01  -1.407456211746e-02   4.731071367860e-02  -1.304536033422e-02 
  2.332737669349e-02   3.935206308961e-02   2.530344426632e-01   1.273349672556e-02   2.719718962908e-02   1.470284014940e-01   9.570644237101e-03  -1.590189039707e-01  -1.000000014901e-01 
  0.000000000000e+00  -3.515171408653e-01  -1.000000014901e-01   2.356727838516e+00  -3.515171408653e-01  -8.558123111725e-01   2.356727838516e+00  -3.501488268375e-01  -8.037540316582e-01 
  2.356727838516e+00  -3.501488268375e-01  -8.037540316582e-01   0.000000000000e+00   2.670488134027e-02  -1.464037001133e-01   0.000000000000e+00   2.670488134027e-02  -1.464037001133e-01 
 -1.407456211746e-02   4.731071367860e-02  -1.304536033422e-02   2.332737669349e-02   3.935206308961e-02   2.530344426632e-01   1.273349672556e-02   2.719718962908e-02   1.470284014940e-01 
  9.570644237101e-03  -1.590189039707e-01  -1.000000014901e-01   0.000000000000e+00  -3.515171408653e-01  -1.000000014901e-01   2.356727838516e+00  -3.515171408653e-01  -8.558123111725e-01 
  2.356727838516e+00  -3.501488268375e-01  -8.037540316582e-01   2.356727838516e+00  -3.501488268375e-01  -8.037540316582e-01   0.000000000000e+00  -4.490656405687e-02  -3.643322587013e-01 
  0.000000000000e+00  -4.490656405687e-02  -3.643322587013e-01   1.558855473995e-01   1.061657369137e-01   1.203129738569e-01   3.902414143085e-01   6.033321842551e-02   8.074563145638e-01 
  0.000000000000e+00   2.624130249023e-02  -1.000000014901e-01   0.000000000000e+00  -2.730528712273e-01  -1.253352761269e-01   7.254548668861e-01  -3.515171408653e-01  -1.000000014901e-01 
  1.905632376671e+00  -3.515171408653e-01  -1.000000014901e-01   1.403846263885e+00  -3.599347174168e-01  -4.864916205406e-01   1.403846263885e+00  -3.599347174168e-01  -4.864916205406e-01 
  0.000000000000e+00  -5.564489215612e-02  -3.980169296265e-01   0.000000000000e+00  -5.564489215612e-02  -3.980169296265e-01  -2.123578451574e-02   4.747435078025e-02  -2.828916609287e-01 
  1.606077402830e-01   1.796003244817e-02   8.815241046250e-03   1.181178465486e-01   6.187864073581e-06   5.282930284739e-02   4.427346587181e-02  -1.667371764779e-02  -1.024406403303e-01 
  0.000000000000e+00   0.000000000000e+00  -1.000000014901e-01   1.688851267099e-01   0.000000000000e+00  -1.000000014901e-01   5.796762108803e-01  -1.875268965960e-01  -3.226831257343e-01 
  5.796762108803e-01  -1.875268965960e-01  -3.226831257343e-01   0.000000000000e+00   2.928031422198e-02  -4.197699427605e-01   0.000000000000e+00   2.928031422198e-02  -4.197699427605e-01 
  1.382519118488e-02   6.442041136324e-03  -3.690565228462e-01   9.912323951721e-02   6.865223404020e-03  -3.686677813530e-01   1.873807013035e-01  -1.001769024879e-02  -3.464080393314e-01 
  1.578824371099e-01  -1.784989424050e-02  -2.017631232738e-01  -8.975329250097e-02   0.000000000000e+00  -1.000000014901e-01  -1.635119765997e-01   0.000000000000e+00  -1.255924552679e-01 
 -3.623261451721e-01  -5.645432323217e-02   5.719780176878e-02  -3.623261451721e-01  -5.645432323217e-02   5.719780176878e-02   0.000000000000e+00   1.482217758894e-02  -4.699190855026e-01 
  0.000000000000e+00   1.482217758894e-02  -4.699190855026e-01  -2.284749411047e-02   6.196314934641e-03  -3.700761497021e-01   7.247563451529e-02  -2.257286803797e-03  -3.804725110531e-01 
  6.348164081573e-01  -7.843314856291e-02  -3.026235699654e-01   2.649267911911e-01  -5.434409901500e-02  -1.931476593018e-01  -2.540961205959e-01  -7.270582485944e-03   3.590162098408e-02 
 -5.065492391586e-01   0.000000000000e+00  -1.000000014901e-01  -6.722800731659e-01  -1.896883919835e-02   2.870139181614e-01  -6.722800731659e-01  -1.896883919835e-02   2.870139181614e-01 
  0.000000000000e+00   7.283822447062e-02  -4.360341131687e-01   0.000000000000e+00   7.283822447062e-02  -4.360341131687e-01   1.006061118096e-02   7.403502613306e-02  -1.968880444765e-01 
  1.613428741693e-01   5.946713313460e-02  -3.133493363857e-01   4.314181804657e-01  -6.368447840214e-02  -1.000000014901e-01   4.549743533134e-01  -5.462948977947e-02  -1.358692944050e-01 
 -4.548635780811e-01  -3.425114601851e-02   1.995465308428e-01  -8.439757823944e-01   0.000000000000e+00   6.758490204811e-01  -8.416597843170e-01  -4.938500747085e-02   6.045137643814e-01 
 -8.416597843170e-01  -4.938500747085e-02   6.045137643814e-01   0.000000000000e+00   1.883179098368e-01  -2.613913416862e-01   0.000000000000e+00   1.883179098368e-01  -2.613913416862e-01 
  1.129777207971e-01   8.059830218554e-02   1.025804802775e-01   3.088123202324e-01   5.051114782691e-02  -5.392352938652e-01   3.896496295929e-01   2.345130033791e-02  -1.353638768196e+00 
  4.339701831341e-01  -4.751054942608e-02  -1.000000014901e-01   0.000000000000e+00  -7.702489942312e-02  -1.000000014901e-01  -8.728802800179e-01  -1.406764984131e-01   6.239697337151e-01 
 -8.431811332703e-01  -8.952804654837e-02   5.655424594879e-01  -8.431811332703e-01  -8.952804654837e-02   5.655424594879e-01   0.000000000000e+00   0.000000000000e+00  -9.491509199142e-01 
  0.000000000000e+00   0.000000000000e+00  -9.491509199142e-01   4.587658122182e-02   0.000000000000e+00  -1.671755164862e-01   2.884309887886e-01   0.000000000000e+00  -1.778313398361e+00 
  0.000000000000e+00   0.000000000000e+00  -2.583323001862e+00   0.000000000000e+00  -1.587425172329e-02  -8.469398021698e-01  -5.643932893872e-02  -3.055630996823e-02   1.337693482637e-01 
 -8.365132808685e-01   0.000000000000e+00   4.996482133865e-01  -8.220224976540e-01  -3.104893490672e-02   1.789507567883e-01  -8.220224976540e-01  -3.104893490672e-02   1.789507567883e-01 
  0.000000000000e+00   0.000000000000e+00  -9.491509199142e-01   0.000000000000e+00   0.000000000000e+00  -9.491509199142e-01   4.587658122182e-02   0.000000000000e+00  -1.671755164862e-01 
  2.884309887886e-01   0.000000000000e+00  -1.778313398361e+00   0.000000000000e+00   0.000000000000e+00  -2.583323001862e+00   0.000000000000e+00  -1.587425172329e-02  -8.469398021698e-01 
 -5.643932893872e-02  -3.055630996823e-02   1.337693482637e-01  -8.365132808685e-01   0.000000000000e+00   4.996482133865e-01  -8.220224976540e-01  -3.104893490672e-02   1.789507567883e-01 
 -8.220224976540e-01  -3.104893490672e-02   1.789507567883e-01   0.000000000000e+00   1.240419223905e-01  -3.168054819107e-01   0.000000000000e+00   1.240419223905e-01  -3.168054819107e-01 
 -5.807577818632e-02   3.143049404025e-02   2.861324250698e-01  -2.936094999313e-01   0.000000000000e+00   3.205443322659e-01   0.000000000000e+00   0.000000000000e+00   2.123503684998e-01 
  0.000000000000e+00  -5.406954325736e-03  -1.271058470011e-01   4.680295586586e-01   0.000000000000e+00  -1.073972359300e-01   1.414974451065e+00   0.000000000000e+00  -1.000000014901e-01 
  0.000000000000e+00  -2.312442511320e-01  -1.000000014901e-01   0.000000000000e+00  -2.312442511320e-01  -1.000000014901e-01   0.000000000000e+00   1.240419223905e-01  -3.168054819107e-01 
  0.000000000000e+00   1.240419223905e-01  -3.168054819107e-01  -5.807577818632e-02   3.143049404025e-02   2.861324250698e-01  -2.936094999313e-01   0.000000000000e+00   3.205443322659e-01 
  0.000000000000e+00   0.000000000000e+00   2.123503684998e-01   0.000000000000e+00  -5.406954325736e-03  -1.271058470011e-01   4.680295586586e-01   0.000000000000e+00  -1.073972359300e-01 
  1.414974451065e+00   0.000000000000e+00  -1.000000014901e-01   0.000000000000e+00  -2.312442511320e-01  -1.000000014901e-01   0.000000000000e+00  -2.312442511320e-01  -1.000000014901e-01 
  0.000000000000e+00   3.064407780766e-02  -1.931676119566e-01   0.000000000000e+00   3.064407780766e-02  -1.931676119566e-01  -6.768733728677e-03   4.056156426668e-02   5.538967847824e-01 
  2.663210220635e-02   2.873251214623e-02   2.001666545868e+00   1.453741639853e-02   2.236763387918e-02  -1.000000014901e-01   1.644018106163e-03  -1.053918339312e-02  -2.554762661457e-01 
  6.304838694632e-03   0.000000000000e+00  -3.258888721466e-01   6.304838228971e-03   0.000000000000e+00  -1.000000014901e-01   2.536027459428e-03  -2.878766655922e-01  -2.438743412495e-01 
  2.536027459428e-03  -2.878766655922e-01  -2.438743412495e-01   0.000000000000e+00  -2.042503654957e-01  -1.493198275566e-01   0.000000000000e+00  -2.042503654957e-01  -1.493198275566e-01 
  4.927684552968e-03  -9.772352129221e-02  -1.673889458179e-01   9.445770829916e-02  -5.684608593583e-02  -2.888582348824e-01   1.594452559948e-01  -2.220744825900e-02   1.076988503337e-01 
  2.432969864458e-03  -2.924117073417e-02  -1.000000014901e-01   0.000000000000e+00   0.000000000000e+00  -1.000000014901e-01   0.000000000000e+00   0.000000000000e+00  -3.237987160683e-01 
  0.000000000000e+00  -1.354738837108e-03  -2.435670644045e-01   0.000000000000e+00  -1.354738837108e-03  -2.435670644045e-01   0.000000000000e+00   6.951617449522e-02  -3.026949465275e-01 
  0.000000000000e+00   6.951617449522e-02  -3.026949465275e-01   2.292691171169e-02  -6.181489676237e-02  -1.576925665140e-01   2.003865540028e-01   0.000000000000e+00  -1.040124773979e+00 
  2.619668841362e-01  -4.411993548274e-02   5.932812020183e-02   7.563078403473e-02  -2.924117073417e-02   3.814759850502e-01   0.000000000000e+00   0.000000000000e+00  -1.000000014901e-01 
  0.000000000000e+00   0.000000000000e+00  -1.862168163061e-01   0.000000000000e+00  -5.564316175878e-03  -3.414950147271e-02   0.000000000000e+00  -5.564316175878e-03  -3.414950147271e-02 
  0.000000000000e+00   3.875736892223e-02  -1.720703989267e-01   0.000000000000e+00   3.875736892223e-02  -1.720703989267e-01  -3.178732469678e-02  -9.400097653270e-03  -1.936970502138e-01 
  2.513967454433e-01  -2.174440398812e-02  -8.043513447046e-02   9.061629772186e-01  -1.274340897799e-01  -1.000000014901e-01   0.000000000000e+00  -6.859103590250e-02  -1.000000014901e-01 
  0.000000000000e+00  -1.283472636715e-03   3.727420568466e-01  -1.768653094769e-01  -5.289413384162e-04  -1.000000014901e-01  -4.655993580818e-01  -7.144598639570e-04   3.359145522118e-01 
 -4.655993580818e-01  -7.144598639570e-04   3.359145522118e-01   0.000000000000e+00   4.597852379084e-02  -3.994438946247e-01   0.000000000000e+00   4.597852379084e-02  -3.994438946247e-01 
  4.262978211045e-03   3.580956161022e-02  -8.219449222088e-02   4.946342706680e-01   3.707171604037e-02  -3.557930886745e-01   7.795052528381e-01  -1.432592272758e-01  -4.377746582031e-01 
  5.204811096191e-01  -7.276576012373e-02  -3.288887143135e-01   7.579778879881e-02  -1.327991951257e-03   2.541968524456e-01  -4.238952696323e-01   0.000000000000e+00   6.758490204811e-01 
 -4.218118190765e-01  -2.996727265418e-02   6.537122130394e-01  -4.218118190765e-01  -2.996727265418e-02   6.537122130394e-01   0.000000000000e+00   1.473317891359e-01  -5.370002985001e-02 
  0.000000000000e+00   1.473317891359e-01  -5.370002985001e-02   6.388459354639e-02   2.680679783225e-02   2.573438882828e-01   4.214519262314e-01   2.268696762621e-02   2.491131424904e-01 
  9.737125039101e-01   6.878332700580e-03  -1.220435261726e+00   9.075893163681e-01   3.968129400164e-03  -1.240803837776e+00   0.000000000000e+00  -3.329725190997e-02  -1.000000014901e-01 
  0.000000000000e+00   0.000000000000e+00   6.906985640526e-01   0.000000000000e+00  -3.789854049683e-02   6.758490204811e-01   0.000000000000e+00  -3.789854049683e-02   6.758490204811e-01 
  0.000000000000e+00   0.000000000000e+00  -4.540963470936e-02   0.000000000000e+00   0.000000000000e+00  -4.540963470936e-02   1.725975573063e-01   0.000000000000e+00   3.856977522373e-01 
  4.897813200951e-01   0.000000000000e+00   1.965080052614e-01   9.587109088898e-01   0.000000000000e+00  -2.378039360046e+00   8.843912482262e-01   0.000000000000e+00  -2.401237487793e+00 
  0.000000000000e+00  -1.940850168467e-02  -4.826439544559e-02  -4.237823486328e-01   0.000000000000e+00  -1.000000014901e-01  -4.293600618839e-01  -2.257636934519e-02   2.472065389156e-01 
 -4.293600618839e-01  -2.257636934519e-02   2.472065389156e-01   0.000000000000e+00   0.000000000000e+00  -4.540963470936e-02   0.000000000000e+00   0.000000000000e+00  -4.540963470936e-02 
  1.725975573063e-01   0.000000000000e+00   3.856977522373e-01   4.897813200951e-01   0.000000000000e+00   1.965080052614e-01   9.587109088898e-01   0.000000000000e+00  -2.378039360046e+00 
  8.843912482262e-01   0.000000000000e+00  -2.401237487793e+00   0.000000000000e+00  -1.940850168467e-02  -4.826439544559e-02  -4.237823486328e-01   0.000000000000e+00  -1.000000014901e-01 
 -4.293600618839e-01  -2.257636934519e-02   2.472065389156e-01  -4.293600618839e-01  -2.257636934519e-02   2.472065389156e-01   0.000000000000e+00   1.190420314670e-01  -1.129904389381e-01 
  0.000000000000e+00   1.190420314670e-01  -1.129904389381e-01  -1.038727834821e-01   6.165148690343e-02   2.356482893229e-01   0.000000000000e+00   4.029077664018e-02   3.271388411522e-01 
  0.000000000000e+00   3.067698329687e-02  -1.000000014901e-01   0.000000000000e+00   0.000000000000e+00  -2.184828519821e-01   0.000000000000e+00   0.000000000000e+00  -1.000000014901e-01 
  5.766889080405e-02   0.000000000000e+00  -2.275059074163e-01   2.033941633999e-02  -8.542439341545e-02  -1.766953915358e-01   2.033941633999e-02  -8.542439341545e-02  -1.766953915358e-01 
  0.000000000000e+00   1.190420314670e-01  -1.129904389381e-01   0.000000000000e+00   1.190420314670e-01  -1.129904389381e-01  -1.038727834821e-01   6.165148690343e-02   2.356482893229e-01 
  0.000000000000e+00   4.029077664018e-02   3.271388411522e-01   0.000000000000e+00   3.067698329687e-02  -1.000000014901e-01   0.000000000000e+00   0.000000000000e+00  -2.184828519821e-01 
  0.000000000000e+00   0.000000000000e+00  -1.000000014901e-01   5.766889080405e-02   0.000000000000e+00  -2.275059074163e-01   2.033941633999e-02  -8.542439341545e-02  -1.766953915358e-01 
  2.033941633999e-02  -8.542439341545e-02  -1.766953915358e-01   0.000000000000e+00  -4.690413828939e-03  -1.300850629807e+00   0.000000000000e+00  -4.690413828939e-03  -1.300850629807e+00 
 -2.495766617358e-02   1.964389346540e-02  -4.668697118759e-01  -8.131260983646e-03   2.563829906285e-02   3.296449482441e-01  -8.805484976619e-04   1.035551819950e-02   1.149121746421e-01 
  0.000000000000e+00   0.000000000000e+00  -3.070659637451e-01   1.260967738926e-02   0.000000000000e+00  -5.198640227318e-01   1.260967738926e-02   0.000000000000e+00  -5.150566697121e-01 
  0.000000000000e+00  -1.673692092299e-02  -3.490016460419e-01   0.000000000000e+00  -1.673692092299e-02  -3.490016460419e-01   0.000000000000e+00  -2.752856612206e-01  -3.796048760414e-01 
  0.000000000000e+00  -2.752856612206e-01  -3.796048760414e-01   4.349468275905e-02  -2.279921025038e-01  -1.210825890303e-01   9.191220998764e-02  -1.794991940260e-01  -1.243863478303e-01 
  0.000000000000e+00   0.000000000000e+00   5.850807428360e-01   0.000000000000e+00  -5.848234146833e-02  -1.000000014901e-01  -2.914880169556e-03  -7.400690019131e-02  -5.353885889053e-01 
  2.813423424959e-02   0.000000000000e+00  -5.198640227318e-01   0.000000000000e+00   0.000000000000e+00  -1.000000014901e-01   0.000000000000e+00   0.000000000000e+00  -1.000000014901e-01 
  0.000000000000e+00  -1.089062262326e-02  -3.940862715244e-01   0.000000000000e+00  -1.089062262326e-02  -3.940862715244e-01   3.065326018259e-03  -3.465548530221e-02   3.564197421074e-01 
  2.140608280897e-01  -6.559482216835e-02  -3.943613171577e-02  -7.089096307755e-02   0.000000000000e+00   1.230248808861e+00  -7.089096307755e-02  -5.848234146833e-02   1.037644386292e+00 
  0.000000000000e+00  -4.295778647065e-02  -1.000000014901e-01   0.000000000000e+00   0.000000000000e+00  -3.024422824383e-01   0.000000000000e+00   0.000000000000e+00  -2.083596289158e-01 
  0.000000000000e+00   0.000000000000e+00  -2.083596289158e-01   0.000000000000e+00  -1.023147404194e-01  -4.372967183590e-01   0.000000000000e+00  -1.023147404194e-01  -4.372967183590e-01 
 -6.985346972942e-02  -6.331654638052e-02  -3.823787868023e-01   9.061629772186e-01  -1.477741748095e-01   1.989285945892e-01   6.944651901722e-02  -1.305855661631e-01   1.434525847435e+00 
 -8.807956427336e-02   0.000000000000e+00   2.192262411118e+00   0.000000000000e+00   0.000000000000e+00   1.036457300186e+00   0.000000000000e+00   0.000000000000e+00   5.508065819740e-01 
 -2.094519138336e-02   0.000000000000e+00   3.907146453857e-01  -2.094519138336e-02   0.000000000000e+00   3.907146453857e-01   0.000000000000e+00   1.635276824236e-01  -1.840195208788e-01 
  0.000000000000e+00   1.635276824236e-01  -1.840195208788e-01  -6.879409402609e-02   4.217076674104e-02  -3.612503409386e-01   9.215899109840e-01   4.478008672595e-02  -1.009076833725e+00 
  8.907361030579e-01  -1.649627685547e-01   1.975819170475e-01   0.000000000000e+00   0.000000000000e+00   9.750895500183e-01   0.000000000000e+00   0.000000000000e+00  -5.037065222859e-02 
 -2.303265035152e-01   0.000000000000e+00  -1.000000014901e-01  -2.493054866791e-01  -1.358527690172e-02   2.087774276733e-01  -2.493054866791e-01  -1.358527690172e-02   2.087774276733e-01 
  0.000000000000e+00   1.453546434641e-01  -1.663788706064e-01   0.000000000000e+00   1.453546434641e-01  -1.663788706064e-01  -3.173593804240e-02   1.775422506034e-02  -3.487347438931e-02 
  1.134557127953e+00   1.740370318294e-02   2.938894629478e-01   1.648667335510e+00   0.000000000000e+00  -4.392971694469e-01   1.189876794815e+00   0.000000000000e+00  -1.351181149483e+00 
  3.363761603832e-01  -1.861345767975e-02  -1.000000014901e-01   0.000000000000e+00   0.000000000000e+00  -1.000000014901e-01   0.000000000000e+00  -2.096985280514e-02  -1.000000014901e-01 
  0.000000000000e+00  -2.096985280514e-02  -1.000000014901e-01   0.000000000000e+00   0.000000000000e+00  -2.268830090761e-01   0.000000000000e+00   0.000000000000e+00  -2.268830090761e-01 
  3.494789451361e-02   0.000000000000e+00  -6.372227519751e-02   2.281600952148e+00   0.000000000000e+00   6.226524114609e-01   2.120214223862e+00   0.000000000000e+00  -2.519184648991e-01 
  9.075893163681e-01   0.000000000000e+00  -2.401237487793e+00   0.000000000000e+00  -1.489908341318e-02  -5.879835411906e-02  -2.797180414200e-01   0.000000000000e+00  -1.000000014901e-01 
 -2.684714198112e-01  -1.572933606803e-02   5.122701078653e-02  -2.684714198112e-01  -1.572933606803e-02   5.122701078653e-02   0.000000000000e+00   0.000000000000e+00  -2.268830090761e-01 
  0.000000000000e+00   0.000000000000e+00  -2.268830090761e-01   3.494789451361e-02   0.000000000000e+00  -6.372227519751e-02   2.281600952148e+00   0.000000000000e+00   6.226524114609e-01 
  2.120214223862e+00   0.000000000000e+00  -2.519184648991e-01   9.075893163681e-01   0.000000000000e+00  -2.401237487793e+00   0.000000000000e+00  -1.489908341318e-02  -5.879835411906e-02 
 -2.797180414200e-01   0.000000000000e+00  -1.000000014901e-01  -2.684714198112e-01  -1.572933606803e-02   5.122701078653e-02  -2.684714198112e-01  -1.572933606803e-02   5.122701078653e-02 
  0.000000000000e+00   1.190420314670e-01  -1.129904389381e-01   0.000000000000e+00   1.190420314670e-01  -1.129904389381e-01  -1.038727834821e-01   6.165148690343e-02   2.356482893229e-01 
  0.000000000000e+00   4.029077664018e-02   3.271388411522e-01   0.000000000000e+00   3.067698329687e-02  -1.000000014901e-01   0.000000000000e+00   0.000000000000e+00  -2.184828519821e-01 
  0.000000000000e+00   0.000000000000e+00  -1.000000014901e-01   5.766889080405e-02   0.000000000000e+00  -2.275059074163e-01   2.033941633999e-02  -8.542439341545e-02  -1.766953915358e-01 
  2.033941633999e-02  -8.542439341545e-02  -1.766953915358e-01   0.000000000000e+00   1.190420314670e-01  -1.129904389381e-01   0.000000000000e+00   1.190420314670e-01  -1.129904389381e-01 
 -1.038727834821e-01   6.165148690343e-02   2.356482893229e-01   0.000000000000e+00   4.029077664018e-02   3.271388411522e-01   0.000000000000e+00   3.067698329687e-02  -1.000000014901e-01 
  0.000000000000e+00   0.000000000000e+00  -2.184828519821e-01   0.000000000000e+00   0.000000000000e+00  -1.000000014901e-01   5.766889080405e-02   0.000000000000e+00  -2.275059074163e-01 
  2.033941633999e-02  -8.542439341545e-02  -1.766953915358e-01   2.033941633999e-02  -8.542439341545e-02  -1.766953915358e-01   0.000000000000e+00  -4.690413828939e-03  -1.300850629807e+00 
  0.000000000000e+00  -4.690413828939e-03  -1.300850629807e+00  -2.495766617358e-02   1.964389346540e-02  -4.668697118759e-01  -8.131260983646e-03   2.563829906285e-02   3.296449482441e-01 
 -8.805484976619e-04   1.035551819950e-02   1.149121746421e-01   0.000000000000e+00   0.000000000000e+00  -3.070659637451e-01   1.260967738926e-02   0.000000000000e+00  -5.198640227318e-01 
  1.260967738926e-02   0.000000000000e+00  -5.150566697121e-01   0.000000000000e+00  -1.673692092299e-02  -3.490016460419e-01   0.000000000000e+00  -1.673692092299e-02  -3.490016460419e-01 
  0.000000000000e+00  -2.752856612206e-01  -3.796048760414e-01   0.000000000000e+00  -2.752856612206e-01  -3.796048760414e-01   4.349468275905e-02  -2.279921025038e-01  -1.210825890303e-01 
  9.191220998764e-02  -1.794991940260e-01  -1.243863478303e-01   0.000000000000e+00   0.000000000000e+00   5.850807428360e-01   0.000000000000e+00  -5.848234146833e-02  -1.000000014901e-01 
 -2.914880169556e-03  -7.400690019131e-02  -5.353885889053e-01   2.813423424959e-02   0.000000000000e+00  -5.198640227318e-01   0.000000000000e+00   0.000000000000e+00  -1.000000014901e-01 
  0.000000000000e+00   0.000000000000e+00  -1.000000014901e-01   0.000000000000e+00  -1.089062262326e-02  -3.940862715244e-01   0.000000000000e+00  -1.089062262326e-02  -3.940862715244e-01 
  3.065326018259e-03  -3.465548530221e-02   3.564197421074e-01   2.140608280897e-01  -6.559482216835e-02  -3.943613171577e-02  -7.089096307755e-02   0.000000000000e+00   1.230248808861e+00 
 -7.089096307755e-02  -5.848234146833e-02   1.037644386292e+00   0.000000000000e+00  -4.295778647065e-02  -1.000000014901e-01   0.000000000000e+00   0.000000000000e+00  -3.024422824383e-01 
  0.000000000000e+00   0.000000000000e+00  -2.083596289158e-01   0.000000000000e+00   0.000000000000e+00  -2.083596289158e-01   0.000000000000e+00  -1.023147404194e-01  -4.372967183590e-01 
  0.000000000000e+00  -1.023147404194e-01  -4.372967183590e-01  -6.985346972942e-02  -6.331654638052e-02  -3.823787868023e-01   9.061629772186e-01  -1.477741748095e-01   1.989285945892e-01 
  6.944651901722e-02  -1.305855661631e-01   1.434525847435e+00  -8.807956427336e-02   0.000000000000e+00   2.192262411118e+00   0.000000000000e+00   0.000000000000e+00   1.036457300186e+00 
  0.000000000000e+00   0.000000000000e+00   5.508065819740e-01  -2.094519138336e-02   0.000000000000e+00   3.907146453857e-01  -2.094519138336e-02   0.000000000000e+00   3.907146453857e-01 
  0.000000000000e+00   1.635276824236e-01  -1.840195208788e-01   0.000000000000e+00   1.635276824236e-01  -1.840195208788e-01  -6.879409402609e-02   4.217076674104e-02  -3.612503409386e-01 
  9.215899109840e-01   4.478008672595e-02  -1.009076833725e+00   8.907361030579e-01  -1.649627685547e-01   1.975819170475e-01   0.000000000000e+00   0.000000000000e+00   9.750895500183e-01 
  0.000000000000e+00   0.000000000000e+00  -5.037065222859e-02  -2.303265035152e-01   0.000000000000e+00  -1.000000014901e-01  -2.493054866791e-01  -1.358527690172e-02   2.087774276733e-01 
 -2.493054866791e-01  -1.358527690172e-02   2.087774276733e-01   0.000000000000e+00   1.453546434641e-01  -1.663788706064e-01   0.000000000000e+00   1.453546434641e-01  -1.663788706064e-01 
 -3.173593804240e-02   1.775422506034e-02  -3.487347438931e-02   1.134557127953e+00   1.740370318294e-02   2.938894629478e-01   1.648667335510e+00   0.000000000000e+00  -4.392971694469e-01 
  1.189876794815e+00   0.000000000000e+00  -1.351181149483e+00   3.363761603832e-01  -1.861345767975e-02  -1.000000014901e-01   0.000000000000e+00   0.000000000000e+00  -1.000000014901e-01 
  0.000000000000e+00  -2.096985280514e-02  -1.000000014901e-01   0.000000000000e+00  -2.096985280514e-02  -1.000000014901e-01   0.000000000000e+00   0.000000000000e+00  -2.268830090761e-01 
  0.000000000000e+00   0.000000000000e+00  -2.268830090761e-01   3.494789451361e-02   0.000000000000e+00  -6.372227519751e-02   2.281600952148e+00   0.000000000000e+00   6.226524114609e-01 
  2.120214223862e+00   0.000000000000e+00  -2.519184648991e-01   9.075893163681e-01   0.000000000000e+00  -2.401237487793e+00   0.000000000000e+00  -1.489908341318e-02  -5.879835411906e-02 
 -2.797180414200e-01   0.000000000000e+00  -1.000000014901e-01  -2.684714198112e-01  -1.572933606803e-02   5.122701078653e-02  -2.684714198112e-01  -1.572933606803e-02   5.122701078653e-02 
  0.000000000000e+00   0.000000000000e+00  -2.268830090761e-01   0.000000000000e+00   0.000000000000e+00  -2.268830090761e-01   3.494789451361e-02   0.000000000000e+00  -6.372227519751e-02 
  2.281600952148e+00   0.000000000000e+00   6.226524114609e-01   2.120214223862e+00   0.000000000000e+00  -2.519184648991e-01   9.075893163681e-01   0.000000000000e+00  -2.401237487793e+00 
  0.000000000000e+00  -1.489908341318e-02  -5.879835411906e-02  -2.797180414200e-01   0.000000000000e+00  -1.000000014901e-01  -2.684714198112e-01  -1.572933606803e-02   5.122701078653e-02 
 -2.684714198112e-01  -1.572933606803e-02   5.122701078653e-02 

