# vtk DataFile Version 2.0
Written using VisIt writer
ASCII
DATASET RECTILINEAR_GRID
DIMENSIONS 10 10 10
X_COORDINATES 10 float
  0.000000000000e+00   5.000000000000e-01   1.000000000000e+00   1.500000000000e+00   2.000000000000e+00   2.500000000000e+00   3.000000000000e+00   3.500000000000e+00   4.000000000000e+00 
  4.500000000000e+00 
Y_COORDINATES 10 float
  0.000000000000e+00   5.000000000000e-01   1.000000000000e+00   1.500000000000e+00   2.000000000000e+00   2.500000000000e+00   3.000000000000e+00   3.500000000000e+00   4.000000000000e+00 
  4.500000000000e+00 
Z_COORDINATES 10 float
  0.000000000000e+00   5.000000000000e-01   1.000000000000e+00   1.500000000000e+00   2.000000000000e+00   2.500000000000e+00   3.000000000000e+00   3.500000000000e+00   4.000000000000e+00 
  4.500000000000e+00 
CELL_DATA 729
POINT_DATA 1000
VECTORS velocity float
  0.000000000000e+00  -1.174962893128e-01  -2.110563218594e-01   3.251200000000e+04   0.000000000000e+00   0.000000000000e+00   0.000000000000e+00   0.000000000000e+00   0.000000000000e+00 
  1.437092870474e-01  -6.684724241495e-02  -1.509308964014e-01   0.000000000000e+00   0.000000000000e+00   0.000000000000e+00   0.000000000000e+00   1.431655808000e+09   1.070945600000e+09 
  1.361535489559e-01  -8.094184845686e-02  -1.601462811232e-01   1.071994176000e+09   0.000000000000e+00   0.000000000000e+00   0.000000000000e+00   0.000000000000e+00   0.000000000000e+00 
  1.122914925218e-01  -1.611430794001e-01  -1.905662566423e-01   0.000000000000e+00  -1.174962893128e-01  -2.110563218594e-01   1.070945600000e+09   0.000000000000e+00   0.000000000000e+00 
  7.513862103224e-02  -9.524099528790e-02  -1.931862235069e-01   1.437092870474e-01  -6.684724241495e-02  -1.509308964014e-01   1.431655808000e+09   1.070945600000e+09   0.000000000000e+00 
  1.572017669678e-01  -4.603828862309e-02  -1.304955631495e-01   1.361535489559e-01  -8.094184845686e-02  -1.601462811232e-01   0.000000000000e+00   0.000000000000e+00   1.071644672000e+09 
  1.122914925218e-01  -1.611430794001e-01  -1.905662566423e-01   1.122914925218e-01  -1.611430794001e-01  -1.905662566423e-01   0.000000000000e+00   6.578037515283e-03  -1.751736700535e-01 
  0.000000000000e+00   6.578037515283e-03  -1.751736700535e-01  -4.016417637467e-02  -2.489061802626e-01  -1.917687952518e-01   1.610277742147e-01  -2.979055345058e-01  -1.772176176310e-01 
  1.148490011692e-01  -1.211854144931e-01  -1.793991923332e-01   9.197248518467e-02  -7.977193593979e-02  -1.399575173855e-01   1.148847267032e-01   1.854389160872e-02  -1.376029103994e-01 
  7.562658190727e-02   2.090102247894e-02  -1.386756002903e-01   1.264794170856e-01  -3.308709710836e-02  -1.473133713007e-01   1.264794170856e-01  -3.308709710836e-02  -1.473133713007e-01 
  0.000000000000e+00   4.892250895500e-02  -1.584392488003e-01   0.000000000000e+00   4.892250895500e-02  -1.584392488003e-01   9.652411192656e-02  -6.275170482695e-03  -1.451339721680e-01 
  8.557311445475e-02   5.338261649013e-02  -1.353758871555e-01   4.608795791864e-02   3.753428161144e-02  -1.471441388130e-01   1.755155920982e-01  -6.227459758520e-02  -1.485555022955e-01 
  1.335536092520e-01  -1.823717728257e-02  -1.822365671396e-01   1.247326955199e-01  -1.614238880575e-02  -1.402697116137e-01   2.030428051949e-01  -2.336118370295e-02  -1.311892867088e-01 
  2.030428051949e-01  -2.336118370295e-02  -1.311892867088e-01   0.000000000000e+00   3.018805757165e-02  -1.889553517103e-01   0.000000000000e+00   3.018805757165e-02  -1.889553517103e-01 
 -1.530449558049e-02  -5.239985510707e-02  -1.941513568163e-01   1.345097720623e-01   2.281346172094e-02  -1.374998688698e-01   8.679733425379e-02  -5.145207978785e-03  -1.386359930038e-01 
  1.378944367170e-01  -3.870481858030e-03  -1.337457299232e-01   9.441937506199e-02   1.458239182830e-02  -1.532604992390e-01   1.248716115952e-01  -3.426578268409e-02  -1.550293862820e-01 
  1.684746593237e-01  -4.905987530947e-02  -1.779736280441e-01   1.684746593237e-01  -4.905987530947e-02  -1.779736280441e-01   0.000000000000e+00  -4.793510958552e-02  -1.650771051645e-01 
  0.000000000000e+00  -4.793510958552e-02  -1.650771051645e-01   2.278968133032e-02  -8.494940586388e-03  -1.588573455811e-01   1.243947669864e-01  -5.214819684625e-02  -1.586440652609e-01 
  2.970413118601e-02  -1.496855616570e-01  -2.012916803360e-01   1.210276708007e-01  -1.474438607693e-01  -1.464076936245e-01   9.381323307753e-02  -3.897377848625e-02  -1.425115019083e-01 
  7.812429964542e-02   1.442580763251e-02  -1.356397271156e-01   1.920996308327e-01   1.072721406817e-01  -1.391668915749e-01   1.920996308327e-01   1.072721406817e-01  -1.391668915749e-01 
  0.000000000000e+00  -4.300818964839e-02  -1.668612658978e-01   0.000000000000e+00  -4.300818964839e-02  -1.668612658978e-01   6.119069084525e-02  -2.462414093316e-02  -1.509152501822e-01 
  8.114135265350e-02   2.192059531808e-02  -1.392855793238e-01   2.411428838968e-02   1.149318888783e-01  -1.514767408371e-01   1.105873435736e-01  -4.300541058183e-02  -1.600851267576e-01 
  1.213808357716e-01  -9.563046693802e-02  -1.829534918070e-01   9.957475960255e-02  -8.124635368586e-02  -1.449435353279e-01   1.884049773216e-01  -2.412672713399e-02  -1.382030248642e-01 
  1.884049773216e-01  -2.412672713399e-02  -1.382030248642e-01   0.000000000000e+00  -1.348607242107e-01  -2.063704580069e-01   0.000000000000e+00  -1.348607242107e-01  -2.063704580069e-01 
 -6.609455496073e-02  -9.044174849987e-02  -2.360169887543e-01   1.189728677273e-01  -2.847626805305e-02  -1.665504723787e-01   5.270570889115e-02   5.552532896399e-02  -1.523143798113e-01 
  1.248201951385e-01   4.531747102737e-02  -1.314900964499e-01   1.240405216813e-01   2.280673012137e-03  -1.445913910866e-01   1.367169767618e-01  -9.567218273878e-02  -1.607346087694e-01 
  2.533600032330e-01  -1.270995885134e-01  -1.939816027880e-01   2.533600032330e-01  -1.270995885134e-01  -1.939816027880e-01   0.000000000000e+00   0.000000000000e+00  -1.776555776596e-01 
  0.000000000000e+00   0.000000000000e+00  -1.776555776596e-01  -1.123414114118e-01   0.000000000000e+00  -2.166920006275e-01   1.026193872094e-01   0.000000000000e+00  -2.091993391514e-01 
  1.660070149228e-03   0.000000000000e+00  -2.377945631742e-01   2.634505033493e-01   0.000000000000e+00  -1.357649117708e-01   2.056441903114e-01   0.000000000000e+00  -1.219163537025e-01 
  1.676445305347e-01   0.000000000000e+00  -1.251127719879e-01   2.786470353603e-01   0.000000000000e+00  -1.351402997971e-01   2.786470353603e-01   0.000000000000e+00  -1.351402997971e-01 
  0.000000000000e+00   0.000000000000e+00  -1.776555776596e-01   0.000000000000e+00   0.000000000000e+00  -1.776555776596e-01  -1.123414114118e-01   0.000000000000e+00  -2.166920006275e-01 
  1.026193872094e-01   0.000000000000e+00  -2.091993391514e-01   1.660070149228e-03   0.000000000000e+00  -2.377945631742e-01   2.634505033493e-01   0.000000000000e+00  -1.357649117708e-01 
  2.056441903114e-01   0.000000000000e+00  -1.219163537025e-01   1.676445305347e-01   0.000000000000e+00  -1.251127719879e-01   2.786470353603e-01   0.000000000000e+00  -1.351402997971e-01 
  2.786470353603e-01   0.000000000000e+00  -1.351402997971e-01   0.000000000000e+00  -1.174962893128e-01  -2.110563218594e-01   0.000000000000e+00  -1.174962893128e-01  -2.110563218594e-01 
  7.513862103224e-02  -9.524099528790e-02  -1.931862235069e-01   1.437092870474e-01  -6.684724241495e-02  -1.509308964014e-01   1.333219558001e-01  -4.507540911436e-02  -1.360158473253e-01 
  1.572017669678e-01  -4.603828862309e-02  -1.304955631495e-01   1.361535489559e-01  -8.094184845686e-02  -1.601462811232e-01   1.213448047638e-01  -8.789393305779e-02  -1.779772341251e-01 
  1.122914925218e-01  -1.611430794001e-01  -1.905662566423e-01   1.122914925218e-01  -1.611430794001e-01  -1.905662566423e-01   0.000000000000e+00  -1.174962893128e-01  -2.110563218594e-01 
  0.000000000000e+00  -1.174962893128e-01  -2.110563218594e-01   7.513862103224e-02  -9.524099528790e-02  -1.931862235069e-01   1.437092870474e-01  -6.684724241495e-02  -1.509308964014e-01 
  1.333219558001e-01  -4.507540911436e-02  -1.360158473253e-01   1.572017669678e-01  -4.603828862309e-02  -1.304955631495e-01   1.361535489559e-01  -8.094184845686e-02  -1.601462811232e-01 
  1.213448047638e-01  -8.789393305779e-02  -1.779772341251e-01   1.122914925218e-01  -1.611430794001e-01  -1.905662566423e-01   1.122914925218e-01  -1.611430794001e-01  -1.905662566423e-01 
  0.000000000000e+00   6.578037515283e-03  -1.751736700535e-01   0.000000000000e+00   6.578037515283e-03  -1.751736700535e-01  -4.016417637467e-02  -2.489061802626e-01  -1.917687952518e-01 
  1.610277742147e-01  -2.979055345058e-01  -1.772176176310e-01   1.148490011692e-01  -1.211854144931e-01  -1.793991923332e-01   9.197248518467e-02  -7.977193593979e-02  -1.399575173855e-01 
  1.148847267032e-01   1.854389160872e-02  -1.376029103994e-01   7.562658190727e-02   2.090102247894e-02  -1.386756002903e-01   1.264794170856e-01  -3.308709710836e-02  -1.473133713007e-01 
  1.264794170856e-01  -3.308709710836e-02  -1.473133713007e-01   0.000000000000e+00   4.892250895500e-02  -1.584392488003e-01   0.000000000000e+00   4.892250895500e-02  -1.584392488003e-01 
  9.652411192656e-02  -6.275170482695e-03  -1.451339721680e-01   8.557311445475e-02   5.338261649013e-02  -1.353758871555e-01   4.608795791864e-02   3.753428161144e-02  -1.471441388130e-01 
  1.755155920982e-01  -6.227459758520e-02  -1.485555022955e-01   1.335536092520e-01  -1.823717728257e-02  -1.822365671396e-01   1.247326955199e-01  -1.614238880575e-02  -1.402697116137e-01 
  2.030428051949e-01  -2.336118370295e-02  -1.311892867088e-01   2.030428051949e-01  -2.336118370295e-02  -1.311892867088e-01   0.000000000000e+00   3.018805757165e-02  -1.889553517103e-01 
  0.000000000000e+00   3.018805757165e-02  -1.889553517103e-01  -1.530449558049e-02  -5.239985510707e-02  -1.941513568163e-01   1.345097720623e-01   2.281346172094e-02  -1.374998688698e-01 
  8.679733425379e-02  -5.145207978785e-03  -1.386359930038e-01   1.378944367170e-01  -3.870481858030e-03  -1.337457299232e-01   9.441937506199e-02   1.458239182830e-02  -1.532604992390e-01 
  1.248716115952e-01  -3.426578268409e-02  -1.550293862820e-01   1.684746593237e-01  -4.905987530947e-02  -1.779736280441e-01   1.684746593237e-01  -4.905987530947e-02  -1.779736280441e-01 
  0.000000000000e+00  -4.793510958552e-02  -1.650771051645e-01   0.000000000000e+00  -4.793510958552e-02  -1.650771051645e-01   2.278968133032e-02  -8.494940586388e-03  -1.588573455811e-01 
  1.243947669864e-01  -5.214819684625e-02  -1.586440652609e-01   2.970413118601e-02  -1.496855616570e-01  -2.012916803360e-01   1.210276708007e-01  -1.474438607693e-01  -1.464076936245e-01 
  9.381323307753e-02  -3.897377848625e-02  -1.425115019083e-01   7.812429964542e-02   1.442580763251e-02  -1.356397271156e-01   1.920996308327e-01   1.072721406817e-01  -1.391668915749e-01 
  1.920996308327e-01   1.072721406817e-01  -1.391668915749e-01   0.000000000000e+00  -4.300818964839e-02  -1.668612658978e-01   0.000000000000e+00  -4.300818964839e-02  -1.668612658978e-01 
  6.119069084525e-02  -2.462414093316e-02  -1.509152501822e-01   8.114135265350e-02   2.192059531808e-02  -1.392855793238e-01   2.411428838968e-02   1.149318888783e-01  -1.514767408371e-01 
  1.105873435736e-01  -4.300541058183e-02  -1.600851267576e-01   1.213808357716e-01  -9.563046693802e-02  -1.829534918070e-01   9.957475960255e-02  -8.124635368586e-02  -1.449435353279e-01 
  1.884049773216e-01  -2.412672713399e-02  -1.382030248642e-01   1.884049773216e-01  -2.412672713399e-02  -1.382030248642e-01   0.000000000000e+00  -1.348607242107e-01  -2.063704580069e-01 
  0.000000000000e+00  -1.348607242107e-01  -2.063704580069e-01  -6.609455496073e-02  -9.044174849987e-02  -2.360169887543e-01   1.189728677273e-01  -2.847626805305e-02  -1.665504723787e-01 
  5.270570889115e-02   5.552532896399e-02  -1.523143798113e-01   1.248201951385e-01   4.531747102737e-02  -1.314900964499e-01   1.240405216813e-01   2.280673012137e-03  -1.445913910866e-01 
  1.367169767618e-01  -9.567218273878e-02  -1.607346087694e-01   2.533600032330e-01  -1.270995885134e-01  -1.939816027880e-01   2.533600032330e-01  -1.270995885134e-01  -1.939816027880e-01 
  0.000000000000e+00   0.000000000000e+00  -1.776555776596e-01   0.000000000000e+00   0.000000000000e+00  -1.776555776596e-01  -1.123414114118e-01   0.000000000000e+00  -2.166920006275e-01 
  1.026193872094e-01   0.000000000000e+00  -2.091993391514e-01   1.660070149228e-03   0.000000000000e+00  -2.377945631742e-01   2.634505033493e-01   0.000000000000e+00  -1.357649117708e-01 
  2.056441903114e-01   0.000000000000e+00  -1.219163537025e-01   1.676445305347e-01   0.000000000000e+00  -1.251127719879e-01   2.786470353603e-01   0.000000000000e+00  -1.351402997971e-01 
  2.786470353603e-01   0.000000000000e+00  -1.351402997971e-01   0.000000000000e+00   0.000000000000e+00  -1.776555776596e-01   0.000000000000e+00   0.000000000000e+00  -1.776555776596e-01 
 -1.123414114118e-01   0.000000000000e+00  -2.166920006275e-01   1.026193872094e-01   0.000000000000e+00  -2.091993391514e-01   1.660070149228e-03   0.000000000000e+00  -2.377945631742e-01 
  2.634505033493e-01   0.000000000000e+00  -1.357649117708e-01   2.056441903114e-01   0.000000000000e+00  -1.219163537025e-01   1.676445305347e-01   0.000000000000e+00  -1.251127719879e-01 
  2.786470353603e-01   0.000000000000e+00  -1.351402997971e-01   2.786470353603e-01   0.000000000000e+00  -1.351402997971e-01   0.000000000000e+00  -2.964892089367e-01  -1.213238477707e+00 
  0.000000000000e+00  -2.964892089367e-01  -1.213238477707e+00   4.685388803482e-01  -8.406922966242e-02  -1.212668299675e+00   2.187990397215e-01  -1.815758496523e-01  -5.011044144630e-01 
  3.753333091736e-01  -1.061452254653e-01  -4.750838279724e-01   2.219946235418e-01  -5.327664781362e-03  -3.701042532921e-01   1.902695000172e-01   4.461062606424e-03  -3.985371813178e-02 
  3.796752989292e-01  -1.310931425542e-02  -8.924080729485e-01   4.593825340271e-01  -2.790238335729e-02  -8.399654626846e-01   4.593825340271e-01  -2.790238335729e-02  -8.399654626846e-01 
  0.000000000000e+00  -2.964892089367e-01  -1.213238477707e+00   0.000000000000e+00  -2.964892089367e-01  -1.213238477707e+00   4.685388803482e-01  -8.406922966242e-02  -1.212668299675e+00 
  2.187990397215e-01  -1.815758496523e-01  -5.011044144630e-01   3.753333091736e-01  -1.061452254653e-01  -4.750838279724e-01   2.219946235418e-01  -5.327664781362e-03  -3.701042532921e-01 
  1.902695000172e-01   4.461062606424e-03  -3.985371813178e-02   3.796752989292e-01  -1.310931425542e-02  -8.924080729485e-01   4.593825340271e-01  -2.790238335729e-02  -8.399654626846e-01 
  4.593825340271e-01  -2.790238335729e-02  -8.399654626846e-01   0.000000000000e+00  -1.194431781769e-01  -6.872615814209e-01   0.000000000000e+00  -1.194431781769e-01  -6.872615814209e-01 
  4.428965225816e-02  -1.562772095203e-01  -6.926403641701e-01   4.959350526333e-01  -2.313683778048e-01  -6.148337721825e-01   6.415827870369e-01  -1.762768924236e-01  -5.560585260391e-01 
  3.688672780991e-01  -1.159855630249e-02  -4.512004256248e-01   4.231145679951e-01   3.116315416992e-02  -1.367877721786e+00   1.090954989195e-01   6.659790873528e-02  -8.918561339378e-01 
  2.262366861105e-01  -1.617139438167e-03  -8.832183480263e-01   2.262366861105e-01  -1.617139438167e-03  -8.832183480263e-01   0.000000000000e+00   1.443257629871e-01  -9.577028155327e-01 
  0.000000000000e+00   1.443257629871e-01  -9.577028155327e-01   2.802050113678e-01   3.232993185520e-01  -7.942411303520e-01   5.496908426285e-01   8.467336744070e-02  -8.139564990997e-01 
  6.917173266411e-01   1.006922796369e-01  -9.713318347931e-01   9.226568341255e-01   2.270082682371e-01  -1.390416860580e+00   9.896404147148e-01   1.102751940489e-01  -1.323243975639e+00 
  6.521960496902e-01   2.244344446808e-03  -5.973028764129e-02   2.112029790878e-01  -1.917728222907e-02  -6.881070882082e-02   2.112029790878e-01  -1.917728222907e-02  -6.881070882082e-02 
  0.000000000000e+00  -9.848697809502e-04  -8.751319646835e-01   0.000000000000e+00  -9.848697809502e-04  -8.751319646835e-01   6.393808871508e-02   2.371016889811e-02  -1.036310315132e+00 
  4.420131146908e-01   4.322007298470e-01  -7.021733522415e-01   3.312913775444e-01   2.117810547352e-01  -8.692320585251e-01   2.268172949553e-01   2.908658087254e-01  -7.113161683083e-01 
  1.119048669934e-01   1.686405837536e-01  -8.470717668533e-01   1.242545545101e-01  -1.414802763611e-02  -9.126747846603e-01   1.693565398455e-01  -4.800568893552e-02  -2.202636934817e-02 
  1.693565398455e-01  -4.800568893552e-02  -2.202636934817e-02   0.000000000000e+00   4.510626569390e-02  -7.086931467056e-01   0.000000000000e+00   4.510626569390e-02  -7.086931467056e-01 
 -2.044042944908e-02  -2.575823850930e-02  -4.486904144287e-01   1.965600401163e-01   1.906464993954e-01  -3.228491917253e-02   6.151745095849e-02   3.211746513844e-01  -4.583140015602e-01 
  2.135067731142e-01   7.860057987273e-03  -3.951107263565e-01   1.334079355001e-01  -2.768792398274e-02  -9.272508025169e-01   1.267170906067e-01   1.006544288248e-02  -9.272644519806e-01 
  2.260816544294e-01   1.051412895322e-01  -6.083310768008e-02   2.260816544294e-01   1.051412895322e-01  -6.083310768008e-02   0.000000000000e+00  -2.027732282877e-01  -8.729875087738e-01 
  0.000000000000e+00  -2.027732282877e-01  -8.729875087738e-01   1.257222741842e-01   9.473979473114e-02  -8.160845041275e-01   4.159081578255e-01   4.505030214787e-01  -8.388420939445e-01 
  6.648855209351e-01   3.590232133865e-01  -5.478522777557e-01   2.976748049259e-01   7.947737723589e-02  -6.557353138924e-01   1.394676417112e-01  -1.727894507349e-02  -7.709405422211e-01 
  3.208785653114e-01  -6.308063119650e-02  -8.925663232803e-01   4.421433210373e-01  -3.109125234187e-02  -6.179697066545e-02   4.421433210373e-01  -3.109125234187e-02  -6.179697066545e-02 
  0.000000000000e+00   1.657194048166e-01  -7.341578602791e-01   0.000000000000e+00   1.657194048166e-01  -7.341578602791e-01   2.531640529633e-01   8.459948003292e-02  -8.529240489006e-01 
  5.311535596848e-01  -8.802330493927e-02  -1.060101866722e+00   8.770478367805e-01   5.501325055957e-02  -2.095394849777e+00  -2.713822722435e-01   1.286574453115e-01  -1.457833290100e+00 
  1.298616975546e-01  -1.298406510614e-03  -6.870803833008e-01   7.634862065315e-01  -8.456565439701e-03  -6.161229610443e-01   8.844599723816e-01  -6.639964133501e-02  -8.644561767578e-01 
  8.844599723816e-01  -6.639964133501e-02  -8.644561767578e-01   0.000000000000e+00   0.000000000000e+00  -5.603900551796e-01   0.000000000000e+00   0.000000000000e+00  -5.603900551796e-01 
  4.082641303539e-01   0.000000000000e+00  -7.126013040543e-01   3.614778518677e-01   0.000000000000e+00  -1.421208381653e+00  -7.035666108131e-01   0.000000000000e+00  -1.875161886215e+00 
 -8.283318281174e-01   6.253914907575e-04  -5.860288739204e-01   6.353418808430e-03  -1.762917381711e-04  -7.808364927769e-02   5.014792084694e-01   0.000000000000e+00  -6.457110047340e-01 
  9.323422312737e-01   0.000000000000e+00  -1.194591164589e+00   9.323422312737e-01   0.000000000000e+00  -1.194591164589e+00   0.000000000000e+00   0.000000000000e+00  -5.603900551796e-01 
  0.000000000000e+00   0.000000000000e+00  -5.603900551796e-01   4.082641303539e-01   0.000000000000e+00  -7.126013040543e-01   3.614778518677e-01   0.000000000000e+00  -1.421208381653e+00 
 -7.035666108131e-01   0.000000000000e+00  -1.875161886215e+00  -8.283318281174e-01   6.253914907575e-04  -5.860288739204e-01   6.353418808430e-03  -1.762917381711e-04  -7.808364927769e-02 
  5.014792084694e-01   0.000000000000e+00  -6.457110047340e-01   9.323422312737e-01   0.000000000000e+00  -1.194591164589e+00   9.323422312737e-01   0.000000000000e+00  -1.194591164589e+00 
  0.000000000000e+00  -5.918618291616e-02  -6.352882981300e-01   0.000000000000e+00  -5.918618291616e-02  -6.352882981300e-01   9.513986855745e-02   3.288828954101e-02  -5.474072098732e-01 
 -1.775039732456e-02  -1.416093707085e-01  -4.638094902039e-01   4.761093482375e-02  -5.978915840387e-02  -4.302884638309e-01   0.000000000000e+00   0.000000000000e+00  -1.000000014901e-01 
  5.248524546623e-01   1.490390766412e-02  -4.890775978565e-01   2.487701177597e-01   0.000000000000e+00  -8.906781077385e-01   0.000000000000e+00  -1.731876842678e-02  -9.305317401886e-01 
  0.000000000000e+00  -1.731876842678e-02  -9.305317401886e-01   0.000000000000e+00  -5.918618291616e-02  -6.352882981300e-01   0.000000000000e+00  -5.918618291616e-02  -6.352882981300e-01 
  9.513986855745e-02   3.288828954101e-02  -5.474072098732e-01  -1.775039732456e-02  -1.416093707085e-01  -4.638094902039e-01   4.761093482375e-02  -5.978915840387e-02  -4.302884638309e-01 
  0.000000000000e+00   0.000000000000e+00  -1.000000014901e-01   5.248524546623e-01   1.490390766412e-02  -4.890775978565e-01   2.487701177597e-01   0.000000000000e+00  -8.906781077385e-01 
  0.000000000000e+00  -1.731876842678e-02  -9.305317401886e-01   0.000000000000e+00  -1.731876842678e-02  -9.305317401886e-01   0.000000000000e+00   3.359761461616e-02  -6.720563769341e-01 
  0.000000000000e+00   3.359761461616e-02  -6.720563769341e-01   1.062494590878e-01   8.397612720728e-02  -3.494074940681e-01   2.148576378822e-01  -1.801938712597e-01  -2.632198631763e-01 
  5.703085660934e-01  -1.718394644558e-02  -6.225566267967e-01   6.238422989845e-01   0.000000000000e+00  -9.425747990608e-01   6.352521777153e-01   4.818450659513e-02  -1.404132962227e+00 
  4.192332327366e-01   4.362625256181e-02  -9.304698705673e-01   2.291438579559e-01   8.485037833452e-03  -8.725105524063e-01   2.291438579559e-01   8.485037833452e-03  -8.725105524063e-01 
  0.000000000000e+00   2.458231598139e-01  -2.738853394985e-01   0.000000000000e+00   2.458231598139e-01  -2.738853394985e-01   2.491876631975e-01  -9.722354263067e-02  -2.266522347927e-01 
  5.428245067596e-01  -7.519561052322e-02  -2.174927741289e-01   6.113744378090e-01   1.080556511879e-01  -7.836294174194e-01   6.748273968697e-01   1.683447211981e-01  -1.371988773346e+00 
  8.222483396530e-01   6.804160773754e-02  -1.395367145538e+00   4.080190062523e-01   4.301726445556e-02  -7.125852704048e-01   0.000000000000e+00   4.387564491481e-03  -1.000000014901e-01 
  0.000000000000e+00   4.387564491481e-03  -1.000000014901e-01   0.000000000000e+00  -4.167414084077e-02  -4.857388436794e-01   0.000000000000e+00  -4.167414084077e-02  -4.857388436794e-01 
  7.500780373812e-02  -1.446792930365e-01  -4.282936155796e-01   8.502278327942e-01  -4.154603183270e-01   1.357962260954e-03   6.002052426338e-01   9.932980686426e-02  -1.093839108944e-01 
  2.504423856735e-01   1.893323957920e-01  -7.348095178604e-01   7.121499776840e-01   5.785857141018e-02  -1.241485714912e+00   4.663652181625e-01   3.920422121882e-02  -9.464330077171e-01 
  1.928694397211e-01  -1.132414769381e-02  -1.620777100325e-01   1.928694397211e-01  -1.132414769381e-02  -1.620777100325e-01   0.000000000000e+00   7.026012986898e-02  -3.437885940075e-01 
  0.000000000000e+00   7.026012986898e-02  -3.437885940075e-01   1.039273589849e-01  -2.634591758251e-01  -5.961934924126e-01   3.480473458767e-01  -2.673795521259e-01  -1.315394937992e-01 
  1.845466494560e-01   1.676397770643e-01  -8.588033169508e-02   2.811763286591e-01   1.254692226648e-01  -7.586009055376e-02   1.383363157511e-01   4.330508038402e-02  -6.531887054443e-01 
  1.780671030283e-01   2.554985880852e-02  -8.667548298836e-01   2.859167754650e-01   8.514423668385e-02  -1.420510113239e-01   2.859167754650e-01   8.514423668385e-02  -1.420510113239e-01 
  0.000000000000e+00  -1.760543882847e-01  -3.959397971630e-01   0.000000000000e+00  -1.760543882847e-01  -3.959397971630e-01   2.015131264925e-01  -6.388687342405e-02  -6.319023370743e-01 
  2.084785848856e-01   1.320730596781e-01  -6.393442749977e-01   5.061841607094e-01   1.554237306118e-01   1.064903438091e-01   4.399295449257e-01   1.023129671812e-01   3.144297599792e-01 
  0.000000000000e+00   3.027539327741e-02  -7.316718101501e-01   3.725713193417e-01  -3.572576493025e-02  -7.924227118492e-01   5.512332916260e-01  -3.246629238129e-02  -3.807668983936e-01 
  5.512332916260e-01  -3.246629238129e-02  -3.807668983936e-01   0.000000000000e+00   1.499791890383e-01  -3.744347989559e-01   0.000000000000e+00   1.499791890383e-01  -3.744347989559e-01 
  2.239596247673e-01   9.222586452961e-02  -4.636299610138e-01   3.459986448288e-01  -1.307125855237e-02  -1.397479295731e+00   5.453704595566e-01   2.611712738872e-02  -1.236622810364e+00 
 -1.732897013426e-01   6.947178393602e-02  -6.945095658302e-01  -2.484513446689e-02   1.585524762049e-03  -6.793926358223e-01   7.695200443268e-01  -2.422757213935e-03  -6.647899746895e-01 
  8.493517637253e-01  -3.635387122631e-02  -8.823404908180e-01   8.493517637253e-01  -3.635387122631e-02  -8.823404908180e-01   0.000000000000e+00   0.000000000000e+00  -2.595888376236e-01 
  0.000000000000e+00   0.000000000000e+00  -2.595888376236e-01   2.472628355026e-01   0.000000000000e+00  -2.146615982056e-01   7.038966566324e-02   0.000000000000e+00  -4.457012414932e-01 
 -1.033923506737e+00   0.000000000000e+00  -9.899788498878e-01  -6.745032668114e-01   1.474908203818e-03  -8.919415473938e-01  -3.662038147449e-01  -1.720646978356e-04  -3.359466791153e-01 
  6.363771557808e-01  -7.400265894830e-04  -7.823574542999e-01   9.242265224457e-01   0.000000000000e+00  -1.130003809929e+00   9.242265224457e-01   0.000000000000e+00  -1.130003809929e+00 
  0.000000000000e+00   0.000000000000e+00  -2.595888376236e-01   0.000000000000e+00   0.000000000000e+00  -2.595888376236e-01   2.472628355026e-01   0.000000000000e+00  -2.146615982056e-01 
  7.038966566324e-02   0.000000000000e+00  -4.457012414932e-01  -1.033923506737e+00   0.000000000000e+00  -9.899788498878e-01  -6.745032668114e-01   1.474908203818e-03  -8.919415473938e-01 
 -3.662038147449e-01  -1.720646978356e-04  -3.359466791153e-01   6.363771557808e-01  -7.400265894830e-04  -7.823574542999e-01   9.242265224457e-01   0.000000000000e+00  -1.130003809929e+00 
  9.242265224457e-01   0.000000000000e+00  -1.130003809929e+00   0.000000000000e+00   1.208941638470e-01  -4.822776317596e-01   0.000000000000e+00   1.208941638470e-01  -4.822776317596e-01 
  1.030850186944e-01   8.776110410690e-02  -1.525009870529e-01  -1.739235222340e-01   9.381586313248e-02  -1.662588417530e-01   0.000000000000e+00  -1.693421900272e-01  -1.000000014901e-01 
  8.710941672325e-01  -1.584700942039e-01  -5.082053542137e-01   8.493499755859e-01   0.000000000000e+00  -5.190774202347e-01   0.000000000000e+00  -8.853864856064e-03  -1.000000014901e-01 
  0.000000000000e+00  -1.563956029713e-02  -1.000000014901e-01   0.000000000000e+00  -1.563956029713e-02  -1.000000014901e-01   0.000000000000e+00   1.208941638470e-01  -4.822776317596e-01 
  0.000000000000e+00   1.208941638470e-01  -4.822776317596e-01   1.030850186944e-01   8.776110410690e-02  -1.525009870529e-01  -1.739235222340e-01   9.381586313248e-02  -1.662588417530e-01 
  0.000000000000e+00  -1.693421900272e-01  -1.000000014901e-01   8.710941672325e-01  -1.584700942039e-01  -5.082053542137e-01   8.493499755859e-01   0.000000000000e+00  -5.190774202347e-01 
  0.000000000000e+00  -8.853864856064e-03  -1.000000014901e-01   0.000000000000e+00  -1.563956029713e-02  -1.000000014901e-01   0.000000000000e+00  -1.563956029713e-02  -1.000000014901e-01 
  0.000000000000e+00   1.889272332191e-01  -5.260766744614e-01   0.000000000000e+00   1.889272332191e-01  -5.260766744614e-01   1.325126178563e-02   1.695680916309e-01  -8.517792820930e-02 
 -2.561161518097e-01   1.467700898647e-01  -1.064748242497e-01  -5.763395503163e-02  -1.693421900272e-01  -3.184453248978e-01   0.000000000000e+00  -1.802142858505e-01  -1.000000014901e-01 
  1.232965365052e-01  -9.787508100271e-02  -9.434090852737e-01   3.185741007328e-01  -2.029939182103e-02  -8.749656677246e-01   2.081207334995e-01  -5.648215766996e-03  -7.771210670471e-01 
  2.081207334995e-01  -5.648215766996e-03  -7.771210670471e-01   0.000000000000e+00   3.516013324261e-01  -3.401853740215e-01   0.000000000000e+00   3.516013324261e-01  -3.401853740215e-01 
  8.497131988406e-03   1.364390850067e-01  -5.278653651476e-02   1.384103894234e-01   8.283216506243e-02  -3.625006228685e-02   4.808866977692e-01   5.816825479269e-02  -3.075146675110e-01 
  5.464279651642e-01   0.000000000000e+00  -1.000000014901e-01   4.131105244160e-01   6.325523555279e-02  -7.176768183708e-01   4.131105244160e-01   5.304556712508e-02  -7.125852704048e-01 
  0.000000000000e+00   2.554986625910e-02  -1.000000014901e-01   0.000000000000e+00   2.554986625910e-02  -1.000000014901e-01   0.000000000000e+00  -2.489360123873e-01  -2.473408877850e-01 
  0.000000000000e+00  -2.489360123873e-01  -2.473408877850e-01   8.016019314528e-02  -1.329481601715e-01  -1.035406365991e-01   7.284959554672e-01  -2.950503826141e-01   2.828578054905e-01 
  5.546095371246e-01   5.864883214235e-02   7.796709984541e-02   2.750374674797e-01   1.800376363099e-02  -4.800797998905e-01   6.599597334862e-01   6.295008957386e-02  -1.000000014901e-01 
  7.136101126671e-01   4.198248311877e-02  -3.715334534645e-01   3.924173116684e-01   3.278441354632e-02  -2.457412332296e-01   3.924173116684e-01   3.278441354632e-02  -2.457412332296e-01 
  0.000000000000e+00   1.404120028019e-01  -4.917210340500e-01   0.000000000000e+00   1.404120028019e-01  -4.917210340500e-01   4.522249475121e-02   2.256660759449e-01  -2.002774178982e-01 
  1.651044338942e-01  -1.455292701721e-01  -5.603006109595e-02   2.665821611881e-01   1.061255484819e-01   5.516792833805e-02   3.186057806015e-01   1.394177880138e-02   6.917911022902e-02 
  4.082790613174e-01   0.000000000000e+00  -1.922193914652e-01   4.056092798710e-01   1.301885861903e-02  -5.246115922928e-01   1.879210621119e-01   1.267503295094e-02  -2.805977463722e-01 
  1.879210621119e-01   1.267503295094e-02  -2.805977463722e-01   0.000000000000e+00   2.048971056938e-01  -3.077696263790e-01   0.000000000000e+00   2.048971056938e-01  -3.077696263790e-01 
  8.681488782167e-02   9.852551221848e-01  -2.888902723789e-01   8.562035113573e-02   5.837331414223e-01  -7.855910062790e-02   4.805164635181e-01   1.310170888901e-01   2.711465060711e-01 
  4.270198047161e-01   9.285598248243e-02   3.041549026966e-01   1.845307201147e-01   1.466277241707e-02  -2.315384745598e-01   1.313072443008e-01   8.781712502241e-03  -5.053691267967e-01 
 -5.742513015866e-02   2.375252544880e-03  -4.606887400150e-01  -5.742513015866e-02   2.375252544880e-03  -4.606887400150e-01   0.000000000000e+00  -1.625848710537e-01  -3.776589035988e-01 
  0.000000000000e+00  -1.625848710537e-01  -3.776589035988e-01   1.948285251856e-01  -5.340227484703e-02  -1.579585522413e-01   2.681295871735e-01  -6.006829440594e-03  -1.002314686775e+00 
  4.045196473598e-01   0.000000000000e+00  -7.897599339485e-01   1.832295656204e-01   3.299073874950e-02  -7.054932713509e-01   7.234800606966e-02   4.312287643552e-02  -4.619740843773e-01 
  0.000000000000e+00   3.950941842049e-03  -1.000000014901e-01   0.000000000000e+00   1.726846239762e-04  -5.686221718788e-01   0.000000000000e+00   1.726846239762e-04  -5.686221718788e-01 
  0.000000000000e+00   0.000000000000e+00  -2.982036769390e-01   0.000000000000e+00   0.000000000000e+00  -2.982036769390e-01   7.858665287495e-02   0.000000000000e+00  -4.483811259270e-01 
 -4.417899996042e-02   0.000000000000e+00  -1.062204957008e+00   3.743138611317e-01   0.000000000000e+00  -1.463850587606e-01   2.740656733513e-01   3.463546163402e-04  -3.967529833317e-01 
  0.000000000000e+00   1.565729035065e-04  -1.000000014901e-01   3.878259062767e-01   1.654548832448e-04  -4.837488830090e-01   0.000000000000e+00   0.000000000000e+00  -1.000000014901e-01 
  0.000000000000e+00   0.000000000000e+00  -1.000000014901e-01   0.000000000000e+00   0.000000000000e+00  -2.982036769390e-01   0.000000000000e+00   0.000000000000e+00  -2.982036769390e-01 
  7.858665287495e-02   0.000000000000e+00  -4.483811259270e-01  -4.417899996042e-02   0.000000000000e+00  -1.062204957008e+00   3.743138611317e-01   0.000000000000e+00  -1.463850587606e-01 
  2.740656733513e-01   3.463546163402e-04  -3.967529833317e-01   0.000000000000e+00   1.565729035065e-04  -1.000000014901e-01   3.878259062767e-01   1.654548832448e-04  -4.837488830090e-01 
  0.000000000000e+00   0.000000000000e+00  -1.000000014901e-01   0.000000000000e+00   0.000000000000e+00  -1.000000014901e-01   0.000000000000e+00   4.872568324208e-02  -5.002830624580e-01 
  0.000000000000e+00   4.872568324208e-02  -5.002830624580e-01  -6.482059508562e-02  -2.998464182019e-02  -5.517697930336e-01  -1.102838963270e-01  -3.414675220847e-02  -7.677952051163e-01 
  0.000000000000e+00  -1.693421900272e-01  -1.000000014901e-01   8.602221012115e-01  -1.693421900272e-01  -5.299495458603e-01   8.602221012115e-01  -9.646697342396e-02  -5.190774202347e-01 
  0.000000000000e+00  -5.986208841205e-02  -1.000000014901e-01   0.000000000000e+00  -3.985451534390e-02  -1.000000014901e-01   0.000000000000e+00  -3.985451534390e-02  -1.000000014901e-01 
  0.000000000000e+00   4.872568324208e-02  -5.002830624580e-01   0.000000000000e+00   4.872568324208e-02  -5.002830624580e-01  -6.482059508562e-02  -2.998464182019e-02  -5.517697930336e-01 
 -1.102838963270e-01  -3.414675220847e-02  -7.677952051163e-01   0.000000000000e+00  -1.693421900272e-01  -1.000000014901e-01   8.602221012115e-01  -1.693421900272e-01  -5.299495458603e-01 
  8.602221012115e-01  -9.646697342396e-02  -5.190774202347e-01   0.000000000000e+00  -5.986208841205e-02  -1.000000014901e-01   0.000000000000e+00  -3.985451534390e-02  -1.000000014901e-01 
  0.000000000000e+00  -3.985451534390e-02  -1.000000014901e-01   0.000000000000e+00   5.698619410396e-02  -4.102315306664e-01   0.000000000000e+00   5.698619410396e-02  -4.102315306664e-01 
  2.229737304151e-02  -8.945543318987e-02   7.138626277447e-02  -8.952052146196e-02  -4.320755228400e-02  -8.602859824896e-02  -5.742311850190e-02  -1.693421900272e-01  -2.112804800272e-01 
  2.027240395546e-01  -1.693421900272e-01  -1.000000014901e-01   4.185743331909e-01  -1.251198947430e-01  -1.172396659851e+00   5.452590584755e-01  -7.716313749552e-02  -1.378940939903e+00 
  4.074957072735e-01  -4.247632995248e-02  -1.157340884209e+00   4.074957072735e-01  -4.247632995248e-02  -1.157340884209e+00   0.000000000000e+00   3.991568982601e-01  -2.087443321943e-01 
  0.000000000000e+00   3.991568982601e-01  -2.087443321943e-01   3.872944042087e-02   2.176264226437e-01  -9.228716790676e-02   3.735303133726e-02   1.275865137577e-01  -7.402461767197e-02 
  1.895261369646e-02  -1.174660213292e-02  -4.407272636890e-01   2.496793270111e-01  -1.687261462212e-02  -1.106620907784e+00   6.663575172424e-01   0.000000000000e+00  -1.841331839561e+00 
  7.182638645172e-01   5.500124767423e-03  -1.840507268906e+00   3.934748768806e-01   7.273448631167e-03  -1.297305941582e+00   3.934748768806e-01   7.273448631167e-03  -1.297305941582e+00 
  0.000000000000e+00  -5.455099418759e-02  -2.735375463963e-01   0.000000000000e+00  -5.455099418759e-02  -2.735375463963e-01   2.571847476065e-02  -4.540453106165e-02  -2.609228193760e-01 
  2.721340954304e-01  -1.497769355774e-01  -1.000000014901e-01   0.000000000000e+00   3.955090418458e-02  -1.000000014901e-01   3.587052458897e-03  -3.267969936132e-02  -1.000000014901e-01 
  6.389852762222e-01  -1.234789192677e-01  -1.879750967026e+00   7.613462805748e-01   0.000000000000e+00  -1.841331839561e+00   0.000000000000e+00   0.000000000000e+00  -1.000000014901e-01 
  0.000000000000e+00   0.000000000000e+00  -1.000000014901e-01   0.000000000000e+00   2.729876339436e-01  -1.908285617828e-01   0.000000000000e+00   2.729876339436e-01  -1.908285617828e-01 
  1.812815852463e-02   2.779587805271e-01  -1.965647935867e-01   7.273374497890e-02   8.607524633408e-02  -1.577608585358e-01   1.828733831644e-01   5.350403115153e-02   5.038578063250e-02 
  1.559841930866e-01   1.972564496100e-02  -3.342015445232e-01   4.183650910854e-01  -4.664063081145e-02  -1.000000014901e-01   0.000000000000e+00   0.000000000000e+00  -1.088764548302e+00 
  0.000000000000e+00   0.000000000000e+00  -6.370131373405e-01   0.000000000000e+00   0.000000000000e+00  -6.370131373405e-01   0.000000000000e+00   2.901896238327e-01  -4.501400887966e-01 
  0.000000000000e+00   2.901896238327e-01  -4.501400887966e-01   3.696407377720e-02   4.851649105549e-01  -2.042510211468e-01   1.010676175356e-01   4.218358099461e-01  -2.295753657818e-01 
  3.609764575958e-01   8.376365900040e-02   1.083483248949e-01   3.830110132694e-01   1.042028144002e-02   1.988429874182e-01   3.431790471077e-01   0.000000000000e+00  -1.147614866495e-01 
  1.945950686932e-01   0.000000000000e+00  -1.344178766012e-01  -1.705407202244e-01   0.000000000000e+00  -1.000000014901e-01  -1.705407202244e-01   0.000000000000e+00  -1.000000014901e-01 
  0.000000000000e+00   3.807358816266e-02  -5.032009482384e-01   0.000000000000e+00   3.807358816266e-02  -5.032009482384e-01   1.304225474596e-01  -7.664344739169e-03  -4.483339935541e-02 
  3.344062566757e-01  -1.109725423157e-02  -9.379357099533e-02   3.880529105663e-01  -2.640042221174e-03  -1.268630623817e-01   2.986103594303e-01   1.484285946935e-02  -2.478204481304e-02 
  1.440587937832e-01   0.000000000000e+00  -2.195610404015e-01   0.000000000000e+00   0.000000000000e+00  -1.000000014901e-01   0.000000000000e+00   0.000000000000e+00  -1.000000014901e-01 
  0.000000000000e+00   0.000000000000e+00  -1.000000014901e-01   0.000000000000e+00   0.000000000000e+00  -4.087905883789e-01   0.000000000000e+00   0.000000000000e+00  -4.087905883789e-01 
  1.530881673098e-01   0.000000000000e+00  -3.950670361519e-01   4.937549829483e-01   0.000000000000e+00  -1.274082362652e-01   4.072146117687e-01   0.000000000000e+00   5.046059489250e-01 
  3.187165260315e-01   1.456800237065e-04   9.790957570076e-01   0.000000000000e+00   0.000000000000e+00  -1.000000014901e-01   0.000000000000e+00   0.000000000000e+00  -1.000000014901e-01 
  0.000000000000e+00   0.000000000000e+00  -1.000000014901e-01   0.000000000000e+00   0.000000000000e+00  -1.000000014901e-01   0.000000000000e+00   0.000000000000e+00  -4.087905883789e-01 
  0.000000000000e+00   0.000000000000e+00  -4.087905883789e-01   1.530881673098e-01   0.000000000000e+00  -3.950670361519e-01   4.937549829483e-01   0.000000000000e+00  -1.274082362652e-01 
  4.072146117687e-01   0.000000000000e+00   5.046059489250e-01   3.187165260315e-01   1.456800237065e-04   9.790957570076e-01   0.000000000000e+00   0.000000000000e+00  -1.000000014901e-01 
  0.000000000000e+00   0.000000000000e+00  -1.000000014901e-01   0.000000000000e+00   0.000000000000e+00  -1.000000014901e-01   0.000000000000e+00   0.000000000000e+00  -1.000000014901e-01 
  0.000000000000e+00  -1.721124947071e-01  -4.906616210938e-01   0.000000000000e+00  -1.721124947071e-01  -4.906616210938e-01   3.781010955572e-02  -1.038165017962e-01  -8.806226253510e-01 
 -1.228195279837e-01  -7.966679334641e-02  -2.207696914673e+00   0.000000000000e+00  -1.040609702468e-01  -1.000000014901e-01   0.000000000000e+00   0.000000000000e+00  -1.000000014901e-01 
  0.000000000000e+00  -5.604106467217e-03  -1.000000014901e-01   0.000000000000e+00  -5.870801396668e-03  -1.000000014901e-01   0.000000000000e+00  -5.771470256150e-03  -1.000000014901e-01 
  0.000000000000e+00  -5.771470256150e-03  -1.000000014901e-01   0.000000000000e+00  -1.721124947071e-01  -4.906616210938e-01   0.000000000000e+00  -1.721124947071e-01  -4.906616210938e-01 
  3.781010955572e-02  -1.038165017962e-01  -8.806226253510e-01  -1.228195279837e-01  -7.966679334641e-02  -2.207696914673e+00   0.000000000000e+00  -1.040609702468e-01  -1.000000014901e-01 
  0.000000000000e+00   0.000000000000e+00  -1.000000014901e-01   0.000000000000e+00  -5.604106467217e-03  -1.000000014901e-01   0.000000000000e+00  -5.870801396668e-03  -1.000000014901e-01 
  0.000000000000e+00  -5.771470256150e-03  -1.000000014901e-01   0.000000000000e+00  -5.771470256150e-03  -1.000000014901e-01   0.000000000000e+00  -1.071848720312e-01  -3.548426032066e-01 
  0.000000000000e+00  -1.071848720312e-01  -3.548426032066e-01  -2.659515477717e-02  -1.007226184011e-01  -3.968676030636e-01  -5.729277804494e-02  -8.023249357939e-02  -6.930873990059e-01 
 -4.432174190879e-02  -9.135062247515e-02  -1.919712722301e-01   9.106034785509e-02   0.000000000000e+00  -1.000000014901e-01   1.846697032452e-01  -1.208236441016e-03  -1.274919390678e+00 
  2.736335396767e-01  -1.456891768612e-03  -1.517577052116e+00   2.190645486116e-01  -1.546017709188e-03  -1.441002845764e+00   2.190645486116e-01  -1.546017709188e-03  -1.441002845764e+00 
  0.000000000000e+00  -1.994559764862e-01  -2.479531764984e-01   0.000000000000e+00  -1.994559764862e-01  -2.479531764984e-01  -4.880284890532e-02  -1.203948259354e-01  -2.591907978058e-01 
 -3.812700137496e-02  -5.972113460302e-02  -2.206551730633e-01   0.000000000000e+00   0.000000000000e+00  -2.880639731884e-01   0.000000000000e+00   0.000000000000e+00  -5.427185297012e-01 
  2.388528734446e-01  -1.650115288794e-02  -1.656431794167e+00   5.397036075592e-01  -9.675902314484e-03  -1.769078254700e+00   3.311277329922e-01  -4.391090013087e-03  -1.527191996574e+00 
  3.311277329922e-01  -4.391090013087e-03  -1.527191996574e+00   0.000000000000e+00   1.233206167817e-01  -5.419789552689e-01   0.000000000000e+00   1.233206167817e-01  -5.419789552689e-01 
 -2.902729809284e-02   1.131030917168e-01  -5.304108858109e-01   8.083956316113e-03   5.133933573961e-02  -1.000000014901e-01   0.000000000000e+00   1.357554197311e-01  -1.000000014901e-01 
 -1.773112267256e-02  -9.587509557605e-03  -7.761811614037e-01   3.648092746735e-01  -3.267970308661e-02  -1.558926820755e+00   7.229270935059e-01  -1.207643561065e-02  -1.841331839561e+00 
  0.000000000000e+00  -5.083740223199e-03  -1.322517752647e+00   0.000000000000e+00  -5.083740223199e-03  -1.322517752647e+00   0.000000000000e+00   2.759313881397e-01  -3.031437098980e-01 
  0.000000000000e+00   2.759313881397e-01  -3.031437098980e-01   2.673533558846e-02   2.759084403515e-01  -2.909281551838e-01   3.434372320771e-02   1.217839494348e-01  -2.586211562157e-01 
  0.000000000000e+00   1.357554197311e-01  -4.421717524529e-01   3.587052458897e-03   1.537470221519e-01  -7.688207030296e-01   2.400913685560e-01   1.972563751042e-02  -1.055208325386e+00 
  3.614520430565e-01   4.236424341798e-03  -1.351503729820e+00  -3.285262584686e-01   1.991120399907e-03  -5.930535793304e-01  -3.285262584686e-01   1.991120399907e-03  -5.930535793304e-01 
  0.000000000000e+00   2.079606652260e-01  -2.721127867699e-01   0.000000000000e+00   2.079606652260e-01  -2.721127867699e-01   2.384059503675e-02   2.444552034140e-01  -2.560775876045e-01 
  5.812539532781e-02   2.078104615211e-01  -2.263868451118e-01   1.831464171410e-01   7.529854774475e-02  -5.727155879140e-02   1.115566715598e-01   0.000000000000e+00  -6.642718911171e-01 
  2.169960886240e-01   1.034510601312e-02  -7.930580377579e-01   0.000000000000e+00   0.000000000000e+00  -3.366794586182e-01  -3.442649841309e-01   0.000000000000e+00  -5.733588933945e-01 
 -3.442649841309e-01   0.000000000000e+00  -5.733588933945e-01   0.000000000000e+00   1.075747907162e-01  -4.544177353382e-01   0.000000000000e+00   1.075747907162e-01  -4.544177353382e-01 
  7.069665193558e-02   8.322189748287e-02  -3.576362133026e-01   2.876292765141e-01   4.467641562223e-02  -1.609783768654e-01   4.265474975109e-01   2.378925494850e-02  -1.117036566138e-01 
  1.970960646868e-01   3.176568774506e-03  -6.267179548740e-02   5.768394097686e-02   0.000000000000e+00  -1.493565589190e-01   0.000000000000e+00   0.000000000000e+00  -1.000000014901e-01 
 -3.771541416645e-01  -3.749398142099e-02  -6.062480807304e-01  -3.771541416645e-01  -3.749398142099e-02  -6.062480807304e-01   0.000000000000e+00   0.000000000000e+00  -3.480082750320e-01 
  0.000000000000e+00   0.000000000000e+00  -3.480082750320e-01   3.003517724574e-02   0.000000000000e+00  -2.301692962646e-01   0.000000000000e+00   0.000000000000e+00  -1.034500747919e-01 
  0.000000000000e+00   0.000000000000e+00  -5.555728822947e-02   0.000000000000e+00   0.000000000000e+00  -1.000000014901e-01   7.463697809726e-03   0.000000000000e+00  -1.145353913307e-01 
  0.000000000000e+00   0.000000000000e+00  -1.000000014901e-01   0.000000000000e+00   0.000000000000e+00  -1.000000014901e-01   0.000000000000e+00   0.000000000000e+00  -1.000000014901e-01 
  0.000000000000e+00   0.000000000000e+00  -3.480082750320e-01   0.000000000000e+00   0.000000000000e+00  -3.480082750320e-01   3.003517724574e-02   0.000000000000e+00  -2.301692962646e-01 
  0.000000000000e+00   0.000000000000e+00  -1.034500747919e-01   0.000000000000e+00   0.000000000000e+00  -5.555728822947e-02   0.000000000000e+00   0.000000000000e+00  -1.000000014901e-01 
  7.463697809726e-03   0.000000000000e+00  -1.145353913307e-01   0.000000000000e+00   0.000000000000e+00  -1.000000014901e-01   0.000000000000e+00   0.000000000000e+00  -1.000000014901e-01 
  0.000000000000e+00   0.000000000000e+00  -1.000000014901e-01   0.000000000000e+00  -6.500939279795e-02  -6.894381046295e-01   0.000000000000e+00  -6.500939279795e-02  -6.894381046295e-01 
  1.332125216722e-01  -2.359429001808e-02  -3.645484149456e-01   0.000000000000e+00  -2.035767398775e-02  -1.000000014901e-01   0.000000000000e+00  -1.025508064777e-02  -1.000000014901e-01 
  0.000000000000e+00  -1.581301726401e-02  -1.000000014901e-01   0.000000000000e+00   0.000000000000e+00  -1.000000014901e-01   0.000000000000e+00   0.000000000000e+00  -1.000000014901e-01 
  0.000000000000e+00   0.000000000000e+00  -1.000000014901e-01   0.000000000000e+00   0.000000000000e+00  -1.000000014901e-01   0.000000000000e+00  -6.500939279795e-02  -6.894381046295e-01 
  0.000000000000e+00  -6.500939279795e-02  -6.894381046295e-01   1.332125216722e-01  -2.359429001808e-02  -3.645484149456e-01   0.000000000000e+00  -2.035767398775e-02  -1.000000014901e-01 
  0.000000000000e+00  -1.025508064777e-02  -1.000000014901e-01   0.000000000000e+00  -1.581301726401e-02  -1.000000014901e-01   0.000000000000e+00   0.000000000000e+00  -1.000000014901e-01 
  0.000000000000e+00   0.000000000000e+00  -1.000000014901e-01   0.000000000000e+00   0.000000000000e+00  -1.000000014901e-01   0.000000000000e+00   0.000000000000e+00  -1.000000014901e-01 
  0.000000000000e+00   1.044895574450e-01  -1.606961637735e-01   0.000000000000e+00   1.044895574450e-01  -1.606961637735e-01  -2.066354081035e-02   7.178913801908e-02  -1.981076449156e-01 
 -2.377940341830e-02   3.516767546535e-02  -2.548695206642e-01  -1.979790814221e-02  -1.003400329500e-02  -1.469482630491e-01   1.391195133328e-02  -1.581395044923e-02  -1.000000014901e-01 
  6.528010591865e-03   0.000000000000e+00  -1.000000014901e-01   2.023843117058e-03   0.000000000000e+00  -2.577468454838e-01   8.332607685588e-04   0.000000000000e+00  -2.873352468014e-01 
  8.332607685588e-04   0.000000000000e+00  -2.873352468014e-01   0.000000000000e+00  -1.785014271736e-01   4.076413512230e-01   0.000000000000e+00  -1.785014271736e-01   4.076413512230e-01 
  6.915969401598e-02  -1.752194017172e-01   3.798104822636e-01   6.527010351419e-02  -1.596548110247e-01   3.015257716179e-01   2.105275169015e-02   2.244137041271e-02  -1.583183556795e-01 
  3.122416324914e-02   0.000000000000e+00  -1.000000014901e-01   1.006899625063e-01   0.000000000000e+00  -9.310063123703e-01   4.623719677329e-02   0.000000000000e+00  -9.632800221443e-01 
  2.311051636934e-02   0.000000000000e+00  -1.002544522285e+00   2.311051636934e-02   0.000000000000e+00  -1.002544522285e+00   0.000000000000e+00   2.612110376358e-01  -9.926594793797e-02 
  0.000000000000e+00   2.612110376358e-01  -9.926594793797e-02  -5.144999921322e-02   2.606259882450e-01  -9.967496246099e-02  -5.017390102148e-02   5.155561864376e-02  -1.050448268652e-01 
  0.000000000000e+00   6.787770986557e-02  -1.000000014901e-01   0.000000000000e+00   0.000000000000e+00  -7.335448265076e-01   0.000000000000e+00  -1.207643561065e-02  -7.548629641533e-01 
  0.000000000000e+00  -8.549873717129e-03  -1.000000014901e-01   0.000000000000e+00  -4.761921707541e-03  -5.020999312401e-01   0.000000000000e+00  -4.761921707541e-03  -5.020999312401e-01 
  0.000000000000e+00   3.069292604923e-01  -3.143594264984e-01   0.000000000000e+00   3.069292604923e-01  -3.143594264984e-01  -3.813536837697e-02   3.068720400333e-01  -3.142582178116e-01 
 -3.344403952360e-02   2.958618998528e-01  -3.028174340725e-01  -1.581946946681e-02   6.787770986557e-02  -4.320018887520e-01   3.272462263703e-02   0.000000000000e+00  -7.548629641533e-01 
  1.015384197235e-01   4.236424341798e-03  -8.678246736526e-01   1.636012345552e-01   7.548789726570e-04  -8.059654235840e-01  -3.339634835720e-01   1.065507414751e-03  -1.000000014901e-01 
 -3.339634835720e-01   1.065507414751e-03  -1.000000014901e-01   0.000000000000e+00   2.699683606625e-01  -3.151388764381e-01   0.000000000000e+00   2.699683606625e-01  -3.151388764381e-01 
  1.690432615578e-02   2.695013582706e-01  -3.131911158562e-01   0.000000000000e+00   0.000000000000e+00  -2.453148514032e-01   0.000000000000e+00   4.858584702015e-02  -1.537075489759e-01 
  4.292738065124e-02   0.000000000000e+00  -1.000000014901e-01   1.441907286644e-01   5.631212145090e-03  -4.772228896618e-01  -1.179807931185e-01  -7.405749638565e-04  -3.366794586182e-01 
 -3.410814404488e-01   0.000000000000e+00  -5.733588933945e-01  -3.410814404488e-01   0.000000000000e+00  -5.733588933945e-01   0.000000000000e+00   2.723018229008e-01  -2.406089156866e-01 
  0.000000000000e+00   2.723018229008e-01  -2.406089156866e-01   4.511011019349e-02   2.661674320698e-01  -2.444682866335e-01   1.084269285202e+00   0.000000000000e+00  -1.762841492891e-01 
  1.084269285202e+00   0.000000000000e+00  -1.768129318953e-01   0.000000000000e+00   1.966808456928e-03  -1.019608974457e-01   4.070267081261e-02  -1.297004404478e-03  -1.000000014901e-01 
  0.000000000000e+00  -2.302415203303e-03  -1.000000014901e-01  -3.442649841309e-01  -4.604830406606e-03  -5.404697656631e-01  -3.442649841309e-01  -4.604830406606e-03  -5.404697656631e-01 
  0.000000000000e+00   0.000000000000e+00  -3.586686551571e-01   0.000000000000e+00   0.000000000000e+00  -3.586686551571e-01   2.623555622995e-02   0.000000000000e+00  -1.415203511715e-01 
  1.122454285622e+00   0.000000000000e+00  -1.353690624237e-01   1.046084165573e+00   0.000000000000e+00  -1.735541075468e-01   0.000000000000e+00   0.000000000000e+00  -1.000000014901e-01 
  0.000000000000e+00  -1.395485363901e-03  -1.033057048917e-01  -6.725072115660e-02  -2.302414970472e-03  -1.000000014901e-01  -1.705407202244e-01  -4.604830406606e-03  -1.000000014901e-01 
 -1.705407202244e-01  -4.604830406606e-03  -1.000000014901e-01   0.000000000000e+00   0.000000000000e+00  -3.586686551571e-01   0.000000000000e+00   0.000000000000e+00  -3.586686551571e-01 
  2.623555622995e-02   0.000000000000e+00  -1.415203511715e-01   1.122454285622e+00   0.000000000000e+00  -1.353690624237e-01   1.046084165573e+00   0.000000000000e+00  -1.735541075468e-01 
  0.000000000000e+00   0.000000000000e+00  -1.000000014901e-01   0.000000000000e+00  -1.395485363901e-03  -1.033057048917e-01  -6.725072115660e-02  -2.302414970472e-03  -1.000000014901e-01 
 -1.705407202244e-01  -4.604830406606e-03  -1.000000014901e-01  -1.705407202244e-01  -4.604830406606e-03  -1.000000014901e-01   0.000000000000e+00   9.621455520391e-02   1.577261090279e-01 
  0.000000000000e+00   9.621455520391e-02   1.577261090279e-01   1.156134083867e-01   4.688035324216e-02  -2.087480155751e-03   0.000000000000e+00   4.051282256842e-02  -1.000000014901e-01 
  0.000000000000e+00   0.000000000000e+00  -1.000000014901e-01   0.000000000000e+00  -3.162873908877e-02  -1.000000014901e-01   3.538300395012e-01  -3.476623073220e-02  -5.069136023521e-01 
  3.601050376892e-01   0.000000000000e+00  -5.037761330605e-01   0.000000000000e+00   0.000000000000e+00  -1.000000014901e-01   0.000000000000e+00   0.000000000000e+00  -1.000000014901e-01 
  0.000000000000e+00   9.621455520391e-02   1.577261090279e-01   0.000000000000e+00   9.621455520391e-02   1.577261090279e-01   1.156134083867e-01   4.688035324216e-02  -2.087480155751e-03 
  0.000000000000e+00   4.051282256842e-02  -1.000000014901e-01   0.000000000000e+00   0.000000000000e+00  -1.000000014901e-01   0.000000000000e+00  -3.162873908877e-02  -1.000000014901e-01 
  3.538300395012e-01  -3.476623073220e-02  -5.069136023521e-01   3.601050376892e-01   0.000000000000e+00  -5.037761330605e-01   0.000000000000e+00   0.000000000000e+00  -1.000000014901e-01 
  0.000000000000e+00   0.000000000000e+00  -1.000000014901e-01   0.000000000000e+00  -3.746433183551e-03   4.551815986633e-02   0.000000000000e+00  -3.746433183551e-03   4.551815986633e-02 
  4.886859096587e-03   2.284568175673e-02  -5.486973747611e-02   5.441015586257e-03   2.868998236954e-02  -1.092580705881e-01   3.024270758033e-03   0.000000000000e+00  -9.796398133039e-02 
  0.000000000000e+00  -3.162873908877e-02  -9.907526522875e-02   0.000000000000e+00  -2.849124558270e-02  -1.000000014901e-01   0.000000000000e+00   0.000000000000e+00  -2.990963757038e-01 
  0.000000000000e+00   0.000000000000e+00  -2.155171632767e-01   0.000000000000e+00   0.000000000000e+00  -2.155171632767e-01   0.000000000000e+00   1.197479851544e-02  -1.312699764967e-01 
  0.000000000000e+00   1.197479851544e-02  -1.312699764967e-01   3.682690486312e-02   4.753437265754e-02  -1.475106626749e-01   3.684556856751e-02   6.330455094576e-02  -1.000000014901e-01 
  2.935813553631e-02  -7.141627836972e-03  -1.210192292929e-01   1.958055794239e-02  -1.685895957053e-02  -1.000000014901e-01   1.794373989105e-02   0.000000000000e+00   1.662005437538e-03 
  0.000000000000e+00   0.000000000000e+00   3.297637775540e-02   0.000000000000e+00   0.000000000000e+00   3.891040384769e-02   0.000000000000e+00   0.000000000000e+00   3.891040384769e-02 
  0.000000000000e+00   2.273507267237e-01  -5.615342259407e-01   0.000000000000e+00   2.273507267237e-01  -5.615342259407e-01  -1.555935293436e-01   2.273513227701e-01  -5.615330338478e-01 
 -1.552276015282e-01   2.271372526884e-01  -5.543448328972e-01   0.000000000000e+00   3.983272984624e-02  -1.000000014901e-01   0.000000000000e+00   0.000000000000e+00  -1.000000014901e-01 
  1.310758962063e-04  -5.644578486681e-03  -1.000000014901e-01   4.311234806664e-05  -4.304660018533e-03  -1.000000014901e-01   1.640708069317e-05  -3.145899623632e-03  -2.530254423618e-01 
  1.640708069317e-05  -3.145899623632e-03  -2.530254423618e-01   0.000000000000e+00   3.043640851974e-01  -2.017247527838e-01   0.000000000000e+00   3.043640851974e-01  -2.017247527838e-01 
  9.805113077164e-03   3.043640851974e-01  -2.016699165106e-01   1.405544485897e-02   3.042972981930e-01  -1.898387372494e-01   2.808219939470e-02   4.206559807062e-02  -2.274399548769e-01 
  2.700245380402e-02   0.000000000000e+00  -1.000000014901e-01   5.373623594642e-02   2.606788766570e-04  -4.418728947639e-01   8.374900370836e-02  -8.148133056238e-04  -4.979314804077e-01 
 -2.737300395966e-01   4.195487999823e-04  -1.000000014901e-01  -2.737300395966e-01   4.195487999823e-04  -1.000000014901e-01   0.000000000000e+00   3.805460333824e-01  -1.177535275929e-03 
  0.000000000000e+00   3.805460333824e-01  -1.177535275929e-03   7.238732278347e-02   3.805144727230e-01  -1.352695166133e-03   1.388064920902e-01   3.227026462555e-01  -1.009026244283e-01 
  3.256481885910e-01   2.186633199453e-01  -1.503950357437e-01   2.358286976814e-01   1.381438504905e-02  -1.175651401281e-01   1.645925343037e-01   5.429638084024e-03  -3.156064152718e-01 
 -1.162803173065e-01  -7.602553814650e-04  -1.974461376667e-01  -2.031131982803e-01   0.000000000000e+00  -1.000000014901e-01  -2.031131982803e-01   0.000000000000e+00  -1.000000014901e-01 
  0.000000000000e+00   2.263987660408e-01  -2.007032930851e-01   0.000000000000e+00   2.263987660408e-01  -2.007032930851e-01   2.834310233593e-01   2.264210879803e-01  -2.007278501987e-01 
  5.836449861526e-01   1.152807772160e-01  -1.974559873343e-01   8.972982764244e-01   5.209036171436e-02  -1.834196001291e-01   3.913909792900e-01   2.477893605828e-02  -1.385121047497e-01 
  1.229403913021e-01  -1.349826576188e-03  -1.000000014901e-01   0.000000000000e+00  -1.396520878188e-03  -1.000000014901e-01   0.000000000000e+00   0.000000000000e+00  -1.000000014901e-01 
  0.000000000000e+00   0.000000000000e+00  -1.000000014901e-01   0.000000000000e+00   0.000000000000e+00  -3.762399777770e-02   0.000000000000e+00   0.000000000000e+00  -3.762399777770e-02 
  9.405956417322e-02   6.663376837969e-02  -1.871332973242e-01   1.084269285202e+00   4.388874862343e-03  -2.117391675711e-01   1.084269285202e+00   2.233377192169e-03  -1.735541075468e-01 
  0.000000000000e+00   1.321121817455e-03  -1.000000014901e-01   0.000000000000e+00  -1.390959951095e-03  -1.013756617904e-01  -6.106898561120e-02  -1.396520761773e-03  -1.000000014901e-01 
 -1.015565991402e-01   0.000000000000e+00  -1.000000014901e-01  -1.015565991402e-01   0.000000000000e+00  -1.000000014901e-01   0.000000000000e+00   0.000000000000e+00  -3.762399777770e-02 
  0.000000000000e+00   0.000000000000e+00  -3.762399777770e-02   9.405956417322e-02   6.663376837969e-02  -1.871332973242e-01   1.084269285202e+00   4.388874862343e-03  -2.117391675711e-01 
  1.084269285202e+00   2.233377192169e-03  -1.735541075468e-01   0.000000000000e+00   1.321121817455e-03  -1.000000014901e-01   0.000000000000e+00  -1.390959951095e-03  -1.013756617904e-01 
 -6.106898561120e-02  -1.396520761773e-03  -1.000000014901e-01  -1.015565991402e-01   0.000000000000e+00  -1.000000014901e-01  -1.015565991402e-01   0.000000000000e+00  -1.000000014901e-01 
  0.000000000000e+00   9.621455520391e-02   1.577261090279e-01   0.000000000000e+00   9.621455520391e-02   1.577261090279e-01   1.156134083867e-01   4.688035324216e-02  -2.087480155751e-03 
  0.000000000000e+00   4.051282256842e-02  -1.000000014901e-01   0.000000000000e+00   0.000000000000e+00  -1.000000014901e-01   0.000000000000e+00  -3.162873908877e-02  -1.000000014901e-01 
  3.538300395012e-01  -3.476623073220e-02  -5.069136023521e-01   3.601050376892e-01   0.000000000000e+00  -5.037761330605e-01   0.000000000000e+00   0.000000000000e+00  -1.000000014901e-01 
  0.000000000000e+00   0.000000000000e+00  -1.000000014901e-01   0.000000000000e+00   9.621455520391e-02   1.577261090279e-01   0.000000000000e+00   9.621455520391e-02   1.577261090279e-01 
  1.156134083867e-01   4.688035324216e-02  -2.087480155751e-03   0.000000000000e+00   4.051282256842e-02  -1.000000014901e-01   0.000000000000e+00   0.000000000000e+00  -1.000000014901e-01 
  0.000000000000e+00  -3.162873908877e-02  -1.000000014901e-01   3.538300395012e-01  -3.476623073220e-02  -5.069136023521e-01   3.601050376892e-01   0.000000000000e+00  -5.037761330605e-01 
  0.000000000000e+00   0.000000000000e+00  -1.000000014901e-01   0.000000000000e+00   0.000000000000e+00  -1.000000014901e-01   0.000000000000e+00  -3.746433183551e-03   4.551815986633e-02 
  0.000000000000e+00  -3.746433183551e-03   4.551815986633e-02   4.886859096587e-03   2.284568175673e-02  -5.486973747611e-02   5.441015586257e-03   2.868998236954e-02  -1.092580705881e-01 
  3.024270758033e-03   0.000000000000e+00  -9.796398133039e-02   0.000000000000e+00  -3.162873908877e-02  -9.907526522875e-02   0.000000000000e+00  -2.849124558270e-02  -1.000000014901e-01 
  0.000000000000e+00   0.000000000000e+00  -2.990963757038e-01   0.000000000000e+00   0.000000000000e+00  -2.155171632767e-01   0.000000000000e+00   0.000000000000e+00  -2.155171632767e-01 
  0.000000000000e+00   1.197479851544e-02  -1.312699764967e-01   0.000000000000e+00   1.197479851544e-02  -1.312699764967e-01   3.682690486312e-02   4.753437265754e-02  -1.475106626749e-01 
  3.684556856751e-02   6.330455094576e-02  -1.000000014901e-01   2.935813553631e-02  -7.141627836972e-03  -1.210192292929e-01   1.958055794239e-02  -1.685895957053e-02  -1.000000014901e-01 
  1.794373989105e-02   0.000000000000e+00   1.662005437538e-03   0.000000000000e+00   0.000000000000e+00   3.297637775540e-02   0.000000000000e+00   0.000000000000e+00   3.891040384769e-02 
  0.000000000000e+00   0.000000000000e+00   3.891040384769e-02   0.000000000000e+00   2.273507267237e-01  -5.615342259407e-01   0.000000000000e+00   2.273507267237e-01  -5.615342259407e-01 
 -1.555935293436e-01   2.273513227701e-01  -5.615330338478e-01  -1.552276015282e-01   2.271372526884e-01  -5.543448328972e-01   0.000000000000e+00   3.983272984624e-02  -1.000000014901e-01 
  0.000000000000e+00   0.000000000000e+00  -1.000000014901e-01   1.310758962063e-04  -5.644578486681e-03  -1.000000014901e-01   4.311234806664e-05  -4.304660018533e-03  -1.000000014901e-01 
  1.640708069317e-05  -3.145899623632e-03  -2.530254423618e-01   1.640708069317e-05  -3.145899623632e-03  -2.530254423618e-01   0.000000000000e+00   3.043640851974e-01  -2.017247527838e-01 
  0.000000000000e+00   3.043640851974e-01  -2.017247527838e-01   9.805113077164e-03   3.043640851974e-01  -2.016699165106e-01   1.405544485897e-02   3.042972981930e-01  -1.898387372494e-01 
  2.808219939470e-02   4.206559807062e-02  -2.274399548769e-01   2.700245380402e-02   0.000000000000e+00  -1.000000014901e-01   5.373623594642e-02   2.606788766570e-04  -4.418728947639e-01 
  8.374900370836e-02  -8.148133056238e-04  -4.979314804077e-01  -2.737300395966e-01   4.195487999823e-04  -1.000000014901e-01  -2.737300395966e-01   4.195487999823e-04  -1.000000014901e-01 
  0.000000000000e+00   3.805460333824e-01  -1.177535275929e-03   0.000000000000e+00   3.805460333824e-01  -1.177535275929e-03   7.238732278347e-02   3.805144727230e-01  -1.352695166133e-03 
  1.388064920902e-01   3.227026462555e-01  -1.009026244283e-01   3.256481885910e-01   2.186633199453e-01  -1.503950357437e-01   2.358286976814e-01   1.381438504905e-02  -1.175651401281e-01 
  1.645925343037e-01   5.429638084024e-03  -3.156064152718e-01  -1.162803173065e-01  -7.602553814650e-04  -1.974461376667e-01  -2.031131982803e-01   0.000000000000e+00  -1.000000014901e-01 
 -2.031131982803e-01   0.000000000000e+00  -1.000000014901e-01   0.000000000000e+00   2.263987660408e-01  -2.007032930851e-01   0.000000000000e+00   2.263987660408e-01  -2.007032930851e-01 
  2.834310233593e-01   2.264210879803e-01  -2.007278501987e-01   5.836449861526e-01   1.152807772160e-01  -1.974559873343e-01   8.972982764244e-01   5.209036171436e-02  -1.834196001291e-01 
  3.913909792900e-01   2.477893605828e-02  -1.385121047497e-01   1.229403913021e-01  -1.349826576188e-03  -1.000000014901e-01   0.000000000000e+00  -1.396520878188e-03  -1.000000014901e-01 
  0.000000000000e+00   0.000000000000e+00  -1.000000014901e-01   0.000000000000e+00   0.000000000000e+00  -1.000000014901e-01   0.000000000000e+00   0.000000000000e+00  -3.762399777770e-02 
  0.000000000000e+00   0.000000000000e+00  -3.762399777770e-02   9.405956417322e-02   6.663376837969e-02  -1.871332973242e-01   1.084269285202e+00   4.388874862343e-03  -2.117391675711e-01 
  1.084269285202e+00   2.233377192169e-03  -1.735541075468e-01   0.000000000000e+00   1.321121817455e-03  -1.000000014901e-01   0.000000000000e+00  -1.390959951095e-03  -1.013756617904e-01 
 -6.106898561120e-02  -1.396520761773e-03  -1.000000014901e-01  -1.015565991402e-01   0.000000000000e+00  -1.000000014901e-01  -1.015565991402e-01   0.000000000000e+00  -1.000000014901e-01 
  0.000000000000e+00   0.000000000000e+00  -3.762399777770e-02   0.000000000000e+00   0.000000000000e+00  -3.762399777770e-02   9.405956417322e-02   6.663376837969e-02  -1.871332973242e-01 
  1.084269285202e+00   4.388874862343e-03  -2.117391675711e-01   1.084269285202e+00   2.233377192169e-03  -1.735541075468e-01   0.000000000000e+00   1.321121817455e-03  -1.000000014901e-01 
  0.000000000000e+00  -1.390959951095e-03  -1.013756617904e-01  -6.106898561120e-02  -1.396520761773e-03  -1.000000014901e-01  -1.015565991402e-01   0.000000000000e+00  -1.000000014901e-01 
 -1.015565991402e-01   0.000000000000e+00  -1.000000014901e-01 

