# vtk DataFile Version 2.0
Written using VisIt writer
ASCII
DATASET RECTILINEAR_GRID
DIMENSIONS 10 10 10
X_COORDINATES 10 float
  0.000000000000e+00   5.000000000000e-01   1.000000000000e+00   1.500000000000e+00   2.000000000000e+00   2.500000000000e+00   3.000000000000e+00   3.500000000000e+00   4.000000000000e+00 
  4.500000000000e+00 
Y_COORDINATES 10 float
  0.000000000000e+00   5.000000000000e-01   1.000000000000e+00   1.500000000000e+00   2.000000000000e+00   2.500000000000e+00   3.000000000000e+00   3.500000000000e+00   4.000000000000e+00 
  4.500000000000e+00 
Z_COORDINATES 10 float
  0.000000000000e+00   5.000000000000e-01   1.000000000000e+00   1.500000000000e+00   2.000000000000e+00   2.500000000000e+00   3.000000000000e+00   3.500000000000e+00   4.000000000000e+00 
  4.500000000000e+00 
CELL_DATA 729
POINT_DATA 1000
VECTORS velocity float
  0.000000000000e+00  -1.884341835976e-01  -3.492969572544e-01   3.251200000000e+04   0.000000000000e+00   0.000000000000e+00   0.000000000000e+00   0.000000000000e+00   0.000000000000e+00 
 -2.906125783920e-02  -1.933991163969e-01  -4.533197283745e-01   0.000000000000e+00   0.000000000000e+00   0.000000000000e+00   0.000000000000e+00   1.431655808000e+09   1.070945600000e+09 
 -1.592428088188e-01  -2.222508639097e-01  -4.383291006088e-01   1.071994176000e+09   0.000000000000e+00   0.000000000000e+00   0.000000000000e+00   0.000000000000e+00   0.000000000000e+00 
 -1.070785298944e-01  -2.494662404060e-01  -5.693961381912e-01   0.000000000000e+00  -1.884341835976e-01  -3.492969572544e-01   1.070945600000e+09   0.000000000000e+00   0.000000000000e+00 
 -1.222273781896e-01  -2.195172756910e-01  -4.654812812805e-01  -2.906125783920e-02  -1.933991163969e-01  -4.533197283745e-01   1.431655808000e+09   1.070945600000e+09   0.000000000000e+00 
 -3.203929215670e-02  -1.870612353086e-01  -3.956072330475e-01  -1.592428088188e-01  -2.222508639097e-01  -4.383291006088e-01   0.000000000000e+00   0.000000000000e+00   1.071644672000e+09 
 -1.070785298944e-01  -2.494662404060e-01  -5.693961381912e-01  -1.070785298944e-01  -2.494662404060e-01  -5.693961381912e-01   0.000000000000e+00   2.258892543614e-02  -2.715024352074e-01 
  0.000000000000e+00   2.258892543614e-02  -2.715024352074e-01  -2.181051969528e-01   1.744707673788e-02  -3.583523929119e-01  -1.154952719808e-01  -9.231621026993e-02  -4.287132322788e-01 
 -1.155875027180e-01  -1.238776147366e-01  -5.303407907486e-01   1.137779578567e-01   3.218238055706e-02  -4.148512184620e-01   9.540908969939e-03   6.936329603195e-02  -3.987681865692e-01 
 -2.199775353074e-02   7.982686161995e-02  -3.704624176025e-01  -6.545597314835e-02   6.233610585332e-02  -4.224875569344e-01  -6.545597314835e-02   6.233610585332e-02  -4.224875569344e-01 
  0.000000000000e+00  -1.431830320507e-02  -2.656523585320e-01   0.000000000000e+00  -1.431830320507e-02  -2.656523585320e-01  -1.882281601429e-01   3.754844143987e-02  -3.401912152767e-01 
 -4.269592463970e-02   2.068704739213e-02  -3.622685372829e-01  -1.013775542378e-01  -3.560718521476e-02  -3.839032351971e-01  -5.346945673227e-02   2.557075209916e-02  -4.171399474144e-01 
 -1.276672035456e-01   2.064298838377e-02  -5.106639862061e-01   5.617849156260e-02   4.867125302553e-02  -3.804664313793e-01   1.592264883220e-02   4.825278371572e-02  -4.213927984238e-01 
  1.592264883220e-02   4.825278371572e-02  -4.213927984238e-01   0.000000000000e+00  -2.916945144534e-02  -2.874749004841e-01   0.000000000000e+00  -2.916945144534e-02  -2.874749004841e-01 
 -1.724358201027e-01  -7.575995475054e-02  -4.396659731865e-01   7.967820763588e-02  -2.981976605952e-02  -4.466046988964e-01  -3.775874897838e-02  -7.207156158984e-03  -4.500732123852e-01 
 -4.202393069863e-02   3.922495990992e-02  -3.866444230080e-01  -1.457027941942e-01   5.976651236415e-02  -4.050770103931e-01  -1.018458157778e-01  -7.741196546704e-03  -4.192368090153e-01 
 -9.023106843233e-02  -6.348218023777e-02  -5.509883761406e-01  -9.023106843233e-02  -6.348218023777e-02  -5.509883761406e-01   0.000000000000e+00  -1.477816328406e-02  -2.612506151199e-01 
  0.000000000000e+00  -1.477816328406e-02  -2.612506151199e-01  -1.102549359202e-01   1.061383858323e-01  -3.273103237152e-01  -1.265445351601e-01   2.764339372516e-02  -5.093997716904e-01 
 -1.666825264692e-01  -1.711728423834e-02  -6.213179826736e-01   2.556429058313e-02   4.873532056808e-02  -3.773741722107e-01  -3.319956734776e-02   4.218843206763e-02  -3.908731341362e-01 
 -5.169218033552e-02   4.831022396684e-02  -3.338327109814e-01  -6.091212108731e-02   5.348925292492e-02  -3.754994869232e-01  -6.091212108731e-02   5.348925292492e-02  -3.754994869232e-01 
  0.000000000000e+00  -6.295318156481e-02  -2.721949815750e-01   0.000000000000e+00  -6.295318156481e-02  -2.721949815750e-01  -1.254375278950e-01   4.559835419059e-02  -3.717283904552e-01 
 -7.562018185854e-02   1.293070018291e-01  -4.015790522099e-01  -1.629567593336e-01   1.428128033876e-01  -4.613807499409e-01  -6.514393538237e-02   3.807381540537e-02  -5.018438100815e-01 
 -1.325652152300e-01  -3.664717078209e-02  -5.661635398865e-01   4.033441841602e-02  -3.309986740351e-02  -4.076689183712e-01  -3.594209626317e-02  -7.901221513748e-02  -4.512197375298e-01 
 -3.594209626317e-02  -7.901221513748e-02  -4.512197375298e-01   0.000000000000e+00  -1.452551931143e-01  -3.270216882229e-01   0.000000000000e+00  -1.452551931143e-01  -3.270216882229e-01 
 -1.864244341850e-01  -5.675108358264e-02  -4.720424413681e-01  -1.508654444478e-03   2.091782167554e-02  -3.841597735882e-01  -7.240490615368e-02   1.275206077844e-02  -3.777551352978e-01 
 -1.736266771331e-03   5.411807447672e-02  -3.673765361309e-01  -1.334565430880e-01   1.870386675000e-02  -4.212180376053e-01  -7.259324938059e-02  -7.644625753164e-02  -5.004373192787e-01 
 -7.650401443243e-02  -1.415166556835e-01  -6.334297657013e-01  -7.650401443243e-02  -1.415166556835e-01  -6.334297657013e-01   0.000000000000e+00   0.000000000000e+00  -2.923698425293e-01 
  0.000000000000e+00   0.000000000000e+00  -2.923698425293e-01  -2.003244459629e-01   0.000000000000e+00  -4.249797463417e-01  -8.385669440031e-02   0.000000000000e+00  -4.959653913975e-01 
 -1.335977017879e-01   0.000000000000e+00  -5.739639401436e-01   1.330811381340e-01   0.000000000000e+00  -4.585672318935e-01   1.235438045114e-02   0.000000000000e+00  -4.653213024139e-01 
  3.763786330819e-02   0.000000000000e+00  -4.588153064251e-01   4.201345890760e-02   0.000000000000e+00  -4.947053492069e-01   4.201345890760e-02   0.000000000000e+00  -4.947053492069e-01 
  0.000000000000e+00   0.000000000000e+00  -2.923698425293e-01   0.000000000000e+00   0.000000000000e+00  -2.923698425293e-01  -2.003244459629e-01   0.000000000000e+00  -4.249797463417e-01 
 -8.385669440031e-02   0.000000000000e+00  -4.959653913975e-01  -1.335977017879e-01   0.000000000000e+00  -5.739639401436e-01   1.330811381340e-01   0.000000000000e+00  -4.585672318935e-01 
  1.235438045114e-02   0.000000000000e+00  -4.653213024139e-01   3.763786330819e-02   0.000000000000e+00  -4.588153064251e-01   4.201345890760e-02   0.000000000000e+00  -4.947053492069e-01 
  4.201345890760e-02   0.000000000000e+00  -4.947053492069e-01   0.000000000000e+00  -1.884341835976e-01  -3.492969572544e-01   0.000000000000e+00  -1.884341835976e-01  -3.492969572544e-01 
 -1.222273781896e-01  -2.195172756910e-01  -4.654812812805e-01  -2.906125783920e-02  -1.933991163969e-01  -4.533197283745e-01  -6.139196455479e-02  -1.945362091064e-01  -4.136527776718e-01 
 -3.203929215670e-02  -1.870612353086e-01  -3.956072330475e-01  -1.592428088188e-01  -2.222508639097e-01  -4.383291006088e-01  -1.248290091753e-01  -2.290883213282e-01  -4.354129731655e-01 
 -1.070785298944e-01  -2.494662404060e-01  -5.693961381912e-01  -1.070785298944e-01  -2.494662404060e-01  -5.693961381912e-01   0.000000000000e+00  -1.884341835976e-01  -3.492969572544e-01 
  0.000000000000e+00  -1.884341835976e-01  -3.492969572544e-01  -1.222273781896e-01  -2.195172756910e-01  -4.654812812805e-01  -2.906125783920e-02  -1.933991163969e-01  -4.533197283745e-01 
 -6.139196455479e-02  -1.945362091064e-01  -4.136527776718e-01  -3.203929215670e-02  -1.870612353086e-01  -3.956072330475e-01  -1.592428088188e-01  -2.222508639097e-01  -4.383291006088e-01 
 -1.248290091753e-01  -2.290883213282e-01  -4.354129731655e-01  -1.070785298944e-01  -2.494662404060e-01  -5.693961381912e-01  -1.070785298944e-01  -2.494662404060e-01  -5.693961381912e-01 
  0.000000000000e+00   2.258892543614e-02  -2.715024352074e-01   0.000000000000e+00   2.258892543614e-02  -2.715024352074e-01  -2.181051969528e-01   1.744707673788e-02  -3.583523929119e-01 
 -1.154952719808e-01  -9.231621026993e-02  -4.287132322788e-01  -1.155875027180e-01  -1.238776147366e-01  -5.303407907486e-01   1.137779578567e-01   3.218238055706e-02  -4.148512184620e-01 
  9.540908969939e-03   6.936329603195e-02  -3.987681865692e-01  -2.199775353074e-02   7.982686161995e-02  -3.704624176025e-01  -6.545597314835e-02   6.233610585332e-02  -4.224875569344e-01 
 -6.545597314835e-02   6.233610585332e-02  -4.224875569344e-01   0.000000000000e+00  -1.431830320507e-02  -2.656523585320e-01   0.000000000000e+00  -1.431830320507e-02  -2.656523585320e-01 
 -1.882281601429e-01   3.754844143987e-02  -3.401912152767e-01  -4.269592463970e-02   2.068704739213e-02  -3.622685372829e-01  -1.013775542378e-01  -3.560718521476e-02  -3.839032351971e-01 
 -5.346945673227e-02   2.557075209916e-02  -4.171399474144e-01  -1.276672035456e-01   2.064298838377e-02  -5.106639862061e-01   5.617849156260e-02   4.867125302553e-02  -3.804664313793e-01 
  1.592264883220e-02   4.825278371572e-02  -4.213927984238e-01   1.592264883220e-02   4.825278371572e-02  -4.213927984238e-01   0.000000000000e+00  -2.916945144534e-02  -2.874749004841e-01 
  0.000000000000e+00  -2.916945144534e-02  -2.874749004841e-01  -1.724358201027e-01  -7.575995475054e-02  -4.396659731865e-01   7.967820763588e-02  -2.981976605952e-02  -4.466046988964e-01 
 -3.775874897838e-02  -7.207156158984e-03  -4.500732123852e-01  -4.202393069863e-02   3.922495990992e-02  -3.866444230080e-01  -1.457027941942e-01   5.976651236415e-02  -4.050770103931e-01 
 -1.018458157778e-01  -7.741196546704e-03  -4.192368090153e-01  -9.023106843233e-02  -6.348218023777e-02  -5.509883761406e-01  -9.023106843233e-02  -6.348218023777e-02  -5.509883761406e-01 
  0.000000000000e+00  -1.477816328406e-02  -2.612506151199e-01   0.000000000000e+00  -1.477816328406e-02  -2.612506151199e-01  -1.102549359202e-01   1.061383858323e-01  -3.273103237152e-01 
 -1.265445351601e-01   2.764339372516e-02  -5.093997716904e-01  -1.666825264692e-01  -1.711728423834e-02  -6.213179826736e-01   2.556429058313e-02   4.873532056808e-02  -3.773741722107e-01 
 -3.319956734776e-02   4.218843206763e-02  -3.908731341362e-01  -5.169218033552e-02   4.831022396684e-02  -3.338327109814e-01  -6.091212108731e-02   5.348925292492e-02  -3.754994869232e-01 
 -6.091212108731e-02   5.348925292492e-02  -3.754994869232e-01   0.000000000000e+00  -6.295318156481e-02  -2.721949815750e-01   0.000000000000e+00  -6.295318156481e-02  -2.721949815750e-01 
 -1.254375278950e-01   4.559835419059e-02  -3.717283904552e-01  -7.562018185854e-02   1.293070018291e-01  -4.015790522099e-01  -1.629567593336e-01   1.428128033876e-01  -4.613807499409e-01 
 -6.514393538237e-02   3.807381540537e-02  -5.018438100815e-01  -1.325652152300e-01  -3.664717078209e-02  -5.661635398865e-01   4.033441841602e-02  -3.309986740351e-02  -4.076689183712e-01 
 -3.594209626317e-02  -7.901221513748e-02  -4.512197375298e-01  -3.594209626317e-02  -7.901221513748e-02  -4.512197375298e-01   0.000000000000e+00  -1.452551931143e-01  -3.270216882229e-01 
  0.000000000000e+00  -1.452551931143e-01  -3.270216882229e-01  -1.864244341850e-01  -5.675108358264e-02  -4.720424413681e-01  -1.508654444478e-03   2.091782167554e-02  -3.841597735882e-01 
 -7.240490615368e-02   1.275206077844e-02  -3.777551352978e-01  -1.736266771331e-03   5.411807447672e-02  -3.673765361309e-01  -1.334565430880e-01   1.870386675000e-02  -4.212180376053e-01 
 -7.259324938059e-02  -7.644625753164e-02  -5.004373192787e-01  -7.650401443243e-02  -1.415166556835e-01  -6.334297657013e-01  -7.650401443243e-02  -1.415166556835e-01  -6.334297657013e-01 
  0.000000000000e+00   0.000000000000e+00  -2.923698425293e-01   0.000000000000e+00   0.000000000000e+00  -2.923698425293e-01  -2.003244459629e-01   0.000000000000e+00  -4.249797463417e-01 
 -8.385669440031e-02   0.000000000000e+00  -4.959653913975e-01  -1.335977017879e-01   0.000000000000e+00  -5.739639401436e-01   1.330811381340e-01   0.000000000000e+00  -4.585672318935e-01 
  1.235438045114e-02   0.000000000000e+00  -4.653213024139e-01   3.763786330819e-02   0.000000000000e+00  -4.588153064251e-01   4.201345890760e-02   0.000000000000e+00  -4.947053492069e-01 
  4.201345890760e-02   0.000000000000e+00  -4.947053492069e-01   0.000000000000e+00   0.000000000000e+00  -2.923698425293e-01   0.000000000000e+00   0.000000000000e+00  -2.923698425293e-01 
 -2.003244459629e-01   0.000000000000e+00  -4.249797463417e-01  -8.385669440031e-02   0.000000000000e+00  -4.959653913975e-01  -1.335977017879e-01   0.000000000000e+00  -5.739639401436e-01 
  1.330811381340e-01   0.000000000000e+00  -4.585672318935e-01   1.235438045114e-02   0.000000000000e+00  -4.653213024139e-01   3.763786330819e-02   0.000000000000e+00  -4.588153064251e-01 
  4.201345890760e-02   0.000000000000e+00  -4.947053492069e-01   4.201345890760e-02   0.000000000000e+00  -4.947053492069e-01   0.000000000000e+00  -2.152183949947e-01  -4.787926375866e-01 
  0.000000000000e+00  -2.152183949947e-01  -4.787926375866e-01  -1.257393658161e-01  -2.565629780293e-01  -1.042256236076e+00  -6.177819147706e-02  -2.766228616238e-01  -1.364924788475e+00 
 -1.207294240594e-01  -2.908709645271e-01  -1.317637324333e+00  -2.422982640564e-02  -2.906657457352e-01  -1.369903326035e+00  -4.765839129686e-02  -3.031210601330e-01  -1.289007186890e+00 
 -3.578224778175e-02  -3.059608936310e-01  -1.249496817589e+00   2.044546231627e-02  -3.015644848347e-01  -1.169947385788e+00   2.044546231627e-02  -3.015644848347e-01  -1.169947385788e+00 
  0.000000000000e+00  -2.152183949947e-01  -4.787926375866e-01   0.000000000000e+00  -2.152183949947e-01  -4.787926375866e-01  -1.257393658161e-01  -2.565629780293e-01  -1.042256236076e+00 
 -6.177819147706e-02  -2.766228616238e-01  -1.364924788475e+00  -1.207294240594e-01  -2.908709645271e-01  -1.317637324333e+00  -2.422982640564e-02  -2.906657457352e-01  -1.369903326035e+00 
 -4.765839129686e-02  -3.031210601330e-01  -1.289007186890e+00  -3.578224778175e-02  -3.059608936310e-01  -1.249496817589e+00   2.044546231627e-02  -3.015644848347e-01  -1.169947385788e+00 
  2.044546231627e-02  -3.015644848347e-01  -1.169947385788e+00   0.000000000000e+00  -4.268300533295e-02  -4.392103850842e-01   0.000000000000e+00  -4.268300533295e-02  -4.392103850842e-01 
 -1.281306296587e-01  -7.293526828289e-02  -9.778910875320e-01  -6.739325076342e-02  -6.660194694996e-02  -1.290565729141e+00  -1.245072409511e-01  -6.902865320444e-02  -1.212709188461e+00 
 -2.185738086700e-02  -7.722706347704e-02  -1.331795692444e+00  -3.059901669621e-02  -7.327158004045e-02  -1.285848975182e+00  -2.319887466729e-02  -6.679891794920e-02  -1.305284261703e+00 
  2.621845342219e-02  -6.864658743143e-02  -1.277529716492e+00   2.621845342219e-02  -6.864658743143e-02  -1.277529716492e+00   0.000000000000e+00   1.073899790645e-01  -4.816943705082e-01 
  0.000000000000e+00   1.073899790645e-01  -4.816943705082e-01  -1.178646534681e-01   1.355820745230e-01  -1.004134416580e+00  -6.959583610296e-02   1.271127909422e-01  -1.387549757957e+00 
 -1.326957643032e-01   1.124501302838e-01  -1.353418111801e+00  -1.787498965859e-02   1.109312623739e-01  -1.352461457253e+00  -3.822890669107e-02   1.167265698314e-01  -1.216662168503e+00 
 -2.381855063140e-02   1.232511699200e-01  -1.317373275757e+00   2.774026989937e-02   1.228345185518e-01  -1.299660921097e+00   2.774026989937e-02   1.228345185518e-01  -1.299660921097e+00 
  0.000000000000e+00   5.534350406379e-03  -4.715439379215e-01   0.000000000000e+00   5.534350406379e-03  -4.715439379215e-01  -1.314036846161e-01  -1.042950525880e-02  -8.967108726501e-01 
 -5.911907181144e-02   3.385682590306e-03  -1.359107375145e+00  -1.280521601439e-01   1.978413201869e-03  -1.321301102638e+00  -1.711555197835e-02  -7.521333638579e-03  -1.331058502197e+00 
 -4.161474481225e-02  -7.663407595828e-04  -1.300845742226e+00  -2.534103579819e-02   8.960345294327e-04  -1.287535190582e+00   2.336711250246e-02  -7.789736613631e-03  -1.193020701408e+00 
  2.336711250246e-02  -7.789736613631e-03  -1.193020701408e+00   0.000000000000e+00  -2.588331140578e-02  -4.010177552700e-01   0.000000000000e+00  -2.588331140578e-02  -4.010177552700e-01 
 -1.224767938256e-01  -4.547774791718e-02  -9.406756162643e-01  -6.293886899948e-02  -5.675440281630e-02  -1.324372529984e+00  -1.304549723864e-01  -5.798865854740e-02  -1.203585028648e+00 
 -1.898971386254e-02  -5.768935009837e-02  -1.340966939926e+00  -3.302759304643e-02  -4.468006640673e-02  -1.325864315033e+00  -2.639494277537e-02  -3.630176931620e-02  -1.352705359459e+00 
  3.050521016121e-02  -2.534702792764e-02  -1.305749416351e+00   3.050521016121e-02  -2.534702792764e-02  -1.305749416351e+00   0.000000000000e+00   3.435090556741e-02  -4.780739843845e-01 
  0.000000000000e+00   3.435090556741e-02  -4.780739843845e-01  -1.243216246367e-01   4.169491305947e-02  -1.018738389015e+00  -4.983492195606e-02   5.257442221045e-02  -1.378647685051e+00 
 -1.290791183710e-01   6.211291998625e-02  -1.348792433739e+00  -2.300902828574e-02   7.206656038761e-02  -1.301524281502e+00  -4.610273241997e-02   6.439468264580e-02  -1.245868325233e+00 
 -3.071374632418e-02   6.597676873207e-02  -1.302523851395e+00   3.137535229325e-02   6.746874004602e-02  -1.282367467880e+00   3.137535229325e-02   6.746874004602e-02  -1.282367467880e+00 
  0.000000000000e+00  -8.304899930954e-02  -4.671229422092e-01   0.000000000000e+00  -8.304899930954e-02  -4.671229422092e-01  -1.320747435093e-01  -1.042671725154e-01  -9.026890993118e-01 
 -4.397976025939e-02  -9.618226438761e-02  -1.366318225861e+00  -1.119277179241e-01  -7.605528831482e-02  -1.353425025940e+00   1.197527162731e-02  -5.613594502211e-02  -1.371689438820e+00 
 -4.818384349346e-02  -5.993529036641e-02  -1.356864213943e+00  -1.666245236993e-02  -5.088305845857e-02  -1.325442314148e+00   5.656170472503e-02  -3.920936211944e-02  -1.170577287674e+00 
  5.656170472503e-02  -3.920936211944e-02  -1.170577287674e+00   0.000000000000e+00   0.000000000000e+00  -5.752902030945e-01   0.000000000000e+00   0.000000000000e+00  -5.752902030945e-01 
 -1.059337481856e-01   0.000000000000e+00  -1.011309981346e+00  -6.401062756777e-02   0.000000000000e+00  -1.337851762772e+00  -1.147633194923e-01   0.000000000000e+00  -1.246959805489e+00 
  2.178183384240e-02   0.000000000000e+00  -1.378206253052e+00  -5.243005603552e-02   0.000000000000e+00  -1.398822903633e+00  -1.284624636173e-02   0.000000000000e+00  -1.414104580879e+00 
  3.808050975204e-02   0.000000000000e+00  -1.362214326859e+00   3.808050975204e-02   0.000000000000e+00  -1.362214326859e+00   0.000000000000e+00   0.000000000000e+00  -5.752902030945e-01 
  0.000000000000e+00   0.000000000000e+00  -5.752902030945e-01  -1.059337481856e-01   0.000000000000e+00  -1.011309981346e+00  -6.401062756777e-02   0.000000000000e+00  -1.337851762772e+00 
 -1.147633194923e-01   0.000000000000e+00  -1.246959805489e+00   2.178183384240e-02   0.000000000000e+00  -1.378206253052e+00  -5.243005603552e-02   0.000000000000e+00  -1.398822903633e+00 
 -1.284624636173e-02   0.000000000000e+00  -1.414104580879e+00   3.808050975204e-02   0.000000000000e+00  -1.362214326859e+00   3.808050975204e-02   0.000000000000e+00  -1.362214326859e+00 
  0.000000000000e+00  -1.484924852848e-01  -3.027837276459e-01   0.000000000000e+00  -1.484924852848e-01  -3.027837276459e-01  -9.894252568483e-02  -1.603951454163e-01  -7.999446392059e-01 
 -2.112894691527e-02  -1.758505403996e-01  -1.163596868515e+00  -9.499385952950e-02  -1.950554698706e-01  -1.115140318871e+00  -2.457743510604e-02  -1.920256018639e-01  -1.095159173012e+00 
 -3.419994190335e-02  -1.985998600721e-01  -1.087417721748e+00  -3.247477114201e-02  -2.027964293957e-01  -1.081459045410e+00   7.828970439732e-03  -2.024273127317e-01  -1.079975247383e+00 
  7.828970439732e-03  -2.024273127317e-01  -1.079975247383e+00   0.000000000000e+00  -1.484924852848e-01  -3.027837276459e-01   0.000000000000e+00  -1.484924852848e-01  -3.027837276459e-01 
 -9.894252568483e-02  -1.603951454163e-01  -7.999446392059e-01  -2.112894691527e-02  -1.758505403996e-01  -1.163596868515e+00  -9.499385952950e-02  -1.950554698706e-01  -1.115140318871e+00 
 -2.457743510604e-02  -1.920256018639e-01  -1.095159173012e+00  -3.419994190335e-02  -1.985998600721e-01  -1.087417721748e+00  -3.247477114201e-02  -2.027964293957e-01  -1.081459045410e+00 
  7.828970439732e-03  -2.024273127317e-01  -1.079975247383e+00   7.828970439732e-03  -2.024273127317e-01  -1.079975247383e+00   0.000000000000e+00  -3.627126663923e-02  -4.006677567959e-01 
  0.000000000000e+00  -3.627126663923e-02  -4.006677567959e-01  -9.084712713957e-02  -4.526404291391e-02  -8.600805997849e-01  -3.769172728062e-02  -3.472721204162e-02  -1.165777206421e+00 
 -9.172990173101e-02  -3.786831349134e-02  -1.117477416992e+00  -2.797094546258e-02  -4.277604818344e-02  -1.115168809891e+00  -1.718480512500e-02  -3.337206318974e-02  -1.101788043976e+00 
 -2.914433740079e-02  -2.918109297752e-02  -1.094282984734e+00   1.599484495819e-02  -2.560224011540e-02  -1.095603823662e+00   1.599484495819e-02  -2.560224011540e-02  -1.095603823662e+00 
  0.000000000000e+00   7.111793756485e-02  -4.299940168858e-01   0.000000000000e+00   7.111793756485e-02  -4.299940168858e-01  -9.462625533342e-02   4.508133605123e-02  -6.795334219933e-01 
  4.252230748534e-03   6.916384398937e-02  -1.141310334206e+00  -8.641709387302e-02   6.502401828766e-02  -1.126353740692e+00  -2.767802216113e-02   6.752379238605e-02  -1.128642678261e+00 
 -1.496331300586e-02   7.090585678816e-02  -1.099321126938e+00  -2.488701418042e-02   8.395437151194e-02  -1.089814782143e+00   1.407489087433e-02   8.695362508297e-02  -1.046306371689e+00 
  1.407489087433e-02   8.695362508297e-02  -1.046306371689e+00   0.000000000000e+00  -3.470366587862e-03  -4.996256530285e-01   0.000000000000e+00  -3.470366587862e-03  -4.996256530285e-01 
 -8.957781642675e-02  -6.274374318309e-04  -7.572996616364e-01  -7.006119471043e-03   3.688657190651e-03  -1.104665398598e+00  -8.800477534533e-02   8.890556171536e-03  -1.059714794159e+00 
 -1.627293974161e-02   2.088469453156e-02  -1.066363573074e+00  -1.733037270606e-02   2.140725217760e-02  -1.057992815971e+00  -2.868275716901e-02   1.648403890431e-02  -1.042713284492e+00 
  9.171084500849e-03   8.216859772801e-03  -9.914158582687e-01   9.171084500849e-03   8.216859772801e-03  -9.914158582687e-01   0.000000000000e+00  -5.232846736908e-02  -5.813348889351e-01 
  0.000000000000e+00  -5.232846736908e-02  -5.813348889351e-01  -9.317935258150e-02  -6.418451666832e-02  -9.106106162071e-01   1.339119160548e-03  -6.362165510654e-02  -1.143199682236e+00 
 -9.232434630394e-02  -6.489815562963e-02  -9.713335633278e-01  -1.057437527925e-02  -5.814651027322e-02  -1.073131203651e+00  -1.615530066192e-02  -5.656361579895e-02  -1.059687495232e+00 
 -2.027592994273e-02  -5.002005398273e-02  -1.066215515137e+00   1.884080469608e-02  -4.337873309851e-02  -1.061089038849e+00   1.884080469608e-02  -4.337873309851e-02  -1.061089038849e+00 
  0.000000000000e+00   4.197756573558e-02  -5.108017921448e-01   0.000000000000e+00   4.197756573558e-02  -5.108017921448e-01  -9.249916672707e-02   5.412172526121e-02  -8.498529791832e-01 
 -1.027288381010e-03   5.329398438334e-02  -1.150224447250e+00  -8.254941552877e-02   6.251465529203e-02  -1.109209656715e+00  -1.958274655044e-02   6.213361769915e-02  -1.100567340851e+00 
 -1.839260943234e-02   6.446329504251e-02  -1.055706501007e+00  -2.461414970458e-02   6.052645295858e-02  -1.078014612198e+00   1.016830932349e-02   5.450863763690e-02  -1.070169687271e+00 
  1.016830932349e-02   5.450863763690e-02  -1.070169687271e+00   0.000000000000e+00  -8.307863771915e-02  -4.551182389259e-01   0.000000000000e+00  -8.307863771915e-02  -4.551182389259e-01 
 -1.079845055938e-01  -8.804430812597e-02  -8.223413228989e-01   3.145423484966e-03  -7.987445592880e-02  -1.128685593605e+00  -8.752474933863e-02  -6.814858317375e-02  -1.090116620064e+00 
  6.587973795831e-03  -4.451063647866e-02  -1.082049727440e+00  -1.360782701522e-02  -3.434935584664e-02  -1.081055521965e+00  -2.852363139391e-02  -3.956354781985e-02  -1.075031518936e+00 
  8.734467439353e-03  -4.187402874231e-02  -9.529827237129e-01   8.734467439353e-03  -4.187402874231e-02  -9.529827237129e-01   0.000000000000e+00   0.000000000000e+00  -3.848284482956e-01 
  0.000000000000e+00   0.000000000000e+00  -3.848284482956e-01  -1.075576767325e-01   0.000000000000e+00  -8.327391743660e-01  -2.473582699895e-02   0.000000000000e+00  -1.143456935883e+00 
 -1.016619578004e-01   0.000000000000e+00  -9.280029535294e-01   3.192815557122e-02   0.000000000000e+00  -1.044869542122e+00  -8.897962979972e-03   0.000000000000e+00  -1.085410356522e+00 
 -2.110113203526e-02   0.000000000000e+00  -1.100168943405e+00   1.986636407673e-02   0.000000000000e+00  -1.040100216866e+00   1.986636407673e-02   0.000000000000e+00  -1.040100216866e+00 
  0.000000000000e+00   0.000000000000e+00  -3.848284482956e-01   0.000000000000e+00   0.000000000000e+00  -3.848284482956e-01  -1.075576767325e-01   0.000000000000e+00  -8.327391743660e-01 
 -2.473582699895e-02   0.000000000000e+00  -1.143456935883e+00  -1.016619578004e-01   0.000000000000e+00  -9.280029535294e-01   3.192815557122e-02   0.000000000000e+00  -1.044869542122e+00 
 -8.897962979972e-03   0.000000000000e+00  -1.085410356522e+00  -2.110113203526e-02   0.000000000000e+00  -1.100168943405e+00   1.986636407673e-02   0.000000000000e+00  -1.040100216866e+00 
  1.986636407673e-02   0.000000000000e+00  -1.040100216866e+00   0.000000000000e+00  -7.984133064747e-02  -1.045578420162e-01   0.000000000000e+00  -7.984133064747e-02  -1.045578420162e-01 
 -5.870948731899e-02  -6.937630474567e-02  -6.416137218475e-01  -1.936898566782e-02  -8.648016303778e-02  -1.212596416473e+00  -8.748626708984e-02  -1.166611015797e-01  -1.175575017929e+00 
 -2.721896208823e-02  -1.198556199670e-01  -1.142790675163e+00  -3.146626427770e-02  -1.027673780918e-01  -1.149613022804e+00  -2.389233559370e-02  -1.042130887508e-01  -1.133910655975e+00 
  7.811862975359e-03  -1.031044945121e-01  -1.129673004150e+00   7.811862975359e-03  -1.031044945121e-01  -1.129673004150e+00   0.000000000000e+00  -7.984133064747e-02  -1.045578420162e-01 
  0.000000000000e+00  -7.984133064747e-02  -1.045578420162e-01  -5.870948731899e-02  -6.937630474567e-02  -6.416137218475e-01  -1.936898566782e-02  -8.648016303778e-02  -1.212596416473e+00 
 -8.748626708984e-02  -1.166611015797e-01  -1.175575017929e+00  -2.721896208823e-02  -1.198556199670e-01  -1.142790675163e+00  -3.146626427770e-02  -1.027673780918e-01  -1.149613022804e+00 
 -2.389233559370e-02  -1.042130887508e-01  -1.133910655975e+00   7.811862975359e-03  -1.031044945121e-01  -1.129673004150e+00   7.811862975359e-03  -1.031044945121e-01  -1.129673004150e+00 
  0.000000000000e+00   6.276858039200e-03  -2.330078631639e-01   0.000000000000e+00   6.276858039200e-03  -2.330078631639e-01  -5.816359817982e-02  -2.845614217222e-02  -7.399006485939e-01 
 -6.450528651476e-02  -7.587525527924e-03  -1.202856659889e+00  -7.148361206055e-02  -2.384709939361e-02  -1.188406109810e+00  -3.411884605885e-02  -3.727056831121e-02  -1.164911985397e+00 
 -1.270262524486e-02  -2.789378166199e-02  -1.159950971603e+00  -3.062077984214e-02  -3.035462461412e-02  -1.157853126526e+00   1.316904556006e-02  -2.748851105571e-02  -1.165375590324e+00 
  1.316904556006e-02  -2.748851105571e-02  -1.165375590324e+00   0.000000000000e+00   6.677162647247e-02  -1.651225090027e-01   0.000000000000e+00   6.677162647247e-02  -1.651225090027e-01 
 -5.776509270072e-02   8.131471462548e-03  -5.943102836609e-01  -7.426681462675e-03   6.125207990408e-03  -1.206637501717e+00  -5.181340128183e-02  -2.729993546382e-03  -1.173173427582e+00 
 -3.154208138585e-02   1.256936229765e-02  -1.155145287514e+00  -4.571490455419e-03   2.957879193127e-02  -1.107130527496e+00  -2.824879437685e-02   3.537764772773e-02  -1.090188145638e+00 
  6.732868961990e-03   3.633300587535e-02  -1.081032156944e+00   6.732868961990e-03   3.633300587535e-02  -1.081032156944e+00   0.000000000000e+00   2.178007178009e-02  -1.359611749649e-01 
  0.000000000000e+00   2.178007178009e-02  -1.359611749649e-01  -7.345251739025e-02   5.344128608704e-02  -6.574835181236e-01  -4.385527223349e-02   2.486827783287e-02  -1.170719265938e+00 
 -6.903245300055e-02   3.290062397718e-02  -1.146615624428e+00  -1.519009843469e-02   5.177012458444e-02  -1.131331443787e+00  -1.170783117414e-02   4.646750912070e-02  -1.118090033531e+00 
 -2.520947903395e-02   4.719882085919e-02  -1.086488485336e+00   6.862496957183e-03   5.289081856608e-02  -1.067501664162e+00   6.862496957183e-03   5.289081856608e-02  -1.067501664162e+00 
  0.000000000000e+00  -3.503085300326e-02  -2.206755429506e-01   0.000000000000e+00  -3.503085300326e-02  -2.206755429506e-01  -7.790480554104e-02  -6.120132282376e-02  -7.488699555397e-01 
 -3.402462974191e-02  -5.562984943390e-02  -1.170952916145e+00  -8.131919801235e-02  -5.820459127426e-02  -1.064290285110e+00  -1.122042723000e-02  -4.752084240317e-02  -1.113208293915e+00 
 -1.345333643258e-02  -4.935179650784e-02  -1.118048548698e+00  -2.059629932046e-02  -4.393123835325e-02  -1.106176376343e+00   1.330146286637e-02  -3.987351059914e-02  -1.111841201782e+00 
  1.330146286637e-02  -3.987351059914e-02  -1.111841201782e+00   0.000000000000e+00   2.381690591574e-02  -1.121347844601e-01   0.000000000000e+00   2.381690591574e-02  -1.121347844601e-01 
 -7.923196256161e-02   4.752829670906e-02  -6.996570825577e-01  -4.090632125735e-02   4.685149341822e-02  -1.164638876915e+00  -6.547223776579e-02   6.026702746749e-02  -1.193676948547e+00 
 -2.415250241756e-02   5.394785106182e-02  -1.174919247627e+00  -1.811944693327e-02   5.513729527593e-02  -1.167558908463e+00  -2.949940040708e-02   4.874263331294e-02  -1.141302585602e+00 
 -1.747964124661e-04   4.264048114419e-02  -1.139078617096e+00  -1.747964124661e-04   4.264048114419e-02  -1.139078617096e+00   0.000000000000e+00  -7.753208279610e-02  -6.543783843517e-02 
  0.000000000000e+00  -7.753208279610e-02  -6.543783843517e-02  -7.751087099314e-02  -8.635772764683e-02  -6.783364415169e-01  -2.757404930890e-02  -7.668946683407e-02  -1.159334301949e+00 
 -7.074628025293e-02  -6.210531666875e-02  -1.159222841263e+00  -8.471309207380e-03  -4.205120727420e-02  -1.156068563461e+00  -1.479075010866e-02  -3.414972126484e-02  -1.158688664436e+00 
 -3.851501271129e-02  -4.972083866596e-02  -1.140085220337e+00  -9.202143177390e-03  -5.342553555965e-02  -1.080576539040e+00  -9.202143177390e-03  -5.342553555965e-02  -1.080576539040e+00 
  0.000000000000e+00   0.000000000000e+00  -9.294422715902e-02   0.000000000000e+00   0.000000000000e+00  -9.294422715902e-02  -7.373522967100e-02   0.000000000000e+00  -7.246327996254e-01 
 -4.800279065967e-02   0.000000000000e+00  -1.212748646736e+00  -8.646880835295e-02   0.000000000000e+00  -1.099665760994e+00  -2.223392250016e-03   0.000000000000e+00  -1.149857044220e+00 
 -1.114104781300e-02   0.000000000000e+00  -1.178218126297e+00  -3.239822015166e-02   0.000000000000e+00  -1.186552047729e+00   2.944575622678e-03   0.000000000000e+00  -1.169464707375e+00 
  2.944575622678e-03   0.000000000000e+00  -1.169464707375e+00   0.000000000000e+00   0.000000000000e+00  -9.294422715902e-02   0.000000000000e+00   0.000000000000e+00  -9.294422715902e-02 
 -7.373522967100e-02   0.000000000000e+00  -7.246327996254e-01  -4.800279065967e-02   0.000000000000e+00  -1.212748646736e+00  -8.646880835295e-02   0.000000000000e+00  -1.099665760994e+00 
 -2.223392250016e-03   0.000000000000e+00  -1.149857044220e+00  -1.114104781300e-02   0.000000000000e+00  -1.178218126297e+00  -3.239822015166e-02   0.000000000000e+00  -1.186552047729e+00 
  2.944575622678e-03   0.000000000000e+00  -1.169464707375e+00   2.944575622678e-03   0.000000000000e+00  -1.169464707375e+00   0.000000000000e+00   1.183277647942e-02   2.100317925215e-01 
  0.000000000000e+00   1.183277647942e-02   2.100317925215e-01   1.776742376387e-02   5.584651976824e-02   6.497932970524e-02   1.886945590377e-02   1.887950114906e-02  -1.000980138779e+00 
  0.000000000000e+00  -1.242237817496e-02  -1.103279352188e+00   0.000000000000e+00  -2.790294028819e-02  -1.088051319122e+00   0.000000000000e+00  -1.329080760479e-02  -1.105971097946e+00 
  0.000000000000e+00  -1.388283818960e-02  -1.093561649323e+00   0.000000000000e+00  -1.312373299152e-02  -1.093026161194e+00   0.000000000000e+00  -1.312373299152e-02  -1.093026161194e+00 
  0.000000000000e+00   1.183277647942e-02   2.100317925215e-01   0.000000000000e+00   1.183277647942e-02   2.100317925215e-01   1.776742376387e-02   5.584651976824e-02   6.497932970524e-02 
  1.886945590377e-02   1.887950114906e-02  -1.000980138779e+00   0.000000000000e+00  -1.242237817496e-02  -1.103279352188e+00   0.000000000000e+00  -2.790294028819e-02  -1.088051319122e+00 
  0.000000000000e+00  -1.329080760479e-02  -1.105971097946e+00   0.000000000000e+00  -1.388283818960e-02  -1.093561649323e+00   0.000000000000e+00  -1.312373299152e-02  -1.093026161194e+00 
  0.000000000000e+00  -1.312373299152e-02  -1.093026161194e+00   0.000000000000e+00   1.254480564967e-03   4.690546169877e-02   0.000000000000e+00   1.254480564967e-03   4.690546169877e-02 
  2.826253476087e-04   3.130585700274e-02  -1.760318726301e-01  -2.747596986592e-02   9.179115295410e-03  -1.202551245689e+00  -6.103239953518e-02  -1.882132887840e-02  -1.143461823463e+00 
 -3.369479626417e-02  -3.692925348878e-02  -1.135546922684e+00  -1.269924081862e-02  -2.789634652436e-02  -1.145106077194e+00  -3.062077611685e-02  -3.035462461412e-02  -1.133526325226e+00 
  1.316904556006e-02  -2.748851105571e-02  -1.140705943108e+00   1.316904556006e-02  -2.748851105571e-02  -1.140705943108e+00   0.000000000000e+00   1.115952655673e-01  -1.038055568933e-01 
  0.000000000000e+00   1.115952655673e-01  -1.038055568933e-01   2.250190079212e-02   5.733425170183e-02  -2.038182467222e-01  -2.232946455479e-03   1.819734834135e-02  -1.201462149620e+00 
 -5.034515634179e-02  -1.638718065806e-03  -1.116138339043e+00  -3.155721724033e-02   1.253886800259e-02  -1.126378893852e+00  -4.571522586048e-03   2.957873232663e-02  -1.129714488983e+00 
 -2.824879437685e-02   3.537764772773e-02  -1.101588249207e+00   0.000000000000e+00   3.633300587535e-02  -1.099739432335e+00   0.000000000000e+00   3.633300587535e-02  -1.099739432335e+00 
  0.000000000000e+00   8.916210383177e-02   4.398033767939e-02   0.000000000000e+00   8.916210383177e-02   4.398033767939e-02   2.179658412933e-02   7.124765962362e-02  -6.716284155846e-02 
 -2.825238928199e-02   3.470099344850e-02  -1.211043357849e+00  -6.766925007105e-02   3.295827284455e-02  -1.152936458588e+00  -1.522016432136e-02   5.175887420774e-02  -1.133476972580e+00 
 -1.170783117414e-02   4.646750912070e-02  -1.126734495163e+00  -2.520947903395e-02   4.719882085919e-02  -1.103288769722e+00   6.862496957183e-03   5.289081856608e-02  -1.103596329689e+00 
  6.862496957183e-03   5.289081856608e-02  -1.103596329689e+00   0.000000000000e+00   1.843386213295e-03   6.775196641684e-02   0.000000000000e+00   1.843386213295e-03   6.775196641684e-02 
 -6.322735571302e-04  -2.967821247876e-02  -2.761579155922e-01  -2.613429538906e-02  -5.014528334141e-02  -1.179154515266e+00  -7.949926704168e-02  -5.794309079647e-02  -1.098582983017e+00 
 -1.125875860453e-02  -4.752669110894e-02  -1.081543803215e+00  -1.345333643258e-02  -4.935179278255e-02  -1.074491143227e+00  -2.059629932046e-02  -4.393123835325e-02  -1.054417014122e+00 
  1.330146286637e-02  -3.987351059914e-02  -1.062834382057e+00   1.330146286637e-02  -3.987351059914e-02  -1.062834382057e+00   0.000000000000e+00   1.056608278304e-02   4.302078783512e-01 
  0.000000000000e+00   1.056608278304e-02   4.302078783512e-01  -1.667146570981e-02   2.904718928039e-02   1.666595488787e-01  -3.517981618643e-02   4.308899864554e-02  -1.214443922043e+00 
 -6.447324156761e-02   5.970971286297e-02  -1.182744741440e+00  -2.417513728142e-02   5.395108461380e-02  -1.169134736061e+00  -1.811944693327e-02   5.513729527593e-02  -1.161579012871e+00 
 -2.949940040708e-02   4.874263331294e-02  -1.099975466728e+00  -1.747964124661e-04   4.264048114419e-02  -1.104652643204e+00  -1.747964124661e-04   4.264048114419e-02  -1.104652643204e+00 
  0.000000000000e+00  -4.447656124830e-02  -7.033542543650e-02   0.000000000000e+00  -4.447656124830e-02  -7.033542543650e-02   7.986070215702e-02  -6.541714072227e-02  -2.372499182820e-02 
 -2.188070211560e-03  -7.430734485388e-02  -1.148821473122e+00  -6.848534196615e-02  -6.250119209290e-02  -1.150646686554e+00  -8.505000732839e-03  -4.206268489361e-02  -1.149579167366e+00 
 -1.479074917734e-02  -3.414972126484e-02  -1.147187113762e+00  -3.851501271129e-02  -4.972083866596e-02  -1.088659882545e+00  -9.202143177390e-03  -5.342553555965e-02  -1.082761645317e+00 
 -9.202143177390e-03  -5.342553555965e-02  -1.082761645317e+00   0.000000000000e+00   0.000000000000e+00  -5.284714102745e-01   0.000000000000e+00   0.000000000000e+00  -5.284714102745e-01 
  6.649924814701e-02   0.000000000000e+00  -6.194504499435e-01  -2.094686776400e-02   0.000000000000e+00  -1.134818196297e+00  -8.430799841881e-02   0.000000000000e+00  -1.156801223755e+00 
 -2.269473392516e-03   0.000000000000e+00  -1.177196025848e+00  -1.114104688168e-02   0.000000000000e+00  -1.180778026581e+00  -3.239822015166e-02   0.000000000000e+00  -1.165749549866e+00 
  2.944575622678e-03   0.000000000000e+00  -1.165299296379e+00   2.944575622678e-03   0.000000000000e+00  -1.165299296379e+00   0.000000000000e+00   0.000000000000e+00  -5.284714102745e-01 
  0.000000000000e+00   0.000000000000e+00  -5.284714102745e-01   6.649924814701e-02   0.000000000000e+00  -6.194504499435e-01  -2.094686776400e-02   0.000000000000e+00  -1.134818196297e+00 
 -8.430799841881e-02   0.000000000000e+00  -1.156801223755e+00  -2.269473392516e-03   0.000000000000e+00  -1.177196025848e+00  -1.114104688168e-02   0.000000000000e+00  -1.180778026581e+00 
 -3.239822015166e-02   0.000000000000e+00  -1.165749549866e+00   2.944575622678e-03   0.000000000000e+00  -1.165299296379e+00   2.944575622678e-03   0.000000000000e+00  -1.165299296379e+00 
  0.000000000000e+00   1.647727447562e-03  -3.867339789867e-01   0.000000000000e+00   1.647727447562e-03  -3.867339789867e-01  -1.891767792404e-02   3.226559236646e-02  -2.729950249195e-01 
  4.254550114274e-02   3.828142955899e-02   3.617967665195e-01   0.000000000000e+00   1.043262705207e-02  -1.000000014901e-01   0.000000000000e+00  -2.246638387442e-02  -1.000000014901e-01 
  0.000000000000e+00  -1.935230381787e-02  -1.000000014901e-01   0.000000000000e+00  -2.012253925204e-02  -1.000000014901e-01   0.000000000000e+00  -1.902289129794e-02  -1.000000014901e-01 
  0.000000000000e+00  -1.902289129794e-02  -1.000000014901e-01   0.000000000000e+00   1.647727447562e-03  -3.867339789867e-01   0.000000000000e+00   1.647727447562e-03  -3.867339789867e-01 
 -1.891767792404e-02   3.226559236646e-02  -2.729950249195e-01   4.254550114274e-02   3.828142955899e-02   3.617967665195e-01   0.000000000000e+00   1.043262705207e-02  -1.000000014901e-01 
  0.000000000000e+00  -2.246638387442e-02  -1.000000014901e-01   0.000000000000e+00  -1.935230381787e-02  -1.000000014901e-01   0.000000000000e+00  -2.012253925204e-02  -1.000000014901e-01 
  0.000000000000e+00  -1.902289129794e-02  -1.000000014901e-01   0.000000000000e+00  -1.902289129794e-02  -1.000000014901e-01   0.000000000000e+00   4.091673344374e-02   1.493519265205e-02 
  0.000000000000e+00   4.091673344374e-02   1.493519265205e-02  -2.401116676629e-02   5.874717980623e-02  -1.331925094128e-01  -8.638849831186e-04   4.189701005816e-02  -4.086158573627e-01 
 -2.910081483424e-02   7.214482873678e-03  -8.945357799530e-01  -2.988356538117e-02  -2.912683971226e-02  -1.104784250259e+00  -1.261631958187e-02  -2.791902981699e-02  -1.144521713257e+00 
 -3.060770593584e-02  -3.035354986787e-02  -1.133526325226e+00   1.316904276609e-02  -2.748851105571e-02  -1.140705943108e+00   1.316904276609e-02  -2.748851105571e-02  -1.140705943108e+00 
  0.000000000000e+00   1.163703203201e-01  -1.329130083323e-01   0.000000000000e+00   1.163703203201e-01  -1.329130083323e-01  -5.054165422916e-02   9.663096815348e-02  -1.466130614281e-01 
 -2.642861753702e-02   5.828418210149e-02  -7.274526357651e-01  -4.211356490850e-02   1.531849149615e-02  -1.051283717155e+00  -3.198935836554e-02   1.250196341425e-02  -1.124445676804e+00 
 -4.633678123355e-03   2.949842438102e-02  -1.129711389542e+00  -2.824881300330e-02   3.537755087018e-02  -1.101588249207e+00   3.345402297197e-12   3.633300587535e-02  -1.099739432335e+00 
  3.345402297197e-12   3.633300587535e-02  -1.099739432335e+00   0.000000000000e+00   7.393390114885e-05   6.468722224236e-02   0.000000000000e+00   7.393390114885e-05   6.468722224236e-02 
  1.779687032104e-02   1.645944453776e-02   3.110185265541e-02  -1.458199461922e-03   2.618876472116e-02  -7.070907950401e-01  -5.062320083380e-02   3.123654238880e-02  -1.089201807976e+00 
 -1.672780327499e-02   5.084270238876e-02  -1.132566690445e+00  -1.171056460589e-02   4.647218436003e-02  -1.126736998558e+00  -2.520947344601e-02   4.719882085919e-02  -1.103288769722e+00 
  6.862496957183e-03   5.289081856608e-02  -1.103596329689e+00   6.862496957183e-03   5.289081856608e-02  -1.103596329689e+00   0.000000000000e+00  -1.471051480621e-02  -1.466197054833e-02 
  0.000000000000e+00  -1.471051480621e-02  -1.466197054833e-02   3.479324514046e-03  -1.786567829549e-02  -7.643851637840e-02  -8.536634966731e-03  -3.398529067636e-02  -7.316375374794e-01 
 -6.140631437302e-02  -5.244131013751e-02  -1.046313047409e+00  -1.328309904784e-02  -4.772096127272e-02  -1.080823183060e+00  -1.345318742096e-02  -4.935040697455e-02  -1.074493765831e+00 
 -2.059629559517e-02  -4.393124207854e-02  -1.054417014122e+00   1.330146286637e-02  -3.987351059914e-02  -1.062834382057e+00   1.330146286637e-02  -3.987351059914e-02  -1.062834382057e+00 
  0.000000000000e+00   3.004132013302e-04  -6.715871095657e-01   0.000000000000e+00   3.004132013302e-04  -6.715871095657e-01   3.456754982471e-02   6.375321187079e-03  -4.735160768032e-01 
  6.262156181037e-03   2.473215758801e-02  -9.137551188469e-01  -4.644101113081e-02   5.169453471899e-02  -1.144426226616e+00  -2.507385239005e-02   5.386177822948e-02  -1.168629288673e+00 
 -1.812534034252e-02   5.513621494174e-02  -1.161581993103e+00  -2.949939668179e-02   4.874263703823e-02  -1.099975466728e+00  -1.747964124661e-04   4.264048114419e-02  -1.104652643204e+00 
 -1.747964124661e-04   4.264048114419e-02  -1.104652643204e+00   0.000000000000e+00  -3.096521645784e-02  -3.169668316841e-01   0.000000000000e+00  -3.096521645784e-02  -3.169668316841e-01 
  1.664352975786e-02  -3.824576735497e-02  -2.476761043072e-01   9.001150727272e-03  -5.627655610442e-02  -7.831119894981e-01  -4.873208701611e-02  -6.107480451465e-02  -1.098290205002e+00 
 -1.012868061662e-02  -4.281508922577e-02  -1.148530006409e+00  -1.478679943830e-02  -3.415706008673e-02  -1.147187709808e+00  -3.851500526071e-02  -4.972083121538e-02  -1.088659882545e+00 
 -9.202143177390e-03  -5.342553555965e-02  -1.082761645317e+00  -9.202143177390e-03  -5.342553555965e-02  -1.082761645317e+00   0.000000000000e+00   0.000000000000e+00  -6.308725476265e-02 
  0.000000000000e+00   0.000000000000e+00  -6.308725476265e-02  -1.278682239354e-02   0.000000000000e+00  -1.945514678955e-01  -1.609839312732e-02   0.000000000000e+00  -7.532321810722e-01 
 -6.691965460777e-02   0.000000000000e+00  -1.099311470985e+00  -4.878938663751e-03   0.000000000000e+00  -1.175602793694e+00  -1.113574113697e-02   0.000000000000e+00  -1.180775880814e+00 
 -3.239821270108e-02   0.000000000000e+00  -1.165749549866e+00   2.944575622678e-03   0.000000000000e+00  -1.165299296379e+00   2.944575622678e-03   0.000000000000e+00  -1.165299296379e+00 
  0.000000000000e+00   0.000000000000e+00  -6.308725476265e-02   0.000000000000e+00   0.000000000000e+00  -6.308725476265e-02  -1.278682239354e-02   0.000000000000e+00  -1.945514678955e-01 
 -1.609839312732e-02   0.000000000000e+00  -7.532321810722e-01  -6.691965460777e-02   0.000000000000e+00  -1.099311470985e+00  -4.878938663751e-03   0.000000000000e+00  -1.175602793694e+00 
 -1.113574113697e-02   0.000000000000e+00  -1.180775880814e+00  -3.239821270108e-02   0.000000000000e+00  -1.165749549866e+00   2.944575622678e-03   0.000000000000e+00  -1.165299296379e+00 
  2.944575622678e-03   0.000000000000e+00  -1.165299296379e+00   0.000000000000e+00  -1.250325739384e-01  -2.155943363905e-01   0.000000000000e+00  -1.250325739384e-01  -2.155943363905e-01 
  1.074012462050e-02  -3.603160381317e-02  -4.460789561272e-01   0.000000000000e+00  -7.988542318344e-03   4.311471432447e-02   0.000000000000e+00  -8.592167287134e-04  -1.000000014901e-01 
  0.000000000000e+00  -1.602614298463e-02  -1.000000014901e-01   0.000000000000e+00  -2.156879007816e-02  -1.000000014901e-01   0.000000000000e+00  -2.344013378024e-02  -1.000000014901e-01 
  0.000000000000e+00  -2.218472771347e-02  -1.000000014901e-01   0.000000000000e+00  -2.218472771347e-02  -1.000000014901e-01   0.000000000000e+00  -1.250325739384e-01  -2.155943363905e-01 
  0.000000000000e+00  -1.250325739384e-01  -2.155943363905e-01   1.074012462050e-02  -3.603160381317e-02  -4.460789561272e-01   0.000000000000e+00  -7.988542318344e-03   4.311471432447e-02 
  0.000000000000e+00  -8.592167287134e-04  -1.000000014901e-01   0.000000000000e+00  -1.602614298463e-02  -1.000000014901e-01   0.000000000000e+00  -2.156879007816e-02  -1.000000014901e-01 
  0.000000000000e+00  -2.344013378024e-02  -1.000000014901e-01   0.000000000000e+00  -2.218472771347e-02  -1.000000014901e-01   0.000000000000e+00  -2.218472771347e-02  -1.000000014901e-01 
  0.000000000000e+00  -9.758015722036e-02  -2.675282359123e-01   0.000000000000e+00  -9.758015722036e-02  -2.675282359123e-01   1.644094474614e-02  -3.984863311052e-02  -3.010672628880e-01 
  9.733229875565e-03  -9.997793473303e-03  -2.456922978163e-01  -5.573684815317e-03  -1.835010829382e-03  -5.199248790741e-01  -1.934203878045e-02  -1.975396275520e-02  -9.336919188499e-01 
 -1.252175495028e-02  -2.694386616349e-02  -1.129194378853e+00  -3.036825172603e-02  -3.032152540982e-02  -1.133464217186e+00   1.316806487739e-02  -2.748867869377e-02  -1.140705823898e+00 
  1.316806487739e-02  -2.748867869377e-02  -1.140705823898e+00   0.000000000000e+00   9.301234781742e-02  -5.240147113800e-01   0.000000000000e+00   9.301234781742e-02  -5.240147113800e-01 
 -2.035460062325e-02   8.723405748606e-02  -4.780033528805e-01  -1.900918222964e-02   7.117641717196e-02  -5.052047371864e-01  -2.649801410735e-02   4.033423215151e-02  -7.997781038284e-01 
 -2.980015426874e-02   1.877266727388e-02  -1.070868372917e+00  -5.945147480816e-03   2.870175614953e-02  -1.128297090530e+00  -2.822577767074e-02   3.536119684577e-02  -1.101603746414e+00 
  2.052479963766e-08   3.633300215006e-02  -1.099739432335e+00   2.052479963766e-08   3.633300215006e-02  -1.099739432335e+00   0.000000000000e+00   9.310039691627e-03  -2.115029543638e-01 
  0.000000000000e+00   9.310039691627e-03  -2.115029543638e-01   1.423076912761e-02   9.803851135075e-03  -2.070731520653e-01   1.174971275032e-02   1.434616092592e-02  -3.380011618137e-01 
 -1.413338258862e-02   2.298277616501e-02  -7.796409130096e-01  -1.618814095855e-02   4.412997141480e-02  -1.080316662788e+00  -1.188504789025e-02   4.636626318097e-02  -1.125735521317e+00 
 -2.519736438990e-02   4.719794914126e-02  -1.103299260139e+00   6.862482056022e-03   5.289081484079e-02  -1.103596329689e+00   6.862482056022e-03   5.289081484079e-02  -1.103596329689e+00 
  0.000000000000e+00   1.313567347825e-02   1.749301850796e-01   0.000000000000e+00   1.313567347825e-02   1.749301850796e-01   2.393537666649e-03   1.212636474520e-02   1.665921509266e-01 
  8.375389152206e-04   1.557632465847e-03  -6.246847286820e-02  -2.482222206891e-02  -2.543193288147e-02  -6.407176852226e-01  -1.627210527658e-02  -4.251820221543e-02  -1.015755534172e+00 
 -1.357223093510e-02  -4.906705021858e-02  -1.073228478432e+00  -2.058976702392e-02  -4.393602535129e-02  -1.054425716400e+00   1.330144796520e-02  -3.987351432443e-02  -1.062834382057e+00 
  1.330144796520e-02  -3.987351432443e-02  -1.062834382057e+00   0.000000000000e+00   4.697047546506e-02  -1.533810198307e-01   0.000000000000e+00   4.697047546506e-02  -1.533810198307e-01 
 -2.971839718521e-02   4.565342888236e-02  -1.639385521412e-01  -2.459284849465e-02   4.085927456617e-02  -3.550856113434e-01  -3.360039740801e-02   4.627690091729e-02  -8.189972639084e-01 
 -2.728251181543e-02   5.209362879395e-02  -1.116935729980e+00  -1.851226575673e-02   5.501026287675e-02  -1.160620331764e+00  -2.948917075992e-02   4.874846711755e-02  -1.100003719330e+00 
 -1.748091162881e-04   4.264048486948e-02  -1.104652643204e+00  -1.748091162881e-04   4.264048486948e-02  -1.104652643204e+00   0.000000000000e+00  -7.290271669626e-02  -4.837540388107e-01 
  0.000000000000e+00  -7.290271669626e-02  -4.837540388107e-01   1.659416127950e-03  -7.177832722664e-02  -4.759685695171e-01   2.705270424485e-03  -6.822606176138e-02  -5.542671680450e-01 
 -1.850129663944e-02  -6.465043127537e-02  -8.740006089211e-01  -1.229746825993e-02  -4.790524020791e-02  -1.107940554619e+00  -1.468161586672e-02  -3.472618758678e-02  -1.146342158318e+00 
 -3.849282488227e-02  -4.970688372850e-02  -1.088686704636e+00  -9.202156215906e-03  -5.342553555965e-02  -1.082761645317e+00  -9.202156215906e-03  -5.342553555965e-02  -1.082761645317e+00 
  0.000000000000e+00   0.000000000000e+00  -1.068916097283e-01   0.000000000000e+00   0.000000000000e+00  -1.068916097283e-01  -7.628680672497e-03   0.000000000000e+00  -1.097824946046e-01 
 -8.835218846798e-03   0.000000000000e+00  -2.738139927387e-01  -3.278224170208e-02   0.000000000000e+00  -7.589758038521e-01  -1.210682932287e-02   0.000000000000e+00  -1.114004015923e+00 
 -1.117677334696e-02   0.000000000000e+00  -1.179337382317e+00  -3.237846121192e-02   0.000000000000e+00  -1.165755867958e+00   2.944560255855e-03   0.000000000000e+00  -1.165299296379e+00 
  2.944560255855e-03   0.000000000000e+00  -1.165299296379e+00   0.000000000000e+00   0.000000000000e+00  -1.068916097283e-01   0.000000000000e+00   0.000000000000e+00  -1.068916097283e-01 
 -7.628680672497e-03   0.000000000000e+00  -1.097824946046e-01  -8.835218846798e-03   0.000000000000e+00  -2.738139927387e-01  -3.278224170208e-02   0.000000000000e+00  -7.589758038521e-01 
 -1.210682932287e-02   0.000000000000e+00  -1.114004015923e+00  -1.117677334696e-02   0.000000000000e+00  -1.179337382317e+00  -3.237846121192e-02   0.000000000000e+00  -1.165755867958e+00 
  2.944560255855e-03   0.000000000000e+00  -1.165299296379e+00   2.944560255855e-03   0.000000000000e+00  -1.165299296379e+00   0.000000000000e+00  -4.287219420075e-02  -1.705423742533e-01 
  0.000000000000e+00  -4.287219420075e-02  -1.705423742533e-01  -1.165648829192e-02  -5.758163332939e-02  -3.765386343002e-01   0.000000000000e+00  -5.122215673327e-02  -1.000000014901e-01 
  0.000000000000e+00  -3.700315207243e-02  -1.000000014901e-01   0.000000000000e+00  -2.836193703115e-02  -1.000000014901e-01   0.000000000000e+00  -2.501367405057e-02  -1.000000014901e-01 
  0.000000000000e+00  -2.539207972586e-02  -1.000000014901e-01   0.000000000000e+00  -2.407410368323e-02  -1.000000014901e-01   0.000000000000e+00  -2.407410368323e-02  -1.000000014901e-01 
  0.000000000000e+00  -4.287219420075e-02  -1.705423742533e-01   0.000000000000e+00  -4.287219420075e-02  -1.705423742533e-01  -1.165648829192e-02  -5.758163332939e-02  -3.765386343002e-01 
  0.000000000000e+00  -5.122215673327e-02  -1.000000014901e-01   0.000000000000e+00  -3.700315207243e-02  -1.000000014901e-01   0.000000000000e+00  -2.836193703115e-02  -1.000000014901e-01 
  0.000000000000e+00  -2.501367405057e-02  -1.000000014901e-01   0.000000000000e+00  -2.539207972586e-02  -1.000000014901e-01   0.000000000000e+00  -2.407410368323e-02  -1.000000014901e-01 
  0.000000000000e+00  -2.407410368323e-02  -1.000000014901e-01   0.000000000000e+00  -8.608450740576e-02  -1.025197878480e-01   0.000000000000e+00  -8.608450740576e-02  -1.025197878480e-01 
 -2.412782236934e-02  -7.909209281206e-02  -1.436428129673e-01  -1.968088373542e-02  -6.330435723066e-02  -1.503954678774e-01  -1.518695149571e-02  -4.315756633878e-02  -2.441672086716e-01 
 -1.553986687213e-02  -3.143111243844e-02  -5.919596552849e-01  -1.260437816381e-02  -2.811564877629e-02  -1.013255357742e+00  -2.879841625690e-02  -3.015352599323e-02  -1.128418445587e+00 
  1.307790540159e-02  -2.749684266746e-02  -1.140690922737e+00   1.307790540159e-02  -2.749684266746e-02  -1.140690922737e+00   0.000000000000e+00   4.557916522026e-02   2.049168348312e-01 
  0.000000000000e+00   4.557916522026e-02   2.049168348312e-01  -5.318528041244e-02   4.652244597673e-02   1.932152956724e-01  -5.190297961235e-02   4.722793400288e-02   1.355313062668e-01 
 -4.695665836334e-02   4.216011613607e-02  -1.233072280884e-01  -3.889453411102e-02   2.852225862443e-02  -6.729360222816e-01  -1.456753816456e-02   2.803647890687e-02  -1.058337330818e+00 
 -2.762908115983e-02   3.495595231652e-02  -1.100630521774e+00  -2.373944334977e-05   3.633105009794e-02  -1.099739909172e+00  -2.373944334977e-05   3.633105009794e-02  -1.099739909172e+00 
  0.000000000000e+00   3.637630119920e-02  -5.614801868796e-02   0.000000000000e+00   3.637630119920e-02  -5.614801868796e-02  -2.261052839458e-02   3.632796555758e-02  -5.592092126608e-02 
 -2.191687189043e-02   3.531945124269e-02  -6.578099727631e-02  -2.083986811340e-02   3.243707492948e-02  -2.495279014111e-01  -1.901103742421e-02   3.824067488313e-02  -7.362777590752e-01 
 -1.374157518148e-02   4.442963004112e-02  -1.067585945129e+00  -2.470981329679e-02   4.707909747958e-02  -1.102519035339e+00   6.832105107605e-03   5.288506299257e-02  -1.103595733643e+00 
  6.832105107605e-03   5.288506299257e-02  -1.103595733643e+00   0.000000000000e+00  -2.337983064353e-02  -7.350252568722e-02   0.000000000000e+00  -2.337983064353e-02  -7.350252568722e-02 
  2.273616194725e-02  -2.335970476270e-02  -7.336764782667e-02   2.228800579906e-02  -2.237090468407e-02  -7.292698323727e-02   1.532124448568e-02  -2.308101579547e-02  -2.200084626675e-01 
  2.249086741358e-03  -3.279493749142e-02  -6.865471601486e-01  -9.457593783736e-03  -4.525507614017e-02  -1.015523672104e+00  -2.011389285326e-02  -4.399118572474e-02  -1.053576469421e+00 
  1.326958928257e-02  -3.987744078040e-02  -1.062829971313e+00   1.326958928257e-02  -3.987744078040e-02  -1.062829971313e+00   0.000000000000e+00   1.154653821141e-02  -1.003873422742e-01 
  0.000000000000e+00   1.154653821141e-02  -1.003873422742e-01  -8.755505084991e-03   1.156567968428e-02  -1.004230231047e-01  -9.079484269023e-03   1.272497605532e-02  -1.107019260526e-01 
 -1.270492933691e-02   2.054644003510e-02  -2.941741645336e-01  -1.873588189483e-02   3.632003441453e-02  -7.765476703644e-01  -1.857042312622e-02   5.063431710005e-02  -1.103304028511e+00 
 -2.902236208320e-02   4.882743954659e-02  -1.100075721741e+00  -2.023099805228e-04   4.264637827873e-02  -1.104650497437e+00  -2.023099805228e-04   4.264637827873e-02  -1.104650497437e+00 
  0.000000000000e+00  -2.864623628557e-02  -1.627005189657e-01   0.000000000000e+00  -2.864623628557e-02  -1.627005189657e-01  -1.198681909591e-02  -2.867044322193e-02  -1.628763824701e-01 
 -1.168626733124e-02  -3.023585863411e-02  -1.786740273237e-01  -1.269387733191e-02  -3.825842216611e-02  -3.587869405746e-01  -1.252987794578e-02  -4.308183118701e-02  -7.980050444603e-01 
 -1.412198413163e-02  -3.668249398470e-02  -1.094358921051e+00  -3.745089843869e-02  -4.916146397591e-02  -1.088810563087e+00  -9.229086339474e-03  -5.342147126794e-02  -1.082764625549e+00 
 -9.229086339474e-03  -5.342147126794e-02  -1.082764625549e+00   0.000000000000e+00   0.000000000000e+00  -1.119532808661e-02   0.000000000000e+00   0.000000000000e+00  -1.119532808661e-02 
  6.397119723260e-03   0.000000000000e+00  -1.125067286193e-02   6.085516419262e-03   0.000000000000e+00  -2.184847556055e-02   3.388736804482e-04  -3.404541398009e-17  -2.127891629934e-01 
 -4.810090176761e-03  -5.760817981553e-17  -7.411586642265e-01  -9.520904161036e-03  -2.653401844807e-17  -1.113946795464e+00  -3.140123188496e-02  -1.111161849805e-18  -1.164624691010e+00 
  2.911817748100e-03  -1.058785630487e-21  -1.165299057961e+00   2.911817748100e-03  -1.058785630487e-21  -1.165299057961e+00   0.000000000000e+00   0.000000000000e+00  -1.119532808661e-02 
  0.000000000000e+00   0.000000000000e+00  -1.119532808661e-02   6.397119723260e-03   0.000000000000e+00  -1.125067286193e-02   6.085516419262e-03   0.000000000000e+00  -2.184847556055e-02 
  3.388736804482e-04  -3.404541398009e-17  -2.127891629934e-01  -4.810090176761e-03  -5.760817981553e-17  -7.411586642265e-01  -9.520904161036e-03  -2.653401844807e-17  -1.113946795464e+00 
 -3.140123188496e-02  -1.111161849805e-18  -1.164624691010e+00   2.911817748100e-03  -1.058785630487e-21  -1.165299057961e+00   2.911817748100e-03  -1.058785630487e-21  -1.165299057961e+00 
  0.000000000000e+00  -4.287219420075e-02  -1.705423742533e-01   0.000000000000e+00  -4.287219420075e-02  -1.705423742533e-01  -1.165648829192e-02  -5.758163332939e-02  -3.765386343002e-01 
  0.000000000000e+00  -5.122215673327e-02  -1.000000014901e-01   0.000000000000e+00  -3.700315207243e-02  -1.000000014901e-01   0.000000000000e+00  -2.836193703115e-02  -1.000000014901e-01 
  0.000000000000e+00  -2.501367405057e-02  -1.000000014901e-01   0.000000000000e+00  -2.539207972586e-02  -1.000000014901e-01   0.000000000000e+00  -2.407410368323e-02  -1.000000014901e-01 
  0.000000000000e+00  -2.407410368323e-02  -1.000000014901e-01   0.000000000000e+00  -4.287219420075e-02  -1.705423742533e-01   0.000000000000e+00  -4.287219420075e-02  -1.705423742533e-01 
 -1.165648829192e-02  -5.758163332939e-02  -3.765386343002e-01   0.000000000000e+00  -5.122215673327e-02  -1.000000014901e-01   0.000000000000e+00  -3.700315207243e-02  -1.000000014901e-01 
  0.000000000000e+00  -2.836193703115e-02  -1.000000014901e-01   0.000000000000e+00  -2.501367405057e-02  -1.000000014901e-01   0.000000000000e+00  -2.539207972586e-02  -1.000000014901e-01 
  0.000000000000e+00  -2.407410368323e-02  -1.000000014901e-01   0.000000000000e+00  -2.407410368323e-02  -1.000000014901e-01   0.000000000000e+00  -8.608450740576e-02  -1.025197878480e-01 
  0.000000000000e+00  -8.608450740576e-02  -1.025197878480e-01  -2.412782236934e-02  -7.909209281206e-02  -1.436428129673e-01  -1.968088373542e-02  -6.330435723066e-02  -1.503954678774e-01 
 -1.518695149571e-02  -4.315756633878e-02  -2.441672086716e-01  -1.553986687213e-02  -3.143111243844e-02  -5.919596552849e-01  -1.260437816381e-02  -2.811564877629e-02  -1.013255357742e+00 
 -2.879841625690e-02  -3.015352599323e-02  -1.128418445587e+00   1.307790540159e-02  -2.749684266746e-02  -1.140690922737e+00   1.307790540159e-02  -2.749684266746e-02  -1.140690922737e+00 
  0.000000000000e+00   4.557916522026e-02   2.049168348312e-01   0.000000000000e+00   4.557916522026e-02   2.049168348312e-01  -5.318528041244e-02   4.652244597673e-02   1.932152956724e-01 
 -5.190297961235e-02   4.722793400288e-02   1.355313062668e-01  -4.695665836334e-02   4.216011613607e-02  -1.233072280884e-01  -3.889453411102e-02   2.852225862443e-02  -6.729360222816e-01 
 -1.456753816456e-02   2.803647890687e-02  -1.058337330818e+00  -2.762908115983e-02   3.495595231652e-02  -1.100630521774e+00  -2.373944334977e-05   3.633105009794e-02  -1.099739909172e+00 
 -2.373944334977e-05   3.633105009794e-02  -1.099739909172e+00   0.000000000000e+00   3.637630119920e-02  -5.614801868796e-02   0.000000000000e+00   3.637630119920e-02  -5.614801868796e-02 
 -2.261052839458e-02   3.632796555758e-02  -5.592092126608e-02  -2.191687189043e-02   3.531945124269e-02  -6.578099727631e-02  -2.083986811340e-02   3.243707492948e-02  -2.495279014111e-01 
 -1.901103742421e-02   3.824067488313e-02  -7.362777590752e-01  -1.374157518148e-02   4.442963004112e-02  -1.067585945129e+00  -2.470981329679e-02   4.707909747958e-02  -1.102519035339e+00 
  6.832105107605e-03   5.288506299257e-02  -1.103595733643e+00   6.832105107605e-03   5.288506299257e-02  -1.103595733643e+00   0.000000000000e+00  -2.337983064353e-02  -7.350252568722e-02 
  0.000000000000e+00  -2.337983064353e-02  -7.350252568722e-02   2.273616194725e-02  -2.335970476270e-02  -7.336764782667e-02   2.228800579906e-02  -2.237090468407e-02  -7.292698323727e-02 
  1.532124448568e-02  -2.308101579547e-02  -2.200084626675e-01   2.249086741358e-03  -3.279493749142e-02  -6.865471601486e-01  -9.457593783736e-03  -4.525507614017e-02  -1.015523672104e+00 
 -2.011389285326e-02  -4.399118572474e-02  -1.053576469421e+00   1.326958928257e-02  -3.987744078040e-02  -1.062829971313e+00   1.326958928257e-02  -3.987744078040e-02  -1.062829971313e+00 
  0.000000000000e+00   1.154653821141e-02  -1.003873422742e-01   0.000000000000e+00   1.154653821141e-02  -1.003873422742e-01  -8.755505084991e-03   1.156567968428e-02  -1.004230231047e-01 
 -9.079484269023e-03   1.272497605532e-02  -1.107019260526e-01  -1.270492933691e-02   2.054644003510e-02  -2.941741645336e-01  -1.873588189483e-02   3.632003441453e-02  -7.765476703644e-01 
 -1.857042312622e-02   5.063431710005e-02  -1.103304028511e+00  -2.902236208320e-02   4.882743954659e-02  -1.100075721741e+00  -2.023099805228e-04   4.264637827873e-02  -1.104650497437e+00 
 -2.023099805228e-04   4.264637827873e-02  -1.104650497437e+00   0.000000000000e+00  -2.864623628557e-02  -1.627005189657e-01   0.000000000000e+00  -2.864623628557e-02  -1.627005189657e-01 
 -1.198681909591e-02  -2.867044322193e-02  -1.628763824701e-01  -1.168626733124e-02  -3.023585863411e-02  -1.786740273237e-01  -1.269387733191e-02  -3.825842216611e-02  -3.587869405746e-01 
 -1.252987794578e-02  -4.308183118701e-02  -7.980050444603e-01  -1.412198413163e-02  -3.668249398470e-02  -1.094358921051e+00  -3.745089843869e-02  -4.916146397591e-02  -1.088810563087e+00 
 -9.229086339474e-03  -5.342147126794e-02  -1.082764625549e+00  -9.229086339474e-03  -5.342147126794e-02  -1.082764625549e+00   0.000000000000e+00   0.000000000000e+00  -1.119532808661e-02 
  0.000000000000e+00   0.000000000000e+00  -1.119532808661e-02   6.397119723260e-03   0.000000000000e+00  -1.125067286193e-02   6.085516419262e-03   0.000000000000e+00  -2.184847556055e-02 
  3.388736804482e-04  -3.404541398009e-17  -2.127891629934e-01  -4.810090176761e-03  -5.760817981553e-17  -7.411586642265e-01  -9.520904161036e-03  -2.653401844807e-17  -1.113946795464e+00 
 -3.140123188496e-02  -1.111161849805e-18  -1.164624691010e+00   2.911817748100e-03  -1.058785630487e-21  -1.165299057961e+00   2.911817748100e-03  -1.058785630487e-21  -1.165299057961e+00 
  0.000000000000e+00   0.000000000000e+00  -1.119532808661e-02   0.000000000000e+00   0.000000000000e+00  -1.119532808661e-02   6.397119723260e-03   0.000000000000e+00  -1.125067286193e-02 
  6.085516419262e-03   0.000000000000e+00  -2.184847556055e-02   3.388736804482e-04  -3.404541398009e-17  -2.127891629934e-01  -4.810090176761e-03  -5.760817981553e-17  -7.411586642265e-01 
 -9.520904161036e-03  -2.653401844807e-17  -1.113946795464e+00  -3.140123188496e-02  -1.111161849805e-18  -1.164624691010e+00   2.911817748100e-03  -1.058785630487e-21  -1.165299057961e+00 
  2.911817748100e-03  -1.058785630487e-21  -1.165299057961e+00 

