# vtk DataFile Version 2.0
Written using VisIt writer
ASCII
DATASET RECTILINEAR_GRID
DIMENSIONS 10 10 10
X_COORDINATES 10 float
  0.000000000000e+00   5.000000000000e-01   1.000000000000e+00   1.500000000000e+00   2.000000000000e+00   2.500000000000e+00   3.000000000000e+00   3.500000000000e+00   4.000000000000e+00 
  4.500000000000e+00 
Y_COORDINATES 10 float
  0.000000000000e+00   5.000000000000e-01   1.000000000000e+00   1.500000000000e+00   2.000000000000e+00   2.500000000000e+00   3.000000000000e+00   3.500000000000e+00   4.000000000000e+00 
  4.500000000000e+00 
Z_COORDINATES 10 float
  0.000000000000e+00   5.000000000000e-01   1.000000000000e+00   1.500000000000e+00   2.000000000000e+00   2.500000000000e+00   3.000000000000e+00   3.500000000000e+00   4.000000000000e+00 
  4.500000000000e+00 
CELL_DATA 729
POINT_DATA 1000
VECTORS velocity float
  0.000000000000e+00  -2.363622188568e-01  -4.173078536987e-01   6.409009434272e-10   2.330132531370e-09   2.665739184948e-09   2.685248091439e-06   6.409978658972e-10   6.235323368742e-10 
  1.119739115238e-01  -1.840349435806e-01  -4.097176492214e-01   6.700733301557e-10   8.142401683453e-13   1.357144891258e-19   6.337064206718e-10   1.724700808836e-07   6.410545982938e-10 
 -1.089366823435e-01  -2.570251524448e-01  -4.321504235268e-01   2.640485945449e-06   6.701442178958e-10   6.409694996989e-10   1.680083369138e-04   2.330132531370e-09   6.664347962371e-10 
 -1.416177004576e-01  -2.534493207932e-01  -4.522475600243e-01   0.000000000000e+00  -2.363622188568e-01  -4.173078536987e-01   6.409690556097e-10   8.142401683453e-13   1.356847106238e-19 
 -4.773476347327e-02  -1.947257220745e-01  -4.309591054916e-01   1.119739115238e-01  -1.840349435806e-01  -4.097176492214e-01   6.409689445874e-10   6.409690556097e-10   6.409690556097e-10 
 -2.156813070178e-02  -2.291585505009e-01  -3.822544813156e-01  -1.089366823435e-01  -2.570251524448e-01  -4.321504235268e-01   1.356847106238e-19   6.336922098171e-10   6.409690556097e-10 
 -1.416177004576e-01  -2.534493207932e-01  -4.522475600243e-01  -1.416177004576e-01  -2.534493207932e-01  -4.522475600243e-01   0.000000000000e+00   2.874546051025e-01  -3.563791513443e-01 
  0.000000000000e+00   2.874546051025e-01  -3.563791513443e-01  -1.369001716375e-01   2.490223795176e-01  -4.055751264095e-01  -1.786306314170e-02   1.036765277386e-01  -4.368794858456e-01 
 -7.828170806170e-02   9.072904288769e-02  -4.692384898663e-01   6.436268240213e-02   8.528311550617e-02  -4.128058254719e-01  -3.665040060878e-02   1.144060119987e-01  -4.214100241661e-01 
  2.065205015242e-02   2.321912795305e-01  -4.160701036453e-01  -1.330194175243e-01   2.846000492573e-01  -4.263387918472e-01  -1.330194175243e-01   2.846000492573e-01  -4.263387918472e-01 
  0.000000000000e+00  -3.898606076837e-02  -3.508292436600e-01   0.000000000000e+00  -3.898606076837e-02  -3.508292436600e-01  -7.551409304142e-02  -5.088759586215e-02  -3.949206471443e-01 
  4.914032295346e-02   7.848930358887e-02  -4.129477441311e-01  -8.797289431095e-02   2.439641393721e-02  -4.120260775089e-01  -8.394001424313e-02  -1.119668185711e-01  -4.340712428093e-01 
 -1.129060983658e-01  -7.700043916702e-02  -5.533074140549e-01   4.634710773826e-02  -1.059428006411e-01  -4.322090744972e-01  -7.636492699385e-02  -9.508430212736e-02  -4.038123190403e-01 
 -7.636492699385e-02  -9.508430212736e-02  -4.038123190403e-01   0.000000000000e+00  -6.246464326978e-02  -3.769751191139e-01   0.000000000000e+00  -6.246464326978e-02  -3.769751191139e-01 
 -1.074678599834e-01  -6.748786568642e-02  -4.885059893131e-01   8.825518935919e-02  -1.006750687957e-01  -4.295992851257e-01   1.582439430058e-02  -1.164988148957e-02  -4.115935266018e-01 
  4.710852354765e-02   1.464757174253e-01  -3.870484828949e-01  -1.213561072946e-01   1.278472840786e-01  -4.173921644688e-01  -8.565764874220e-02  -5.910555645823e-02  -4.436661005020e-01 
 -1.402970552444e-01  -5.369555577636e-02  -4.948688447475e-01  -1.402970552444e-01  -5.369555577636e-02  -4.948688447475e-01   0.000000000000e+00   1.194287836552e-01  -3.393476903439e-01 
  0.000000000000e+00   1.194287836552e-01  -3.393476903439e-01  -1.497495025396e-01   1.109725311399e-01  -3.992771506310e-01  -7.620975375175e-02  -8.583133667707e-02  -4.557538330555e-01 
 -1.076679304242e-01  -1.123888343573e-01  -5.330670475960e-01   9.791266173124e-02  -1.172499358654e-01  -4.281078577042e-01   4.095142707229e-03  -1.593646476977e-03  -4.180827140808e-01 
  3.340793773532e-02   1.250901818275e-01  -4.035246968269e-01  -1.365825682878e-01   1.368661969900e-01  -4.291411042213e-01  -1.365825682878e-01   1.368661969900e-01  -4.291411042213e-01 
  0.000000000000e+00  -1.153163388371e-01  -3.471639156342e-01   0.000000000000e+00  -1.153163388371e-01  -3.471639156342e-01  -4.345333948731e-02  -6.169311236590e-03  -3.972750306129e-01 
  5.221006274223e-02   1.537185460329e-01  -4.170556962490e-01  -1.408913433552e-01   1.199544146657e-01  -4.247117042542e-01  -7.569155097008e-02  -8.360490202904e-02  -4.640303552151e-01 
 -1.086808219552e-01  -1.209516376257e-01  -4.942514598370e-01   2.012638188899e-02  -1.562513262033e-01  -4.296129941940e-01  -9.523411095142e-02  -1.076194494963e-01  -4.014048576355e-01 
 -9.523411095142e-02  -1.076194494963e-01  -4.014048576355e-01   0.000000000000e+00  -1.416550874710e-01  -3.925899267197e-01   0.000000000000e+00  -1.416550874710e-01  -3.925899267197e-01 
 -1.241680905223e-01  -9.537372738123e-02  -4.428074359894e-01   1.007112041116e-01   1.032152585685e-02  -4.193372428417e-01   2.344682998955e-02   1.101640909910e-01  -4.087442159653e-01 
  4.341874644160e-02   1.678038835526e-01  -3.972745537758e-01  -1.393940448761e-01   7.718427479267e-02  -4.190416336060e-01  -1.002960950136e-01  -1.124207377434e-01  -4.387764036655e-01 
 -1.166222915053e-01  -5.636496469378e-02  -4.463643431664e-01  -1.166222915053e-01  -5.636496469378e-02  -4.463643431664e-01   0.000000000000e+00   0.000000000000e+00  -3.917639553547e-01 
  0.000000000000e+00   0.000000000000e+00  -3.917639553547e-01  -1.889908462763e-01   0.000000000000e+00  -4.621195495129e-01  -1.102083399892e-01   0.000000000000e+00  -4.339199662209e-01 
 -1.023492366076e-01   0.000000000000e+00  -4.406438767910e-01   2.311486303806e-01   0.000000000000e+00  -4.021755754948e-01   1.046671420336e-01   0.000000000000e+00  -4.139995872974e-01 
  2.500489167869e-02   0.000000000000e+00  -4.583693146706e-01   6.239291746169e-03   0.000000000000e+00  -4.194706678391e-01   6.239291746169e-03   0.000000000000e+00  -4.194706678391e-01 
  0.000000000000e+00   0.000000000000e+00  -3.917639553547e-01   0.000000000000e+00   0.000000000000e+00  -3.917639553547e-01  -1.889908462763e-01   0.000000000000e+00  -4.621195495129e-01 
 -1.102083399892e-01   0.000000000000e+00  -4.339199662209e-01  -1.023492366076e-01   0.000000000000e+00  -4.406438767910e-01   2.311486303806e-01   0.000000000000e+00  -4.021755754948e-01 
  1.046671420336e-01   0.000000000000e+00  -4.139995872974e-01   2.500489167869e-02   0.000000000000e+00  -4.583693146706e-01   6.239291746169e-03   0.000000000000e+00  -4.194706678391e-01 
  6.239291746169e-03   0.000000000000e+00  -4.194706678391e-01   0.000000000000e+00  -2.363622188568e-01  -4.173078536987e-01   0.000000000000e+00  -2.363622188568e-01  -4.173078536987e-01 
 -4.773476347327e-02  -1.947257220745e-01  -4.309591054916e-01   1.119739115238e-01  -1.840349435806e-01  -4.097176492214e-01  -2.456923760474e-02  -2.052970528603e-01  -4.056947529316e-01 
 -2.156813070178e-02  -2.291585505009e-01  -3.822544813156e-01  -1.089366823435e-01  -2.570251524448e-01  -4.321504235268e-01  -5.154188349843e-02  -2.702680230141e-01  -4.518418014050e-01 
 -1.416177004576e-01  -2.534493207932e-01  -4.522475600243e-01  -1.416177004576e-01  -2.534493207932e-01  -4.522475600243e-01   0.000000000000e+00  -2.363622188568e-01  -4.173078536987e-01 
  0.000000000000e+00  -2.363622188568e-01  -4.173078536987e-01  -4.773476347327e-02  -1.947257220745e-01  -4.309591054916e-01   1.119739115238e-01  -1.840349435806e-01  -4.097176492214e-01 
 -2.456923760474e-02  -2.052970528603e-01  -4.056947529316e-01  -2.156813070178e-02  -2.291585505009e-01  -3.822544813156e-01  -1.089366823435e-01  -2.570251524448e-01  -4.321504235268e-01 
 -5.154188349843e-02  -2.702680230141e-01  -4.518418014050e-01  -1.416177004576e-01  -2.534493207932e-01  -4.522475600243e-01  -1.416177004576e-01  -2.534493207932e-01  -4.522475600243e-01 
  0.000000000000e+00   2.874546051025e-01  -3.563791513443e-01   0.000000000000e+00   2.874546051025e-01  -3.563791513443e-01  -1.369001716375e-01   2.490223795176e-01  -4.055751264095e-01 
 -1.786306314170e-02   1.036765277386e-01  -4.368794858456e-01  -7.828170806170e-02   9.072904288769e-02  -4.692384898663e-01   6.436268240213e-02   8.528311550617e-02  -4.128058254719e-01 
 -3.665040060878e-02   1.144060119987e-01  -4.214100241661e-01   2.065205015242e-02   2.321912795305e-01  -4.160701036453e-01  -1.330194175243e-01   2.846000492573e-01  -4.263387918472e-01 
 -1.330194175243e-01   2.846000492573e-01  -4.263387918472e-01   0.000000000000e+00  -3.898606076837e-02  -3.508292436600e-01   0.000000000000e+00  -3.898606076837e-02  -3.508292436600e-01 
 -7.551409304142e-02  -5.088759586215e-02  -3.949206471443e-01   4.914032295346e-02   7.848930358887e-02  -4.129477441311e-01  -8.797289431095e-02   2.439641393721e-02  -4.120260775089e-01 
 -8.394001424313e-02  -1.119668185711e-01  -4.340712428093e-01  -1.129060983658e-01  -7.700043916702e-02  -5.533074140549e-01   4.634710773826e-02  -1.059428006411e-01  -4.322090744972e-01 
 -7.636492699385e-02  -9.508430212736e-02  -4.038123190403e-01  -7.636492699385e-02  -9.508430212736e-02  -4.038123190403e-01   0.000000000000e+00  -6.246464326978e-02  -3.769751191139e-01 
  0.000000000000e+00  -6.246464326978e-02  -3.769751191139e-01  -1.074678599834e-01  -6.748786568642e-02  -4.885059893131e-01   8.825518935919e-02  -1.006750687957e-01  -4.295992851257e-01 
  1.582439430058e-02  -1.164988148957e-02  -4.115935266018e-01   4.710852354765e-02   1.464757174253e-01  -3.870484828949e-01  -1.213561072946e-01   1.278472840786e-01  -4.173921644688e-01 
 -8.565764874220e-02  -5.910555645823e-02  -4.436661005020e-01  -1.402970552444e-01  -5.369555577636e-02  -4.948688447475e-01  -1.402970552444e-01  -5.369555577636e-02  -4.948688447475e-01 
  0.000000000000e+00   1.194287836552e-01  -3.393476903439e-01   0.000000000000e+00   1.194287836552e-01  -3.393476903439e-01  -1.497495025396e-01   1.109725311399e-01  -3.992771506310e-01 
 -7.620975375175e-02  -8.583133667707e-02  -4.557538330555e-01  -1.076679304242e-01  -1.123888343573e-01  -5.330670475960e-01   9.791266173124e-02  -1.172499358654e-01  -4.281078577042e-01 
  4.095142707229e-03  -1.593646476977e-03  -4.180827140808e-01   3.340793773532e-02   1.250901818275e-01  -4.035246968269e-01  -1.365825682878e-01   1.368661969900e-01  -4.291411042213e-01 
 -1.365825682878e-01   1.368661969900e-01  -4.291411042213e-01   0.000000000000e+00  -1.153163388371e-01  -3.471639156342e-01   0.000000000000e+00  -1.153163388371e-01  -3.471639156342e-01 
 -4.345333948731e-02  -6.169311236590e-03  -3.972750306129e-01   5.221006274223e-02   1.537185460329e-01  -4.170556962490e-01  -1.408913433552e-01   1.199544146657e-01  -4.247117042542e-01 
 -7.569155097008e-02  -8.360490202904e-02  -4.640303552151e-01  -1.086808219552e-01  -1.209516376257e-01  -4.942514598370e-01   2.012638188899e-02  -1.562513262033e-01  -4.296129941940e-01 
 -9.523411095142e-02  -1.076194494963e-01  -4.014048576355e-01  -9.523411095142e-02  -1.076194494963e-01  -4.014048576355e-01   0.000000000000e+00  -1.416550874710e-01  -3.925899267197e-01 
  0.000000000000e+00  -1.416550874710e-01  -3.925899267197e-01  -1.241680905223e-01  -9.537372738123e-02  -4.428074359894e-01   1.007112041116e-01   1.032152585685e-02  -4.193372428417e-01 
  2.344682998955e-02   1.101640909910e-01  -4.087442159653e-01   4.341874644160e-02   1.678038835526e-01  -3.972745537758e-01  -1.393940448761e-01   7.718427479267e-02  -4.190416336060e-01 
 -1.002960950136e-01  -1.124207377434e-01  -4.387764036655e-01  -1.166222915053e-01  -5.636496469378e-02  -4.463643431664e-01  -1.166222915053e-01  -5.636496469378e-02  -4.463643431664e-01 
  0.000000000000e+00   0.000000000000e+00  -3.917639553547e-01   0.000000000000e+00   0.000000000000e+00  -3.917639553547e-01  -1.889908462763e-01   0.000000000000e+00  -4.621195495129e-01 
 -1.102083399892e-01   0.000000000000e+00  -4.339199662209e-01  -1.023492366076e-01   0.000000000000e+00  -4.406438767910e-01   2.311486303806e-01   0.000000000000e+00  -4.021755754948e-01 
  1.046671420336e-01   0.000000000000e+00  -4.139995872974e-01   2.500489167869e-02   0.000000000000e+00  -4.583693146706e-01   6.239291746169e-03   0.000000000000e+00  -4.194706678391e-01 
  6.239291746169e-03   0.000000000000e+00  -4.194706678391e-01   0.000000000000e+00   0.000000000000e+00  -3.917639553547e-01   0.000000000000e+00   0.000000000000e+00  -3.917639553547e-01 
 -1.889908462763e-01   0.000000000000e+00  -4.621195495129e-01  -1.102083399892e-01   0.000000000000e+00  -4.339199662209e-01  -1.023492366076e-01   0.000000000000e+00  -4.406438767910e-01 
  2.311486303806e-01   0.000000000000e+00  -4.021755754948e-01   1.046671420336e-01   0.000000000000e+00  -4.139995872974e-01   2.500489167869e-02   0.000000000000e+00  -4.583693146706e-01 
  6.239291746169e-03   0.000000000000e+00  -4.194706678391e-01   6.239291746169e-03   0.000000000000e+00  -4.194706678391e-01   0.000000000000e+00  -2.776570916176e-01  -5.127650499344e-01 
  0.000000000000e+00  -2.776570916176e-01  -5.127650499344e-01  -3.509603068233e-02  -2.708149552345e-01  -5.740960240364e-01  -9.322025580332e-04  -2.821322977543e-01  -7.290358543396e-01 
 -1.393981091678e-02  -2.907651066780e-01  -7.573562860489e-01  -1.935551688075e-02  -2.908574044704e-01  -8.106614947319e-01  -4.018948227167e-02  -2.826099097729e-01  -7.111852765083e-01 
 -2.338128536940e-02  -2.852438092232e-01  -6.808402538300e-01  -3.146163746715e-02  -2.642616033554e-01  -6.070256829262e-01  -3.146163746715e-02  -2.642616033554e-01  -6.070256829262e-01 
  0.000000000000e+00  -2.776570916176e-01  -5.127650499344e-01   0.000000000000e+00  -2.776570916176e-01  -5.127650499344e-01  -3.509603068233e-02  -2.708149552345e-01  -5.740960240364e-01 
 -9.322025580332e-04  -2.821322977543e-01  -7.290358543396e-01  -1.393981091678e-02  -2.907651066780e-01  -7.573562860489e-01  -1.935551688075e-02  -2.908574044704e-01  -8.106614947319e-01 
 -4.018948227167e-02  -2.826099097729e-01  -7.111852765083e-01  -2.338128536940e-02  -2.852438092232e-01  -6.808402538300e-01  -3.146163746715e-02  -2.642616033554e-01  -6.070256829262e-01 
 -3.146163746715e-02  -2.642616033554e-01  -6.070256829262e-01   0.000000000000e+00   2.453371882439e-01  -5.850849747658e-01   0.000000000000e+00   2.453371882439e-01  -5.850849747658e-01 
 -5.148840323091e-02   2.303570806980e-01  -6.085130572319e-01  -1.477672159672e-02   2.090676426888e-01  -6.800304055214e-01  -2.129836194217e-02   2.020629644394e-01  -6.312804222107e-01 
 -1.000530924648e-02   2.283742129803e-01  -7.277270555496e-01  -2.443502657115e-02   2.423257082701e-01  -7.262332439423e-01  -1.056000962853e-02   2.513016462326e-01  -7.770049571991e-01 
 -2.784810587764e-02   2.402555495501e-01  -7.343546152115e-01  -2.784810587764e-02   2.402555495501e-01  -7.343546152115e-01   0.000000000000e+00  -6.497287750244e-02  -5.817183852196e-01 
  0.000000000000e+00  -6.497287750244e-02  -5.817183852196e-01  -4.478492215276e-02  -6.802728772163e-02  -6.201927661896e-01  -1.405575592071e-02  -6.593879312277e-02  -7.886578440666e-01 
 -2.642001397908e-02  -7.542503625154e-02  -7.705997228622e-01  -2.074013836682e-02  -8.139597624540e-02  -7.140859961510e-01  -2.994357608259e-02  -7.592403888702e-02  -6.092218756676e-01 
 -1.906871423125e-02  -7.728801667690e-02  -6.935766339302e-01  -2.660366892815e-02  -7.511876523495e-02  -6.722800135612e-01  -2.660366892815e-02  -7.511876523495e-02  -6.722800135612e-01 
  0.000000000000e+00   2.880760282278e-02  -5.117648839951e-01   0.000000000000e+00   2.880760282278e-02  -5.117648839951e-01  -4.650013893843e-02   2.593611367047e-02  -5.215450525284e-01 
 -1.601584814489e-02   1.982735656202e-02  -6.931836605072e-01  -1.668891869485e-02   2.447469532490e-02  -7.229074239731e-01  -7.649163715541e-03   3.768196702003e-02  -8.050104975700e-01 
 -2.700466662645e-02   3.810700401664e-02  -7.627771496773e-01  -2.033602073789e-02   3.984095901251e-02  -6.816158294678e-01  -2.818615734577e-02   3.921736404300e-02  -5.870048403740e-01 
 -2.818615734577e-02   3.921736404300e-02  -5.870048403740e-01   0.000000000000e+00   1.065430883318e-02  -6.162376999855e-01   0.000000000000e+00   1.065430883318e-02  -6.162376999855e-01 
 -5.214342847466e-02   2.217315603048e-03  -6.630260944366e-01  -1.972978934646e-02  -5.373341497034e-03  -7.062823176384e-01  -2.854763343930e-02  -1.865735277534e-02  -6.115078330040e-01 
 -8.643137291074e-03  -2.131131663918e-02  -7.021343708038e-01  -1.702504418790e-02  -4.876320250332e-03  -7.226145863533e-01  -1.016440615058e-02   6.530075334013e-03  -7.933257222176e-01 
 -2.598003298044e-02   7.974868640304e-03  -7.309842705727e-01  -2.598003298044e-02   7.974868640304e-03  -7.309842705727e-01   0.000000000000e+00  -2.251536212862e-02  -5.656764507294e-01 
  0.000000000000e+00  -2.251536212862e-02  -5.656764507294e-01  -3.587279841304e-02  -4.307899158448e-03  -6.322236061096e-01  -6.366655696183e-03   1.266351900995e-02  -8.039047718048e-01 
 -2.331659011543e-02   1.487099751830e-02  -7.665365338326e-01  -1.440471224487e-02   1.133633684367e-02  -6.808434724808e-01  -3.228199109435e-02  -3.681952832267e-03  -6.059693098068e-01 
 -1.853929646313e-02  -1.731965690851e-02  -6.676277518272e-01  -2.405267208815e-02  -1.605647057295e-02  -6.315591931343e-01  -2.405267208815e-02  -1.605647057295e-02  -6.315591931343e-01 
  0.000000000000e+00  -1.847686618567e-02  -4.782430231571e-01   0.000000000000e+00  -1.847686618567e-02  -4.782430231571e-01  -4.697753116488e-02  -2.121660485864e-02  -5.176244974136e-01 
 -3.910838626325e-03  -1.629669591784e-02  -7.212941646576e-01  -1.805053208955e-03   9.299076162279e-03  -7.534308433533e-01   9.512984193861e-03   2.256342768669e-02  -8.206366896629e-01 
 -2.506339363754e-02   1.750003546476e-02  -7.662242054939e-01  -2.462616749108e-02   9.004418738186e-03  -6.449346542358e-01  -1.428083516657e-02   1.379416137934e-02  -5.676966309547e-01 
 -1.428083516657e-02   1.379416137934e-02  -5.676966309547e-01   0.000000000000e+00   0.000000000000e+00  -5.895011425018e-01   0.000000000000e+00   0.000000000000e+00  -5.895011425018e-01 
 -6.642450392246e-02   0.000000000000e+00  -6.087690591812e-01  -1.883752085268e-02   0.000000000000e+00  -6.567429304123e-01  -5.721410270780e-03   0.000000000000e+00  -5.813544392586e-01 
  3.296153619885e-02   0.000000000000e+00  -7.641438245773e-01   5.796635523438e-04   0.000000000000e+00  -8.615996241570e-01  -1.369096525013e-02   0.000000000000e+00  -8.380948901176e-01 
 -2.849819138646e-03   0.000000000000e+00  -7.915942072868e-01  -2.849819138646e-03   0.000000000000e+00  -7.915942072868e-01   0.000000000000e+00   0.000000000000e+00  -5.895011425018e-01 
  0.000000000000e+00   0.000000000000e+00  -5.895011425018e-01  -6.642450392246e-02   0.000000000000e+00  -6.087690591812e-01  -1.883752085268e-02   0.000000000000e+00  -6.567429304123e-01 
 -5.721410270780e-03   0.000000000000e+00  -5.813544392586e-01   3.296153619885e-02   0.000000000000e+00  -7.641438245773e-01   5.796635523438e-04   0.000000000000e+00  -8.615996241570e-01 
 -1.369096525013e-02   0.000000000000e+00  -8.380948901176e-01  -2.849819138646e-03   0.000000000000e+00  -7.915942072868e-01  -2.849819138646e-03   0.000000000000e+00  -7.915942072868e-01 
  0.000000000000e+00  -3.060875833035e-01  -4.265010356903e-01   0.000000000000e+00  -3.060875833035e-01  -4.265010356903e-01  -2.198810130358e-02  -3.123148679733e-01  -5.489791631699e-01 
 -4.430831409991e-03  -3.155627846718e-01  -6.685835719109e-01  -9.607726708055e-03  -3.217141330242e-01  -6.614143848419e-01  -1.348757091910e-02  -3.267662525177e-01  -6.553987860680e-01 
 -2.883307822049e-02  -3.345661163330e-01  -6.579942107201e-01  -1.560717914253e-02  -3.407262563705e-01  -6.521623134613e-01  -1.860345155001e-02  -3.376688063145e-01  -6.461918354034e-01 
 -1.860345155001e-02  -3.376688063145e-01  -6.461918354034e-01   0.000000000000e+00  -3.060875833035e-01  -4.265010356903e-01   0.000000000000e+00  -3.060875833035e-01  -4.265010356903e-01 
 -2.198810130358e-02  -3.123148679733e-01  -5.489791631699e-01  -4.430831409991e-03  -3.155627846718e-01  -6.685835719109e-01  -9.607726708055e-03  -3.217141330242e-01  -6.614143848419e-01 
 -1.348757091910e-02  -3.267662525177e-01  -6.553987860680e-01  -2.883307822049e-02  -3.345661163330e-01  -6.579942107201e-01  -1.560717914253e-02  -3.407262563705e-01  -6.521623134613e-01 
 -1.860345155001e-02  -3.376688063145e-01  -6.461918354034e-01  -1.860345155001e-02  -3.376688063145e-01  -6.461918354034e-01   0.000000000000e+00   1.950019150972e-01  -4.374718964100e-01 
  0.000000000000e+00   1.950019150972e-01  -4.374718964100e-01  -3.207888454199e-02   1.772683709860e-01  -5.535883307457e-01  -1.210047397763e-02   1.759350150824e-01  -6.734249591827e-01 
 -1.719367876649e-02   1.704502850771e-01  -6.715179681778e-01  -9.827921167016e-03   1.782958656549e-01  -6.628850698471e-01  -1.729717664421e-02   1.870532184839e-01  -6.582457423210e-01 
 -6.123860366642e-03   2.004719525576e-01  -6.468802690506e-01  -1.676070131361e-02   2.072400599718e-01  -6.452405452728e-01  -1.676070131361e-02   2.072400599718e-01  -6.452405452728e-01 
  0.000000000000e+00  -7.459738850594e-02  -4.315489828587e-01   0.000000000000e+00  -7.459738850594e-02  -4.315489828587e-01  -2.698045782745e-02  -7.196433842182e-02  -5.428037047386e-01 
 -9.118883870542e-03  -6.628227978945e-02  -6.443182826042e-01  -1.788247935474e-02  -6.796583533287e-02  -6.424635648727e-01  -1.784154027700e-02  -7.721463590860e-02  -6.469479203224e-01 
 -2.285025641322e-02  -8.249196410179e-02  -6.372745037079e-01  -1.298066787422e-02  -8.474534004927e-02  -6.298593282700e-01  -1.582520082593e-02  -8.209487795830e-02  -6.327598094940e-01 
 -1.582520082593e-02  -8.209487795830e-02  -6.327598094940e-01   0.000000000000e+00   2.051495388150e-02  -4.367566108704e-01   0.000000000000e+00   2.051495388150e-02  -4.367566108704e-01 
 -2.992377057672e-02   1.732888445258e-02  -5.351360440254e-01  -1.161054708064e-02   1.401351485401e-02  -6.497611403465e-01  -1.188041083515e-02   1.829785481095e-02  -6.572399139404e-01 
 -5.152225494385e-03   3.020137175918e-02  -6.450375914574e-01  -1.849636435509e-02   3.476142138243e-02  -6.424849629402e-01  -1.915925554931e-02   2.811595797539e-02  -6.498719453812e-01 
 -2.074716798961e-02   2.655241824687e-02  -6.326301693916e-01  -2.074716798961e-02   2.655241824687e-02  -6.326301693916e-01   0.000000000000e+00   5.575695075095e-03  -4.344659149647e-01 
  0.000000000000e+00   5.575695075095e-03  -4.344659149647e-01  -2.933395653963e-02   4.799220710993e-03  -5.449243783951e-01  -1.760418154299e-02  -1.842690166086e-03  -6.627311706543e-01 
 -2.201241999865e-02  -1.377618778497e-02  -6.530719399452e-01  -9.237980470061e-03  -1.825370639563e-02  -6.489150524139e-01  -1.085514202714e-02  -6.312442477793e-03  -6.513726711273e-01 
 -6.342933047563e-03   4.590129945427e-03  -6.377385258675e-01  -1.681837067008e-02   7.942897267640e-03  -6.358253359795e-01  -1.681837067008e-02   7.942897267640e-03  -6.358253359795e-01 
  0.000000000000e+00  -1.783102564514e-02  -4.335751533508e-01   0.000000000000e+00  -1.783102564514e-02  -4.335751533508e-01  -2.104320749640e-02  -4.628047347069e-03  -5.465075373650e-01 
 -3.103711409494e-03   1.104169897735e-02  -6.500079035759e-01  -1.560560613871e-02   1.704400405288e-02  -6.497684717178e-01  -1.640523970127e-02   1.020113285631e-02  -6.613470315933e-01 
 -2.319028973579e-02  -3.000048920512e-03  -6.562733650208e-01  -1.487397309393e-02  -1.290291734040e-02  -6.494617462158e-01  -1.457804813981e-02  -1.193996518850e-02  -6.410461068153e-01 
 -1.457804813981e-02  -1.193996518850e-02  -6.410461068153e-01   0.000000000000e+00  -1.006133854389e-02  -4.294489920139e-01   0.000000000000e+00  -1.006133854389e-02  -4.294489920139e-01 
 -2.926741540432e-02  -1.481149997562e-02  -5.323808789253e-01  -4.385651089251e-03  -1.432380452752e-02  -6.483276486397e-01  -1.377289416268e-03   2.592212753370e-03  -6.542010307312e-01 
  5.390105303377e-03   1.915077120066e-02  -6.479656100273e-01  -1.676718145609e-02   1.990798860788e-02  -6.501092314720e-01  -2.393604628742e-02   1.069038268179e-02  -6.587952971458e-01 
 -1.332549937069e-02   1.043050736189e-02  -6.265063881874e-01  -1.332549937069e-02   1.043050736189e-02  -6.265063881874e-01   0.000000000000e+00   0.000000000000e+00  -4.333836138248e-01 
  0.000000000000e+00   0.000000000000e+00  -4.333836138248e-01  -3.949416056275e-02   0.000000000000e+00  -5.467429161072e-01  -1.777288876474e-02   0.000000000000e+00  -6.634969115257e-01 
 -4.844712093472e-03   0.000000000000e+00  -6.336736083031e-01   2.037550881505e-02   0.000000000000e+00  -6.338798403740e-01   5.634650588036e-03   0.000000000000e+00  -6.499118804932e-01 
 -1.312587596476e-02   0.000000000000e+00  -6.430921554565e-01  -6.236474495381e-03   0.000000000000e+00  -6.310070157051e-01  -6.236474495381e-03   0.000000000000e+00  -6.310070157051e-01 
  0.000000000000e+00   0.000000000000e+00  -4.333836138248e-01   0.000000000000e+00   0.000000000000e+00  -4.333836138248e-01  -3.949416056275e-02   0.000000000000e+00  -5.467429161072e-01 
 -1.777288876474e-02   0.000000000000e+00  -6.634969115257e-01  -4.844712093472e-03   0.000000000000e+00  -6.336736083031e-01   2.037550881505e-02   0.000000000000e+00  -6.338798403740e-01 
  5.634650588036e-03   0.000000000000e+00  -6.499118804932e-01  -1.312587596476e-02   0.000000000000e+00  -6.430921554565e-01  -6.236474495381e-03   0.000000000000e+00  -6.310070157051e-01 
 -6.236474495381e-03   0.000000000000e+00  -6.310070157051e-01   0.000000000000e+00  -2.306442856789e-01  -4.435790777206e-01   0.000000000000e+00  -2.306442856789e-01  -4.435790777206e-01 
 -8.231743238866e-03  -2.285514920950e-01  -5.601723194122e-01  -7.445777766407e-03  -2.324305623770e-01  -6.822115778923e-01  -9.684064425528e-03  -2.373352646828e-01  -6.834726333618e-01 
 -1.191045157611e-02  -2.424586713314e-01  -6.853385567665e-01  -1.080197468400e-02  -2.473504692316e-01  -6.713967323303e-01  -9.849789552391e-03  -2.515895068645e-01  -6.626325249672e-01 
 -5.309212487191e-03  -2.543302178383e-01  -6.515957713127e-01  -5.309212487191e-03  -2.543302178383e-01  -6.515957713127e-01   0.000000000000e+00  -2.306442856789e-01  -4.435790777206e-01 
  0.000000000000e+00  -2.306442856789e-01  -4.435790777206e-01  -8.231743238866e-03  -2.285514920950e-01  -5.601723194122e-01  -7.445777766407e-03  -2.324305623770e-01  -6.822115778923e-01 
 -9.684064425528e-03  -2.373352646828e-01  -6.834726333618e-01  -1.191045157611e-02  -2.424586713314e-01  -6.853385567665e-01  -1.080197468400e-02  -2.473504692316e-01  -6.713967323303e-01 
 -9.849789552391e-03  -2.515895068645e-01  -6.626325249672e-01  -5.309212487191e-03  -2.543302178383e-01  -6.515957713127e-01  -5.309212487191e-03  -2.543302178383e-01  -6.515957713127e-01 
  0.000000000000e+00   1.213547587395e-01  -4.501712024212e-01   0.000000000000e+00   1.213547587395e-01  -4.501712024212e-01  -1.123401429504e-02   1.084596887231e-01  -5.698425173759e-01 
 -8.764737285674e-03   1.124850064516e-01  -6.927843093872e-01  -9.321762248874e-03   1.175465807319e-01  -6.858253479004e-01  -1.185191608965e-02   1.164076402783e-01  -6.868624091148e-01 
 -9.959606453776e-03   1.173362210393e-01  -6.807687282562e-01  -8.678429760039e-03   1.214613541961e-01  -6.823225021362e-01  -3.982562106103e-03   1.238657236099e-01  -6.748423576355e-01 
 -3.982562106103e-03   1.238657236099e-01  -6.748423576355e-01   0.000000000000e+00  -5.305415391922e-02  -4.337048232555e-01   0.000000000000e+00  -5.305415391922e-02  -4.337048232555e-01 
 -1.089268736541e-02  -5.352893471718e-02  -5.540348291397e-01  -1.266429200768e-02  -5.681934580207e-02  -6.801210641861e-01  -9.265840984881e-03  -5.615103244781e-02  -6.759772896767e-01 
 -9.253065101802e-03  -5.406043678522e-02  -6.688566207886e-01  -1.066653244197e-02  -5.494121834636e-02  -6.574408411980e-01  -9.289138019085e-03  -5.536121502519e-02  -6.520380377769e-01 
 -4.415497183800e-03  -5.590661615133e-02  -6.423302292824e-01  -4.415497183800e-03  -5.590661615133e-02  -6.423302292824e-01   0.000000000000e+00   1.421649567783e-02  -4.385725557804e-01 
  0.000000000000e+00   1.421649567783e-02  -4.385725557804e-01  -1.144228223711e-02   1.355854608119e-02  -5.598805546761e-01  -9.441146627069e-03   1.549839414656e-02  -6.789733767509e-01 
 -9.363372810185e-03   1.557696983218e-02  -6.747162938118e-01  -1.096899807453e-02   1.515531912446e-02  -6.812638640404e-01  -9.136917069554e-03   1.630795747042e-02  -6.779344677925e-01 
 -8.114381693304e-03   1.642686314881e-02  -6.687771081924e-01  -5.420164205134e-03   1.572284288704e-02  -6.558343768120e-01  -5.420164205134e-03   1.572284288704e-02  -6.558343768120e-01 
  0.000000000000e+00  -3.520960221067e-03  -4.448817372322e-01   0.000000000000e+00  -3.520960221067e-03  -4.448817372322e-01  -1.153757236898e-02  -3.795579774305e-03  -5.658517479897e-01 
 -9.143413975835e-03  -3.707887604833e-03  -6.845640540123e-01  -9.187240153551e-03  -2.895035548136e-03  -6.720380783081e-01  -8.821433410048e-03   1.046597972163e-04  -6.688429713249e-01 
 -9.002555161715e-03   5.597055424005e-04  -6.665527820587e-01  -9.431936778128e-03  -8.692172705196e-04  -6.703069210052e-01  -4.577239975333e-03  -5.082501447760e-04  -6.633249521255e-01 
 -4.577239975333e-03  -5.082501447760e-04  -6.633249521255e-01   0.000000000000e+00  -8.007002761588e-04  -4.370042085648e-01   0.000000000000e+00  -8.007002761588e-04  -4.370042085648e-01 
 -1.026571821421e-02   8.589687058702e-04  -5.591737031937e-01  -9.246258996427e-03   7.928173290566e-04  -6.897185444832e-01  -7.337943650782e-03   2.605722518638e-03  -6.871671676636e-01 
 -7.273472379893e-03   4.235845059156e-03  -6.802256107330e-01  -8.698600344360e-03   4.554736893624e-03  -6.673086881638e-01  -8.814442902803e-03   4.957567900419e-03  -6.586587429047e-01 
 -5.389476194978e-03   4.599233157933e-03  -6.495295763016e-01  -5.389476194978e-03   4.599233157933e-03  -6.495295763016e-01   0.000000000000e+00  -2.413449343294e-03  -4.338415861130e-01 
  0.000000000000e+00  -2.413449343294e-03  -4.338415861130e-01  -1.008174102753e-02  -1.594067551196e-03  -5.529608726501e-01  -7.244529202580e-03  -2.707234816626e-04  -6.755387783051e-01 
 -5.825015716255e-03   1.025662524626e-03  -6.777478456497e-01  -6.573006976396e-03   1.578629831783e-03  -6.922442317009e-01  -6.507670972496e-03   3.336030524224e-03  -6.919085979462e-01 
 -8.184151723981e-03   4.101628903300e-03  -6.781979799271e-01  -7.041743025184e-03   2.929405774921e-03  -6.699894666672e-01  -7.041743025184e-03   2.929405774921e-03  -6.699894666672e-01 
  0.000000000000e+00   0.000000000000e+00  -4.504140317440e-01   0.000000000000e+00   0.000000000000e+00  -4.504140317440e-01  -1.051079947501e-02   0.000000000000e+00  -5.643469691277e-01 
 -6.716240663081e-03   0.000000000000e+00  -6.701881289482e-01  -6.522350013256e-03   0.000000000000e+00  -6.634868383408e-01  -4.623381886631e-03   0.000000000000e+00  -6.865649223328e-01 
 -4.432646092027e-03   0.000000000000e+00  -7.043672204018e-01  -9.187903255224e-03   0.000000000000e+00  -7.054722905159e-01  -6.131095811725e-03   0.000000000000e+00  -7.037189006805e-01 
 -6.131095811725e-03   0.000000000000e+00  -7.037189006805e-01   0.000000000000e+00   0.000000000000e+00  -4.504140317440e-01   0.000000000000e+00   0.000000000000e+00  -4.504140317440e-01 
 -1.051079947501e-02   0.000000000000e+00  -5.643469691277e-01  -6.716240663081e-03   0.000000000000e+00  -6.701881289482e-01  -6.522350013256e-03   0.000000000000e+00  -6.634868383408e-01 
 -4.623381886631e-03   0.000000000000e+00  -6.865649223328e-01  -4.432646092027e-03   0.000000000000e+00  -7.043672204018e-01  -9.187903255224e-03   0.000000000000e+00  -7.054722905159e-01 
 -6.131095811725e-03   0.000000000000e+00  -7.037189006805e-01  -6.131095811725e-03   0.000000000000e+00  -7.037189006805e-01   0.000000000000e+00  -1.599977314472e-01  -4.367064535618e-01 
  0.000000000000e+00  -1.599977314472e-01  -4.367064535618e-01  -4.021646454930e-03  -1.577363610268e-01  -5.611928105354e-01  -4.679031204432e-03  -1.604281067848e-01  -6.840762495995e-01 
 -6.111175287515e-03  -1.632309854031e-01  -6.805688738823e-01  -7.471982855350e-03  -1.660495549440e-01  -6.761604547501e-01  -7.793209049851e-03  -1.688936650753e-01  -6.733550429344e-01 
 -5.892572458833e-03  -1.711746156216e-01  -6.697529554367e-01  -3.775047836825e-03  -1.728092879057e-01  -6.677300930023e-01  -3.775047836825e-03  -1.728092879057e-01  -6.677300930023e-01 
  0.000000000000e+00  -1.599977314472e-01  -4.367064535618e-01   0.000000000000e+00  -1.599977314472e-01  -4.367064535618e-01  -4.021646454930e-03  -1.577363610268e-01  -5.611928105354e-01 
 -4.679031204432e-03  -1.604281067848e-01  -6.840762495995e-01  -6.111175287515e-03  -1.632309854031e-01  -6.805688738823e-01  -7.471982855350e-03  -1.660495549440e-01  -6.761604547501e-01 
 -7.793209049851e-03  -1.688936650753e-01  -6.733550429344e-01  -5.892572458833e-03  -1.711746156216e-01  -6.697529554367e-01  -3.775047836825e-03  -1.728092879057e-01  -6.677300930023e-01 
 -3.775047836825e-03  -1.728092879057e-01  -6.677300930023e-01   0.000000000000e+00   7.222341001034e-02  -4.398074448109e-01   0.000000000000e+00   7.222341001034e-02  -4.398074448109e-01 
 -5.646055564284e-03   6.311570852995e-02  -5.658233165741e-01  -5.429167766124e-03   6.438845396042e-02  -6.928562521935e-01  -6.437702104449e-03   6.598749011755e-02  -6.903706789017e-01 
 -7.358077447861e-03   6.338794529438e-02  -6.864964365959e-01  -6.785476580262e-03   6.614974886179e-02  -6.831319928169e-01  -4.661971237510e-03   7.047826051712e-02  -6.788035631180e-01 
 -3.206292400137e-03   7.170868664980e-02  -6.770423650742e-01  -3.206292400137e-03   7.170868664980e-02  -6.770423650742e-01   0.000000000000e+00  -3.534137457609e-02  -4.292766749859e-01 
  0.000000000000e+00  -3.534137457609e-02  -4.292766749859e-01  -3.877280745655e-03  -3.286195918918e-02  -5.534998774529e-01  -6.288252770901e-03  -3.334509581327e-02  -6.741937994957e-01 
 -6.344658322632e-03  -3.298158943653e-02  -6.701254248619e-01  -6.453825160861e-03  -3.271650895476e-02  -6.674606800079e-01  -8.097314275801e-03  -3.415428474545e-02  -6.653650403023e-01 
 -6.212411914021e-03  -3.550136089325e-02  -6.626505255699e-01  -3.627023426816e-03  -3.608489781618e-02  -6.613928675652e-01  -3.627023426816e-03  -3.608489781618e-02  -6.613928675652e-01 
  0.000000000000e+00   9.217441082001e-03  -4.335494339466e-01   0.000000000000e+00   9.217441082001e-03  -4.335494339466e-01  -5.097919609398e-03   8.117337711155e-03  -5.584245920181e-01 
 -6.149271503091e-03   8.098295889795e-03  -6.832566857338e-01  -6.284834351391e-03   8.138990961015e-03  -6.803742051125e-01  -5.825272295624e-03   8.731078356504e-03  -6.752694249153e-01 
 -6.139117758721e-03   1.022557821125e-02  -6.714783310890e-01  -5.483430344611e-03   1.079601701349e-02  -6.688559055328e-01  -3.820985788479e-03   1.071994286031e-02  -6.672373414040e-01 
 -3.820985788479e-03   1.071994286031e-02  -6.672373414040e-01   0.000000000000e+00  -2.943395869806e-03  -4.341102540493e-01   0.000000000000e+00  -2.943395869806e-03  -4.341102540493e-01 
 -4.441774915904e-03  -2.394005889073e-03  -5.581288337708e-01  -5.567931570113e-03  -1.619778107852e-03  -6.813411712646e-01  -6.234867963940e-03  -1.259056967683e-03  -6.785421371460e-01 
 -6.013536360115e-03  -7.371539250016e-04  -6.759787201881e-01  -5.972442682832e-03  -3.975641157012e-04  -6.733800172806e-01  -4.711037967354e-03   3.229550493415e-04  -6.686517000198e-01 
 -3.178512910381e-03   8.591492660344e-04  -6.662489175797e-01  -3.178512910381e-03   8.591492660344e-04  -6.662489175797e-01   0.000000000000e+00  -1.067854347639e-03  -4.336492121220e-01 
  0.000000000000e+00  -1.067854347639e-03  -4.336492121220e-01  -4.222910851240e-03  -4.951509181410e-04  -5.588952898979e-01  -4.302566405386e-03   8.304552175105e-04  -6.818692684174e-01 
 -4.382065963000e-03   2.424109028652e-03  -6.781481504440e-01  -4.752822220325e-03   3.504886059090e-03  -6.757839918137e-01  -6.034434307367e-03   3.496312769130e-03  -6.738186478615e-01 
 -5.699455738068e-03   2.816821681336e-03  -6.712684035301e-01  -3.392845857888e-03   2.650914015248e-03  -6.690065264702e-01  -3.392845857888e-03   2.650914015248e-03  -6.690065264702e-01 
  0.000000000000e+00  -6.007560878061e-04  -4.325479567051e-01   0.000000000000e+00  -6.007560878061e-04  -4.325479567051e-01  -5.196518730372e-03  -1.206948305480e-03  -5.579065680504e-01 
 -5.054005887359e-03  -1.830566208810e-03  -6.837385892868e-01  -2.940122270957e-03  -2.536028914619e-04  -6.810743808746e-01  -1.578060560860e-03   2.625085879117e-03  -6.755151748657e-01 
 -3.407530486584e-03   4.443318583071e-03  -6.714955568314e-01  -5.197937134653e-03   4.699621349573e-03  -6.690313816071e-01  -3.141606226563e-03   4.820015747100e-03  -6.655277609825e-01 
 -3.141606226563e-03   4.820015747100e-03  -6.655277609825e-01   0.000000000000e+00   0.000000000000e+00  -4.329845309258e-01   0.000000000000e+00   0.000000000000e+00  -4.329845309258e-01 
 -6.121509242803e-03   0.000000000000e+00  -5.578892230988e-01  -6.434158422053e-03   0.000000000000e+00  -6.843376755714e-01  -3.332869382575e-03   0.000000000000e+00  -6.821869611740e-01 
 -1.719636748021e-05   0.000000000000e+00  -6.770208477974e-01  -8.149099885486e-04   0.000000000000e+00  -6.721439957619e-01  -3.535392228514e-03   0.000000000000e+00  -6.664623618126e-01 
 -2.197370398790e-03   0.000000000000e+00  -6.617065072060e-01  -2.197370398790e-03   0.000000000000e+00  -6.617065072060e-01   0.000000000000e+00   0.000000000000e+00  -4.329845309258e-01 
  0.000000000000e+00   0.000000000000e+00  -4.329845309258e-01  -6.121509242803e-03   0.000000000000e+00  -5.578892230988e-01  -6.434158422053e-03   0.000000000000e+00  -6.843376755714e-01 
 -3.332869382575e-03   0.000000000000e+00  -6.821869611740e-01  -1.719636748021e-05   0.000000000000e+00  -6.770208477974e-01  -8.149099885486e-04   0.000000000000e+00  -6.721439957619e-01 
 -3.535392228514e-03   0.000000000000e+00  -6.664623618126e-01  -2.197370398790e-03   0.000000000000e+00  -6.617065072060e-01  -2.197370398790e-03   0.000000000000e+00  -6.617065072060e-01 
  0.000000000000e+00  -9.975229203701e-02  -4.351883232594e-01   0.000000000000e+00  -9.975229203701e-02  -4.351883232594e-01   2.580470638350e-03  -9.692854434252e-02  -5.563349723816e-01 
 -3.656685119495e-03  -9.859327971935e-02  -6.786719560623e-01  -3.331261919811e-03  -9.987342357635e-02  -6.763797998428e-01  -4.490434657782e-03  -1.014616712928e-01  -6.737331748009e-01 
 -4.077562596649e-03  -1.028972789645e-01  -6.702198982239e-01  -3.217996330932e-03  -1.040932759643e-01  -6.671925783157e-01  -1.712172408588e-03  -1.048003509641e-01  -6.648849844933e-01 
 -1.712172408588e-03  -1.048003509641e-01  -6.648849844933e-01   0.000000000000e+00  -9.975229203701e-02  -4.351883232594e-01   0.000000000000e+00  -9.975229203701e-02  -4.351883232594e-01 
  2.580470638350e-03  -9.692854434252e-02  -5.563349723816e-01  -3.656685119495e-03  -9.859327971935e-02  -6.786719560623e-01  -3.331261919811e-03  -9.987342357635e-02  -6.763797998428e-01 
 -4.490434657782e-03  -1.014616712928e-01  -6.737331748009e-01  -4.077562596649e-03  -1.028972789645e-01  -6.702198982239e-01  -3.217996330932e-03  -1.040932759643e-01  -6.671925783157e-01 
 -1.712172408588e-03  -1.048003509641e-01  -6.648849844933e-01  -1.712172408588e-03  -1.048003509641e-01  -6.648849844933e-01   0.000000000000e+00   3.713990002871e-02  -4.352063536644e-01 
  0.000000000000e+00   3.713990002871e-02  -4.352063536644e-01   1.711606280878e-03   3.079806268215e-02  -5.591147542000e-01  -3.938361071050e-03   3.028438426554e-02  -6.859536767006e-01 
 -3.223439445719e-03   3.111184760928e-02  -6.831030249596e-01  -4.264815244824e-03   3.100200742483e-02  -6.801783442497e-01  -3.859510878101e-03   3.177449479699e-02  -6.771336197853e-01 
 -2.999247051775e-03   3.292706236243e-02  -6.750602126122e-01  -1.549964305013e-03   3.327452391386e-02  -6.732914447784e-01  -1.549964305013e-03   3.327452391386e-02  -6.732914447784e-01 
  0.000000000000e+00  -1.976454257965e-02  -4.279107153416e-01   0.000000000000e+00  -1.976454257965e-02  -4.279107153416e-01   3.018825547770e-03  -1.758866198361e-02  -5.504634380341e-01 
 -4.234912339598e-03  -1.779286935925e-02  -6.738640666008e-01  -3.353117033839e-03  -1.786983199418e-02  -6.708257794380e-01  -4.047172609717e-03  -1.775639317930e-02  -6.684585809708e-01 
 -4.022105596960e-03  -1.791770942509e-02  -6.649397015572e-01  -3.189234528691e-03  -1.797527633607e-02  -6.615612506866e-01  -1.498375670053e-03  -1.796849444509e-02  -6.590836048126e-01 
 -1.498375670053e-03  -1.796849444509e-02  -6.590836048126e-01   0.000000000000e+00   5.064572673291e-03  -4.316441118717e-01   0.000000000000e+00   5.064572673291e-03  -4.316441118717e-01 
  2.273664111272e-03   4.436349496245e-03  -5.543987751007e-01  -3.862695069984e-03   4.678437951952e-03  -6.782736778259e-01  -3.111860249192e-03   4.774500615895e-03  -6.750112771988e-01 
 -4.025397822261e-03   4.714828450233e-03  -6.729249954224e-01  -3.713160054758e-03   4.964453168213e-03  -6.707163453102e-01  -2.913959790021e-03   5.179823376238e-03  -6.682245731354e-01 
 -1.516095129773e-03   5.201359279454e-03  -6.659262776375e-01  -1.516095129773e-03   5.201359279454e-03  -6.659262776375e-01   0.000000000000e+00  -2.248132368550e-03  -4.309364259243e-01 
  0.000000000000e+00  -2.248132368550e-03  -4.309364259243e-01   2.490017097443e-03  -1.938959001563e-03  -5.538471937180e-01  -3.672152291983e-03  -1.463849213906e-03  -6.781420111656e-01 
 -2.705840393901e-03  -4.774847475346e-04  -6.748425364494e-01  -3.547542495653e-03   6.234094598767e-06  -6.721897125244e-01  -3.473544726148e-03   2.509779587854e-04  -6.696590185165e-01 
 -2.942263847217e-03   2.809944562614e-04  -6.676930189133e-01  -1.550615532324e-03   2.810561854858e-04  -6.660077571869e-01  -1.550615532324e-03   2.810561854858e-04  -6.660077571869e-01 
  0.000000000000e+00   2.022878179559e-04  -4.304593503475e-01   0.000000000000e+00   2.022878179559e-04  -4.304593503475e-01   2.660468686372e-03   3.975645813625e-04  -5.530927777290e-01 
 -3.488456597552e-03   5.299458280206e-04  -6.778707504272e-01  -2.406915882602e-03   7.828830275685e-04  -6.759408116341e-01  -3.151277545840e-03   1.144765177742e-03  -6.745151877403e-01 
 -3.132953308523e-03   1.457938691601e-03  -6.722498536110e-01  -2.690322697163e-03   1.682524918579e-03  -6.693529486656e-01  -1.506839995272e-03   1.748442417011e-03  -6.672229766846e-01 
 -1.506839995272e-03   1.748442417011e-03  -6.672229766846e-01   0.000000000000e+00  -4.969764850102e-04  -4.308239221573e-01   0.000000000000e+00  -4.969764850102e-04  -4.308239221573e-01 
  2.684463746846e-03  -2.700699260458e-04  -5.528654456139e-01  -3.023709869012e-03   1.174918652396e-04  -6.762190461159e-01  -1.890028710477e-03   5.160096334293e-04  -6.742980480194e-01 
 -2.879197243601e-03   7.563763065264e-04  -6.754878759384e-01  -2.854681340978e-03   1.007762621157e-03  -6.760435700417e-01  -2.518094144762e-03   1.173353637569e-03  -6.742660403252e-01 
 -1.563536352478e-03   1.183644169942e-03  -6.726989746094e-01  -1.563536352478e-03   1.183644169942e-03  -6.726989746094e-01   0.000000000000e+00   0.000000000000e+00  -4.322139918804e-01 
  0.000000000000e+00   0.000000000000e+00  -4.322139918804e-01   2.543913666159e-03   0.000000000000e+00  -5.538902878761e-01  -2.849877811968e-03   0.000000000000e+00  -6.758652925491e-01 
 -1.614415901713e-03   0.000000000000e+00  -6.729094386101e-01  -2.581669017673e-03   0.000000000000e+00  -6.749725937843e-01  -2.637474564835e-03   0.000000000000e+00  -6.777296066284e-01 
 -2.560668159276e-03   0.000000000000e+00  -6.779839396477e-01  -1.660653389990e-03   0.000000000000e+00  -6.776654720306e-01  -1.660653389990e-03   0.000000000000e+00  -6.776654720306e-01 
  0.000000000000e+00   0.000000000000e+00  -4.322139918804e-01   0.000000000000e+00   0.000000000000e+00  -4.322139918804e-01   2.543913666159e-03   0.000000000000e+00  -5.538902878761e-01 
 -2.849877811968e-03   0.000000000000e+00  -6.758652925491e-01  -1.614415901713e-03   0.000000000000e+00  -6.729094386101e-01  -2.581669017673e-03   0.000000000000e+00  -6.749725937843e-01 
 -2.637474564835e-03   0.000000000000e+00  -6.777296066284e-01  -2.560668159276e-03   0.000000000000e+00  -6.779839396477e-01  -1.660653389990e-03   0.000000000000e+00  -6.776654720306e-01 
 -1.660653389990e-03   0.000000000000e+00  -6.776654720306e-01   0.000000000000e+00  -4.921400174499e-02  -4.414231181145e-01   0.000000000000e+00  -4.921400174499e-02  -4.414231181145e-01 
  1.190729346126e-02  -4.524630308151e-02  -5.555014014244e-01  -2.584222005680e-03  -4.652929678559e-02  -6.782063245773e-01  -2.082147169858e-03  -4.671375080943e-02  -6.771630048752e-01 
 -2.655611606315e-03  -4.729932919145e-02  -6.748617291451e-01  -2.467425540090e-03  -4.796660691500e-02  -6.725115180016e-01  -1.812965492718e-03  -4.855284467340e-02  -6.703841090202e-01 
 -9.699268848635e-04  -4.885154590011e-02  -6.690953373909e-01  -9.699268848635e-04  -4.885154590011e-02  -6.690953373909e-01   0.000000000000e+00  -4.921400174499e-02  -4.414231181145e-01 
  0.000000000000e+00  -4.921400174499e-02  -4.414231181145e-01   1.190729346126e-02  -4.524630308151e-02  -5.555014014244e-01  -2.584222005680e-03  -4.652929678559e-02  -6.782063245773e-01 
 -2.082147169858e-03  -4.671375080943e-02  -6.771630048752e-01  -2.655611606315e-03  -4.729932919145e-02  -6.748617291451e-01  -2.467425540090e-03  -4.796660691500e-02  -6.725115180016e-01 
 -1.812965492718e-03  -4.855284467340e-02  -6.703841090202e-01  -9.699268848635e-04  -4.885154590011e-02  -6.690953373909e-01  -9.699268848635e-04  -4.885154590011e-02  -6.690953373909e-01 
  0.000000000000e+00   1.630834117532e-02  -4.394287765026e-01   0.000000000000e+00   1.630834117532e-02  -4.394287765026e-01   1.118229702115e-02   1.381737645715e-02  -5.562344193459e-01 
 -2.689787186682e-03   1.393266580999e-02  -6.827834248543e-01  -2.032157499343e-03   1.398814376444e-02  -6.816645860672e-01  -2.507703611627e-03   1.416480634362e-02  -6.795274615288e-01 
 -2.335544908419e-03   1.432441547513e-02  -6.773327589035e-01  -1.678492990322e-03   1.464256178588e-02  -6.753299832344e-01  -9.018026175909e-04   1.479951199144e-02  -6.741387844086e-01 
 -9.018026175909e-04   1.479951199144e-02  -6.741387844086e-01   0.000000000000e+00  -1.021915115416e-02  -4.356149435043e-01   0.000000000000e+00  -1.021915115416e-02  -4.356149435043e-01 
  1.262771803886e-02  -9.775802493095e-03  -5.505653023720e-01  -2.734526060522e-03  -1.035608351231e-02  -6.746165156364e-01  -2.073044655845e-03  -1.040080375969e-02  -6.733242869377e-01 
 -2.428391715512e-03  -1.033126469702e-02  -6.712453961372e-01  -2.368516288698e-03  -1.030790526420e-02  -6.690453290939e-01  -1.859669573605e-03  -1.030068844557e-02  -6.670783162117e-01 
 -9.434972307645e-04  -1.036686263978e-02  -6.659664511681e-01  -9.434972307645e-04  -1.036686263978e-02  -6.659664511681e-01   0.000000000000e+00   2.735337708145e-03  -4.376490116119e-01 
  0.000000000000e+00   2.735337708145e-03  -4.376490116119e-01   1.188310235739e-02   2.549924189225e-03  -5.530595183372e-01  -2.635054988787e-03   2.690278226510e-03  -6.777795553207e-01 
 -1.918501802720e-03   2.727226121351e-03  -6.766932606697e-01  -2.254400635138e-03   2.789442194626e-03  -6.745695471764e-01  -2.104548504576e-03   3.024020232260e-03  -6.723288893700e-01 
 -1.644749077968e-03   3.204564098269e-03  -6.703931689262e-01  -8.886859868653e-04   3.262400394306e-03  -6.692783236504e-01  -8.886859868653e-04   3.262400394306e-03  -6.692783236504e-01 
  0.000000000000e+00  -1.417537569068e-03  -4.373584389687e-01   0.000000000000e+00  -1.417537569068e-03  -4.373584389687e-01   1.211528759450e-02  -1.238447730429e-03  -5.525694489479e-01 
 -2.457165392116e-03  -8.748344844207e-04  -6.771314144135e-01  -1.655988860875e-03  -2.535252715461e-04  -6.762195825577e-01  -2.039266517386e-03  -1.997911567742e-05  -6.744536757469e-01 
 -1.971794292331e-03   1.178505772259e-04  -6.724913120270e-01  -1.567549188621e-03   2.097202668665e-04  -6.705588698387e-01  -8.500367403030e-04   2.606094349176e-04  -6.693680286407e-01 
 -8.500367403030e-04   2.606094349176e-04  -6.693680286407e-01   0.000000000000e+00   1.493308518548e-04  -4.373803138733e-01   0.000000000000e+00   1.493308518548e-04  -4.373803138733e-01 
  1.208176277578e-02   1.063220697688e-04  -5.527529120445e-01  -2.366154221818e-03   1.761926541803e-04  -6.775330901146e-01  -1.339599024504e-03   4.542348033283e-04  -6.766420006752e-01 
 -1.578306895681e-03   8.510011248291e-04  -6.748965978622e-01  -1.664135255851e-03   1.132742152549e-03  -6.730381250381e-01  -1.507832668722e-03   1.222925842740e-03  -6.713691353798e-01 
 -8.445936255157e-04   1.250340370461e-03  -6.703166365623e-01  -8.445936255157e-04   1.250340370461e-03  -6.703166365623e-01   0.000000000000e+00  -1.310273510171e-04  -4.372466206551e-01 
  0.000000000000e+00  -1.310273510171e-04  -4.372466206551e-01   1.208018418401e-02  -1.290223299293e-04  -5.525746345520e-01  -2.381899394095e-03  -1.225943851750e-04  -6.777011752129e-01 
 -1.093332190067e-03   1.181967891171e-04  -6.772492527962e-01  -1.067084609531e-03   5.245602806099e-04  -6.754534840584e-01  -1.181082800031e-03   8.937829989009e-04  -6.733939647675e-01 
 -1.254635979421e-03   1.076271175407e-03  -6.716560125351e-01  -7.361443713307e-04   1.160512445495e-03  -6.705049276352e-01  -7.361443713307e-04   1.160512445495e-03  -6.705049276352e-01 
  0.000000000000e+00   0.000000000000e+00  -4.372617006302e-01   0.000000000000e+00   0.000000000000e+00  -4.372617006302e-01   1.202702615410e-02   0.000000000000e+00  -5.524799227715e-01 
 -2.464321441948e-03   0.000000000000e+00  -6.777035593987e-01  -1.054666354321e-03   0.000000000000e+00  -6.775537729263e-01  -8.310236735269e-04   0.000000000000e+00  -6.759248375893e-01 
 -8.672115509398e-04   0.000000000000e+00  -6.738255023956e-01  -1.026017125696e-03   0.000000000000e+00  -6.718404889107e-01  -6.179070915096e-04   0.000000000000e+00  -6.704515218735e-01 
 -6.179070915096e-04   0.000000000000e+00  -6.704515218735e-01   0.000000000000e+00   0.000000000000e+00  -4.372617006302e-01   0.000000000000e+00   0.000000000000e+00  -4.372617006302e-01 
  1.202702615410e-02   0.000000000000e+00  -5.524799227715e-01  -2.464321441948e-03   0.000000000000e+00  -6.777035593987e-01  -1.054666354321e-03   0.000000000000e+00  -6.775537729263e-01 
 -8.310236735269e-04   0.000000000000e+00  -6.759248375893e-01  -8.672115509398e-04   0.000000000000e+00  -6.738255023956e-01  -1.026017125696e-03   0.000000000000e+00  -6.718404889107e-01 
 -6.179070915096e-04   0.000000000000e+00  -6.704515218735e-01  -6.179070915096e-04   0.000000000000e+00  -6.704515218735e-01   0.000000000000e+00  -7.179403677583e-03  -3.210527896881e-01 
  0.000000000000e+00  -7.179403677583e-03  -3.210527896881e-01   2.077341638505e-02   7.753159152344e-04  -4.677988886833e-01   2.935002557933e-03   1.313532004133e-03  -6.747832298279e-01 
 -1.916689565405e-03   1.416735234670e-03  -6.754127740860e-01  -2.655196934938e-03   1.454320037737e-03  -6.746054887772e-01  -2.467425540090e-03   1.447135116905e-03  -6.723858714104e-01 
 -1.812965492718e-03   1.500568818301e-03  -6.704142689705e-01  -9.699268848635e-04   1.550988643430e-03  -6.691984534264e-01  -9.699268848635e-04   1.550988643430e-03  -6.691984534264e-01 
  0.000000000000e+00  -7.179403677583e-03  -3.210527896881e-01   0.000000000000e+00  -7.179403677583e-03  -3.210527896881e-01   2.077341638505e-02   7.753159152344e-04  -4.677988886833e-01 
  2.935002557933e-03   1.313532004133e-03  -6.747832298279e-01  -1.916689565405e-03   1.416735234670e-03  -6.754127740860e-01  -2.655196934938e-03   1.454320037737e-03  -6.746054887772e-01 
 -2.467425540090e-03   1.447135116905e-03  -6.723858714104e-01  -1.812965492718e-03   1.500568818301e-03  -6.704142689705e-01  -9.699268848635e-04   1.550988643430e-03  -6.691984534264e-01 
 -9.699268848635e-04   1.550988643430e-03  -6.691984534264e-01   0.000000000000e+00   8.162936195731e-03  -3.187602162361e-01   0.000000000000e+00   8.162936195731e-03  -3.187602162361e-01 
  1.970084570348e-02   1.099015679210e-02  -4.677391648293e-01   2.600941574201e-03   1.331084035337e-02  -6.781557798386e-01  -1.879365416244e-03   1.396617013961e-02  -6.786210536957e-01 
 -2.507350873202e-03   1.416469551623e-02  -6.779104471207e-01  -2.335544908419e-03   1.432441547513e-02  -6.758050322533e-01  -1.678492990322e-03   1.464256178588e-02  -6.739515662193e-01 
 -9.018026175909e-04   1.479951199144e-02  -6.728105545044e-01  -9.018026175909e-04   1.479951199144e-02  -6.728105545044e-01   0.000000000000e+00  -5.524580832571e-03  -3.174416422844e-01 
  0.000000000000e+00  -5.524580832571e-03  -3.174416422844e-01   2.226078510284e-02  -7.650191895664e-03  -4.631945788860e-01   3.171667456627e-03  -9.784260764718e-03  -6.709584593773e-01 
 -1.900082454085e-03  -1.038080081344e-02  -6.715195178986e-01  -2.428095089272e-03  -1.033129263669e-02  -6.708620190620e-01  -2.368516288698e-03  -1.030790526420e-02  -6.688592433929e-01 
 -1.859669573605e-03  -1.030068844557e-02  -6.670984625816e-01  -9.434972307645e-04  -1.036686263978e-02  -6.659597158432e-01  -9.434972307645e-04  -1.036686263978e-02  -6.659597158432e-01 
  0.000000000000e+00   1.649073557928e-03  -3.184547722340e-01   0.000000000000e+00   1.649073557928e-03  -3.184547722340e-01   2.086453698575e-02   2.099498873577e-03  -4.657762646675e-01 
  2.917712088674e-03   2.565431874245e-03  -6.742826104164e-01  -1.759011182003e-03   2.721976954490e-03  -6.748197674751e-01  -2.254122402519e-03   2.789404476061e-03  -6.742643117905e-01 
 -2.104548504576e-03   3.024020232260e-03  -6.724007129669e-01  -1.644749077968e-03   3.204564098269e-03  -6.706992387772e-01  -8.886859868653e-04   3.262400394306e-03  -6.696274876595e-01 
 -8.886859868653e-04   3.262400394306e-03  -6.696274876595e-01   0.000000000000e+00  -9.282525279559e-04  -3.181935250759e-01   0.000000000000e+00  -9.282525279559e-04  -3.181935250759e-01 
  2.132317796350e-02  -1.083350158297e-03  -4.650221168995e-01   3.161940723658e-03  -9.188990225084e-04  -6.734649538994e-01  -1.497101271525e-03  -2.751122810878e-04  -6.742644906044e-01 
 -2.038962207735e-03  -2.012230288528e-05  -6.739134192467e-01  -1.971794292331e-03   1.178505553980e-04  -6.721907854080e-01  -1.567549188621e-03   2.097202668665e-04  -6.705982685089e-01 
 -8.500367403030e-04   2.606094349176e-04  -6.695905923843e-01  -8.500367403030e-04   2.606094349176e-04  -6.695905923843e-01   0.000000000000e+00   1.205532898894e-04  -3.182783722878e-01 
  0.000000000000e+00   1.205532898894e-04  -3.182783722878e-01   2.123240381479e-02   1.134376798291e-04  -4.651135504246e-01   3.209997434169e-03   1.629309699638e-04  -6.735317111015e-01 
 -1.189560629427e-03   4.447838873602e-04  -6.744998097420e-01  -1.578088616952e-03   8.507731836289e-04  -6.745830774307e-01  -1.664135255851e-03   1.132742152549e-03  -6.732835173607e-01 
 -1.507832668722e-03   1.222925842740e-03  -6.718624234200e-01  -8.445936255157e-04   1.250340370461e-03  -6.709024310112e-01  -8.445936255157e-04   1.250340370461e-03  -6.709024310112e-01 
  0.000000000000e+00  -1.042382209562e-04  -3.183573782444e-01   0.000000000000e+00  -1.042382209562e-04  -3.183573782444e-01   2.129763178527e-02  -1.166302754427e-04  -4.650779068470e-01 
  3.213385585696e-03  -1.213340146933e-04  -6.733564734459e-01  -9.513035183772e-04   1.104255861719e-04  -6.743857264519e-01  -1.067019649781e-03   5.243278574198e-04  -6.748884320259e-01 
 -1.181082800031e-03   8.937829406932e-04  -6.741588711739e-01  -1.254635979421e-03   1.076271175407e-03  -6.731598973274e-01  -7.361443713307e-04   1.160512445495e-03  -6.724282503128e-01 
 -7.361443713307e-04   1.160512445495e-03  -6.724282503128e-01   0.000000000000e+00   0.000000000000e+00  -3.184460699558e-01   0.000000000000e+00   0.000000000000e+00  -3.184460699558e-01 
  2.127578109503e-02   0.000000000000e+00  -4.651531875134e-01   3.145276335999e-03   0.000000000000e+00  -6.733538508415e-01  -9.161589550786e-04   0.000000000000e+00  -6.743391156197e-01 
 -8.310714620166e-04   0.000000000000e+00  -6.749957799911e-01  -8.672115509398e-04   0.000000000000e+00  -6.745734214783e-01  -1.026017125696e-03   0.000000000000e+00  -6.738891601562e-01 
 -6.179070915096e-04   0.000000000000e+00  -6.733554601669e-01  -6.179070915096e-04   0.000000000000e+00  -6.733554601669e-01   0.000000000000e+00   0.000000000000e+00  -3.184460699558e-01 
  0.000000000000e+00   0.000000000000e+00  -3.184460699558e-01   2.127578109503e-02   0.000000000000e+00  -4.651531875134e-01   3.145276335999e-03   0.000000000000e+00  -6.733538508415e-01 
 -9.161589550786e-04   0.000000000000e+00  -6.743391156197e-01  -8.310714620166e-04   0.000000000000e+00  -6.749957799911e-01  -8.672115509398e-04   0.000000000000e+00  -6.745734214783e-01 
 -1.026017125696e-03   0.000000000000e+00  -6.738891601562e-01  -6.179070915096e-04   0.000000000000e+00  -6.733554601669e-01  -6.179070915096e-04   0.000000000000e+00  -6.733554601669e-01 
  0.000000000000e+00  -7.179403677583e-03  -3.210527896881e-01   0.000000000000e+00  -7.179403677583e-03  -3.210527896881e-01   2.077341638505e-02   7.753159152344e-04  -4.677988886833e-01 
  2.935002557933e-03   1.313532004133e-03  -6.747832298279e-01  -1.916689565405e-03   1.416735234670e-03  -6.754127740860e-01  -2.655196934938e-03   1.454320037737e-03  -6.746054887772e-01 
 -2.467425540090e-03   1.447135116905e-03  -6.723858714104e-01  -1.812965492718e-03   1.500568818301e-03  -6.704142689705e-01  -9.699268848635e-04   1.550988643430e-03  -6.691984534264e-01 
 -9.699268848635e-04   1.550988643430e-03  -6.691984534264e-01   0.000000000000e+00  -7.179403677583e-03  -3.210527896881e-01   0.000000000000e+00  -7.179403677583e-03  -3.210527896881e-01 
  2.077341638505e-02   7.753159152344e-04  -4.677988886833e-01   2.935002557933e-03   1.313532004133e-03  -6.747832298279e-01  -1.916689565405e-03   1.416735234670e-03  -6.754127740860e-01 
 -2.655196934938e-03   1.454320037737e-03  -6.746054887772e-01  -2.467425540090e-03   1.447135116905e-03  -6.723858714104e-01  -1.812965492718e-03   1.500568818301e-03  -6.704142689705e-01 
 -9.699268848635e-04   1.550988643430e-03  -6.691984534264e-01  -9.699268848635e-04   1.550988643430e-03  -6.691984534264e-01   0.000000000000e+00   8.162936195731e-03  -3.187602162361e-01 
  0.000000000000e+00   8.162936195731e-03  -3.187602162361e-01   1.970084570348e-02   1.099015679210e-02  -4.677391648293e-01   2.600941574201e-03   1.331084035337e-02  -6.781557798386e-01 
 -1.879365416244e-03   1.396617013961e-02  -6.786210536957e-01  -2.507350873202e-03   1.416469551623e-02  -6.779104471207e-01  -2.335544908419e-03   1.432441547513e-02  -6.758050322533e-01 
 -1.678492990322e-03   1.464256178588e-02  -6.739515662193e-01  -9.018026175909e-04   1.479951199144e-02  -6.728105545044e-01  -9.018026175909e-04   1.479951199144e-02  -6.728105545044e-01 
  0.000000000000e+00  -5.524580832571e-03  -3.174416422844e-01   0.000000000000e+00  -5.524580832571e-03  -3.174416422844e-01   2.226078510284e-02  -7.650191895664e-03  -4.631945788860e-01 
  3.171667456627e-03  -9.784260764718e-03  -6.709584593773e-01  -1.900082454085e-03  -1.038080081344e-02  -6.715195178986e-01  -2.428095089272e-03  -1.033129263669e-02  -6.708620190620e-01 
 -2.368516288698e-03  -1.030790526420e-02  -6.688592433929e-01  -1.859669573605e-03  -1.030068844557e-02  -6.670984625816e-01  -9.434972307645e-04  -1.036686263978e-02  -6.659597158432e-01 
 -9.434972307645e-04  -1.036686263978e-02  -6.659597158432e-01   0.000000000000e+00   1.649073557928e-03  -3.184547722340e-01   0.000000000000e+00   1.649073557928e-03  -3.184547722340e-01 
  2.086453698575e-02   2.099498873577e-03  -4.657762646675e-01   2.917712088674e-03   2.565431874245e-03  -6.742826104164e-01  -1.759011182003e-03   2.721976954490e-03  -6.748197674751e-01 
 -2.254122402519e-03   2.789404476061e-03  -6.742643117905e-01  -2.104548504576e-03   3.024020232260e-03  -6.724007129669e-01  -1.644749077968e-03   3.204564098269e-03  -6.706992387772e-01 
 -8.886859868653e-04   3.262400394306e-03  -6.696274876595e-01  -8.886859868653e-04   3.262400394306e-03  -6.696274876595e-01   0.000000000000e+00  -9.282525279559e-04  -3.181935250759e-01 
  0.000000000000e+00  -9.282525279559e-04  -3.181935250759e-01   2.132317796350e-02  -1.083350158297e-03  -4.650221168995e-01   3.161940723658e-03  -9.188990225084e-04  -6.734649538994e-01 
 -1.497101271525e-03  -2.751122810878e-04  -6.742644906044e-01  -2.038962207735e-03  -2.012230288528e-05  -6.739134192467e-01  -1.971794292331e-03   1.178505553980e-04  -6.721907854080e-01 
 -1.567549188621e-03   2.097202668665e-04  -6.705982685089e-01  -8.500367403030e-04   2.606094349176e-04  -6.695905923843e-01  -8.500367403030e-04   2.606094349176e-04  -6.695905923843e-01 
  0.000000000000e+00   1.205532898894e-04  -3.182783722878e-01   0.000000000000e+00   1.205532898894e-04  -3.182783722878e-01   2.123240381479e-02   1.134376798291e-04  -4.651135504246e-01 
  3.209997434169e-03   1.629309699638e-04  -6.735317111015e-01  -1.189560629427e-03   4.447838873602e-04  -6.744998097420e-01  -1.578088616952e-03   8.507731836289e-04  -6.745830774307e-01 
 -1.664135255851e-03   1.132742152549e-03  -6.732835173607e-01  -1.507832668722e-03   1.222925842740e-03  -6.718624234200e-01  -8.445936255157e-04   1.250340370461e-03  -6.709024310112e-01 
 -8.445936255157e-04   1.250340370461e-03  -6.709024310112e-01   0.000000000000e+00  -1.042382209562e-04  -3.183573782444e-01   0.000000000000e+00  -1.042382209562e-04  -3.183573782444e-01 
  2.129763178527e-02  -1.166302754427e-04  -4.650779068470e-01   3.213385585696e-03  -1.213340146933e-04  -6.733564734459e-01  -9.513035183772e-04   1.104255861719e-04  -6.743857264519e-01 
 -1.067019649781e-03   5.243278574198e-04  -6.748884320259e-01  -1.181082800031e-03   8.937829406932e-04  -6.741588711739e-01  -1.254635979421e-03   1.076271175407e-03  -6.731598973274e-01 
 -7.361443713307e-04   1.160512445495e-03  -6.724282503128e-01  -7.361443713307e-04   1.160512445495e-03  -6.724282503128e-01   0.000000000000e+00   0.000000000000e+00  -3.184460699558e-01 
  0.000000000000e+00   0.000000000000e+00  -3.184460699558e-01   2.127578109503e-02   0.000000000000e+00  -4.651531875134e-01   3.145276335999e-03   0.000000000000e+00  -6.733538508415e-01 
 -9.161589550786e-04   0.000000000000e+00  -6.743391156197e-01  -8.310714620166e-04   0.000000000000e+00  -6.749957799911e-01  -8.672115509398e-04   0.000000000000e+00  -6.745734214783e-01 
 -1.026017125696e-03   0.000000000000e+00  -6.738891601562e-01  -6.179070915096e-04   0.000000000000e+00  -6.733554601669e-01  -6.179070915096e-04   0.000000000000e+00  -6.733554601669e-01 
  0.000000000000e+00   0.000000000000e+00  -3.184460699558e-01   0.000000000000e+00   0.000000000000e+00  -3.184460699558e-01   2.127578109503e-02   0.000000000000e+00  -4.651531875134e-01 
  3.145276335999e-03   0.000000000000e+00  -6.733538508415e-01  -9.161589550786e-04   0.000000000000e+00  -6.743391156197e-01  -8.310714620166e-04   0.000000000000e+00  -6.749957799911e-01 
 -8.672115509398e-04   0.000000000000e+00  -6.745734214783e-01  -1.026017125696e-03   0.000000000000e+00  -6.738891601562e-01  -6.179070915096e-04   0.000000000000e+00  -6.733554601669e-01 
 -6.179070915096e-04   0.000000000000e+00  -6.733554601669e-01 

