# vtk DataFile Version 2.0
Written using VisIt writer
ASCII
DATASET RECTILINEAR_GRID
DIMENSIONS 10 10 10
X_COORDINATES 10 float
  0.000000000000e+00   5.000000000000e-01   1.000000000000e+00   1.500000000000e+00   2.000000000000e+00   2.500000000000e+00   3.000000000000e+00   3.500000000000e+00   4.000000000000e+00 
  4.500000000000e+00 
Y_COORDINATES 10 float
  0.000000000000e+00   5.000000000000e-01   1.000000000000e+00   1.500000000000e+00   2.000000000000e+00   2.500000000000e+00   3.000000000000e+00   3.500000000000e+00   4.000000000000e+00 
  4.500000000000e+00 
Z_COORDINATES 10 float
  0.000000000000e+00   5.000000000000e-01   1.000000000000e+00   1.500000000000e+00   2.000000000000e+00   2.500000000000e+00   3.000000000000e+00   3.500000000000e+00   4.000000000000e+00 
  4.500000000000e+00 
CELL_DATA 729
POINT_DATA 1000
VECTORS velocity float
  0.000000000000e+00  -1.209205836058e-01  -2.474132478237e-01   3.251200000000e+04   0.000000000000e+00   0.000000000000e+00   0.000000000000e+00   0.000000000000e+00   0.000000000000e+00 
  1.328706294298e-01  -6.034564971924e-02  -1.558391451836e-01   0.000000000000e+00   0.000000000000e+00   0.000000000000e+00   0.000000000000e+00   1.431655808000e+09   1.070945600000e+09 
  1.130545064807e-01  -7.510581612587e-02  -1.564973890781e-01   1.071994176000e+09   0.000000000000e+00   0.000000000000e+00   0.000000000000e+00   0.000000000000e+00   0.000000000000e+00 
  1.956736445427e-01  -1.053655594587e-01  -1.812928617001e-01   0.000000000000e+00  -1.209205836058e-01  -2.474132478237e-01   1.070945600000e+09   0.000000000000e+00   0.000000000000e+00 
  9.938796609640e-02  -1.126569211483e-01  -2.139367908239e-01   1.328706294298e-01  -6.034564971924e-02  -1.558391451836e-01   1.431655808000e+09   1.070945600000e+09   0.000000000000e+00 
  8.434120565653e-02  -4.673474654555e-02  -1.365765929222e-01   1.130545064807e-01  -7.510581612587e-02  -1.564973890781e-01   0.000000000000e+00   0.000000000000e+00   1.071644672000e+09 
  1.956736445427e-01  -1.053655594587e-01  -1.812928617001e-01   1.956736445427e-01  -1.053655594587e-01  -1.812928617001e-01   0.000000000000e+00   7.857471704483e-02  -1.825373768806e-01 
  0.000000000000e+00   7.857471704483e-02  -1.825373768806e-01  -2.142418175936e-02  -3.799771890044e-02  -1.986355632544e-01   2.795229852200e-02  -2.935508191586e-01  -1.816043555737e-01 
  1.456599775702e-02  -2.367588281631e-01  -1.830791682005e-01   4.767356440425e-02  -1.463608294725e-01  -1.462473422289e-01   8.981118351221e-02  -8.909243158996e-03  -1.366158723831e-01 
  1.129913106561e-01   5.051955580711e-02  -1.304925531149e-01   1.801089644432e-01   5.575118958950e-02  -1.409246772528e-01   1.801089644432e-01   5.575118958950e-02  -1.409246772528e-01 
  0.000000000000e+00   3.545494750142e-02  -1.582077741623e-01   0.000000000000e+00   3.545494750142e-02  -1.582077741623e-01   4.597388580441e-02   3.332187980413e-02  -1.536295711994e-01 
 -9.138736873865e-03   2.296566590667e-02  -1.334743201733e-01   4.239638522267e-02   6.378256250173e-03  -1.385264545679e-01   9.862066805363e-02  -1.287731081247e-01  -1.440200656652e-01 
  8.111682534218e-02  -3.486774489284e-02  -1.782872676849e-01   1.466962546110e-01   8.899571001530e-02  -1.335896700621e-01   2.176135927439e-01   1.159815676510e-02  -1.307970583439e-01 
  2.176135927439e-01   1.159815676510e-02  -1.307970583439e-01   0.000000000000e+00  -8.323247730732e-02  -1.895077526569e-01   0.000000000000e+00  -8.323247730732e-02  -1.895077526569e-01 
 -1.456179074012e-03  -3.462930396199e-02  -2.089111357927e-01   9.404937922955e-02   2.819145098329e-03  -1.413497626781e-01   8.580052107573e-02   2.736515179276e-02  -1.336236596107e-01 
  7.964077591896e-02   1.132933422923e-02  -1.264873147011e-01   8.237177133560e-02   4.828374460340e-02  -1.448710411787e-01   9.853686392307e-02  -2.700437232852e-02  -1.542402356863e-01 
  2.201873809099e-01  -1.039689779282e-01  -1.792528927326e-01   2.201873809099e-01  -1.039689779282e-01  -1.792528927326e-01   0.000000000000e+00  -4.916033521295e-02  -1.593948006630e-01 
  0.000000000000e+00  -4.916033521295e-02  -1.593948006630e-01   4.955422133207e-02   2.270427532494e-03  -1.647393256426e-01   6.651370972395e-02  -3.297205269337e-02  -1.634113192558e-01 
  2.476762235165e-02  -7.717474550009e-02  -2.010973691940e-01   8.703260123730e-02  -3.027953580022e-02  -1.424126625061e-01   1.530307680368e-01   4.358220472932e-02  -1.308858543634e-01 
  1.287427842617e-01   4.945228621364e-02  -1.294685751200e-01   2.366411834955e-01  -1.542992610484e-02  -1.406225562096e-01   2.366411834955e-01  -1.542992610484e-02  -1.406225562096e-01 
  0.000000000000e+00  -1.310970038176e-01  -1.709316372871e-01   0.000000000000e+00  -1.310970038176e-01  -1.709316372871e-01   1.146416887641e-01  -2.461670711637e-02  -1.528719663620e-01 
  1.372765377164e-02   1.778422296047e-02  -1.432515531778e-01   3.662190586329e-02   4.376034066081e-02  -1.597490012646e-01   2.275258675218e-02  -1.373867392540e-01  -1.650041937828e-01 
  9.832300245762e-02  -2.338902465999e-02  -1.745777279139e-01   2.239145785570e-01  -1.925859414041e-02  -1.343397051096e-01   2.681121528149e-01  -1.010114513338e-02  -1.320740282536e-01 
  2.681121528149e-01  -1.010114513338e-02  -1.320740282536e-01   0.000000000000e+00  -2.215163111687e-01  -2.146724015474e-01   0.000000000000e+00  -2.215163111687e-01  -2.146724015474e-01 
 -5.443920847028e-03  -5.775385722518e-02  -2.419761270285e-01   6.945130974054e-02   3.020619740710e-03  -1.495754867792e-01   1.173423156142e-01   7.594137638807e-02  -1.389452815056e-01 
  5.484899040312e-03   3.685163334012e-02  -1.332225650549e-01   9.316704422235e-02  -1.098904386163e-02  -1.437509059906e-01   1.384840905666e-01  -1.149236783385e-01  -1.576129645109e-01 
  2.356668114662e-01  -6.041692569852e-02  -1.888485103846e-01   2.356668114662e-01  -6.041692569852e-02  -1.888485103846e-01   0.000000000000e+00   0.000000000000e+00  -1.696439832449e-01 
  0.000000000000e+00   0.000000000000e+00  -1.696439832449e-01  -4.493363201618e-02   0.000000000000e+00  -1.872154623270e-01  -6.705544143915e-02   0.000000000000e+00  -1.677068769932e-01 
  8.120007812977e-02   0.000000000000e+00  -2.009154260159e-01   2.240467518568e-01   0.000000000000e+00  -1.314039379358e-01   2.120272517204e-01   0.000000000000e+00  -1.186887025833e-01 
  2.145681381226e-01   0.000000000000e+00  -1.198432371020e-01   3.096989989281e-01   0.000000000000e+00  -1.270920485258e-01   3.096989989281e-01   0.000000000000e+00  -1.270920485258e-01 
  0.000000000000e+00   0.000000000000e+00  -1.696439832449e-01   0.000000000000e+00   0.000000000000e+00  -1.696439832449e-01  -4.493363201618e-02   0.000000000000e+00  -1.872154623270e-01 
 -6.705544143915e-02   0.000000000000e+00  -1.677068769932e-01   8.120007812977e-02   0.000000000000e+00  -2.009154260159e-01   2.240467518568e-01   0.000000000000e+00  -1.314039379358e-01 
  2.120272517204e-01   0.000000000000e+00  -1.186887025833e-01   2.145681381226e-01   0.000000000000e+00  -1.198432371020e-01   3.096989989281e-01   0.000000000000e+00  -1.270920485258e-01 
  3.096989989281e-01   0.000000000000e+00  -1.270920485258e-01   0.000000000000e+00  -1.209205836058e-01  -2.474132478237e-01   0.000000000000e+00  -1.209205836058e-01  -2.474132478237e-01 
  9.938796609640e-02  -1.126569211483e-01  -2.139367908239e-01   1.328706294298e-01  -6.034564971924e-02  -1.558391451836e-01   1.503110975027e-01  -5.065454542637e-02  -1.452126204967e-01 
  8.434120565653e-02  -4.673474654555e-02  -1.365765929222e-01   1.130545064807e-01  -7.510581612587e-02  -1.564973890781e-01   1.847270578146e-01  -7.907347381115e-02  -1.636998802423e-01 
  1.956736445427e-01  -1.053655594587e-01  -1.812928617001e-01   1.956736445427e-01  -1.053655594587e-01  -1.812928617001e-01   0.000000000000e+00  -1.209205836058e-01  -2.474132478237e-01 
  0.000000000000e+00  -1.209205836058e-01  -2.474132478237e-01   9.938796609640e-02  -1.126569211483e-01  -2.139367908239e-01   1.328706294298e-01  -6.034564971924e-02  -1.558391451836e-01 
  1.503110975027e-01  -5.065454542637e-02  -1.452126204967e-01   8.434120565653e-02  -4.673474654555e-02  -1.365765929222e-01   1.130545064807e-01  -7.510581612587e-02  -1.564973890781e-01 
  1.847270578146e-01  -7.907347381115e-02  -1.636998802423e-01   1.956736445427e-01  -1.053655594587e-01  -1.812928617001e-01   1.956736445427e-01  -1.053655594587e-01  -1.812928617001e-01 
  0.000000000000e+00   7.857471704483e-02  -1.825373768806e-01   0.000000000000e+00   7.857471704483e-02  -1.825373768806e-01  -2.142418175936e-02  -3.799771890044e-02  -1.986355632544e-01 
  2.795229852200e-02  -2.935508191586e-01  -1.816043555737e-01   1.456599775702e-02  -2.367588281631e-01  -1.830791682005e-01   4.767356440425e-02  -1.463608294725e-01  -1.462473422289e-01 
  8.981118351221e-02  -8.909243158996e-03  -1.366158723831e-01   1.129913106561e-01   5.051955580711e-02  -1.304925531149e-01   1.801089644432e-01   5.575118958950e-02  -1.409246772528e-01 
  1.801089644432e-01   5.575118958950e-02  -1.409246772528e-01   0.000000000000e+00   3.545494750142e-02  -1.582077741623e-01   0.000000000000e+00   3.545494750142e-02  -1.582077741623e-01 
  4.597388580441e-02   3.332187980413e-02  -1.536295711994e-01  -9.138736873865e-03   2.296566590667e-02  -1.334743201733e-01   4.239638522267e-02   6.378256250173e-03  -1.385264545679e-01 
  9.862066805363e-02  -1.287731081247e-01  -1.440200656652e-01   8.111682534218e-02  -3.486774489284e-02  -1.782872676849e-01   1.466962546110e-01   8.899571001530e-02  -1.335896700621e-01 
  2.176135927439e-01   1.159815676510e-02  -1.307970583439e-01   2.176135927439e-01   1.159815676510e-02  -1.307970583439e-01   0.000000000000e+00  -8.323247730732e-02  -1.895077526569e-01 
  0.000000000000e+00  -8.323247730732e-02  -1.895077526569e-01  -1.456179074012e-03  -3.462930396199e-02  -2.089111357927e-01   9.404937922955e-02   2.819145098329e-03  -1.413497626781e-01 
  8.580052107573e-02   2.736515179276e-02  -1.336236596107e-01   7.964077591896e-02   1.132933422923e-02  -1.264873147011e-01   8.237177133560e-02   4.828374460340e-02  -1.448710411787e-01 
  9.853686392307e-02  -2.700437232852e-02  -1.542402356863e-01   2.201873809099e-01  -1.039689779282e-01  -1.792528927326e-01   2.201873809099e-01  -1.039689779282e-01  -1.792528927326e-01 
  0.000000000000e+00  -4.916033521295e-02  -1.593948006630e-01   0.000000000000e+00  -4.916033521295e-02  -1.593948006630e-01   4.955422133207e-02   2.270427532494e-03  -1.647393256426e-01 
  6.651370972395e-02  -3.297205269337e-02  -1.634113192558e-01   2.476762235165e-02  -7.717474550009e-02  -2.010973691940e-01   8.703260123730e-02  -3.027953580022e-02  -1.424126625061e-01 
  1.530307680368e-01   4.358220472932e-02  -1.308858543634e-01   1.287427842617e-01   4.945228621364e-02  -1.294685751200e-01   2.366411834955e-01  -1.542992610484e-02  -1.406225562096e-01 
  2.366411834955e-01  -1.542992610484e-02  -1.406225562096e-01   0.000000000000e+00  -1.310970038176e-01  -1.709316372871e-01   0.000000000000e+00  -1.310970038176e-01  -1.709316372871e-01 
  1.146416887641e-01  -2.461670711637e-02  -1.528719663620e-01   1.372765377164e-02   1.778422296047e-02  -1.432515531778e-01   3.662190586329e-02   4.376034066081e-02  -1.597490012646e-01 
  2.275258675218e-02  -1.373867392540e-01  -1.650041937828e-01   9.832300245762e-02  -2.338902465999e-02  -1.745777279139e-01   2.239145785570e-01  -1.925859414041e-02  -1.343397051096e-01 
  2.681121528149e-01  -1.010114513338e-02  -1.320740282536e-01   2.681121528149e-01  -1.010114513338e-02  -1.320740282536e-01   0.000000000000e+00  -2.215163111687e-01  -2.146724015474e-01 
  0.000000000000e+00  -2.215163111687e-01  -2.146724015474e-01  -5.443920847028e-03  -5.775385722518e-02  -2.419761270285e-01   6.945130974054e-02   3.020619740710e-03  -1.495754867792e-01 
  1.173423156142e-01   7.594137638807e-02  -1.389452815056e-01   5.484899040312e-03   3.685163334012e-02  -1.332225650549e-01   9.316704422235e-02  -1.098904386163e-02  -1.437509059906e-01 
  1.384840905666e-01  -1.149236783385e-01  -1.576129645109e-01   2.356668114662e-01  -6.041692569852e-02  -1.888485103846e-01   2.356668114662e-01  -6.041692569852e-02  -1.888485103846e-01 
  0.000000000000e+00   0.000000000000e+00  -1.696439832449e-01   0.000000000000e+00   0.000000000000e+00  -1.696439832449e-01  -4.493363201618e-02   0.000000000000e+00  -1.872154623270e-01 
 -6.705544143915e-02   0.000000000000e+00  -1.677068769932e-01   8.120007812977e-02   0.000000000000e+00  -2.009154260159e-01   2.240467518568e-01   0.000000000000e+00  -1.314039379358e-01 
  2.120272517204e-01   0.000000000000e+00  -1.186887025833e-01   2.145681381226e-01   0.000000000000e+00  -1.198432371020e-01   3.096989989281e-01   0.000000000000e+00  -1.270920485258e-01 
  3.096989989281e-01   0.000000000000e+00  -1.270920485258e-01   0.000000000000e+00   0.000000000000e+00  -1.696439832449e-01   0.000000000000e+00   0.000000000000e+00  -1.696439832449e-01 
 -4.493363201618e-02   0.000000000000e+00  -1.872154623270e-01  -6.705544143915e-02   0.000000000000e+00  -1.677068769932e-01   8.120007812977e-02   0.000000000000e+00  -2.009154260159e-01 
  2.240467518568e-01   0.000000000000e+00  -1.314039379358e-01   2.120272517204e-01   0.000000000000e+00  -1.186887025833e-01   2.145681381226e-01   0.000000000000e+00  -1.198432371020e-01 
  3.096989989281e-01   0.000000000000e+00  -1.270920485258e-01   3.096989989281e-01   0.000000000000e+00  -1.270920485258e-01   0.000000000000e+00  -1.826059222221e-01  -9.425770640373e-01 
  0.000000000000e+00  -1.826059222221e-01  -9.425770640373e-01   1.267477124929e-01  -1.729992479086e-01  -9.573925137520e-01   1.448320746422e+00   1.100680902600e-01  -8.973027467728e-01 
  8.581205606461e-01  -2.426591888070e-02  -3.760886490345e-01   4.715711772442e-01  -2.908878028393e-01  -1.279294043779e-01   2.260245233774e-01   2.281233295798e-02  -4.017062112689e-02 
  9.750125408173e-01   7.723408937454e-02  -7.020924687386e-01   9.862079620361e-01   3.310185670853e-02  -6.789017915726e-01   9.862079620361e-01   3.310185670853e-02  -6.789017915726e-01 
  0.000000000000e+00  -1.826059222221e-01  -9.425770640373e-01   0.000000000000e+00  -1.826059222221e-01  -9.425770640373e-01   1.267477124929e-01  -1.729992479086e-01  -9.573925137520e-01 
  1.448320746422e+00   1.100680902600e-01  -8.973027467728e-01   8.581205606461e-01  -2.426591888070e-02  -3.760886490345e-01   4.715711772442e-01  -2.908878028393e-01  -1.279294043779e-01 
  2.260245233774e-01   2.281233295798e-02  -4.017062112689e-02   9.750125408173e-01   7.723408937454e-02  -7.020924687386e-01   9.862079620361e-01   3.310185670853e-02  -6.789017915726e-01 
  9.862079620361e-01   3.310185670853e-02  -6.789017915726e-01   0.000000000000e+00   1.631411612034e-01  -1.125737786293e+00   0.000000000000e+00   1.631411612034e-01  -1.125737786293e+00 
  3.006257675588e-02  -3.288289532065e-02  -1.147071957588e+00   4.120558500290e-01   2.611501514912e-01  -6.343944072723e-01   4.363432824612e-01   3.546121716499e-01  -5.074246525764e-01 
  3.049096763134e-01  -6.713171005249e-01  -1.833380758762e-01   3.669833242893e-01   2.353700809181e-02  -1.628269106150e-01   4.003317058086e-01   8.842951059341e-02  -6.950744986534e-02 
  4.620198309422e-01   6.232154369354e-02  -5.907532945275e-02   4.620198309422e-01   6.232154369354e-02  -5.907532945275e-02   0.000000000000e+00   2.442648857832e-01  -3.541027903557e-01 
  0.000000000000e+00   2.442648857832e-01  -3.541027903557e-01   1.550437659025e-01   1.967138499022e-01  -6.824151277542e-01   2.896779775620e-01   1.250753402710e-01  -8.210556507111e-01 
  5.363402888179e-02  -1.988306641579e-02  -6.147354841232e-02   1.801243126392e-01  -3.928249180317e-01  -1.554227322340e-01   1.843076795340e-01  -1.789005845785e-01  -1.211555227637e-01 
  1.986013948917e-01   8.609080314636e-02  -6.641032546759e-02   2.498338669538e-01   2.261784113944e-02  -6.920294463634e-02   2.498338669538e-01   2.261784113944e-02  -6.920294463634e-02 
  0.000000000000e+00  -3.326541185379e-01  -6.458159685135e-01   0.000000000000e+00  -3.326541185379e-01  -6.458159685135e-01   2.519749104977e-01   1.649177968502e-01  -6.995782256126e-01 
  6.606397628784e-01   8.501417934895e-02  -9.967487454414e-01   8.745422214270e-02   6.175493448973e-02  -6.828156113625e-01   1.305273920298e-01  -7.679029554129e-02  -2.203329205513e-01 
  9.517075866461e-02   2.223417535424e-02  -5.512895062566e-02   9.702027589083e-02  -2.269351854920e-02  -4.575976356864e-02   2.206423133612e-01  -1.024044305086e-01  -2.074711211026e-02 
  2.206423133612e-01  -1.024044305086e-01  -2.074711211026e-02   0.000000000000e+00   9.575234353542e-02  -5.874410867691e-01   0.000000000000e+00   9.575234353542e-02  -5.874410867691e-01 
  3.851870298386e-01   4.693627059460e-01  -5.306639075279e-01   4.107504189014e-01   4.255121573806e-02  -1.355362892151e+00   9.076162427664e-02   1.935977488756e-01  -7.583436965942e-01 
  2.411155551672e-01   5.016133189201e-02  -3.824438452721e-01   1.738445013762e-01   4.306384176016e-02  -4.250048398972e-01   0.000000000000e+00   4.933892190456e-02  -7.053142040968e-02 
  2.365082353354e-01  -1.539351139218e-02  -5.937745049596e-02   2.365082353354e-01  -1.539351139218e-02  -5.937745049596e-02   0.000000000000e+00   2.276398092508e-01  -7.937141060829e-01 
  0.000000000000e+00   2.276398092508e-01  -7.937141060829e-01   3.573039174080e-01   7.926059961319e-01  -7.965636253357e-01   1.304707974195e-01   1.224170178175e-01  -1.288472414017e+00 
  5.293927788734e-01   2.270498126745e-01  -1.255217075348e+00   5.005372166634e-01   4.483153298497e-02  -1.288949370384e+00   1.933630257845e-01  -8.972324430943e-03  -1.439206480980e+00 
  2.474212408066e+00   3.222497701645e-01  -6.566029042006e-02   2.326758623123e+00  -1.010609790683e-02  -6.792598217726e-02   2.326758623123e+00  -1.010609790683e-02  -6.792598217726e-02 
  0.000000000000e+00  -6.067546550184e-03  -8.286990523338e-01   0.000000000000e+00  -6.067546550184e-03  -8.286990523338e-01   7.908358424902e-02  -2.288718670607e-01  -9.827290177345e-01 
  2.882353663445e-01   1.009872257710e-01  -7.643971443176e-01   3.408342599869e-01   2.969204187393e-01  -1.309235215187e+00   3.503437936306e-01   1.181004792452e-01  -1.467103004456e+00 
  8.453033864498e-02   6.372611969709e-03  -1.543676018715e+00   1.361575126648e-01   3.141887485981e-01  -4.238704219460e-02   7.140332460403e-01  -6.395588815212e-02  -1.115148887038e-02 
  7.140332460403e-01  -6.395588815212e-02  -1.115148887038e-02   0.000000000000e+00   0.000000000000e+00  -6.579414010048e-01   0.000000000000e+00   0.000000000000e+00  -6.579414010048e-01 
 -1.338978707790e-01   0.000000000000e+00  -9.050997905433e-03   1.246131286025e-01   0.000000000000e+00  -9.029918909073e-01   4.242551922798e-01   0.000000000000e+00  -2.851503372192e+00 
  3.282555937767e-01   0.000000000000e+00  -2.797285318375e+00   0.000000000000e+00   0.000000000000e+00  -8.131130039692e-02   0.000000000000e+00   0.000000000000e+00  -8.015675842762e-02 
  0.000000000000e+00   0.000000000000e+00  -7.290795445442e-02   0.000000000000e+00   0.000000000000e+00  -7.290795445442e-02   0.000000000000e+00   0.000000000000e+00  -6.579414010048e-01 
  0.000000000000e+00   0.000000000000e+00  -6.579414010048e-01  -1.338978707790e-01   0.000000000000e+00  -9.050997905433e-03   1.246131286025e-01   0.000000000000e+00  -9.029918909073e-01 
  4.242551922798e-01   0.000000000000e+00  -2.851503372192e+00   3.282555937767e-01   0.000000000000e+00  -2.797285318375e+00   0.000000000000e+00   0.000000000000e+00  -8.131130039692e-02 
  0.000000000000e+00   0.000000000000e+00  -8.015675842762e-02   0.000000000000e+00   0.000000000000e+00  -7.290795445442e-02   0.000000000000e+00   0.000000000000e+00  -7.290795445442e-02 
  0.000000000000e+00  -4.473726730794e-03  -6.337310075760e-01   0.000000000000e+00  -4.473726730794e-03  -6.337310075760e-01   2.240627259016e-02  -2.103605121374e-01  -8.161164522171e-01 
  5.289501547813e-01   4.695237427950e-02  -4.910736083984e-01   4.854765534401e-01  -1.049655526876e-01  -3.826206624508e-01   4.045706987381e-01  -8.299112319946e-01  -2.793085873127e-01 
  3.314608931541e-01  -2.629328668118e-01  -3.516697287560e-01   9.710847735405e-01   8.283179998398e-02  -7.545969486237e-01   9.806102514267e-01   5.141738429666e-02  -7.601946592331e-01 
  9.806102514267e-01   5.141738429666e-02  -7.601946592331e-01   0.000000000000e+00  -4.473726730794e-03  -6.337310075760e-01   0.000000000000e+00  -4.473726730794e-03  -6.337310075760e-01 
  2.240627259016e-02  -2.103605121374e-01  -8.161164522171e-01   5.289501547813e-01   4.695237427950e-02  -4.910736083984e-01   4.854765534401e-01  -1.049655526876e-01  -3.826206624508e-01 
  4.045706987381e-01  -8.299112319946e-01  -2.793085873127e-01   3.314608931541e-01  -2.629328668118e-01  -3.516697287560e-01   9.710847735405e-01   8.283179998398e-02  -7.545969486237e-01 
  9.806102514267e-01   5.141738429666e-02  -7.601946592331e-01   9.806102514267e-01   5.141738429666e-02  -7.601946592331e-01   0.000000000000e+00   1.355491112918e-02  -5.264655351639e-01 
  0.000000000000e+00   1.355491112918e-02  -5.264655351639e-01   1.773987114429e-01  -2.041345536709e-01  -5.482144951820e-01   1.912088692188e-01   1.699018031359e-01  -5.485887527466e-01 
  4.161134958267e-01  -2.821469008923e-01  -3.770380914211e-01   3.175573348999e-01  -1.137036919594e+00  -3.134613335133e-01   3.607870340347e-01  -7.793149352074e-01  -3.372642993927e-01 
  0.000000000000e+00   6.967388838530e-02  -3.642267882824e-01   4.735921919346e-01   6.251423805952e-02  -2.485759854317e-01   4.735921919346e-01   6.251423805952e-02  -2.485759854317e-01 
  0.000000000000e+00   1.455486118793e-01  -2.117437273264e-01   0.000000000000e+00   1.455486118793e-01  -2.117437273264e-01   4.754327610135e-02   7.590131461620e-02  -4.140921831131e-01 
 -1.263555735350e-01   9.325205534697e-02  -4.749884009361e-01   6.136483699083e-02  -5.468664169312e-01  -1.499202549458e-01   2.754704654217e-01  -1.093807220459e+00  -1.994427889585e-01 
  2.906132936478e-01  -7.712740302086e-01  -2.059470713139e-01   1.543420851231e-01  -1.310133337975e-01  -8.886692672968e-02   2.934704720974e-01  -2.328281756490e-03  -7.345826178789e-02 
  2.934704720974e-01  -2.328281756490e-03  -7.345826178789e-02   0.000000000000e+00   4.490530584008e-03  -1.593134850264e-01   0.000000000000e+00   4.490530584008e-03  -1.593134850264e-01 
  4.110195115209e-02   1.193119809031e-01  -1.781174093485e-01   2.055258452892e-01   1.060622781515e-01  -5.477342009544e-01   1.256540715694e-01   4.762581735849e-02  -4.760828614235e-01 
  1.619788110256e-01   0.000000000000e+00  -2.933250367641e-01   1.934552937746e-01  -1.732922494411e-01  -9.181641042233e-02   8.083009123802e-01  -2.828437462449e-02  -1.000000014901e-01 
  8.349654674530e-01  -8.278042823076e-02  -1.385505497456e-01   8.349654674530e-01  -8.278042823076e-02  -1.385505497456e-01   0.000000000000e+00   4.873090609908e-02  -4.139538407326e-01 
  0.000000000000e+00   4.873090609908e-02  -4.139538407326e-01   2.037831693888e-01   1.412842571735e-01  -1.047165691853e-01   3.526590764523e-01   1.281321942806e-01  -8.454886674881e-01 
  1.720897555351e-01   2.512761652470e-01  -1.982803046703e-01   2.456037998199e-01   1.153685599566e-01  -3.874661028385e-01   5.602907538414e-01   7.787647098303e-02  -2.696530520916e-01 
  1.899611115456e+00   0.000000000000e+00  -1.000000014901e-01   1.892899036407e+00   2.455821819603e-02  -6.476550102234e-01   1.892899036407e+00   2.455821819603e-02  -6.476550102234e-01 
  0.000000000000e+00   4.745328426361e-02  -4.634692668915e-01   0.000000000000e+00   4.745328426361e-02  -4.634692668915e-01   2.370665408671e-02   1.262344866991e-01  -6.614843606949e-01 
  1.505231112242e-01   2.091635465622e-01  -1.421127676964e+00   4.002858698368e-01   2.617640197277e-01  -1.486375212669e+00   4.269053637981e-01   7.988789677620e-02  -1.418510079384e+00 
  1.285816907883e+00   2.453636378050e-01  -1.000000014901e-01   2.632478952408e+00   3.444748520851e-01  -1.437093377113e+00   2.326630592346e+00   1.067404374480e-01  -1.704184174538e+00 
  2.326630592346e+00   1.067404374480e-01  -1.704184174538e+00   0.000000000000e+00  -1.930969357491e-01  -6.903264522552e-01   0.000000000000e+00  -1.930969357491e-01  -6.903264522552e-01 
  7.438535243273e-02  -7.712087780237e-02  -9.211780428886e-01   3.085119426250e-01   1.202159449458e-01  -1.635595083237e+00   2.092502415180e-01   1.893027573824e-01  -2.102468729019e+00 
  3.771867454052e-01   1.019488945603e-01  -1.957510471344e+00   4.100497066975e-01   2.505980730057e-01  -1.881752252579e+00   1.466757655144e+00   3.226484954357e-01  -1.704184174538e+00 
  7.143443226814e-01  -6.412079185247e-02  -2.007182121277e+00   7.143443226814e-01  -6.412079185247e-02  -2.007182121277e+00   0.000000000000e+00   0.000000000000e+00  -6.985586285591e-01 
  0.000000000000e+00   0.000000000000e+00  -6.985586285591e-01   7.194080203772e-02   0.000000000000e+00  -4.248726963997e-01   1.150022000074e-01   0.000000000000e+00  -1.827295064926e+00 
 -1.814685314894e-01   0.000000000000e+00  -2.113275527954e+00  -8.197849988937e-02   0.000000000000e+00  -1.793503165245e+00   5.160752534866e-01   5.785146355629e-02  -2.786440610886e+00 
  5.288673639297e-01   1.710001677275e-01  -6.564352512360e-01   5.609682798386e-01   0.000000000000e+00  -1.000000014901e-01   5.609682798386e-01   0.000000000000e+00  -1.000000014901e-01 
  0.000000000000e+00   0.000000000000e+00  -6.985586285591e-01   0.000000000000e+00   0.000000000000e+00  -6.985586285591e-01   7.194080203772e-02   0.000000000000e+00  -4.248726963997e-01 
  1.150022000074e-01   0.000000000000e+00  -1.827295064926e+00  -1.814685314894e-01   0.000000000000e+00  -2.113275527954e+00  -8.197849988937e-02   0.000000000000e+00  -1.793503165245e+00 
  5.160752534866e-01   5.785146355629e-02  -2.786440610886e+00   5.288673639297e-01   1.710001677275e-01  -6.564352512360e-01   5.609682798386e-01   0.000000000000e+00  -1.000000014901e-01 
  5.609682798386e-01   0.000000000000e+00  -1.000000014901e-01   0.000000000000e+00  -6.542584300041e-02  -5.976614356041e-01   0.000000000000e+00  -6.542584300041e-02  -5.976614356041e-01 
  6.081542372704e-02   1.653768704273e-03  -5.753757357597e-01   4.462226033211e-01   1.362352304568e-05   3.430560231209e-01   0.000000000000e+00  -9.927138686180e-02  -3.759055435658e-01 
  2.759791016579e-01  -3.711782097816e-01  -3.429664075375e-01   2.105952054262e-01  -1.976990550756e-01  -2.986912727356e-01   4.464470744133e-01   0.000000000000e+00  -1.000000014901e-01 
  0.000000000000e+00   9.542280808091e-03  -1.000000014901e-01   0.000000000000e+00   9.542280808091e-03  -1.000000014901e-01   0.000000000000e+00  -6.542584300041e-02  -5.976614356041e-01 
  0.000000000000e+00  -6.542584300041e-02  -5.976614356041e-01   6.081542372704e-02   1.653768704273e-03  -5.753757357597e-01   4.462226033211e-01   1.362352304568e-05   3.430560231209e-01 
  0.000000000000e+00  -9.927138686180e-02  -3.759055435658e-01   2.759791016579e-01  -3.711782097816e-01  -3.429664075375e-01   2.105952054262e-01  -1.976990550756e-01  -2.986912727356e-01 
  4.464470744133e-01   0.000000000000e+00  -1.000000014901e-01   0.000000000000e+00   9.542280808091e-03  -1.000000014901e-01   0.000000000000e+00   9.542280808091e-03  -1.000000014901e-01 
  0.000000000000e+00  -1.749272346497e-01  -2.612994015217e-01   0.000000000000e+00  -1.749272346497e-01  -2.612994015217e-01   5.950139369816e-03  -3.861068561673e-02  -3.891869485378e-01 
 -4.871333483607e-03  -2.206609770656e-02  -5.631648302078e-01   2.708966732025e-01  -1.925230175257e-01  -1.000000014901e-01   0.000000000000e+00   0.000000000000e+00  -3.213515579700e-01 
  0.000000000000e+00  -4.265990257263e-01  -3.429664075375e-01   0.000000000000e+00  -5.409241840243e-02  -3.020322322845e-01   1.480871289968e-01  -6.539745256305e-03  -2.372132092714e-01 
  1.480871289968e-01  -6.539745256305e-03  -2.372132092714e-01   0.000000000000e+00   1.128154247999e-01  -9.388273954391e-02   0.000000000000e+00   1.128154247999e-01  -9.388273954391e-02 
 -2.568243630230e-02   1.286285221577e-01  -3.798763453960e-01  -6.642865389585e-02   1.193421930075e-01  -9.426822662354e-01  -2.189976163208e-03  -2.700536251068e-01  -1.283488869667e-01 
  1.497558355331e-01   0.000000000000e+00  -1.000000014901e-01   1.540796756744e-01  -4.172179102898e-01  -2.155407071114e-01   1.108694076538e-01  -1.880369037390e-01  -1.247355937958e-01 
  3.894284367561e-01  -9.217344969511e-02  -1.211063712835e-01   3.894284367561e-01  -9.217344969511e-02  -1.211063712835e-01   0.000000000000e+00   3.977397382259e-01  -4.283653497696e-01 
  0.000000000000e+00   3.977397382259e-01  -4.283653497696e-01  -1.061238441616e-02   2.947044372559e-01  -4.597336649895e-01   2.345325946808e-01   2.318130731583e-01  -4.139668643475e-01 
  1.292798668146e-01   4.038027673960e-02  -4.929554462433e-01   1.574490070343e-01   0.000000000000e+00  -3.744895458221e-01   2.859349548817e-01  -2.003923505545e-01  -1.132770180702e-01 
  9.825645685196e-01  -3.407821804285e-02  -1.000000014901e-01   1.060070872307e+00  -5.533513799310e-02  -3.881520926952e-01   1.060070872307e+00  -5.533513799310e-02  -3.881520926952e-01 
  0.000000000000e+00   3.212197124958e-01  -5.583948493004e-01   0.000000000000e+00   3.212197124958e-01  -5.583948493004e-01   1.537873446941e-01   3.557721674442e-01  -6.504583358765e-01 
  5.716730952263e-01   0.000000000000e+00  -1.126009225845e-01   0.000000000000e+00   1.397116929293e-01  -5.784321427345e-01   1.684134006500e-01   1.250149905682e-01  -6.892682313919e-01 
  6.926028728485e-01   8.016420900822e-02  -1.643673777580e-01   1.168898582458e+00   0.000000000000e+00  -1.000000014901e-01   1.584448814392e+00   2.028728462756e-02  -9.135937094688e-01 
  1.584448814392e+00   2.028728462756e-02  -9.135937094688e-01   0.000000000000e+00   2.380231171846e-01  -4.570669233799e-01   0.000000000000e+00   2.380231171846e-01  -4.570669233799e-01 
  8.639089018106e-02   2.591007053852e-01  -4.803528189659e-01   6.702045798302e-01   0.000000000000e+00  -2.036497116089e+00   3.059442043304e-01   1.741404831409e-01  -2.236140489578e+00 
  3.733153939247e-01   8.902136236429e-02  -1.380733489990e+00   8.818408846855e-01   1.534685939550e-01  -1.000000014901e-01   0.000000000000e+00   0.000000000000e+00  -1.458919763565e+00 
  1.523323059082e+00   2.677896618843e-02  -1.661096334457e+00   1.523323059082e+00   2.677896618843e-02  -1.661096334457e+00   0.000000000000e+00   8.324712514877e-02  -5.028190612793e-01 
  0.000000000000e+00   8.324712514877e-02  -5.028190612793e-01   5.423358827829e-02   9.318467974663e-02  -4.964511096478e-01   4.884316027164e-01   4.914034157991e-02  -2.132766723633e+00 
  2.095532864332e-01   1.185276508331e-01  -2.167285203934e+00   3.527965545654e-01   7.477126270533e-02  -1.995608448982e+00   4.224927723408e-01   2.131703794003e-01  -2.014765501022e+00 
  8.334134221077e-01   2.112488001585e-01  -1.661096334457e+00   7.041929364204e-01  -4.198203235865e-02  -1.807652831078e+00   7.041929364204e-01  -4.198203235865e-02  -1.807652831078e+00 
  0.000000000000e+00   0.000000000000e+00  -3.052039742470e-01   0.000000000000e+00   0.000000000000e+00  -3.052039742470e-01   2.995123213623e-04   0.000000000000e+00  -3.970997631550e-01 
  1.480936706066e-01   0.000000000000e+00  -1.684906840324e+00  -1.811107844114e-01   0.000000000000e+00  -1.675020813942e+00   5.467802882195e-01   0.000000000000e+00  -1.873153924942e+00 
  5.467802882195e-01   6.779914349318e-02  -2.786440610886e+00   5.650645494461e-01   1.440634429455e-01  -9.167748689651e-01   6.239501833916e-01   0.000000000000e+00  -1.000000014901e-01 
  6.239501833916e-01   0.000000000000e+00  -1.000000014901e-01   0.000000000000e+00   0.000000000000e+00  -3.052039742470e-01   0.000000000000e+00   0.000000000000e+00  -3.052039742470e-01 
  2.995123213623e-04   0.000000000000e+00  -3.970997631550e-01   1.480936706066e-01   0.000000000000e+00  -1.684906840324e+00  -1.811107844114e-01   0.000000000000e+00  -1.675020813942e+00 
  5.467802882195e-01   0.000000000000e+00  -1.873153924942e+00   5.467802882195e-01   6.779914349318e-02  -2.786440610886e+00   5.650645494461e-01   1.440634429455e-01  -9.167748689651e-01 
  6.239501833916e-01   0.000000000000e+00  -1.000000014901e-01   6.239501833916e-01   0.000000000000e+00  -1.000000014901e-01   0.000000000000e+00   2.637346461415e-02  -6.255568265915e-01 
  0.000000000000e+00   2.637346461415e-02  -6.255568265915e-01   6.080026179552e-02  -6.306021939963e-03  -1.131241798401e+00   1.893153190613e-01  -2.143636345863e-02  -1.024365067482e+00 
  0.000000000000e+00  -5.848531424999e-02  -1.000000014901e-01   1.489853858948e-01  -1.129130870104e-01  -2.300216406584e-01   0.000000000000e+00   1.170276198536e-02  -1.000000014901e-01 
  6.173462867737e-01   2.340749464929e-02  -1.000000014901e-01   6.173462867737e-01   2.340749464929e-02  -1.000000014901e-01   6.173462867737e-01   2.340749464929e-02  -1.000000014901e-01 
  0.000000000000e+00   2.637346461415e-02  -6.255568265915e-01   0.000000000000e+00   2.637346461415e-02  -6.255568265915e-01   6.080026179552e-02  -6.306021939963e-03  -1.131241798401e+00 
  1.893153190613e-01  -2.143636345863e-02  -1.024365067482e+00   0.000000000000e+00  -5.848531424999e-02  -1.000000014901e-01   1.489853858948e-01  -1.129130870104e-01  -2.300216406584e-01 
  0.000000000000e+00   1.170276198536e-02  -1.000000014901e-01   6.173462867737e-01   2.340749464929e-02  -1.000000014901e-01   6.173462867737e-01   2.340749464929e-02  -1.000000014901e-01 
  6.173462867737e-01   2.340749464929e-02  -1.000000014901e-01   0.000000000000e+00  -1.164341717958e-01  -7.600074410439e-01   0.000000000000e+00  -1.164341717958e-01  -7.600074410439e-01 
  4.030590504408e-02   3.816801821813e-03  -8.734717965126e-01   0.000000000000e+00  -6.053964793682e-02  -9.135746359825e-01   5.238117650151e-02  -9.494701772928e-02  -1.000000014901e-01 
  0.000000000000e+00  -1.574862897396e-01  -1.000000014901e-01   3.834641575813e-01   1.170344371349e-02  -3.219685256481e-01   3.258475661278e-01   2.340749464929e-02  -1.000000014901e-01 
  3.642698526382e-01   2.340749464929e-02  -3.288804590702e-01   3.642698526382e-01   2.340749464929e-02  -3.288804590702e-01   0.000000000000e+00  -1.029712706804e-01  -3.404470384121e-01 
  0.000000000000e+00  -1.029712706804e-01  -3.404470384121e-01   2.098185382783e-02  -7.673122733831e-02  -3.555333614349e-01   7.322001620196e-04  -5.353012308478e-02  -5.471047759056e-01 
  2.180436812341e-02  -1.654066443443e-01  -1.154130026698e-01   8.938393741846e-02   0.000000000000e+00  -1.000000014901e-01   3.784838020802e-01  -2.200683578849e-02  -1.895140707493e-01 
  2.132319360971e-01   0.000000000000e+00  -1.044797822833e-01   2.584533393383e-01   9.637380950153e-03  -2.192150503397e-01   2.584533393383e-01   9.637380950153e-03  -2.192150503397e-01 
  0.000000000000e+00   7.615105807781e-02  -9.391651302576e-02   0.000000000000e+00   7.615105807781e-02  -9.391651302576e-02   2.090856060386e-02  -1.938262023032e-02  -2.505283951759e-01 
  8.782119303942e-02  -5.377882346511e-02  -2.570667266846e-01   8.129134774208e-02  -6.949035078287e-02  -3.651329576969e-01   9.330281615257e-02  -4.167578741908e-02  -4.053133428097e-01 
  8.740150928497e-02  -4.721171408892e-02  -1.154172793031e-01   7.454351186752e-01   0.000000000000e+00  -1.000000014901e-01   8.634624481201e-01   3.955968655646e-03  -4.652927815914e-01 
  8.634624481201e-01   3.955968655646e-03  -4.652927815914e-01   0.000000000000e+00   4.070523381233e-01  -3.927032649517e-01   0.000000000000e+00   4.070523381233e-01  -3.927032649517e-01 
  4.366748407483e-02   2.896666228771e-01  -2.167965769768e-01   2.694494426250e-01   2.396020740271e-01  -1.126009225845e-01   1.335490792990e-01   1.216977834702e-01  -3.652844727039e-01 
  9.960841387510e-02   6.220678612590e-02  -6.034979224205e-01   4.825677350163e-02   7.313740998507e-02  -1.282329559326e-01   8.678330779076e-01   0.000000000000e+00  -1.000000014901e-01 
  1.291127085686e+00   1.064527221024e-02  -7.408041357994e-01   1.291127085686e+00   1.064527221024e-02  -7.408041357994e-01   0.000000000000e+00   3.181850314140e-01  -4.916410148144e-01 
  0.000000000000e+00   3.181850314140e-01  -4.916410148144e-01  -3.954155370593e-02   2.984902560711e-01  -5.354978442192e-01   1.666960865259e-01   2.240662425756e-01  -7.119885087013e-01 
  9.431348741055e-02   6.639563292265e-02  -5.409017801285e-01   1.086414158344e-01   2.653421461582e-02  -8.450876474380e-01   3.416216373444e-02   1.196783855557e-01  -1.000000014901e-01 
  0.000000000000e+00   0.000000000000e+00  -1.000000014901e-01   1.118310213089e+00   3.161838976666e-03  -9.149656891823e-01   1.118310213089e+00   3.161838976666e-03  -9.149656891823e-01 
  0.000000000000e+00  -1.460148021579e-02  -4.621350765228e-01   0.000000000000e+00  -1.460148021579e-02  -4.621350765228e-01   5.040895566344e-02   2.717650532722e-01  -5.793547034264e-01 
  4.427202045918e-01   1.892260760069e-01  -9.871044754982e-01   0.000000000000e+00   1.415089791408e-04  -1.000000014901e-01   0.000000000000e+00   3.994792699814e-03  -5.896053314209e-01 
  0.000000000000e+00   8.983345329762e-02  -1.197983860970e+00   3.634667396545e-01   1.550831049681e-01  -9.149656891823e-01   6.897614002228e-01  -3.082007542253e-02  -1.000000014901e-01 
  6.897614002228e-01  -3.082007542253e-02  -1.000000014901e-01   0.000000000000e+00   0.000000000000e+00  -3.747321367264e-01   0.000000000000e+00   0.000000000000e+00  -3.747321367264e-01 
  6.721208989620e-02   0.000000000000e+00  -8.189674019814e-01   1.910995244980e-01   5.011710524559e-02  -7.319427728653e-01   4.876068979502e-02   1.759073138237e-02  -1.099682092667e+00 
  1.079594995826e-02   1.277632452548e-02  -1.000000014901e-01   7.976560853422e-03   9.352566674352e-03  -1.000000014901e-01   4.858659505844e-01   1.190238520503e-01  -7.424500584602e-01 
  6.385380029678e-01   0.000000000000e+00  -1.000000014901e-01   6.385380029678e-01   0.000000000000e+00  -1.000000014901e-01   0.000000000000e+00   0.000000000000e+00  -3.747321367264e-01 
  0.000000000000e+00   0.000000000000e+00  -3.747321367264e-01   6.721208989620e-02   0.000000000000e+00  -8.189674019814e-01   1.910995244980e-01   5.011710524559e-02  -7.319427728653e-01 
  4.876068979502e-02   1.759073138237e-02  -1.099682092667e+00   1.079594995826e-02   1.277632452548e-02  -1.000000014901e-01   7.976560853422e-03   9.352566674352e-03  -1.000000014901e-01 
  4.858659505844e-01   1.190238520503e-01  -7.424500584602e-01   6.385380029678e-01   0.000000000000e+00  -1.000000014901e-01   6.385380029678e-01   0.000000000000e+00  -1.000000014901e-01 
  0.000000000000e+00   1.137994751334e-01  -1.468047499657e-01   0.000000000000e+00   1.137994751334e-01  -1.468047499657e-01  -7.434289436787e-03   1.445460319519e-02  -1.833181530237e-01 
  1.498462408781e-01  -1.155947893858e-02   3.367213904858e-01   0.000000000000e+00  -4.105961322784e-01  -1.000000014901e-01   0.000000000000e+00  -2.518767118454e-01  -1.079637482762e-01 
  0.000000000000e+00   0.000000000000e+00  -1.000000014901e-01   5.829359292984e-01  -1.100289355963e-02  -1.635423898697e+00   6.517567038536e-01   2.340749464929e-02  -1.601013541222e+00 
  6.517567038536e-01   2.340749464929e-02  -1.601013541222e+00   0.000000000000e+00   1.137994751334e-01  -1.468047499657e-01   0.000000000000e+00   1.137994751334e-01  -1.468047499657e-01 
 -7.434289436787e-03   1.445460319519e-02  -1.833181530237e-01   1.498462408781e-01  -1.155947893858e-02   3.367213904858e-01   0.000000000000e+00  -4.105961322784e-01  -1.000000014901e-01 
  0.000000000000e+00  -2.518767118454e-01  -1.079637482762e-01   0.000000000000e+00   0.000000000000e+00  -1.000000014901e-01   5.829359292984e-01  -1.100289355963e-02  -1.635423898697e+00 
  6.517567038536e-01   2.340749464929e-02  -1.601013541222e+00   6.517567038536e-01   2.340749464929e-02  -1.601013541222e+00   0.000000000000e+00  -6.575949490070e-02   1.245734319091e-01 
  0.000000000000e+00  -6.575949490070e-02   1.245734319091e-01  -3.587497025728e-02  -3.201077505946e-02  -1.237078383565e-01   8.932270109653e-03  -3.571523725986e-02  -1.508630812168e-01 
  4.687848035246e-03  -5.606033802032e-01  -1.000000014901e-01   1.544016599655e+00  -5.688387155533e-01  -1.000000014901e-01   8.753954172134e-01   0.000000000000e+00  -1.000000014901e-01 
  0.000000000000e+00   5.781788378954e-02  -1.000000014901e-01   0.000000000000e+00   2.340749464929e-02  -8.505067825317e-01   0.000000000000e+00   2.340749464929e-02  -8.505067825317e-01 
  0.000000000000e+00  -3.053646385670e-01  -8.105717599392e-02   0.000000000000e+00  -3.053646385670e-01  -8.105717599392e-02   7.164154201746e-02  -3.485523164272e-01  -1.733168959618e-01 
  2.732734680176e-01  -3.318631649017e-01  -2.311223298311e-01   2.474305927753e-01  -6.453742980957e-01  -2.246863096952e-01   1.155583739281e+00  -8.481279611588e-01  -1.000000014901e-01 
  9.208114743233e-01  -8.784326910973e-02  -1.024255603552e-01   0.000000000000e+00   0.000000000000e+00  -1.000000014901e-01   0.000000000000e+00   0.000000000000e+00  -5.545131564140e-01 
  0.000000000000e+00   0.000000000000e+00  -5.545131564140e-01   0.000000000000e+00  -1.656709462404e-01  -4.920305907726e-01   0.000000000000e+00  -1.656709462404e-01  -4.920305907726e-01 
  1.691310666502e-02  -3.977228403091e-01  -3.219692111015e-01   0.000000000000e+00  -2.108935266733e-01  -3.268975317478e-01   6.642304360867e-03  -1.206121519208e-01  -4.176537394524e-01 
  1.061790958047e-01  -6.287151575089e-01  -5.421677827835e-01   2.528096139431e-01  -1.717893183231e-01  -1.068533882499e-01   1.950961595867e-04   0.000000000000e+00  -1.000000014901e-01 
  0.000000000000e+00   0.000000000000e+00  -2.407713979483e-01   0.000000000000e+00   0.000000000000e+00  -2.407713979483e-01   0.000000000000e+00   1.585664898157e-01  -1.127466037869e-01 
  0.000000000000e+00   1.585664898157e-01  -1.127466037869e-01  -8.842160552740e-02  -1.832908540964e-01  -1.292653381824e-01   1.521397754550e-02  -1.398839652538e-01  -8.877220749855e-02 
  1.974766403437e-01  -7.429137825966e-02  -6.133493185043e-01   0.000000000000e+00  -5.542809888721e-02  -7.646774649620e-01   0.000000000000e+00   2.188478596509e-02  -1.069400906563e-01 
  3.634406626225e-01   0.000000000000e+00  -1.000000014901e-01   9.522740840912e-01   4.146458115429e-03  -5.677009224892e-01   9.522740840912e-01   4.146458115429e-03  -5.677009224892e-01 
  0.000000000000e+00   3.048636019230e-01   1.853568851948e-02   0.000000000000e+00   3.048636019230e-01   1.853568851948e-02  -4.990855604410e-02   2.993036806583e-01  -6.983402371407e-02 
  3.790093660355e-01  -3.644390031695e-02   1.924550384283e-01   2.304017990828e-01   0.000000000000e+00  -8.879906535149e-01   2.304017990828e-01   0.000000000000e+00  -8.879906535149e-01 
  0.000000000000e+00   1.016410067677e-02  -1.000000014901e-01   0.000000000000e+00   2.575352974236e-02  -1.000000014901e-01   7.293893694878e-01   4.756202921271e-03  -5.808095932007e-01 
  7.293893694878e-01   4.756202921271e-03  -5.808095932007e-01   0.000000000000e+00   7.005850970745e-02  -1.548554152250e-01   0.000000000000e+00   7.005850970745e-02  -1.548554152250e-01 
  2.701094001532e-02   2.798438966274e-01  -1.582037359476e-01   3.622010350227e-01  -2.188793383539e-02   5.802561044693e-01   1.991794854403e-01  -3.129361942410e-02  -9.192129969597e-01 
  2.616241276264e-01   0.000000000000e+00  -8.879906535149e-01   0.000000000000e+00   0.000000000000e+00  -1.000000014901e-01   0.000000000000e+00   8.238466829062e-02  -6.570880413055e-01 
  0.000000000000e+00  -6.613932084292e-03  -1.000000014901e-01   0.000000000000e+00  -6.613932084292e-03  -1.000000014901e-01   0.000000000000e+00   0.000000000000e+00  -2.800768315792e-01 
  0.000000000000e+00   0.000000000000e+00  -2.800768315792e-01  -3.927734121680e-02   0.000000000000e+00  -2.722622752190e-01   1.366109549999e-01  -8.906282484531e-03   2.195982486010e-01 
  0.000000000000e+00   0.000000000000e+00  -1.000000014901e-01   0.000000000000e+00   0.000000000000e+00  -4.888621270657e-01   0.000000000000e+00   0.000000000000e+00  -3.774513602257e-01 
  7.508806884289e-02   6.016013026237e-02  -6.364179253578e-01   3.250161409378e-01   3.091178601608e-03  -1.000000014901e-01   3.250161409378e-01   3.091178601608e-03  -1.000000014901e-01 
  0.000000000000e+00   0.000000000000e+00  -2.800768315792e-01   0.000000000000e+00   0.000000000000e+00  -2.800768315792e-01  -3.927734121680e-02   0.000000000000e+00  -2.722622752190e-01 
  1.366109549999e-01  -8.906282484531e-03   2.195982486010e-01   0.000000000000e+00   0.000000000000e+00  -1.000000014901e-01   0.000000000000e+00   0.000000000000e+00  -4.888621270657e-01 
  0.000000000000e+00   0.000000000000e+00  -3.774513602257e-01   7.508806884289e-02   6.016013026237e-02  -6.364179253578e-01   3.250161409378e-01   3.091178601608e-03  -1.000000014901e-01 
  3.250161409378e-01   3.091178601608e-03  -1.000000014901e-01   0.000000000000e+00  -2.622389234602e-02  -4.847112596035e-01   0.000000000000e+00  -2.622389234602e-02  -4.847112596035e-01 
 -7.587943971157e-02  -5.265409345157e-05  -2.341976463795e-01  -1.151530258358e-02  -6.966767366976e-03  -1.000000014901e-01  -4.592745099217e-03  -4.106466472149e-01  -1.248516738415e-01 
  1.985352277756e+00  -5.987220406532e-01  -1.282101720572e-01   1.985352277756e+00   0.000000000000e+00  -1.000000014901e-01   0.000000000000e+00   0.000000000000e+00  -1.566603183746e+00 
  0.000000000000e+00   1.170274708420e-02  -1.601013541222e+00   0.000000000000e+00   1.170274708420e-02  -1.601013541222e+00   0.000000000000e+00  -2.622389234602e-02  -4.847112596035e-01 
  0.000000000000e+00  -2.622389234602e-02  -4.847112596035e-01  -7.587943971157e-02  -5.265409345157e-05  -2.341976463795e-01  -1.151530258358e-02  -6.966767366976e-03  -1.000000014901e-01 
 -4.592745099217e-03  -4.106466472149e-01  -1.248516738415e-01   1.985352277756e+00  -5.987220406532e-01  -1.282101720572e-01   1.985352277756e+00   0.000000000000e+00  -1.000000014901e-01 
  0.000000000000e+00   0.000000000000e+00  -1.566603183746e+00   0.000000000000e+00   1.170274708420e-02  -1.601013541222e+00   0.000000000000e+00   1.170274708420e-02  -1.601013541222e+00 
  0.000000000000e+00   4.454731941223e-02  -9.933680295944e-02   0.000000000000e+00   4.454731941223e-02  -9.933680295944e-02  -2.003934793174e-02   1.415119972080e-02  -1.039588376880e-01 
  1.983728408813e-01  -1.489102467895e-02  -1.349213868380e-01   0.000000000000e+00  -5.688387155533e-01  -1.000000014901e-01   1.985352277756e+00  -1.137677431107e+00  -1.000000014901e-01 
  1.985352277756e+00  -5.688387155533e-01  -1.000000014901e-01   0.000000000000e+00   0.000000000000e+00  -1.000000014901e-01   0.000000000000e+00   1.170343719423e-02  -8.505067229271e-01 
  0.000000000000e+00   1.170343719423e-02  -8.505067229271e-01   0.000000000000e+00  -6.377078294754e-01  -4.011679291725e-01   0.000000000000e+00  -6.377078294754e-01  -4.011679291725e-01 
  1.767901480198e-01  -7.228505611420e-01  -2.302993834019e-01   7.235614061356e-01  -3.991225063801e-01  -2.996588051319e-01   3.744286596775e-01  -5.688387155533e-01  -1.575079858303e-01 
  9.926761388779e-01  -1.137677431107e+00  -1.000000014901e-01   9.926761388779e-01  -1.137677431107e+00  -1.098522245884e-01   1.947815865278e-01  -8.784326910973e-02  -1.000000014901e-01 
  6.152249500155e-02  -2.144627831876e-02  -5.525966286659e-01   6.152249500155e-02  -2.144627831876e-02  -5.525966286659e-01   0.000000000000e+00  -9.506096839905e-01  -1.892140358686e-01 
  0.000000000000e+00  -9.506096839905e-01  -1.892140358686e-01   2.586919963360e-01  -7.742142677307e-01  -1.893571019173e-01   1.152554035187e+00   0.000000000000e+00  -3.778353333473e-01 
  0.000000000000e+00   0.000000000000e+00  -3.649100661278e-01   3.408690392971e-01  -6.398799419403e-01  -2.449822276831e-01   5.277503728867e-01  -6.542467474937e-01  -1.335748434067e-01 
  2.420751154423e-01  -2.266879081726e-01  -1.000160649419e-01   9.665188193321e-02  -5.765874311328e-02  -3.615216016769e-01   9.665188193321e-02  -5.765874311328e-02  -3.615216016769e-01 
  0.000000000000e+00   6.278108060360e-02  -3.174056410789e-01   0.000000000000e+00   6.278108060360e-02  -3.174056410789e-01  -9.316238015890e-02  -6.743248701096e-01  -3.070232570171e-01 
  0.000000000000e+00   0.000000000000e+00  -2.254246175289e-01   6.431505084038e-02   0.000000000000e+00  -6.413995623589e-01   1.140657886863e-01  -2.372014075518e-01  -7.750213742256e-01 
  9.562747180462e-02  -3.527562022209e-01  -6.653560400009e-01   5.686309933662e-02  -2.574380934238e-01  -2.785819768906e-01   5.993782877922e-01  -7.032833248377e-02  -4.590012729168e-01 
  5.993782877922e-01  -7.032833248377e-02  -4.590012729168e-01   0.000000000000e+00   1.867827028036e-02  -2.283502668142e-01   0.000000000000e+00   1.867827028036e-02  -2.283502668142e-01 
 -1.101483032107e-02  -1.353224366903e-01  -2.292034924030e-01   1.623912304640e-01  -1.145258545876e-01   4.571086764336e-01   1.639492511749e-01  -4.124201461673e-02  -8.879906535149e-01 
  2.291625887156e-01  -1.775085367262e-02  -8.879906535149e-01   9.468622505665e-02  -6.422643549740e-03  -5.913854837418e-01   3.730186447501e-02   1.701539568603e-02  -2.773262560368e-01 
  3.976212441921e-01   8.775436319411e-03  -4.218896627426e-01   3.976212441921e-01   8.775436319411e-03  -4.218896627426e-01   0.000000000000e+00  -1.097197905183e-01  -2.324438691139e-01 
  0.000000000000e+00  -1.097197905183e-01  -2.324438691139e-01  -9.296654909849e-02   2.767809107900e-02  -3.103813827038e-01   4.292079806328e-01  -1.069299969822e-02   9.270867109299e-01 
  2.332421392202e-01  -2.051807381213e-02  -8.567683100700e-01   2.304017990828e-01  -8.871059864759e-03  -8.879906535149e-01   0.000000000000e+00  -4.957118537277e-03  -1.000000014901e-01 
  0.000000000000e+00   3.347321227193e-02  -1.000000014901e-01   0.000000000000e+00   7.773052435368e-03  -1.000000014901e-01   0.000000000000e+00   7.773052435368e-03  -1.000000014901e-01 
  0.000000000000e+00   0.000000000000e+00  -2.068177610636e-01   0.000000000000e+00   0.000000000000e+00  -2.068177610636e-01  -5.463476851583e-02   4.239072557539e-03  -2.487807273865e-01 
  1.965842992067e-01  -2.461048541591e-03   6.583821773529e-01   2.776278555393e-01  -8.742894046009e-03  -1.000000014901e-01   1.257409900427e-01  -5.684686824679e-03  -4.915353059769e-01 
  5.195071548223e-02  -3.785875393078e-03  -3.483550846577e-01   4.496078565717e-02   2.385846711695e-02  -3.696098923683e-01   1.549387872219e-01   9.867775253952e-03  -1.507075428963e-01 
  1.549387872219e-01   9.867775253952e-03  -1.507075428963e-01   0.000000000000e+00   0.000000000000e+00  -2.068177610636e-01   0.000000000000e+00   0.000000000000e+00  -2.068177610636e-01 
 -5.463476851583e-02   4.239072557539e-03  -2.487807273865e-01   1.965842992067e-01  -2.461048541591e-03   6.583821773529e-01   2.776278555393e-01  -8.742894046009e-03  -1.000000014901e-01 
  1.257409900427e-01  -5.684686824679e-03  -4.915353059769e-01   5.195071548223e-02  -3.785875393078e-03  -3.483550846577e-01   4.496078565717e-02   2.385846711695e-02  -3.696098923683e-01 
  1.549387872219e-01   9.867775253952e-03  -1.507075428963e-01   1.549387872219e-01   9.867775253952e-03  -1.507075428963e-01   0.000000000000e+00  -6.353268772364e-02  -2.055590599775e-01 
  0.000000000000e+00  -6.353268772364e-02  -2.055590599775e-01  -4.769588634372e-02  -9.885899722576e-02  -2.049127072096e-01  -3.997949138284e-02  -6.418577395380e-04  -2.040126472712e-01 
  0.000000000000e+00   0.000000000000e+00  -1.582166999578e-01   1.985352277756e+00   0.000000000000e+00  -2.193869054317e-01   1.985352277756e+00  -5.987220406532e-01  -1.730653345585e-01 
  4.691229760647e-01  -2.518767118454e-01  -1.000000014901e-01   0.000000000000e+00  -1.397566646338e-01  -1.000000014901e-01   0.000000000000e+00  -1.397566646338e-01  -1.000000014901e-01 
  0.000000000000e+00  -6.353268772364e-02  -2.055590599775e-01   0.000000000000e+00  -6.353268772364e-02  -2.055590599775e-01  -4.769588634372e-02  -9.885899722576e-02  -2.049127072096e-01 
 -3.997949138284e-02  -6.418577395380e-04  -2.040126472712e-01   0.000000000000e+00   0.000000000000e+00  -1.582166999578e-01   1.985352277756e+00   0.000000000000e+00  -2.193869054317e-01 
  1.985352277756e+00  -5.987220406532e-01  -1.730653345585e-01   4.691229760647e-01  -2.518767118454e-01  -1.000000014901e-01   0.000000000000e+00  -1.397566646338e-01  -1.000000014901e-01 
  0.000000000000e+00  -1.397566646338e-01  -1.000000014901e-01   0.000000000000e+00  -1.141175553203e-01  -1.952389627695e-01   0.000000000000e+00  -1.141175553203e-01  -1.952389627695e-01 
  2.917805612087e-01  -1.454869657755e-01  -1.550977677107e-01   0.000000000000e+00   0.000000000000e+00  -2.380554378033e-01   0.000000000000e+00   0.000000000000e+00  -1.000000014901e-01 
  2.009628534317e+00  -1.113401174545e+00  -1.951106339693e-01   1.961076021194e+00  -1.137677431107e+00  -2.193869054317e-01   0.000000000000e+00  -5.688387155533e-01  -1.526409089565e-01 
  0.000000000000e+00  -2.617939114571e-01  -3.562560379505e-01   0.000000000000e+00  -2.617939114571e-01  -3.562560379505e-01   0.000000000000e+00  -1.607368350029e+00  -1.288140565157e-01 
  0.000000000000e+00  -1.607368350029e+00  -1.288140565157e-01   5.196064114571e-01  -8.914222121239e-01  -1.213204115629e-01   1.215196013451e+00   0.000000000000e+00  -3.386483192444e-01 
  0.000000000000e+00   0.000000000000e+00  -9.726331382990e-02   0.000000000000e+00  -1.161953687668e+00  -1.000000014901e-01   0.000000000000e+00  -1.137677431107e+00  -1.443456411362e-01 
  0.000000000000e+00  -8.481279611588e-01  -1.339765340090e-01   6.430707871914e-03  -4.772168397903e-01  -3.039241731167e-01   6.430707871914e-03  -4.772168397903e-01  -3.039241731167e-01 
  0.000000000000e+00  -1.212741851807e+00  -7.059965282679e-02   0.000000000000e+00  -1.212741851807e+00  -7.059965282679e-02   3.891492187977e-01  -8.378718495369e-01  -2.935746908188e-01 
  8.719736337662e-01  -5.361932516098e-01  -3.230279982090e-01   4.169896543026e-01   0.000000000000e+00  -2.974418997765e-01   0.000000000000e+00   0.000000000000e+00  -1.192153245211e-01 
  0.000000000000e+00   0.000000000000e+00  -1.197026893497e-01   0.000000000000e+00   0.000000000000e+00  -1.231626495719e-01   4.078357480466e-03  -1.983947604895e-01  -2.170962095261e-01 
  4.078357480466e-03  -1.983947604895e-01  -2.170962095261e-01   0.000000000000e+00  -5.833335518837e-01  -1.993771195412e-01   0.000000000000e+00  -5.833335518837e-01  -1.993771195412e-01 
 -5.828218907118e-02  -7.323965430260e-01  -2.706848978996e-01  -2.095870114863e-02  -4.771000444889e-01  -3.300847709179e-01   9.170668199658e-04  -3.000443577766e-01  -4.553580582142e-01 
  1.693731173873e-02   0.000000000000e+00  -4.405558705330e-01   0.000000000000e+00   0.000000000000e+00  -4.105077385902e-01   0.000000000000e+00   0.000000000000e+00  -3.846096396446e-01 
  4.039341211319e-02  -9.594722837210e-02  -3.936427235603e-01   4.039341211319e-02  -9.594722837210e-02  -3.936427235603e-01   0.000000000000e+00  -4.332759976387e-01   1.868536770344e-01 
  0.000000000000e+00  -4.332759976387e-01   1.868536770344e-01   1.536526833661e-03  -3.122950792313e-01   5.907681956887e-02   0.000000000000e+00   0.000000000000e+00  -5.173033475876e-01 
  0.000000000000e+00  -1.577400229871e-02  -5.358939766884e-01   1.766590960324e-02  -1.735611259937e-02  -4.260857701302e-01   2.552850544453e-02  -1.638585329056e-02  -3.647126257420e-01 
  2.229425311089e-02  -6.813910789788e-03  -2.835113406181e-01   1.617757827044e-01  -9.507160633802e-03  -3.172744810581e-01   1.617757827044e-01  -9.507160633802e-03  -3.172744810581e-01 
  0.000000000000e+00  -3.026713132858e-01   1.998799741268e-01   0.000000000000e+00  -3.026713132858e-01   1.998799741268e-01   1.623819209635e-02  -1.073528360575e-02   1.599762439728e-01 
  3.927654027939e-01  -3.889448195696e-02  -5.907775759697e-01   4.656505882740e-01  -2.669546194375e-02  -5.543349981308e-01   0.000000000000e+00  -1.979080587626e-02  -1.000000014901e-01 
  0.000000000000e+00  -1.460214331746e-02  -1.000000014901e-01   0.000000000000e+00   1.730384072289e-03  -1.000000014901e-01   0.000000000000e+00   4.752526991069e-03  -1.000000014901e-01 
  0.000000000000e+00   4.752526991069e-03  -1.000000014901e-01   0.000000000000e+00   0.000000000000e+00  -3.273011744022e-01   0.000000000000e+00   0.000000000000e+00  -3.273011744022e-01 
  1.941051632166e-01   4.824949137401e-04  -2.674424350262e-01   4.292079806328e-01   0.000000000000e+00  -4.908401072025e-01   4.292079806328e-01  -1.200916338712e-02  -5.192910432816e-01 
  2.324327379465e-01  -1.349439565092e-02  -3.567470908165e-01   1.295368671417e-01  -1.167020387948e-02  -2.797898054123e-01   7.762381434441e-02   1.716549304547e-04  -2.574050128460e-01 
  8.525556325912e-02   4.874222446233e-03  -1.781473904848e-01   8.525556325912e-02   4.874222446233e-03  -1.781473904848e-01   0.000000000000e+00   0.000000000000e+00  -3.273011744022e-01 
  0.000000000000e+00   0.000000000000e+00  -3.273011744022e-01   1.941051632166e-01   4.824949137401e-04  -2.674424350262e-01   4.292079806328e-01   0.000000000000e+00  -4.908401072025e-01 
  4.292079806328e-01  -1.200916338712e-02  -5.192910432816e-01   2.324327379465e-01  -1.349439565092e-02  -3.567470908165e-01   1.295368671417e-01  -1.167020387948e-02  -2.797898054123e-01 
  7.762381434441e-02   1.716549304547e-04  -2.574050128460e-01   8.525556325912e-02   4.874222446233e-03  -1.781473904848e-01   8.525556325912e-02   4.874222446233e-03  -1.781473904848e-01 
  0.000000000000e+00  -6.353268772364e-02  -2.055590599775e-01   0.000000000000e+00  -6.353268772364e-02  -2.055590599775e-01  -4.769588634372e-02  -9.885899722576e-02  -2.049127072096e-01 
 -3.997949138284e-02  -6.418577395380e-04  -2.040126472712e-01   0.000000000000e+00   0.000000000000e+00  -1.582166999578e-01   1.985352277756e+00   0.000000000000e+00  -2.193869054317e-01 
  1.985352277756e+00  -5.987220406532e-01  -1.730653345585e-01   4.691229760647e-01  -2.518767118454e-01  -1.000000014901e-01   0.000000000000e+00  -1.397566646338e-01  -1.000000014901e-01 
  0.000000000000e+00  -1.397566646338e-01  -1.000000014901e-01   0.000000000000e+00  -6.353268772364e-02  -2.055590599775e-01   0.000000000000e+00  -6.353268772364e-02  -2.055590599775e-01 
 -4.769588634372e-02  -9.885899722576e-02  -2.049127072096e-01  -3.997949138284e-02  -6.418577395380e-04  -2.040126472712e-01   0.000000000000e+00   0.000000000000e+00  -1.582166999578e-01 
  1.985352277756e+00   0.000000000000e+00  -2.193869054317e-01   1.985352277756e+00  -5.987220406532e-01  -1.730653345585e-01   4.691229760647e-01  -2.518767118454e-01  -1.000000014901e-01 
  0.000000000000e+00  -1.397566646338e-01  -1.000000014901e-01   0.000000000000e+00  -1.397566646338e-01  -1.000000014901e-01   0.000000000000e+00  -1.141175553203e-01  -1.952389627695e-01 
  0.000000000000e+00  -1.141175553203e-01  -1.952389627695e-01   2.917805612087e-01  -1.454869657755e-01  -1.550977677107e-01   0.000000000000e+00   0.000000000000e+00  -2.380554378033e-01 
  0.000000000000e+00   0.000000000000e+00  -1.000000014901e-01   2.009628534317e+00  -1.113401174545e+00  -1.951106339693e-01   1.961076021194e+00  -1.137677431107e+00  -2.193869054317e-01 
  0.000000000000e+00  -5.688387155533e-01  -1.526409089565e-01   0.000000000000e+00  -2.617939114571e-01  -3.562560379505e-01   0.000000000000e+00  -2.617939114571e-01  -3.562560379505e-01 
  0.000000000000e+00  -1.607368350029e+00  -1.288140565157e-01   0.000000000000e+00  -1.607368350029e+00  -1.288140565157e-01   5.196064114571e-01  -8.914222121239e-01  -1.213204115629e-01 
  1.215196013451e+00   0.000000000000e+00  -3.386483192444e-01   0.000000000000e+00   0.000000000000e+00  -9.726331382990e-02   0.000000000000e+00  -1.161953687668e+00  -1.000000014901e-01 
  0.000000000000e+00  -1.137677431107e+00  -1.443456411362e-01   0.000000000000e+00  -8.481279611588e-01  -1.339765340090e-01   6.430707871914e-03  -4.772168397903e-01  -3.039241731167e-01 
  6.430707871914e-03  -4.772168397903e-01  -3.039241731167e-01   0.000000000000e+00  -1.212741851807e+00  -7.059965282679e-02   0.000000000000e+00  -1.212741851807e+00  -7.059965282679e-02 
  3.891492187977e-01  -8.378718495369e-01  -2.935746908188e-01   8.719736337662e-01  -5.361932516098e-01  -3.230279982090e-01   4.169896543026e-01   0.000000000000e+00  -2.974418997765e-01 
  0.000000000000e+00   0.000000000000e+00  -1.192153245211e-01   0.000000000000e+00   0.000000000000e+00  -1.197026893497e-01   0.000000000000e+00   0.000000000000e+00  -1.231626495719e-01 
  4.078357480466e-03  -1.983947604895e-01  -2.170962095261e-01   4.078357480466e-03  -1.983947604895e-01  -2.170962095261e-01   0.000000000000e+00  -5.833335518837e-01  -1.993771195412e-01 
  0.000000000000e+00  -5.833335518837e-01  -1.993771195412e-01  -5.828218907118e-02  -7.323965430260e-01  -2.706848978996e-01  -2.095870114863e-02  -4.771000444889e-01  -3.300847709179e-01 
  9.170668199658e-04  -3.000443577766e-01  -4.553580582142e-01   1.693731173873e-02   0.000000000000e+00  -4.405558705330e-01   0.000000000000e+00   0.000000000000e+00  -4.105077385902e-01 
  0.000000000000e+00   0.000000000000e+00  -3.846096396446e-01   4.039341211319e-02  -9.594722837210e-02  -3.936427235603e-01   4.039341211319e-02  -9.594722837210e-02  -3.936427235603e-01 
  0.000000000000e+00  -4.332759976387e-01   1.868536770344e-01   0.000000000000e+00  -4.332759976387e-01   1.868536770344e-01   1.536526833661e-03  -3.122950792313e-01   5.907681956887e-02 
  0.000000000000e+00   0.000000000000e+00  -5.173033475876e-01   0.000000000000e+00  -1.577400229871e-02  -5.358939766884e-01   1.766590960324e-02  -1.735611259937e-02  -4.260857701302e-01 
  2.552850544453e-02  -1.638585329056e-02  -3.647126257420e-01   2.229425311089e-02  -6.813910789788e-03  -2.835113406181e-01   1.617757827044e-01  -9.507160633802e-03  -3.172744810581e-01 
  1.617757827044e-01  -9.507160633802e-03  -3.172744810581e-01   0.000000000000e+00  -3.026713132858e-01   1.998799741268e-01   0.000000000000e+00  -3.026713132858e-01   1.998799741268e-01 
  1.623819209635e-02  -1.073528360575e-02   1.599762439728e-01   3.927654027939e-01  -3.889448195696e-02  -5.907775759697e-01   4.656505882740e-01  -2.669546194375e-02  -5.543349981308e-01 
  0.000000000000e+00  -1.979080587626e-02  -1.000000014901e-01   0.000000000000e+00  -1.460214331746e-02  -1.000000014901e-01   0.000000000000e+00   1.730384072289e-03  -1.000000014901e-01 
  0.000000000000e+00   4.752526991069e-03  -1.000000014901e-01   0.000000000000e+00   4.752526991069e-03  -1.000000014901e-01   0.000000000000e+00   0.000000000000e+00  -3.273011744022e-01 
  0.000000000000e+00   0.000000000000e+00  -3.273011744022e-01   1.941051632166e-01   4.824949137401e-04  -2.674424350262e-01   4.292079806328e-01   0.000000000000e+00  -4.908401072025e-01 
  4.292079806328e-01  -1.200916338712e-02  -5.192910432816e-01   2.324327379465e-01  -1.349439565092e-02  -3.567470908165e-01   1.295368671417e-01  -1.167020387948e-02  -2.797898054123e-01 
  7.762381434441e-02   1.716549304547e-04  -2.574050128460e-01   8.525556325912e-02   4.874222446233e-03  -1.781473904848e-01   8.525556325912e-02   4.874222446233e-03  -1.781473904848e-01 
  0.000000000000e+00   0.000000000000e+00  -3.273011744022e-01   0.000000000000e+00   0.000000000000e+00  -3.273011744022e-01   1.941051632166e-01   4.824949137401e-04  -2.674424350262e-01 
  4.292079806328e-01   0.000000000000e+00  -4.908401072025e-01   4.292079806328e-01  -1.200916338712e-02  -5.192910432816e-01   2.324327379465e-01  -1.349439565092e-02  -3.567470908165e-01 
  1.295368671417e-01  -1.167020387948e-02  -2.797898054123e-01   7.762381434441e-02   1.716549304547e-04  -2.574050128460e-01   8.525556325912e-02   4.874222446233e-03  -1.781473904848e-01 
  8.525556325912e-02   4.874222446233e-03  -1.781473904848e-01 

