# vtk DataFile Version 2.0
Written using VisIt writer
ASCII
DATASET RECTILINEAR_GRID
DIMENSIONS 10 10 10
X_COORDINATES 10 float
  0.000000000000e+00   5.000000000000e-01   1.000000000000e+00   1.500000000000e+00   2.000000000000e+00   2.500000000000e+00   3.000000000000e+00   3.500000000000e+00   4.000000000000e+00 
  4.500000000000e+00 
Y_COORDINATES 10 float
  0.000000000000e+00   5.000000000000e-01   1.000000000000e+00   1.500000000000e+00   2.000000000000e+00   2.500000000000e+00   3.000000000000e+00   3.500000000000e+00   4.000000000000e+00 
  4.500000000000e+00 
Z_COORDINATES 10 float
  0.000000000000e+00   5.000000000000e-01   1.000000000000e+00   1.500000000000e+00   2.000000000000e+00   2.500000000000e+00   3.000000000000e+00   3.500000000000e+00   4.000000000000e+00 
  4.500000000000e+00 
CELL_DATA 729
POINT_DATA 1000
VECTORS velocity float
  0.000000000000e+00  -1.160593405366e-01  -2.512866854668e-01   1.750000000000e+00   0.000000000000e+00   1.750000000000e+00   1.041000773327e+26   8.913382887840e-01   4.022240170200e-28 
  4.922401532531e-02  -9.763337671757e-02  -2.224912792444e-01   0.000000000000e+00   1.750000000000e+00   0.000000000000e+00   1.750000000000e+00   0.000000000000e+00   1.750000000000e+00 
 -4.636253416538e-02  -1.090490743518e-01  -2.461297661066e-01  -1.485898613930e+00   2.807464093286e+13  -1.592949271202e+00   0.000000000000e+00   1.750000000000e+00   0.000000000000e+00 
 -3.463608399034e-02  -1.371462345123e-01  -2.718461751938e-01   0.000000000000e+00  -1.160593405366e-01  -2.512866854668e-01  -1.484089136124e+00  -7.604200061044e-35  -1.627651214600e+00 
 -5.512458272278e-03  -1.269893497229e-01  -2.540298998356e-01   4.922401532531e-02  -9.763337671757e-02  -2.224912792444e-01   1.041000773327e+26   8.913382887840e-01   4.022240170200e-28 
  4.721834324300e-03  -8.132804185152e-02  -2.178897112608e-01  -4.636253416538e-02  -1.090490743518e-01  -2.461297661066e-01   1.750000000000e+00   0.000000000000e+00   1.750000000000e+00 
 -3.463608399034e-02  -1.371462345123e-01  -2.718461751938e-01  -3.463608399034e-02  -1.371462345123e-01  -2.718461751938e-01   0.000000000000e+00   5.310893431306e-02  -2.246387302876e-01 
  0.000000000000e+00   5.310893431306e-02  -2.246387302876e-01  -3.921279311180e-02   1.845986396074e-02  -2.459701597691e-01  -2.955610398203e-03  -3.329361602664e-02  -2.432039678097e-01 
 -1.379252597690e-02  -5.167930200696e-02  -2.530292868614e-01   4.994385316968e-02  -4.852215759456e-03  -2.207588553429e-01  -1.000086218119e-02   3.150241822004e-02  -2.264347821474e-01 
  1.098382659256e-02   5.916494503617e-02  -2.260632216930e-01  -2.401611208916e-02   6.713520735502e-02  -2.416800856590e-01  -2.401611208916e-02   6.713520735502e-02  -2.416800856590e-01 
  0.000000000000e+00   5.906447768211e-03  -2.171541899443e-01   0.000000000000e+00   5.906447768211e-03  -2.171541899443e-01  -1.693833991885e-02   2.665910683572e-02  -2.240575999022e-01 
  1.664838008583e-02   4.320744425058e-02  -2.208729684353e-01  -1.956517621875e-02   3.484821319580e-02  -2.345358282328e-01  -1.218404062092e-02  -2.560268156230e-02  -2.347544878721e-01 
 -4.970318451524e-02  -6.076603010297e-02  -2.662100195885e-01   5.950790271163e-02  -9.000152349472e-03  -2.273448705673e-01  -1.221427414566e-02   2.374213887379e-03  -2.310661971569e-01 
 -1.221427414566e-02   2.374213887379e-03  -2.310661971569e-01   0.000000000000e+00  -2.958149276674e-02  -2.337979972363e-01   0.000000000000e+00  -2.958149276674e-02  -2.337979972363e-01 
 -5.659987777472e-02  -6.820201128721e-02  -2.694512307644e-01   7.022707909346e-02  -1.203695777804e-02  -2.240289598703e-01   6.056158454157e-04   6.411965936422e-03  -2.241684645414e-01 
  1.582842133939e-02   3.112699836493e-02  -2.203042954206e-01  -2.663606032729e-02   5.063989385962e-02  -2.388329207897e-01  -2.056098729372e-02  -2.897570841014e-02  -2.436735481024e-01 
 -5.888304859400e-02  -6.978166103363e-02  -2.720323204994e-01  -5.888304859400e-02  -6.978166103363e-02  -2.720323204994e-01   0.000000000000e+00   3.470128402114e-02  -2.180515080690e-01 
  0.000000000000e+00   3.470128402114e-02  -2.180515080690e-01  -3.138903900981e-02   5.825252458453e-02  -2.370658367872e-01  -1.821027509868e-02  -2.947833389044e-02  -2.405550777912e-01 
 -3.966660052538e-02  -6.499867886305e-02  -2.653771340847e-01   6.373263150454e-02  -1.356320083141e-02  -2.243866175413e-01   1.729021430947e-03   1.414527557790e-02  -2.253101319075e-01 
  1.113263610750e-02   4.131174832582e-02  -2.235397100449e-01  -2.650721743703e-02   6.724694371223e-02  -2.406233549118e-01  -2.650721743703e-02   6.724694371223e-02  -2.406233549118e-01 
  0.000000000000e+00  -9.953316301107e-03  -2.174815386534e-01   0.000000000000e+00  -9.953316301107e-03  -2.174815386534e-01  -9.658910334110e-03   1.225894037634e-02  -2.227313369513e-01 
  1.427963934839e-02   4.000303521752e-02  -2.210710197687e-01  -2.652251161635e-02   4.921565949917e-02  -2.388190925121e-01  -2.045797742903e-02  -3.400424122810e-02  -2.451828867197e-01 
 -2.692678570747e-02  -5.760969594121e-02  -2.618113458157e-01   4.957352951169e-02  -1.599365659058e-02  -2.274059653282e-01  -1.699762977660e-02  -5.318592768162e-03  -2.320731282234e-01 
 -1.699762977660e-02  -5.318592768162e-03  -2.320731282234e-01   0.000000000000e+00  -5.487583577633e-02  -2.473474889994e-01   0.000000000000e+00  -5.487583577633e-02  -2.473474889994e-01 
 -3.245992586017e-02  -7.273644953966e-02  -2.680702209473e-01   7.114453613758e-02  -3.567126113921e-03  -2.245190888643e-01   1.647179131396e-03   2.323982492089e-02  -2.249056696892e-01 
  1.878587156534e-02   4.675347730517e-02  -2.210358828306e-01  -2.592232450843e-02   4.043038561940e-02  -2.378799021244e-01  -3.415674716234e-02  -4.593655839562e-02  -2.497798651457e-01 
 -6.585817784071e-02  -9.485207498074e-02  -2.836152613163e-01  -6.585817784071e-02  -9.485207498074e-02  -2.836152613163e-01   0.000000000000e+00   0.000000000000e+00  -2.262436002493e-01 
  0.000000000000e+00   0.000000000000e+00  -2.262436002493e-01  -4.057526215911e-02   0.000000000000e+00  -2.470656335354e-01  -5.189079791307e-03   0.000000000000e+00  -2.386554777622e-01 
 -3.422368317842e-02   0.000000000000e+00  -2.607058584690e-01   9.349452704191e-02   0.000000000000e+00  -2.182005643845e-01   1.008693221956e-02   0.000000000000e+00  -2.195444107056e-01 
 -3.575133159757e-03   0.000000000000e+00  -2.212719917297e-01  -9.816082194448e-03   0.000000000000e+00  -2.301880717278e-01  -9.816082194448e-03   0.000000000000e+00  -2.301880717278e-01 
  0.000000000000e+00   0.000000000000e+00  -2.262436002493e-01   0.000000000000e+00   0.000000000000e+00  -2.262436002493e-01  -4.057526215911e-02   0.000000000000e+00  -2.470656335354e-01 
 -5.189079791307e-03   0.000000000000e+00  -2.386554777622e-01  -3.422368317842e-02   0.000000000000e+00  -2.607058584690e-01   9.349452704191e-02   0.000000000000e+00  -2.182005643845e-01 
  1.008693221956e-02   0.000000000000e+00  -2.195444107056e-01  -3.575133159757e-03   0.000000000000e+00  -2.212719917297e-01  -9.816082194448e-03   0.000000000000e+00  -2.301880717278e-01 
 -9.816082194448e-03   0.000000000000e+00  -2.301880717278e-01   0.000000000000e+00  -1.160593405366e-01  -2.512866854668e-01   0.000000000000e+00  -1.160593405366e-01  -2.512866854668e-01 
 -5.512458272278e-03  -1.269893497229e-01  -2.540298998356e-01   4.922401532531e-02  -9.763337671757e-02  -2.224912792444e-01   7.387740537524e-03  -9.234230965376e-02  -2.187301963568e-01 
  4.721834324300e-03  -8.132804185152e-02  -2.178897112608e-01  -4.636253416538e-02  -1.090490743518e-01  -2.461297661066e-01  -1.771227084100e-02  -1.171142086387e-01  -2.541636228561e-01 
 -3.463608399034e-02  -1.371462345123e-01  -2.718461751938e-01  -3.463608399034e-02  -1.371462345123e-01  -2.718461751938e-01   0.000000000000e+00  -1.160593405366e-01  -2.512866854668e-01 
  0.000000000000e+00  -1.160593405366e-01  -2.512866854668e-01  -5.512458272278e-03  -1.269893497229e-01  -2.540298998356e-01   4.922401532531e-02  -9.763337671757e-02  -2.224912792444e-01 
  7.387740537524e-03  -9.234230965376e-02  -2.187301963568e-01   4.721834324300e-03  -8.132804185152e-02  -2.178897112608e-01  -4.636253416538e-02  -1.090490743518e-01  -2.461297661066e-01 
 -1.771227084100e-02  -1.171142086387e-01  -2.541636228561e-01  -3.463608399034e-02  -1.371462345123e-01  -2.718461751938e-01  -3.463608399034e-02  -1.371462345123e-01  -2.718461751938e-01 
  0.000000000000e+00   5.310893431306e-02  -2.246387302876e-01   0.000000000000e+00   5.310893431306e-02  -2.246387302876e-01  -3.921279311180e-02   1.845986396074e-02  -2.459701597691e-01 
 -2.955610398203e-03  -3.329361602664e-02  -2.432039678097e-01  -1.379252597690e-02  -5.167930200696e-02  -2.530292868614e-01   4.994385316968e-02  -4.852215759456e-03  -2.207588553429e-01 
 -1.000086218119e-02   3.150241822004e-02  -2.264347821474e-01   1.098382659256e-02   5.916494503617e-02  -2.260632216930e-01  -2.401611208916e-02   6.713520735502e-02  -2.416800856590e-01 
 -2.401611208916e-02   6.713520735502e-02  -2.416800856590e-01   0.000000000000e+00   5.906447768211e-03  -2.171541899443e-01   0.000000000000e+00   5.906447768211e-03  -2.171541899443e-01 
 -1.693833991885e-02   2.665910683572e-02  -2.240575999022e-01   1.664838008583e-02   4.320744425058e-02  -2.208729684353e-01  -1.956517621875e-02   3.484821319580e-02  -2.345358282328e-01 
 -1.218404062092e-02  -2.560268156230e-02  -2.347544878721e-01  -4.970318451524e-02  -6.076603010297e-02  -2.662100195885e-01   5.950790271163e-02  -9.000152349472e-03  -2.273448705673e-01 
 -1.221427414566e-02   2.374213887379e-03  -2.310661971569e-01  -1.221427414566e-02   2.374213887379e-03  -2.310661971569e-01   0.000000000000e+00  -2.958149276674e-02  -2.337979972363e-01 
  0.000000000000e+00  -2.958149276674e-02  -2.337979972363e-01  -5.659987777472e-02  -6.820201128721e-02  -2.694512307644e-01   7.022707909346e-02  -1.203695777804e-02  -2.240289598703e-01 
  6.056158454157e-04   6.411965936422e-03  -2.241684645414e-01   1.582842133939e-02   3.112699836493e-02  -2.203042954206e-01  -2.663606032729e-02   5.063989385962e-02  -2.388329207897e-01 
 -2.056098729372e-02  -2.897570841014e-02  -2.436735481024e-01  -5.888304859400e-02  -6.978166103363e-02  -2.720323204994e-01  -5.888304859400e-02  -6.978166103363e-02  -2.720323204994e-01 
  0.000000000000e+00   3.470128402114e-02  -2.180515080690e-01   0.000000000000e+00   3.470128402114e-02  -2.180515080690e-01  -3.138903900981e-02   5.825252458453e-02  -2.370658367872e-01 
 -1.821027509868e-02  -2.947833389044e-02  -2.405550777912e-01  -3.966660052538e-02  -6.499867886305e-02  -2.653771340847e-01   6.373263150454e-02  -1.356320083141e-02  -2.243866175413e-01 
  1.729021430947e-03   1.414527557790e-02  -2.253101319075e-01   1.113263610750e-02   4.131174832582e-02  -2.235397100449e-01  -2.650721743703e-02   6.724694371223e-02  -2.406233549118e-01 
 -2.650721743703e-02   6.724694371223e-02  -2.406233549118e-01   0.000000000000e+00  -9.953316301107e-03  -2.174815386534e-01   0.000000000000e+00  -9.953316301107e-03  -2.174815386534e-01 
 -9.658910334110e-03   1.225894037634e-02  -2.227313369513e-01   1.427963934839e-02   4.000303521752e-02  -2.210710197687e-01  -2.652251161635e-02   4.921565949917e-02  -2.388190925121e-01 
 -2.045797742903e-02  -3.400424122810e-02  -2.451828867197e-01  -2.692678570747e-02  -5.760969594121e-02  -2.618113458157e-01   4.957352951169e-02  -1.599365659058e-02  -2.274059653282e-01 
 -1.699762977660e-02  -5.318592768162e-03  -2.320731282234e-01  -1.699762977660e-02  -5.318592768162e-03  -2.320731282234e-01   0.000000000000e+00  -5.487583577633e-02  -2.473474889994e-01 
  0.000000000000e+00  -5.487583577633e-02  -2.473474889994e-01  -3.245992586017e-02  -7.273644953966e-02  -2.680702209473e-01   7.114453613758e-02  -3.567126113921e-03  -2.245190888643e-01 
  1.647179131396e-03   2.323982492089e-02  -2.249056696892e-01   1.878587156534e-02   4.675347730517e-02  -2.210358828306e-01  -2.592232450843e-02   4.043038561940e-02  -2.378799021244e-01 
 -3.415674716234e-02  -4.593655839562e-02  -2.497798651457e-01  -6.585817784071e-02  -9.485207498074e-02  -2.836152613163e-01  -6.585817784071e-02  -9.485207498074e-02  -2.836152613163e-01 
  0.000000000000e+00   0.000000000000e+00  -2.262436002493e-01   0.000000000000e+00   0.000000000000e+00  -2.262436002493e-01  -4.057526215911e-02   0.000000000000e+00  -2.470656335354e-01 
 -5.189079791307e-03   0.000000000000e+00  -2.386554777622e-01  -3.422368317842e-02   0.000000000000e+00  -2.607058584690e-01   9.349452704191e-02   0.000000000000e+00  -2.182005643845e-01 
  1.008693221956e-02   0.000000000000e+00  -2.195444107056e-01  -3.575133159757e-03   0.000000000000e+00  -2.212719917297e-01  -9.816082194448e-03   0.000000000000e+00  -2.301880717278e-01 
 -9.816082194448e-03   0.000000000000e+00  -2.301880717278e-01   0.000000000000e+00   0.000000000000e+00  -2.262436002493e-01   0.000000000000e+00   0.000000000000e+00  -2.262436002493e-01 
 -4.057526215911e-02   0.000000000000e+00  -2.470656335354e-01  -5.189079791307e-03   0.000000000000e+00  -2.386554777622e-01  -3.422368317842e-02   0.000000000000e+00  -2.607058584690e-01 
  9.349452704191e-02   0.000000000000e+00  -2.182005643845e-01   1.008693221956e-02   0.000000000000e+00  -2.195444107056e-01  -3.575133159757e-03   0.000000000000e+00  -2.212719917297e-01 
 -9.816082194448e-03   0.000000000000e+00  -2.301880717278e-01  -9.816082194448e-03   0.000000000000e+00  -2.301880717278e-01   0.000000000000e+00  -1.052436977625e-01  -1.664785146713e-01 
  0.000000000000e+00  -1.052436977625e-01  -1.664785146713e-01   4.153283371124e-04  -1.057514399290e-01  -1.557352691889e-01   9.393864311278e-03  -9.818160533905e-02  -1.949745416641e-01 
  3.399453824386e-03  -9.594745934010e-02  -2.004333585501e-01  -9.344440768473e-04  -9.586650878191e-02  -2.092641294003e-01  -1.120735239238e-02  -1.036888733506e-01  -1.759870499372e-01 
 -8.444772101939e-03  -1.084930077195e-01  -1.656366288662e-01  -8.789657615125e-03  -1.145174205303e-01  -1.429820954800e-01  -8.789657615125e-03  -1.145174205303e-01  -1.429820954800e-01 
  0.000000000000e+00  -1.052436977625e-01  -1.664785146713e-01   0.000000000000e+00  -1.052436977625e-01  -1.664785146713e-01   4.153283371124e-04  -1.057514399290e-01  -1.557352691889e-01 
  9.393864311278e-03  -9.818160533905e-02  -1.949745416641e-01   3.399453824386e-03  -9.594745934010e-02  -2.004333585501e-01  -9.344440768473e-04  -9.586650878191e-02  -2.092641294003e-01 
 -1.120735239238e-02  -1.036888733506e-01  -1.759870499372e-01  -8.444772101939e-03  -1.084930077195e-01  -1.656366288662e-01  -8.789657615125e-03  -1.145174205303e-01  -1.429820954800e-01 
 -8.789657615125e-03  -1.145174205303e-01  -1.429820954800e-01   0.000000000000e+00   1.319612190127e-02  -2.084511071444e-01   0.000000000000e+00   1.319612190127e-02  -2.084511071444e-01 
 -5.456717219204e-03   7.263768464327e-03  -1.743153184652e-01   1.387514988892e-03  -6.475647096522e-04  -1.692126542330e-01  -7.157908985391e-04  -4.655122291297e-03  -1.506206095219e-01 
  4.138081334531e-03   5.696544540115e-04  -1.977399289608e-01  -4.522102419287e-03   7.458485197276e-03  -1.931797415018e-01  -2.574955113232e-03   1.334109250456e-02  -2.059031277895e-01 
 -5.741850007325e-03   1.606594771147e-02  -1.929426640272e-01  -5.741850007325e-03   1.606594771147e-02  -1.929426640272e-01   0.000000000000e+00   3.859657561406e-03  -2.075282186270e-01 
  0.000000000000e+00   3.859657561406e-03  -2.075282186270e-01  -4.777373280376e-03   4.355072043836e-03  -1.903555393219e-01   1.106852083467e-03   4.024974536151e-03  -2.053152620792e-01 
 -2.549758646637e-03   2.200815826654e-03  -1.931871622801e-01  -1.226641703397e-03  -3.063366748393e-03  -1.863410919905e-01  -8.079999126494e-03  -6.527611520141e-03  -1.364659518003e-01 
  3.097228938714e-03  -7.706022006460e-04  -1.909902840853e-01  -3.084506606683e-03   2.025264082476e-03  -1.906854361296e-01  -3.084506606683e-03   2.025264082476e-03  -1.906854361296e-01 
  0.000000000000e+00  -3.845535218716e-03  -1.853007823229e-01   0.000000000000e+00  -3.845535218716e-03  -1.853007823229e-01  -8.308338001370e-03  -7.479373831302e-03  -1.280898153782e-01 
  6.344953551888e-03  -2.428622217849e-03  -1.888798922300e-01   4.933905438520e-04   6.685219705105e-04  -1.927184164524e-01   6.687791319564e-04   2.632042160258e-03  -2.071017920971e-01 
 -5.990871228278e-03   4.795728251338e-03  -1.915594041348e-01  -3.578012576327e-03  -1.887370948680e-03  -1.778504401445e-01  -8.878487162292e-03  -7.673041429371e-03  -1.320836842060e-01 
 -8.878487162292e-03  -7.673041429371e-03  -1.320836842060e-01   0.000000000000e+00   4.199486225843e-03  -2.129299491644e-01   0.000000000000e+00   4.199486225843e-03  -2.129299491644e-01 
 -7.332883775234e-03   5.212939344347e-03  -1.903195530176e-01  -1.449880655855e-03  -2.573155099526e-03  -1.770410388708e-01  -4.902821965516e-03  -8.022742345929e-03  -1.337953209877e-01 
  6.202551070601e-03  -2.473311265931e-03  -1.891009956598e-01  -6.427571643144e-04   2.920903032646e-03  -1.945966184139e-01  -1.238834927790e-03   5.263254046440e-03  -2.072866111994e-01 
 -6.429059430957e-03   7.658123038709e-03  -1.918575018644e-01  -6.429059430957e-03   7.658123038709e-03  -1.918575018644e-01   0.000000000000e+00  -1.794820069335e-03  -2.019840329885e-01 
  0.000000000000e+00  -1.794820069335e-03  -2.019840329885e-01  -3.681086935103e-03   1.752322306857e-03  -1.915680319071e-01   3.919570590369e-04   3.572104033083e-03  -2.062829434872e-01 
 -4.004108719528e-03   4.423711914569e-03  -1.896872520447e-01  -6.204429664649e-04  -2.401000820100e-03  -1.709749102592e-01  -4.316538106650e-03  -6.113978568465e-03  -1.408226639032e-01 
  2.567551331595e-03  -2.304448047653e-03  -1.887166798115e-01  -4.088135901839e-03   1.448588300264e-04  -1.834477782249e-01  -4.088135901839e-03   1.448588300264e-04  -1.834477782249e-01 
  0.000000000000e+00  -9.538733400404e-03  -1.657173931599e-01   0.000000000000e+00  -9.538733400404e-03  -1.657173931599e-01  -4.737328272313e-03  -1.022627763450e-02  -1.292005330324e-01 
  8.077889680862e-03  -2.924036234617e-03  -1.911192238331e-01   2.113026566803e-03   2.799927722663e-03  -1.938667148352e-01   3.388295182958e-03   6.390838883817e-03  -2.084124088287e-01 
 -4.172936081886e-03   5.949251353741e-03  -1.936163306236e-01  -6.070559844375e-03  -2.705929800868e-03  -1.685725599527e-01  -1.066987495869e-02  -8.960806764662e-03  -1.163488849998e-01 
 -1.066987495869e-02  -8.960806764662e-03  -1.163488849998e-01   0.000000000000e+00   0.000000000000e+00  -2.097033262253e-01   0.000000000000e+00   0.000000000000e+00  -2.097033262253e-01 
 -7.089146412909e-03   0.000000000000e+00  -1.764908730984e-01   2.106489380822e-03   0.000000000000e+00  -1.728975921869e-01  -5.458288360387e-04   0.000000000000e+00  -1.257524341345e-01 
  1.290107797831e-02   0.000000000000e+00  -2.007743269205e-01   2.411193214357e-03   0.000000000000e+00  -2.208818644285e-01  -3.941768314689e-03   0.000000000000e+00  -2.194879502058e-01 
 -6.903435103595e-03   0.000000000000e+00  -2.155203074217e-01  -6.903435103595e-03   0.000000000000e+00  -2.155203074217e-01   0.000000000000e+00   0.000000000000e+00  -2.097033262253e-01 
  0.000000000000e+00   0.000000000000e+00  -2.097033262253e-01  -7.089146412909e-03   0.000000000000e+00  -1.764908730984e-01   2.106489380822e-03   0.000000000000e+00  -1.728975921869e-01 
 -5.458288360387e-04   0.000000000000e+00  -1.257524341345e-01   1.290107797831e-02   0.000000000000e+00  -2.007743269205e-01   2.411193214357e-03   0.000000000000e+00  -2.208818644285e-01 
 -3.941768314689e-03   0.000000000000e+00  -2.194879502058e-01  -6.903435103595e-03   0.000000000000e+00  -2.155203074217e-01  -6.903435103595e-03   0.000000000000e+00  -2.155203074217e-01 
  0.000000000000e+00  -8.846450597048e-02  -1.710870116949e-01   0.000000000000e+00  -8.846450597048e-02  -1.710870116949e-01   1.341561292065e-04  -8.864915370941e-02  -1.703596264124e-01 
  2.724989783019e-03  -8.644152432680e-02  -1.781153976917e-01   1.120808999985e-03  -8.550667762756e-02  -1.809592545033e-01  -7.736245170236e-04  -8.560332655907e-02  -1.821059435606e-01 
 -4.502518568188e-03  -8.863317966461e-02  -1.745973676443e-01  -4.231300670654e-03  -9.133314341307e-02  -1.697880029678e-01  -3.681868081912e-03  -9.387462586164e-02  -1.638679355383e-01 
 -3.681868081912e-03  -9.387462586164e-02  -1.638679355383e-01   0.000000000000e+00  -8.846450597048e-02  -1.710870116949e-01   0.000000000000e+00  -8.846450597048e-02  -1.710870116949e-01 
  1.341561292065e-04  -8.864915370941e-02  -1.703596264124e-01   2.724989783019e-03  -8.644152432680e-02  -1.781153976917e-01   1.120808999985e-03  -8.550667762756e-02  -1.809592545033e-01 
 -7.736245170236e-04  -8.560332655907e-02  -1.821059435606e-01  -4.502518568188e-03  -8.863317966461e-02  -1.745973676443e-01  -4.231300670654e-03  -9.133314341307e-02  -1.697880029678e-01 
 -3.681868081912e-03  -9.387462586164e-02  -1.638679355383e-01  -3.681868081912e-03  -9.387462586164e-02  -1.638679355383e-01   0.000000000000e+00   6.296395324171e-03  -1.798457503319e-01 
  0.000000000000e+00   6.296395324171e-03  -1.798457503319e-01  -1.637683715671e-03   4.506210796535e-03  -1.743906885386e-01   2.474260982126e-04   2.054459648207e-03  -1.745783686638e-01 
 -2.648446825333e-04   7.152946200222e-04  -1.734736412764e-01   2.399482473265e-04   1.794794457965e-03  -1.794260144234e-01  -2.586082555354e-03   3.776719095185e-03  -1.773553043604e-01 
 -1.974134473130e-03   6.052706856281e-03  -1.778245121241e-01  -2.380778081715e-03   7.271382957697e-03  -1.744132339954e-01  -2.380778081715e-03   7.271382957697e-03  -1.744132339954e-01 
  0.000000000000e+00   1.212856499478e-03  -1.818693727255e-01   0.000000000000e+00   1.212856499478e-03  -1.818693727255e-01  -1.910440973006e-03   8.864955161698e-04  -1.778230369091e-01 
  2.205693017459e-04   8.494381909259e-04  -1.796116828918e-01  -7.437682361342e-04   3.869918582495e-04  -1.777228266001e-01  -1.162681728601e-03  -9.830137714744e-04  -1.770778000355e-01 
 -3.274249844253e-03  -1.638889429159e-03  -1.703238338232e-01  -6.650172872469e-04  -3.103873459622e-04  -1.760321259499e-01  -1.652977080084e-03   4.105646221433e-04  -1.747262477875e-01 
 -1.652977080084e-03   4.105646221433e-04  -1.747262477875e-01   0.000000000000e+00  -7.896285969764e-04  -1.777139008045e-01   0.000000000000e+00  -7.896285969764e-04  -1.777139008045e-01 
 -2.754719462246e-03  -1.674105762504e-03  -1.698175966740e-01   9.372400818393e-04  -9.972956031561e-04  -1.770282834768e-01  -1.393387647113e-04  -3.868298372254e-04  -1.778466105461e-01 
 -1.769367227098e-04   6.259105866775e-04  -1.800187379122e-01  -2.282558707520e-03   1.643603667617e-03  -1.762150228024e-01  -2.183741424233e-03   1.254886883544e-04  -1.739569753408e-01 
 -3.212326904759e-03  -1.448520692065e-03  -1.664061397314e-01  -3.212326904759e-03  -1.448520692065e-03  -1.664061397314e-01   0.000000000000e+00   1.165418070741e-03  -1.824450641870e-01 
  0.000000000000e+00   1.165418070741e-03  -1.824450641870e-01  -2.466952195391e-03   1.444064429961e-03  -1.767711639404e-01  -1.045557903126e-03  -5.539101548493e-04  -1.750538945198e-01 
 -1.637670909986e-03  -2.064160304144e-03  -1.699187308550e-01   9.494491969235e-04  -9.304921841249e-04  -1.769780218601e-01  -7.577954092994e-04   6.035080878064e-04  -1.776343137026e-01 
 -1.019434421323e-03   1.769830356352e-03  -1.787239760160e-01  -2.285469323397e-03   2.693301998079e-03  -1.745262742043e-01  -2.285469323397e-03   2.693301998079e-03  -1.745262742043e-01 
  0.000000000000e+00  -1.316025154665e-03  -1.806426197290e-01   0.000000000000e+00  -1.316025154665e-03  -1.806426197290e-01  -1.565612503327e-03  -4.296299593989e-04  -1.778475940228e-01 
  7.673115032958e-05   6.813457002863e-04  -1.793203651905e-01  -9.557647863403e-04   1.348386052996e-03  -1.758670955896e-01  -4.890027921647e-04  -1.028926417348e-04  -1.744413077831e-01 
 -1.705151982605e-03  -1.066893688403e-03  -1.707794666290e-01  -4.509375139605e-04  -5.031496984884e-04  -1.756401509047e-01  -1.911850646138e-03  -1.119471053244e-04  -1.732856035233e-01 
 -1.911850646138e-03  -1.119471053244e-04  -1.732856035233e-01   0.000000000000e+00  -3.142943140119e-03  -1.727726012468e-01   0.000000000000e+00  -3.142943140119e-03  -1.727726012468e-01 
 -1.665299758315e-03  -3.200204810128e-03  -1.679960042238e-01   1.888021943159e-03  -1.479655154981e-03  -1.762534976006e-01   9.133956627920e-04   2.603938628454e-04  -1.774062216282e-01 
  1.501484191976e-03   2.120840596035e-03  -1.805915832520e-01  -1.060154521838e-03   2.630867529660e-03  -1.777691692114e-01  -2.642110921443e-03   4.117909702472e-04  -1.731430143118e-01 
 -3.678763518110e-03  -1.303200144321e-03  -1.640299111605e-01  -3.678763518110e-03  -1.303200144321e-03  -1.640299111605e-01   0.000000000000e+00   0.000000000000e+00  -1.783651262522e-01 
  0.000000000000e+00   0.000000000000e+00  -1.783651262522e-01  -2.338588936254e-03   0.000000000000e+00  -1.719694733620e-01   9.563105413690e-05   0.000000000000e+00  -1.723640561104e-01 
  2.087565080728e-04   0.000000000000e+00  -1.687923371792e-01   4.467659629881e-03   0.000000000000e+00  -1.809341311455e-01   1.425364287570e-03   0.000000000000e+00  -1.844282597303e-01 
 -1.657788292505e-03   0.000000000000e+00  -1.827400922775e-01  -2.494884189218e-03   0.000000000000e+00  -1.787623614073e-01  -2.494884189218e-03   0.000000000000e+00  -1.787623614073e-01 
  0.000000000000e+00   0.000000000000e+00  -1.783651262522e-01   0.000000000000e+00   0.000000000000e+00  -1.783651262522e-01  -2.338588936254e-03   0.000000000000e+00  -1.719694733620e-01 
  9.563105413690e-05   0.000000000000e+00  -1.723640561104e-01   2.087565080728e-04   0.000000000000e+00  -1.687923371792e-01   4.467659629881e-03   0.000000000000e+00  -1.809341311455e-01 
  1.425364287570e-03   0.000000000000e+00  -1.844282597303e-01  -1.657788292505e-03   0.000000000000e+00  -1.827400922775e-01  -2.494884189218e-03   0.000000000000e+00  -1.787623614073e-01 
 -2.494884189218e-03   0.000000000000e+00  -1.787623614073e-01   0.000000000000e+00  -7.289192825556e-02  -1.734397858381e-01   0.000000000000e+00  -7.289192825556e-02  -1.734397858381e-01 
  4.981164238416e-05  -7.292854040861e-02  -1.733124852180e-01   6.718729855493e-04  -7.235556840897e-02  -1.756355464458e-01   1.748294162098e-04  -7.210133969784e-02  -1.768718212843e-01 
 -7.209943141788e-04  -7.239452004433e-02  -1.771833002567e-01  -2.030132571235e-03  -7.370959967375e-02  -1.745152175426e-01  -2.074744319543e-03  -7.507914304733e-02  -1.720724999905e-01 
 -1.601474010386e-03  -7.616692781448e-02  -1.697089970112e-01  -1.601474010386e-03  -7.616692781448e-02  -1.697089970112e-01   0.000000000000e+00  -7.289192825556e-02  -1.734397858381e-01 
  0.000000000000e+00  -7.289192825556e-02  -1.734397858381e-01   4.981164238416e-05  -7.292854040861e-02  -1.733124852180e-01   6.718729855493e-04  -7.235556840897e-02  -1.756355464458e-01 
  1.748294162098e-04  -7.210133969784e-02  -1.768718212843e-01  -7.209943141788e-04  -7.239452004433e-02  -1.771833002567e-01  -2.030132571235e-03  -7.370959967375e-02  -1.745152175426e-01 
 -2.074744319543e-03  -7.507914304733e-02  -1.720724999905e-01  -1.601474010386e-03  -7.616692781448e-02  -1.697089970112e-01  -1.601474010386e-03  -7.616692781448e-02  -1.697089970112e-01 
  0.000000000000e+00   3.422515466809e-03  -1.765262484550e-01   0.000000000000e+00   3.422515466809e-03  -1.765262484550e-01  -4.843383212574e-04   2.883652457967e-03  -1.749897450209e-01 
 -3.905419362127e-05   2.183930715546e-03  -1.750944703817e-01  -2.439816307742e-04   1.786917564459e-03  -1.750562041998e-01  -5.345603567548e-04   2.003253903240e-03  -1.762470602989e-01 
 -1.471154973842e-03   2.590150805190e-03  -1.751177608967e-01  -1.352562918328e-03   3.324742428958e-03  -1.746445596218e-01  -1.150194555521e-03   3.753537079319e-03  -1.733614653349e-01 
 -1.150194555521e-03   3.753537079319e-03  -1.733614653349e-01   0.000000000000e+00   3.432794765104e-04  -1.773437112570e-01   0.000000000000e+00   3.432794765104e-04  -1.773437112570e-01 
 -6.887049530633e-04   1.223867730005e-04  -1.758251488209e-01  -1.891057618195e-04  -3.021381053259e-05  -1.763411909342e-01  -4.371846443973e-04  -2.155093097826e-04  -1.760407537222e-01 
 -7.808441878296e-04  -4.493778105825e-04  -1.756257414818e-01  -1.462936517783e-03  -4.315071564633e-04  -1.735071390867e-01  -9.845872409642e-04  -6.140144250821e-05  -1.740849465132e-01 
 -9.243774111383e-04   1.502858503954e-04  -1.733188778162e-01  -9.243774111383e-04   1.502858503954e-04  -1.733188778162e-01   0.000000000000e+00  -7.129852747312e-05  -1.763739734888e-01 
  0.000000000000e+00  -7.129852747312e-05  -1.763739734888e-01  -8.902701083571e-04  -2.877210790757e-04  -1.740759313107e-01  -1.638230605749e-04  -2.730947744567e-04  -1.753891259432e-01 
 -3.356135566719e-04  -1.699967833702e-04  -1.756454706192e-01  -4.677102551796e-04   1.521342637716e-04  -1.762279868126e-01  -1.123333699070e-03   5.001070676371e-04  -1.750467866659e-01 
 -1.165277208202e-03   3.201484505553e-04  -1.738585233688e-01  -1.204523141496e-03   2.957129436254e-05  -1.714301407337e-01  -1.204523141496e-03   2.957129436254e-05  -1.714301407337e-01 
  0.000000000000e+00   1.893315929919e-04  -1.776882559061e-01   0.000000000000e+00   1.893315929919e-04  -1.776882559061e-01  -8.687023073435e-04   2.043873391813e-04  -1.758314520121e-01 
 -5.488437600434e-04  -1.877387403511e-04  -1.750477999449e-01  -6.088470690884e-04  -4.646375309676e-04  -1.736868619919e-01  -1.775557029760e-04  -1.724800386000e-04  -1.751337796450e-01 
 -6.501639727503e-04   3.028222126886e-04  -1.751933991909e-01  -7.875727606006e-04   6.798210088164e-04  -1.751954108477e-01  -9.555687429383e-04   9.233768796548e-04  -1.737729460001e-01 
 -9.555687429383e-04   9.233768796548e-04  -1.737729460001e-01   0.000000000000e+00  -6.570933619514e-04  -1.767049729824e-01   0.000000000000e+00  -6.570933619514e-04  -1.767049729824e-01 
 -6.046781782061e-04  -3.949744859710e-04  -1.755721718073e-01  -1.730537915137e-04  -2.339562524867e-05  -1.759629845619e-01  -3.227433189750e-04   2.581469016150e-04  -1.752022355795e-01 
 -2.617803693283e-04   1.694192906143e-04  -1.748312860727e-01  -7.167266448960e-04   9.664667595644e-05  -1.737390309572e-01  -6.851236103103e-04   1.950059086084e-04  -1.742255538702e-01 
 -8.922011475079e-04   2.585162001196e-04  -1.730774044991e-01  -8.922011475079e-04   2.585162001196e-04  -1.730774044991e-01   0.000000000000e+00  -1.099786139093e-03  -1.742158085108e-01 
  0.000000000000e+00  -1.099786139093e-03  -1.742158085108e-01  -5.430190358311e-04  -1.037365174852e-03  -1.727633625269e-01   2.985983737744e-04  -5.930888000876e-04  -1.746291667223e-01 
  3.087535151280e-04  -3.870502496284e-06  -1.752571165562e-01   4.809993552044e-04   6.945898639970e-04  -1.766580045223e-01  -3.642152587418e-04   1.007920247503e-03  -1.761239618063e-01 
 -1.066545955837e-03   6.116940057836e-04  -1.742944866419e-01  -1.268192310818e-03   2.397252392257e-04  -1.713691502810e-01  -1.268192310818e-03   2.397252392257e-04  -1.713691502810e-01 
  0.000000000000e+00   0.000000000000e+00  -1.756294369698e-01   0.000000000000e+00   0.000000000000e+00  -1.756294369698e-01  -7.298389682546e-04   0.000000000000e+00  -1.735808998346e-01 
 -5.447743023979e-05   0.000000000000e+00  -1.733449846506e-01   3.170826239511e-04   0.000000000000e+00  -1.728256195784e-01   1.350298058242e-03   0.000000000000e+00  -1.768248379230e-01 
  4.290698852856e-04   0.000000000000e+00  -1.785145699978e-01  -7.285289466381e-04   0.000000000000e+00  -1.776796728373e-01  -1.002693083137e-03   0.000000000000e+00  -1.760770529509e-01 
 -1.002693083137e-03   0.000000000000e+00  -1.760770529509e-01   0.000000000000e+00   0.000000000000e+00  -1.756294369698e-01   0.000000000000e+00   0.000000000000e+00  -1.756294369698e-01 
 -7.298389682546e-04   0.000000000000e+00  -1.735808998346e-01  -5.447743023979e-05   0.000000000000e+00  -1.733449846506e-01   3.170826239511e-04   0.000000000000e+00  -1.728256195784e-01 
  1.350298058242e-03   0.000000000000e+00  -1.768248379230e-01   4.290698852856e-04   0.000000000000e+00  -1.785145699978e-01  -7.285289466381e-04   0.000000000000e+00  -1.776796728373e-01 
 -1.002693083137e-03   0.000000000000e+00  -1.760770529509e-01  -1.002693083137e-03   0.000000000000e+00  -1.760770529509e-01   0.000000000000e+00  -5.802675336599e-02  -1.745535880327e-01 
  0.000000000000e+00  -5.802675336599e-02  -1.745535880327e-01  -1.772367977537e-05  -5.804838240147e-02  -1.745801270008e-01   8.833092579152e-05  -5.793594196439e-02  -1.752472668886e-01 
 -1.298427960137e-04  -5.794551968575e-02  -1.756735742092e-01  -5.474518984556e-04  -5.822705477476e-02  -1.756108701229e-01  -1.027979888022e-03  -5.888454616070e-02  -1.745527833700e-01 
 -1.048962585628e-03  -5.958906188607e-02  -1.733961105347e-01  -7.496286416426e-04  -6.009396910667e-02  -1.724400967360e-01  -7.496286416426e-04  -6.009396910667e-02  -1.724400967360e-01 
  0.000000000000e+00  -5.802675336599e-02  -1.745535880327e-01   0.000000000000e+00  -5.802675336599e-02  -1.745535880327e-01  -1.772367977537e-05  -5.804838240147e-02  -1.745801270008e-01 
  8.833092579152e-05  -5.793594196439e-02  -1.752472668886e-01  -1.298427960137e-04  -5.794551968575e-02  -1.756735742092e-01  -5.474518984556e-04  -5.822705477476e-02  -1.756108701229e-01 
 -1.027979888022e-03  -5.888454616070e-02  -1.745527833700e-01  -1.048962585628e-03  -5.958906188607e-02  -1.733961105347e-01  -7.496286416426e-04  -6.009396910667e-02  -1.724400967360e-01 
 -7.496286416426e-04  -6.009396910667e-02  -1.724400967360e-01   0.000000000000e+00   2.132472582161e-03  -1.756138801575e-01   0.000000000000e+00   2.132472582161e-03  -1.756138801575e-01 
 -1.840703916969e-04   1.965788891539e-03  -1.752293854952e-01  -1.255668612430e-04   1.758051803336e-03  -1.752900183201e-01  -2.576445403975e-04   1.641422277316e-03  -1.753390878439e-01 
 -5.029931780882e-04   1.700407476164e-03  -1.754079461098e-01  -8.489125757478e-04   1.893031527288e-03  -1.747783124447e-01  -8.156493422575e-04   2.133767586201e-03  -1.742236167192e-01 
 -5.966156604700e-04   2.280512824655e-03  -1.736315488815e-01  -5.966156604700e-04   2.280512824655e-03  -1.736315488815e-01   0.000000000000e+00   2.007135299209e-05  -1.759586334229e-01 
  0.000000000000e+00   2.007135299209e-05  -1.759586334229e-01  -2.794287865981e-04  -8.055768557824e-05  -1.754792779684e-01  -2.191764360759e-04  -1.746473135427e-04  -1.755125671625e-01 
 -3.299212548882e-04  -2.438082010485e-04  -1.754199713469e-01  -5.260698380880e-04  -2.626029017847e-04  -1.751833558083e-01  -7.758473511785e-04  -1.870176056400e-04  -1.744452714920e-01 
 -6.754405912943e-04  -4.771458770847e-05  -1.741420775652e-01  -5.072155036032e-04   3.310028841952e-05  -1.736922115088e-01  -5.072155036032e-04   3.310028841952e-05  -1.736922115088e-01 
  0.000000000000e+00   3.139888212900e-05  -1.758048385382e-01   0.000000000000e+00   3.139888212900e-05  -1.758048385382e-01  -3.399569541216e-04  -3.434568861849e-05  -1.751690208912e-01 
 -2.467877638992e-04  -6.509548256872e-05  -1.752603650093e-01  -3.077116271015e-04  -4.228909529047e-05  -1.752483248711e-01  -4.121077945456e-04   7.461603672709e-05  -1.752604544163e-01 
 -6.330620381050e-04   2.197729336331e-04  -1.747677028179e-01  -6.424469756894e-04   2.523371076677e-04  -1.741928756237e-01  -5.281484336592e-04   2.248671080451e-04  -1.734163165092e-01 
 -5.281484336592e-04   2.248671080451e-04  -1.734163165092e-01   0.000000000000e+00  -2.228592165920e-05  -1.760693639517e-01   0.000000000000e+00  -2.228592165920e-05  -1.760693639517e-01 
 -3.375396190677e-04  -2.241194124508e-05  -1.754698902369e-01  -3.049829101656e-04  -8.323038491653e-05  -1.751520782709e-01  -3.225168038625e-04  -9.913358371705e-05  -1.748053580523e-01 
 -2.896000223700e-04   2.387378481217e-05  -1.749833673239e-01  -4.533628816716e-04   2.038484526565e-04  -1.748321503401e-01  -5.018326337449e-04   3.434013633523e-04  -1.745710819960e-01 
 -4.473898443393e-04   4.195544752292e-04  -1.740176677704e-01  -4.473898443393e-04   4.195544752292e-04  -1.740176677704e-01   0.000000000000e+00  -3.220149956178e-04  -1.756423264742e-01 
  0.000000000000e+00  -3.220149956178e-04  -1.756423264742e-01  -2.496126689948e-04  -2.338249760214e-04  -1.752413362265e-01  -1.657298998907e-04  -9.560712351231e-05  -1.752336025238e-01 
 -1.785691856639e-04   4.724401514977e-05  -1.750616729259e-01  -1.945625117514e-04   1.409875112586e-04  -1.750007569790e-01  -3.782036947086e-04   2.139947318938e-04  -1.746702045202e-01 
 -4.450552514754e-04   2.685107465368e-04  -1.744486242533e-01  -4.215806548018e-04   2.913727075793e-04  -1.739215403795e-01  -4.215806548018e-04   2.913727075793e-04  -1.739215403795e-01 
  0.000000000000e+00  -4.319458676036e-04  -1.748313903809e-01   0.000000000000e+00  -4.319458676036e-04  -1.748313903809e-01  -2.022122353083e-04  -3.867794875987e-04  -1.744177639484e-01 
 -8.015318599064e-06  -2.389888250036e-04  -1.747464239597e-01   6.278177897912e-05  -1.250807781616e-05  -1.750120222569e-01   9.671479347162e-05   2.628950169310e-04  -1.755185872316e-01 
 -1.978031505132e-04   4.298349085730e-04  -1.754246354103e-01  -4.695045645349e-04   3.983851638623e-04  -1.747667044401e-01  -4.842672788072e-04   3.330109175295e-04  -1.738512217999e-01 
 -4.842672788072e-04   3.330109175295e-04  -1.738512217999e-01   0.000000000000e+00   0.000000000000e+00  -1.750243455172e-01   0.000000000000e+00   0.000000000000e+00  -1.750243455172e-01 
 -2.390659938101e-04   0.000000000000e+00  -1.744222790003e-01  -5.020396201871e-05   0.000000000000e+00  -1.743241399527e-01   1.399575266987e-04   0.000000000000e+00  -1.744604259729e-01 
  3.763706190512e-04   0.000000000000e+00  -1.756656616926e-01   6.253900210140e-05   0.000000000000e+00  -1.762280911207e-01  -3.472675743978e-04   0.000000000000e+00  -1.758555471897e-01 
 -4.171652544755e-04   0.000000000000e+00  -1.751982569695e-01  -4.171652544755e-04   0.000000000000e+00  -1.751982569695e-01   0.000000000000e+00   0.000000000000e+00  -1.750243455172e-01 
  0.000000000000e+00   0.000000000000e+00  -1.750243455172e-01  -2.390659938101e-04   0.000000000000e+00  -1.744222790003e-01  -5.020396201871e-05   0.000000000000e+00  -1.743241399527e-01 
  1.399575266987e-04   0.000000000000e+00  -1.744604259729e-01   3.763706190512e-04   0.000000000000e+00  -1.756656616926e-01   6.253900210140e-05   0.000000000000e+00  -1.762280911207e-01 
 -3.472675743978e-04   0.000000000000e+00  -1.758555471897e-01  -4.171652544755e-04   0.000000000000e+00  -1.751982569695e-01  -4.171652544755e-04   0.000000000000e+00  -1.751982569695e-01 
  0.000000000000e+00  -4.339836910367e-02  -1.749216318130e-01   0.000000000000e+00  -4.339836910367e-02  -1.749216318130e-01  -4.151843677391e-05  -4.342211410403e-02  -1.749416142702e-01 
 -5.789034548798e-05  -4.343442618847e-02  -1.751200705767e-01  -1.755979610607e-04  -4.351348802447e-02  -1.752143800259e-01  -3.691796155181e-04  -4.372394457459e-02  -1.750715821981e-01 
 -5.507547757588e-04  -4.407908767462e-02  -1.745723634958e-01  -5.419857916422e-04  -4.444864764810e-02  -1.740040183067e-01  -3.680105146486e-04  -4.469699040055e-02  -1.735805124044e-01 
 -3.680105146486e-04  -4.469699040055e-02  -1.735805124044e-01   0.000000000000e+00  -4.339836910367e-02  -1.749216318130e-01   0.000000000000e+00  -4.339836910367e-02  -1.749216318130e-01 
 -4.151843677391e-05  -4.342211410403e-02  -1.749416142702e-01  -5.789034548798e-05  -4.343442618847e-02  -1.751200705767e-01  -1.755979610607e-04  -4.351348802447e-02  -1.752143800259e-01 
 -3.691796155181e-04  -4.372394457459e-02  -1.750715821981e-01  -5.507547757588e-04  -4.407908767462e-02  -1.745723634958e-01  -5.419857916422e-04  -4.444864764810e-02  -1.740040183067e-01 
 -3.680105146486e-04  -4.469699040055e-02  -1.735805124044e-01  -3.680105146486e-04  -4.469699040055e-02  -1.735805124044e-01   0.000000000000e+00   1.365744974464e-03  -1.753357350826e-01 
  0.000000000000e+00   1.365744974464e-03  -1.753357350826e-01  -9.443294402445e-05   1.313611748628e-03  -1.752311587334e-01  -1.242282742169e-04   1.250882050954e-03  -1.752323061228e-01 
 -2.134316309821e-04   1.218983437866e-03  -1.752104759216e-01  -3.522061451804e-04   1.243314123712e-03  -1.750877648592e-01  -4.870217817370e-04   1.313908491284e-03  -1.747172772884e-01 
 -4.622426349670e-04   1.397780142725e-03  -1.743336468935e-01  -3.145424416289e-04   1.449543517083e-03  -1.740287542343e-01  -3.145424416289e-04   1.449543517083e-03  -1.740287542343e-01 
  0.000000000000e+00  -7.488572737202e-05  -1.754479259253e-01   0.000000000000e+00  -7.488572737202e-05  -1.754479259253e-01  -1.328461221419e-04  -1.149671661551e-04  -1.752875894308e-01 
 -1.656532112975e-04  -1.564453996252e-04  -1.752329915762e-01  -2.363446546951e-04  -1.782495965017e-04  -1.751488298178e-01  -3.405077441130e-04  -1.652247301536e-04  -1.749737560749e-01 
 -4.377304576337e-04  -1.154886340373e-04  -1.746224015951e-01  -3.998078755103e-04  -5.402540409705e-05  -1.743262857199e-01  -2.742687065620e-04  -1.809719651646e-05  -1.740744411945e-01 
 -2.742687065620e-04  -1.809719651646e-05  -1.740744411945e-01   0.000000000000e+00   2.326719550183e-05  -1.754464656115e-01   0.000000000000e+00   2.326719550183e-05  -1.754464656115e-01 
 -1.522793609183e-04   2.137308911188e-06  -1.752426624298e-01  -1.781105238479e-04  -1.124580649048e-05  -1.751687973738e-01  -2.236155414721e-04   1.733270096338e-06  -1.750894486904e-01 
 -2.888638409786e-04   5.427602445707e-05  -1.749830096960e-01  -3.688468423206e-04   1.236534590134e-04  -1.747158616781e-01  -3.565897932276e-04   1.662170252530e-04  -1.744050979614e-01 
 -2.572484954726e-04   1.795304415282e-04  -1.741047650576e-01  -2.572484954726e-04   1.795304415282e-04  -1.741047650576e-01   0.000000000000e+00  -4.445131344255e-05  -1.754709035158e-01 
  0.000000000000e+00  -4.445131344255e-05  -1.754709035158e-01  -1.475424069213e-04  -4.044165689265e-05  -1.752652227879e-01  -1.750378287397e-04  -3.817991819233e-05  -1.751147955656e-01 
 -1.982339163078e-04  -1.307219099544e-05  -1.749798506498e-01  -2.229319070466e-04   5.298981704982e-05  -1.749298125505e-01  -2.866821887437e-04   1.350232632831e-04  -1.747732311487e-01 
 -2.933045034297e-04   1.974840270123e-04  -1.745566427708e-01  -2.226787037216e-04   2.290125121363e-04  -1.743120700121e-01  -2.226787037216e-04   2.290125121363e-04  -1.743120700121e-01 
  0.000000000000e+00  -1.575601490913e-04  -1.752747297287e-01   0.000000000000e+00  -1.575601490913e-04  -1.752747297287e-01  -1.131741009885e-04  -1.226652238984e-04  -1.751265823841e-01 
 -1.150479147327e-04  -6.272092286963e-05  -1.750684529543e-01  -1.221539569087e-04   1.328092184849e-05  -1.750086098909e-01  -1.456367026549e-04   9.032699745148e-05  -1.749725341797e-01 
 -2.206655044574e-04   1.556220377097e-04  -1.748238503933e-01  -2.518637920730e-04   1.959589426406e-04  -1.746221631765e-01  -2.037579106400e-04   2.124819875462e-04  -1.743811219931e-01 
 -2.037579106400e-04   2.124819875462e-04  -1.743811219931e-01   0.000000000000e+00  -1.847985986387e-04  -1.749764233828e-01   0.000000000000e+00  -1.847985986387e-04  -1.749764233828e-01 
 -8.649717346998e-05  -1.594051282154e-04  -1.748434603214e-01  -5.003318437957e-05  -9.826514724409e-05  -1.748829782009e-01  -2.039417631750e-05  -2.083231720462e-06  -1.749774664640e-01 
 -2.375583790126e-05   1.137693907367e-04  -1.751400828362e-01  -1.311182713835e-04   1.981174427783e-04  -1.751010864973e-01  -2.254979044665e-04   2.211968967458e-04  -1.748381704092e-01 
 -2.038702223217e-04   2.186458150391e-04  -1.745198518038e-01  -2.038702223217e-04   2.186458150391e-04  -1.745198518038e-01   0.000000000000e+00   0.000000000000e+00  -1.749485284090e-01 
  0.000000000000e+00   0.000000000000e+00  -1.749485284090e-01  -8.737328607822e-05   0.000000000000e+00  -1.747694611549e-01  -3.967368684243e-05   0.000000000000e+00  -1.747366338968e-01 
  2.984496677527e-05   0.000000000000e+00  -1.748522818089e-01   7.567065767944e-05   0.000000000000e+00  -1.752212196589e-01  -3.933726839023e-05   0.000000000000e+00  -1.753801703453e-01 
 -1.772760151653e-04   0.000000000000e+00  -1.752065420151e-01  -1.818498712964e-04   0.000000000000e+00  -1.749421209097e-01  -1.818498712964e-04   0.000000000000e+00  -1.749421209097e-01 
  0.000000000000e+00   0.000000000000e+00  -1.749485284090e-01   0.000000000000e+00   0.000000000000e+00  -1.749485284090e-01  -8.737328607822e-05   0.000000000000e+00  -1.747694611549e-01 
 -3.967368684243e-05   0.000000000000e+00  -1.747366338968e-01   2.984496677527e-05   0.000000000000e+00  -1.748522818089e-01   7.567065767944e-05   0.000000000000e+00  -1.752212196589e-01 
 -3.933726839023e-05   0.000000000000e+00  -1.753801703453e-01  -1.772760151653e-04   0.000000000000e+00  -1.752065420151e-01  -1.818498712964e-04   0.000000000000e+00  -1.749421209097e-01 
 -1.818498712964e-04   0.000000000000e+00  -1.749421209097e-01   0.000000000000e+00  -2.884486131370e-02  -1.750293076038e-01   0.000000000000e+00  -2.884486131370e-02  -1.750293076038e-01 
 -3.634189124568e-05  -2.886522933841e-02  -1.750279217958e-01  -6.716364441672e-05  -2.889879979193e-02  -1.750518828630e-01  -1.304772740696e-04  -2.897110022604e-02  -1.750264465809e-01 
 -2.174438996008e-04  -2.910500578582e-02  -1.748861074448e-01  -2.856494684238e-04  -2.929525449872e-02  -1.746096014977e-01  -2.706663217396e-04  -2.948510646820e-02  -1.743079125881e-01 
 -1.775463169906e-04  -2.960758842528e-02  -1.740993857384e-01  -1.775463169906e-04  -2.960758842528e-02  -1.740993857384e-01   0.000000000000e+00  -2.884486131370e-02  -1.750293076038e-01 
  0.000000000000e+00  -2.884486131370e-02  -1.750293076038e-01  -3.634189124568e-05  -2.886522933841e-02  -1.750279217958e-01  -6.716364441672e-05  -2.889879979193e-02  -1.750518828630e-01 
 -1.304772740696e-04  -2.897110022604e-02  -1.750264465809e-01  -2.174438996008e-04  -2.910500578582e-02  -1.748861074448e-01  -2.856494684238e-04  -2.929525449872e-02  -1.746096014977e-01 
 -2.706663217396e-04  -2.948510646820e-02  -1.743079125881e-01  -1.775463169906e-04  -2.960758842528e-02  -1.740993857384e-01  -1.775463169906e-04  -2.960758842528e-02  -1.740993857384e-01 
  0.000000000000e+00   7.800685707480e-04  -1.752271056175e-01   0.000000000000e+00   7.800685707480e-04  -1.752271056175e-01  -5.303619764163e-05   7.640952826478e-04  -1.751864105463e-01 
 -8.754981536185e-05   7.456296007149e-04  -1.751554459333e-01  -1.406913943356e-04   7.383475312963e-04  -1.750938743353e-01  -2.090915804729e-04   7.502043154091e-04  -1.749590486288e-01 
 -2.613491669763e-04   7.777528953739e-04  -1.747259050608e-01  -2.419914671918e-04   8.084640139714e-04  -1.744845807552e-01  -1.582652766956e-04   8.273278363049e-04  -1.743160039186e-01 
 -1.582652766956e-04   8.273278363049e-04  -1.743160039186e-01   0.000000000000e+00  -7.331019878620e-05  -1.752339005470e-01   0.000000000000e+00  -7.331019878620e-05  -1.752339005470e-01 
 -6.694534386043e-05  -8.771033026278e-05  -1.751681119204e-01  -1.026712052408e-04  -1.028231854434e-04  -1.751067489386e-01  -1.460210623918e-04  -1.078041314031e-04  -1.750216931105e-01 
 -1.978507061722e-04  -9.621788922232e-05  -1.748827993870e-01  -2.355872711632e-04  -7.049476698739e-05  -1.746736913919e-01  -2.137207484338e-04  -4.280242501409e-05  -1.744712293148e-01 
 -1.400151668349e-04  -2.650656824699e-05  -1.743269562721e-01  -1.400151668349e-04  -2.650656824699e-05  -1.743269562721e-01   0.000000000000e+00   8.471507499053e-06  -1.752467602491e-01 
  0.000000000000e+00   8.471507499053e-06  -1.752467602491e-01  -7.257054676302e-05   2.365978161833e-06  -1.751661747694e-01  -1.051821382134e-04  -3.950986240397e-07  -1.750919222832e-01 
 -1.366919168504e-04   9.030031833390e-06  -1.750072687864e-01  -1.722839515423e-04   3.483472391963e-05  -1.748948246241e-01  -2.019032544922e-04   6.853094964754e-05  -1.747240424156e-01 
 -1.873026776593e-04   9.449506615056e-05  -1.745402961969e-01  -1.259690034203e-04   1.067120683729e-04  -1.743980944157e-01  -1.259690034203e-04   1.067120683729e-04  -1.743980944157e-01 
  0.000000000000e+00  -3.017655581061e-05  -1.752286106348e-01   0.000000000000e+00  -3.017655581061e-05  -1.752286106348e-01  -6.811750790803e-05  -2.584160210972e-05  -1.751474291086e-01 
 -9.574630530551e-05  -1.659781992203e-05  -1.750632673502e-01  -1.158386876341e-04   4.219839411235e-06  -1.749797910452e-01  -1.372644619551e-04   3.927405123250e-05  -1.748988479376e-01 
 -1.622561539989e-04   7.878092583269e-05  -1.747749298811e-01  -1.566724677105e-04   1.089351499104e-04  -1.746288985014e-01  -1.091801605071e-04   1.241025893250e-04  -1.745065450668e-01 
 -1.091801605071e-04   1.241025893250e-04  -1.745065450668e-01   0.000000000000e+00  -7.400382310152e-05  -1.751322299242e-01   0.000000000000e+00  -7.400382310152e-05  -1.751322299242e-01 
 -5.329241321306e-05  -5.880465323571e-05  -1.750706583261e-01  -6.822159048170e-05  -3.114009814453e-05  -1.750213056803e-01  -7.754868420307e-05   7.266300599440e-06  -1.749778985977e-01 
 -9.397691610502e-05   5.056635927758e-05  -1.749328523874e-01  -1.235563395312e-04   8.903750131140e-05  -1.748386919498e-01  -1.312486419920e-04   1.139718515333e-04  -1.747101396322e-01 
 -9.680737275630e-05   1.250008353963e-04  -1.745936870575e-01  -9.680737275630e-05   1.250008353963e-04  -1.745936870575e-01   0.000000000000e+00  -8.047173469095e-05  -1.750077307224e-01 
  0.000000000000e+00  -8.047173469095e-05  -1.750077307224e-01  -3.984526847489e-05  -6.756231596228e-05  -1.749577969313e-01  -3.933829793823e-05  -4.016255115857e-05  -1.749459803104e-01 
 -3.334577922942e-05   1.951769718289e-06  -1.749649345875e-01  -4.182543125353e-05   5.181806773180e-05  -1.749980896711e-01  -8.119988342514e-05   9.213461453328e-05  -1.749575287104e-01 
 -1.100709487218e-04   1.118618092733e-04  -1.748341172934e-01  -8.942985004978e-05   1.178759266622e-04  -1.747074723244e-01  -8.942985004978e-05   1.178759266622e-04  -1.747074723244e-01 
  0.000000000000e+00   0.000000000000e+00  -1.749651432037e-01   0.000000000000e+00   0.000000000000e+00  -1.749651432037e-01  -3.581069177017e-05   0.000000000000e+00  -1.749077737331e-01 
 -2.783071249723e-05   0.000000000000e+00  -1.748916655779e-01  -8.213641194743e-06   0.000000000000e+00  -1.749362945557e-01  -4.062089828949e-06   0.000000000000e+00  -1.750380247831e-01 
 -4.670920679928e-05   0.000000000000e+00  -1.750622689724e-01  -8.996571705211e-05   0.000000000000e+00  -1.749709248543e-01  -8.045564754866e-05   0.000000000000e+00  -1.748587042093e-01 
 -8.045564754866e-05   0.000000000000e+00  -1.748587042093e-01   0.000000000000e+00   0.000000000000e+00  -1.749651432037e-01   0.000000000000e+00   0.000000000000e+00  -1.749651432037e-01 
 -3.581069177017e-05   0.000000000000e+00  -1.749077737331e-01  -2.783071249723e-05   0.000000000000e+00  -1.748916655779e-01  -8.213641194743e-06   0.000000000000e+00  -1.749362945557e-01 
 -4.062089828949e-06   0.000000000000e+00  -1.750380247831e-01  -4.670920679928e-05   0.000000000000e+00  -1.750622689724e-01  -8.996571705211e-05   0.000000000000e+00  -1.749709248543e-01 
 -8.045564754866e-05   0.000000000000e+00  -1.748587042093e-01  -8.045564754866e-05   0.000000000000e+00  -1.748587042093e-01   0.000000000000e+00  -1.440030150115e-02  -1.750561892986e-01 
  0.000000000000e+00  -1.440030150115e-02  -1.750561892986e-01  -2.053782918665e-05  -1.441170647740e-02  -1.750428676605e-01  -3.923254917026e-05  -1.443336438388e-02  -1.750188171864e-01 
 -6.664999818895e-05  -1.447307597846e-02  -1.749565303326e-01  -9.911826055031e-05  -1.453733351082e-02  -1.748301535845e-01  -1.208625544677e-04  -1.462113391608e-02  -1.746430099010e-01 
 -1.111823949032e-04  -1.470216643065e-02  -1.744521111250e-01  -7.115095650079e-05  -1.475321128964e-02  -1.743272691965e-01  -7.115095650079e-05  -1.475321128964e-02  -1.743272691965e-01 
  0.000000000000e+00  -1.440030150115e-02  -1.750561892986e-01   0.000000000000e+00  -1.440030150115e-02  -1.750561892986e-01  -2.053782918665e-05  -1.441170647740e-02  -1.750428676605e-01 
 -3.923254917026e-05  -1.443336438388e-02  -1.750188171864e-01  -6.664999818895e-05  -1.447307597846e-02  -1.749565303326e-01  -9.911826055031e-05  -1.453733351082e-02  -1.748301535845e-01 
 -1.208625544677e-04  -1.462113391608e-02  -1.746430099010e-01  -1.111823949032e-04  -1.470216643065e-02  -1.744521111250e-01  -7.115095650079e-05  -1.475321128964e-02  -1.743272691965e-01 
 -7.115095650079e-05  -1.475321128964e-02  -1.743272691965e-01   0.000000000000e+00   3.553099522833e-04  -1.751724183559e-01   0.000000000000e+00   3.553099522833e-04  -1.751724183559e-01 
 -2.481918272679e-05   3.514426934998e-04  -1.751448959112e-01  -4.434000948095e-05   3.471459203865e-04  -1.751012504101e-01  -6.860211578896e-05   3.463470202405e-04  -1.750269681215e-01 
 -9.558385499986e-05   3.512171097100e-04  -1.749045699835e-01  -1.127126306528e-04   3.606026875786e-04  -1.747363656759e-01  -1.020450290525e-04   3.705518029165e-04  -1.745700389147e-01 
 -6.506279896712e-05   3.766424779315e-04  -1.744615882635e-01  -6.506279896712e-05   3.766424779315e-04  -1.744615882635e-01   0.000000000000e+00  -4.164806887275e-05  -1.751470565796e-01 
  0.000000000000e+00  -4.164806887275e-05  -1.751470565796e-01  -2.875889185816e-05  -4.565393464873e-05  -1.751084029675e-01  -4.844112481805e-05  -4.972971146344e-05  -1.750507205725e-01 
 -6.888456118759e-05  -4.994101254852e-05  -1.749686002731e-01  -8.987764886115e-05  -4.421838821145e-05  -1.748511642218e-01  -1.022709184326e-04  -3.390064011910e-05  -1.747007519007e-01 
 -9.126424265560e-05  -2.339488855796e-05  -1.745561808348e-01  -5.812916424475e-05  -1.715837242955e-05  -1.744614243507e-01  -5.812916424475e-05  -1.715837242955e-05  -1.744614243507e-01 
  0.000000000000e+00   1.759984911587e-06  -1.751532405615e-01   0.000000000000e+00   1.759984911587e-06  -1.751532405615e-01  -2.980701538036e-05   6.526698825837e-07  -1.751091927290e-01 
 -4.796387293027e-05   1.098490315599e-06  -1.750468909740e-01  -6.385550659616e-05   6.158686574054e-06  -1.749681681395e-01  -7.912401633803e-05   1.694234742899e-05  -1.748669147491e-01 
 -8.853019971866e-05   3.061602183152e-05  -1.747398823500e-01  -7.969112630235e-05   4.196499503450e-05  -1.746137142181e-01  -5.147935735295e-05   4.788466685568e-05  -1.745277643204e-01 
 -5.147935735295e-05   4.788466685568e-05  -1.745277643204e-01   0.000000000000e+00  -1.379582590744e-05  -1.751313656569e-01   0.000000000000e+00  -1.379582590744e-05  -1.751313656569e-01 
 -2.730181586230e-05  -1.124236678152e-05  -1.750889122486e-01  -4.241072019795e-05  -5.689809313481e-06  -1.750300973654e-01  -5.361767034628e-05   4.556779003906e-06  -1.749624907970e-01 
 -6.417049007723e-05   1.950100886461e-05  -1.748838573694e-01  -7.233185169753e-05   3.561946505215e-05  -1.747843921185e-01  -6.703846156597e-05   4.807743971469e-05  -1.746801733971e-01 
 -4.444584919838e-05   5.446157229017e-05  -1.746056675911e-01  -4.444584919838e-05   5.446157229017e-05  -1.746056675911e-01   0.000000000000e+00  -2.851709359675e-05  -1.750753968954e-01 
  0.000000000000e+00  -2.851709359675e-05  -1.750753968954e-01  -2.167921775253e-05  -2.270426193718e-05  -1.750424057245e-01  -3.161465792800e-05  -1.177747799375e-05  -1.750022619963e-01 
 -3.802313585766e-05   3.931641003874e-06  -1.749603897333e-01  -4.591456672642e-05   2.223736191809e-05  -1.749106794596e-01  -5.548078479478e-05   3.902790558641e-05  -1.748370230198e-01 
 -5.536321623367e-05   5.051986227045e-05  -1.747493445873e-01  -3.847284460790e-05   5.591165972874e-05  -1.746819764376e-01  -3.847284460790e-05   5.591165972874e-05  -1.746819764376e-01 
  0.000000000000e+00  -2.983621743624e-05  -1.750114113092e-01   0.000000000000e+00  -2.983621743624e-05  -1.750114113092e-01  -1.627869096410e-05  -2.462990960339e-05  -1.749864518642e-01 
 -2.062830753857e-05  -1.410500499333e-05  -1.749660968781e-01  -2.161088195862e-05   1.731544557515e-06  -1.749558299780e-01  -2.669234163477e-05   2.035550642177e-05  -1.749443411827e-01 
 -3.883702447638e-05   3.641632793006e-05  -1.749009639025e-01  -4.526023985818e-05   4.602167973644e-05  -1.748264282942e-01  -3.398307308089e-05   4.992400863557e-05  -1.747619360685e-01 
 -3.398307308089e-05   4.992400863557e-05  -1.747619360685e-01   0.000000000000e+00   0.000000000000e+00  -1.749802082777e-01   0.000000000000e+00   0.000000000000e+00  -1.749802082777e-01 
 -1.381777656206e-05   0.000000000000e+00  -1.749563813210e-01  -1.503848307038e-05   0.000000000000e+00  -1.749421507120e-01  -1.186158624478e-05   0.000000000000e+00  -1.749489903450e-01 
 -1.381402125844e-05   0.000000000000e+00  -1.749659031630e-01  -2.704446342250e-05   0.000000000000e+00  -1.749487519264e-01  -3.780548286159e-05   0.000000000000e+00  -1.748889088631e-01 
 -3.053742693737e-05   0.000000000000e+00  -1.748305261135e-01  -3.053742693737e-05   0.000000000000e+00  -1.748305261135e-01   0.000000000000e+00   0.000000000000e+00  -1.749802082777e-01 
  0.000000000000e+00   0.000000000000e+00  -1.749802082777e-01  -1.381777656206e-05   0.000000000000e+00  -1.749563813210e-01  -1.503848307038e-05   0.000000000000e+00  -1.749421507120e-01 
 -1.186158624478e-05   0.000000000000e+00  -1.749489903450e-01  -1.381402125844e-05   0.000000000000e+00  -1.749659031630e-01  -2.704446342250e-05   0.000000000000e+00  -1.749487519264e-01 
 -3.780548286159e-05   0.000000000000e+00  -1.748889088631e-01  -3.053742693737e-05   0.000000000000e+00  -1.748305261135e-01  -3.053742693737e-05   0.000000000000e+00  -1.748305261135e-01 
  0.000000000000e+00  -1.440030150115e-02  -1.750561892986e-01   0.000000000000e+00  -1.440030150115e-02  -1.750561892986e-01  -2.053782918665e-05  -1.441170647740e-02  -1.750428676605e-01 
 -3.923254917026e-05  -1.443336438388e-02  -1.750188171864e-01  -6.664999818895e-05  -1.447307597846e-02  -1.749565303326e-01  -9.911826055031e-05  -1.453733351082e-02  -1.748301535845e-01 
 -1.208625544677e-04  -1.462113391608e-02  -1.746430099010e-01  -1.111823949032e-04  -1.470216643065e-02  -1.744521111250e-01  -7.115095650079e-05  -1.475321128964e-02  -1.743272691965e-01 
 -7.115095650079e-05  -1.475321128964e-02  -1.743272691965e-01   0.000000000000e+00  -1.440030150115e-02  -1.750561892986e-01   0.000000000000e+00  -1.440030150115e-02  -1.750561892986e-01 
 -2.053782918665e-05  -1.441170647740e-02  -1.750428676605e-01  -3.923254917026e-05  -1.443336438388e-02  -1.750188171864e-01  -6.664999818895e-05  -1.447307597846e-02  -1.749565303326e-01 
 -9.911826055031e-05  -1.453733351082e-02  -1.748301535845e-01  -1.208625544677e-04  -1.462113391608e-02  -1.746430099010e-01  -1.111823949032e-04  -1.470216643065e-02  -1.744521111250e-01 
 -7.115095650079e-05  -1.475321128964e-02  -1.743272691965e-01  -7.115095650079e-05  -1.475321128964e-02  -1.743272691965e-01   0.000000000000e+00   3.553099522833e-04  -1.751724183559e-01 
  0.000000000000e+00   3.553099522833e-04  -1.751724183559e-01  -2.481918272679e-05   3.514426934998e-04  -1.751448959112e-01  -4.434000948095e-05   3.471459203865e-04  -1.751012504101e-01 
 -6.860211578896e-05   3.463470202405e-04  -1.750269681215e-01  -9.558385499986e-05   3.512171097100e-04  -1.749045699835e-01  -1.127126306528e-04   3.606026875786e-04  -1.747363656759e-01 
 -1.020450290525e-04   3.705518029165e-04  -1.745700389147e-01  -6.506279896712e-05   3.766424779315e-04  -1.744615882635e-01  -6.506279896712e-05   3.766424779315e-04  -1.744615882635e-01 
  0.000000000000e+00  -4.164806887275e-05  -1.751470565796e-01   0.000000000000e+00  -4.164806887275e-05  -1.751470565796e-01  -2.875889185816e-05  -4.565393464873e-05  -1.751084029675e-01 
 -4.844112481805e-05  -4.972971146344e-05  -1.750507205725e-01  -6.888456118759e-05  -4.994101254852e-05  -1.749686002731e-01  -8.987764886115e-05  -4.421838821145e-05  -1.748511642218e-01 
 -1.022709184326e-04  -3.390064011910e-05  -1.747007519007e-01  -9.126424265560e-05  -2.339488855796e-05  -1.745561808348e-01  -5.812916424475e-05  -1.715837242955e-05  -1.744614243507e-01 
 -5.812916424475e-05  -1.715837242955e-05  -1.744614243507e-01   0.000000000000e+00   1.759984911587e-06  -1.751532405615e-01   0.000000000000e+00   1.759984911587e-06  -1.751532405615e-01 
 -2.980701538036e-05   6.526698825837e-07  -1.751091927290e-01  -4.796387293027e-05   1.098490315599e-06  -1.750468909740e-01  -6.385550659616e-05   6.158686574054e-06  -1.749681681395e-01 
 -7.912401633803e-05   1.694234742899e-05  -1.748669147491e-01  -8.853019971866e-05   3.061602183152e-05  -1.747398823500e-01  -7.969112630235e-05   4.196499503450e-05  -1.746137142181e-01 
 -5.147935735295e-05   4.788466685568e-05  -1.745277643204e-01  -5.147935735295e-05   4.788466685568e-05  -1.745277643204e-01   0.000000000000e+00  -1.379582590744e-05  -1.751313656569e-01 
  0.000000000000e+00  -1.379582590744e-05  -1.751313656569e-01  -2.730181586230e-05  -1.124236678152e-05  -1.750889122486e-01  -4.241072019795e-05  -5.689809313481e-06  -1.750300973654e-01 
 -5.361767034628e-05   4.556779003906e-06  -1.749624907970e-01  -6.417049007723e-05   1.950100886461e-05  -1.748838573694e-01  -7.233185169753e-05   3.561946505215e-05  -1.747843921185e-01 
 -6.703846156597e-05   4.807743971469e-05  -1.746801733971e-01  -4.444584919838e-05   5.446157229017e-05  -1.746056675911e-01  -4.444584919838e-05   5.446157229017e-05  -1.746056675911e-01 
  0.000000000000e+00  -2.851709359675e-05  -1.750753968954e-01   0.000000000000e+00  -2.851709359675e-05  -1.750753968954e-01  -2.167921775253e-05  -2.270426193718e-05  -1.750424057245e-01 
 -3.161465792800e-05  -1.177747799375e-05  -1.750022619963e-01  -3.802313585766e-05   3.931641003874e-06  -1.749603897333e-01  -4.591456672642e-05   2.223736191809e-05  -1.749106794596e-01 
 -5.548078479478e-05   3.902790558641e-05  -1.748370230198e-01  -5.536321623367e-05   5.051986227045e-05  -1.747493445873e-01  -3.847284460790e-05   5.591165972874e-05  -1.746819764376e-01 
 -3.847284460790e-05   5.591165972874e-05  -1.746819764376e-01   0.000000000000e+00  -2.983621743624e-05  -1.750114113092e-01   0.000000000000e+00  -2.983621743624e-05  -1.750114113092e-01 
 -1.627869096410e-05  -2.462990960339e-05  -1.749864518642e-01  -2.062830753857e-05  -1.410500499333e-05  -1.749660968781e-01  -2.161088195862e-05   1.731544557515e-06  -1.749558299780e-01 
 -2.669234163477e-05   2.035550642177e-05  -1.749443411827e-01  -3.883702447638e-05   3.641632793006e-05  -1.749009639025e-01  -4.526023985818e-05   4.602167973644e-05  -1.748264282942e-01 
 -3.398307308089e-05   4.992400863557e-05  -1.747619360685e-01  -3.398307308089e-05   4.992400863557e-05  -1.747619360685e-01   0.000000000000e+00   0.000000000000e+00  -1.749802082777e-01 
  0.000000000000e+00   0.000000000000e+00  -1.749802082777e-01  -1.381777656206e-05   0.000000000000e+00  -1.749563813210e-01  -1.503848307038e-05   0.000000000000e+00  -1.749421507120e-01 
 -1.186158624478e-05   0.000000000000e+00  -1.749489903450e-01  -1.381402125844e-05   0.000000000000e+00  -1.749659031630e-01  -2.704446342250e-05   0.000000000000e+00  -1.749487519264e-01 
 -3.780548286159e-05   0.000000000000e+00  -1.748889088631e-01  -3.053742693737e-05   0.000000000000e+00  -1.748305261135e-01  -3.053742693737e-05   0.000000000000e+00  -1.748305261135e-01 
  0.000000000000e+00   0.000000000000e+00  -1.749802082777e-01   0.000000000000e+00   0.000000000000e+00  -1.749802082777e-01  -1.381777656206e-05   0.000000000000e+00  -1.749563813210e-01 
 -1.503848307038e-05   0.000000000000e+00  -1.749421507120e-01  -1.186158624478e-05   0.000000000000e+00  -1.749489903450e-01  -1.381402125844e-05   0.000000000000e+00  -1.749659031630e-01 
 -2.704446342250e-05   0.000000000000e+00  -1.749487519264e-01  -3.780548286159e-05   0.000000000000e+00  -1.748889088631e-01  -3.053742693737e-05   0.000000000000e+00  -1.748305261135e-01 
 -3.053742693737e-05   0.000000000000e+00  -1.748305261135e-01 

